accuracy	precision	recall	f1	oob	confMatrxVars
0.9777878513145966	0.9778047012267238	0.9777878513145966	0.9777787431763175	0.023124757092887638	409,0,0,0,1,0,0,371,19,0,0,1,0,14,401,0,0,0,0,0,0,364,1,2,0,0,0,3,290,3,0,0,0,1,4,322
0.9786944696282865	0.9788804675130086	0.9786944696282865	0.9786834147235552	0.025650991061018313	413,0,0,0,0,0,0,353,23,0,0,0,0,10,407,0,0,0,0,0,0,370,3,3,0,0,0,1,289,2,0,0,0,1,4,327
0.9777878513145966	0.9778009198510553	0.9777878513145966	0.9777809505615164	0.024290711232024864	385,0,0,0,0,0,0,355,17,0,0,0,0,16,417,0,0,0,0,0,0,383,3,3,0,0,0,4,289,4,0,0,0,0,2,328
0.9827742520398912	0.9827977740479147	0.9827742520398912	0.982763754044678	0.022930431403031526	404,0,0,0,0,0,0,365,10,0,0,0,0,14,405,0,0,0,0,0,0,358,0,1,0,0,0,4,294,5,0,0,0,0,4,342
0.9809610154125114	0.9810893934299387	0.9809610154125114	0.9809679856564721	0.02467936261173731	415,0,0,0,0,0,0,370,9,0,0,0,0,19,393,0,0,0,0,0,0,364,4,1,0,0,0,3,302,3,0,0,0,0,3,320
0.972348141432457	0.972393200435857	0.972348141432457	0.9723421343017419	0.020792848814613296	418,0,0,0,0,0,0,362,25,0,0,0,0,18,389,0,0,0,0,0,0,365,2,3,0,0,0,4,290,4,0,0,0,0,5,321
0.9805077062556664	0.9806083679392386	0.9805077062556664	0.980504240337834	0.021570151574038077	418,0,0,0,0,0,0,372,19,0,0,0,0,12,392,0,0,0,0,0,0,369,3,5,0,0,0,1,274,2,0,0,0,0,1,338
0.9773345421577516	0.9774236140955044	0.9773345421577516	0.9773244943167178	0.024290711232024864	435,0,0,0,0,0,0,387,23,0,0,0,0,14,407,0,0,0,0,0,0,351,1,3,0,0,0,4,261,3,0,0,0,0,2,315
0.9786944696282865	0.9787479296486085	0.9786944696282865	0.9787041223883174	0.024485036921881087	385,0,0,0,0,0,0,394,19,0,0,0,0,16,393,0,0,0,0,0,0,370,2,3,0,0,0,0,292,3,0,0,0,0,4,325
0.9750679963735267	0.9751798421154493	0.9750679963735267	0.9750424507964458	0.024485036921881087	401,0,0,0,0,0,0,355,24,0,0,0,0,12,433,0,0,0,0,0,0,363,1,3,0,0,0,5,301,2,0,0,0,1,7,298
0.9796010879419764	0.9796527717986785	0.9796010879419764	0.9795861965377684	0.023513408472600084	448,0,0,0,0,0,0,345,21,0,0,0,0,13,395,0,0,0,0,0,0,338,1,0,0,0,0,3,314,3,0,0,0,1,3,321
0.9746146872166818	0.9747873498650218	0.9746146872166818	0.9746133056406191	0.025845316750874425	437,0,0,0,0,0,0,373,27,0,0,0,0,15,388,0,0,0,0,0,0,352,2,4,0,0,0,2,284,3,0,0,0,0,3,316
0.9791477787851315	0.9792766575056987	0.9791477787851315	0.9791694230410639	0.021958802953750522	415,0,0,0,0,0,0,364,16,0,0,0,0,14,383,0,0,0,0,0,0,378,1,5,0,0,0,0,293,7,0,0,0,0,3,327
0.9786944696282865	0.9787310912002901	0.9786944696282865	0.9786707028890909	0.023513408472600084	453,0,0,0,0,0,0,376,18,0,0,0,0,12,410,0,0,0,0,0,0,350,2,1,0,0,0,8,266,3,0,0,0,0,3,304
0.9759746146872167	0.9759973690598029	0.9759746146872167	0.975972398142305	0.0217644772638943	442,0,0,0,0,0,0,347,21,0,0,1,0,20,394,0,0,0,0,0,0,376,0,5,0,0,0,1,297,2,0,0,0,1,2,297
0.9805077062556664	0.9805324478473892	0.9805077062556664	0.9805095777485981	0.02759424795958021	436,0,0,0,0,0,0,373,18,0,0,0,0,16,412,0,0,0,0,0,0,340,1,2,0,0,0,0,280,4,0,0,0,1,1,322
0.9768812330009066	0.9769359768846765	0.9768812330009066	0.9768641179203323	0.023124757092887638	452,0,0,0,0,0,0,352,22,0,0,0,0,14,403,0,0,0,0,0,0,344,4,1,0,0,0,3,290,5,0,0,0,1,1,314
0.9823209428830463	0.9823314759899093	0.9823209428830463	0.9823195167475162	0.023707734162456306	410,0,0,0,0,0,0,390,15,0,0,0,0,13,372,0,0,0,0,0,0,367,4,2,0,0,0,3,309,1,0,0,0,0,1,319
0.971894832275612	0.9721364763376904	0.971894832275612	0.9718470303204186	0.023513408472600084	428,0,0,0,0,0,0,338,30,0,0,1,0,14,393,0,0,0,0,0,0,389,4,3,0,0,0,4,278,4,0,0,0,0,2,318
0.9768812330009066	0.9772475037813143	0.9768812330009066	0.9768717450895003	0.021570151574038077	407,0,0,0,0,0,0,369,25,0,0,0,0,7,402,0,0,0,0,0,0,360,8,2,0,0,0,3,307,2,0,0,0,2,2,310
0.9782411604714415	0.9783613390834108	0.9782411604714415	0.9782442640120398	0.025068013991449645	439,0,0,0,0,2,0,367,17,0,0,0,0,13,389,0,0,0,0,0,0,358,7,4,0,0,0,0,293,2,0,0,0,2,1,312
0.9737080689029919	0.9737658546524667	0.9737080689029919	0.9737005077346406	0.02390205985231253	436,0,0,0,0,0,0,390,20,0,0,0,0,24,354,0,0,0,0,0,0,362,2,3,0,0,0,3,296,5,0,0,0,0,1,310
0.9805077062556664	0.9805493238724057	0.9805077062556664	0.980501071388919	0.022347454333462857	424,0,0,0,0,0,0,362,17,0,0,0,0,12,401,0,0,0,0,0,0,394,3,1,0,0,0,2,277,6,0,0,0,0,2,305
0.9845874886672711	0.984667283458929	0.9845874886672711	0.9845872255151527	0.023124757092887638	431,0,0,0,0,0,0,377,19,0,0,0,0,11,384,0,0,0,0,0,0,368,1,1,0,0,0,0,304,2,0,0,0,0,0,308
0.9746146872166818	0.9747449275715928	0.9746146872166818	0.9746053297072892	0.022736105713175303	403,0,0,0,0,0,0,357,23,0,0,1,0,15,407,0,0,0,0,0,0,383,4,4,0,0,0,1,284,1,0,0,0,1,6,316
