accuracy	precision	recall	f1	oob	confMatrxVars
0.957388939256573	0.9576516937222023	0.957388939256573	0.9573742243040617	0.052662261951029965	445,1,0,0,0,0,0,350,32,0,0,0,0,21,378,0,0,0,0,0,0,345,5,5,0,0,0,7,296,14,0,0,0,5,4,298
0.9501359927470535	0.9501546420077467	0.9501359927470535	0.9500628692291403	0.05169063350174896	428,0,0,0,0,0,0,338,34,0,0,0,0,32,390,0,0,0,0,0,0,361,7,6,0,0,0,14,256,9,0,0,0,4,4,323
0.956482320942883	0.9565149893463282	0.956482320942883	0.9564195835655588	0.0530509133307423	419,0,0,0,0,0,0,362,35,0,0,1,0,28,396,0,0,0,0,0,0,352,3,2,0,0,0,7,275,12,0,0,0,1,7,306
0.957388939256573	0.9573918865224533	0.957388939256573	0.957383413522524	0.050524679362611735	419,0,0,0,0,1,0,361,27,0,0,0,0,28,387,0,0,0,0,0,0,345,7,3,0,0,0,11,297,7,0,0,0,2,8,303
0.9596554850407978	0.9598015678627901	0.9596554850407978	0.9596517449555497	0.04935872522347451	442,0,0,0,0,0,0,358,33,0,0,0,0,22,371,0,0,0,0,0,0,364,5,6,0,0,0,3,262,9,0,0,0,8,3,320
0.9546690843155031	0.9549703254057905	0.9546690843155031	0.9545689472834773	0.05033035367275551	441,0,0,0,0,0,0,346,34,0,0,0,0,20,391,0,0,0,0,0,0,331,8,7,0,0,0,14,289,12,0,0,0,2,3,308
0.9605621033544878	0.960699779855597	0.9605621033544878	0.9605472303038648	0.049747376603186955	414,1,0,0,0,1,0,359,32,0,0,0,0,20,377,0,0,0,0,0,0,379,8,2,0,0,0,10,277,7,0,0,0,1,5,313
0.9519492293744334	0.9527614086284047	0.9519492293744334	0.951875458037419	0.04644383987563161	417,0,0,0,0,1,0,333,39,0,0,0,0,14,401,0,0,0,0,0,0,331,6,13,0,0,0,13,295,11,0,0,0,4,5,323
0.956482320942883	0.957001817889806	0.956482320942883	0.9564073084845919	0.048970073843762174	425,0,0,0,0,1,0,363,31,0,0,0,0,20,374,0,0,0,0,0,0,370,4,6,0,0,0,12,276,16,0,0,0,3,3,302
0.9551223934723482	0.9551867897915443	0.9551223934723482	0.955091855617946	0.04994170229304318	412,0,0,0,0,0,0,360,28,0,0,1,0,29,370,0,0,0,0,0,0,362,8,8,0,0,0,10,277,8,0,0,0,6,1,326
0.9465095194922938	0.9466868359880596	0.9465095194922938	0.9464247455784824	0.05169063350174896	428,0,0,0,0,0,0,327,42,0,0,0,0,34,385,0,0,0,0,0,0,353,2,4,0,0,0,7,266,16,0,0,0,8,5,329
0.9555757026291931	0.955739334099853	0.9555757026291931	0.9555563108029147	0.04935872522347451	414,0,0,0,0,0,0,340,28,0,0,1,0,31,407,0,0,0,0,0,0,342,7,2,0,0,0,13,277,7,0,0,0,8,1,328
0.9673617407071623	0.9674285518887159	0.9673617407071623	0.9673505944423145	0.05246793626117374	439,0,0,0,0,1,0,361,22,0,0,0,0,23,396,0,0,0,0,0,0,366,3,4,0,0,0,7,269,7,0,0,0,2,3,303
0.9505893019038985	0.9507487103004651	0.9505893019038985	0.9505491370115458	0.050524679362611735	443,0,0,0,0,0,0,338,43,0,0,0,0,28,389,0,0,0,0,0,0,345,5,8,0,0,0,9,274,4,0,0,0,6,6,308
0.9619220308250227	0.962144425616757	0.9619220308250227	0.9618783586327107	0.0491643995336184	430,0,0,0,0,1,0,340,27,0,0,0,0,20,385,0,0,0,0,0,0,368,5,7,0,0,0,10,277,10,0,0,0,2,2,322
0.9505893019038985	0.9507076393281392	0.9505893019038985	0.9505847844304207	0.04877574815390595	441,2,0,0,0,0,0,348,33,0,0,0,0,24,396,0,0,0,0,0,0,339,5,8,0,0,0,10,263,9,0,0,0,10,8,310
0.958295557570263	0.9583544145030504	0.958295557570263	0.9583077376454209	0.049747376603186955	403,0,0,0,0,1,0,366,31,0,0,0,0,36,393,0,0,0,0,0,0,336,4,4,0,0,0,7,288,2,0,0,0,4,3,328
0.9415231187669991	0.941553948100189	0.9415231187669991	0.9415111822670172	0.046832491255343944	392,0,0,0,0,1,0,357,38,0,0,0,0,33,377,0,0,0,0,0,0,348,7,6,0,0,0,8,296,12,0,0,0,9,15,307
0.9528558476881233	0.9534339559897778	0.9528558476881233	0.9528167769334905	0.05169063350174896	417,1,0,0,0,2,0,344,43,0,0,0,0,20,391,0,0,0,0,0,0,334,2,8,0,0,0,12,276,6,0,0,0,4,6,340
0.9533091568449683	0.9534602707667064	0.9533091568449683	0.9532371102552083	0.0491643995336184	422,1,0,0,0,0,0,370,29,0,0,0,0,22,408,0,0,0,0,0,0,336,7,9,0,0,0,14,253,12,0,0,0,4,5,314
0.9533091568449683	0.9534060069051852	0.9533091568449683	0.9532922978525173	0.04780411970462495	435,0,0,0,0,0,0,342,41,0,0,0,0,30,387,0,0,0,0,0,0,358,3,6,0,0,0,3,267,8,0,0,0,4,8,314
0.9496826835902086	0.9499489135114064	0.9496826835902086	0.9496607611108769	0.05071900505246796	437,0,0,0,0,2,0,342,25,0,0,1,0,25,367,0,0,0,0,0,0,366,6,13,0,0,0,15,259,12,0,0,0,5,7,324
0.9514959202175884	0.9517731850287598	0.9514959202175884	0.95148522790276	0.05013602798289929	431,0,0,0,0,0,0,345,22,0,0,0,0,32,376,0,0,0,0,0,0,347,8,12,0,0,0,17,298,7,0,0,0,6,3,302
0.956935630099728	0.9569705974031003	0.956935630099728	0.9568508377998672	0.05110765643218029	430,0,0,0,0,0,0,325,29,0,0,0,0,18,396,0,0,0,0,0,0,371,8,5,0,0,0,13,265,11,0,0,0,3,8,324
0.9578422484134179	0.9578589659638628	0.9578422484134179	0.957791008680396	0.047609794014768725	420,0,0,0,0,0,0,337,29,0,0,1,0,26,407,0,0,0,0,0,0,379,8,5,0,0,0,9,262,9,0,0,0,4,2,308
