accuracy	precision	recall	f1	oob	confMatrxVars
0.9737080689029919	0.9737829289692986	0.9737080689029919	0.9737187976131462	0.024485036921881087	412,0,0,0,0,0,0,360,17,0,0,0,0,24,412,0,0,0,0,0,0,338,2,4,0,0,0,3,300,2,0,0,0,2,4,326
0.9737080689029919	0.9740376308104178	0.9737080689029919	0.9736883218384582	0.02040419743490085	434,0,0,0,0,0,0,351,29,0,0,0,0,11,404,0,0,0,0,0,0,369,4,3,0,0,0,2,266,4,0,0,0,1,4,324
0.9809610154125114	0.9811447127231763	0.9809610154125114	0.98097098664317	0.022153128643606634	415,0,0,0,0,0,0,373,6,0,0,0,0,18,424,0,0,0,0,0,0,357,3,5,0,0,0,5,277,1,0,0,0,0,4,318
0.9764279238440616	0.9766612925104613	0.9764279238440616	0.9764330681940138	0.02098717450446952	434,0,0,0,0,0,0,355,15,0,0,0,0,29,367,0,0,0,0,0,0,372,0,3,0,0,0,1,280,0,0,0,0,1,3,346
0.9818676337262012	0.9818824126495846	0.9818676337262012	0.981870116966013	0.02331908278274386	456,0,0,0,0,0,0,364,16,0,0,0,0,19,397,0,0,0,0,0,0,357,1,0,0,0,0,0,289,2,0,0,0,1,1,303
0.9791477787851315	0.9792025412012463	0.9791477787851315	0.9791448729445728	0.022347454333462857	430,0,0,0,0,0,0,376,18,0,0,0,0,15,404,0,0,0,0,0,0,325,6,2,0,0,0,1,292,3,0,0,0,0,1,333
0.9796010879419764	0.9796255443976094	0.9796010879419764	0.9795804731233145	0.020598523124757073	416,0,0,0,0,0,0,344,15,0,0,1,0,9,389,0,0,0,0,0,0,367,1,2,0,0,0,6,315,4,0,0,0,1,6,330
0.9746146872166818	0.9747119733346677	0.9746146872166818	0.9745980500178624	0.020792848814613296	433,0,0,0,0,0,0,352,23,0,0,1,0,15,395,0,0,0,0,0,0,351,5,2,0,0,0,2,302,6,0,0,0,0,2,317
0.9786944696282865	0.9786991619383919	0.9786944696282865	0.9786925162624427	0.02467936261173731	398,0,0,0,0,0,0,361,14,0,0,0,0,16,415,0,0,0,0,0,0,360,3,2,0,0,0,5,291,3,0,0,0,1,3,334
0.9746146872166818	0.9747952545605842	0.9746146872166818	0.9746381481503427	0.022930431403031526	426,0,0,0,0,2,0,374,21,0,0,0,0,14,366,0,0,0,0,0,0,394,6,4,0,0,0,2,278,4,0,0,0,0,3,312
0.9809610154125114	0.9811278721669991	0.9809610154125114	0.9809663402036517	0.023707734162456306	398,0,0,0,0,0,0,377,6,0,0,0,0,15,409,0,0,0,0,0,0,352,7,5,0,0,0,4,308,1,0,0,0,0,4,320
0.9827742520398912	0.9828934187745786	0.9827742520398912	0.9827704490609598	0.021958802953750522	423,0,0,0,0,0,0,393,16,0,0,1,0,8,383,0,0,0,0,0,0,353,3,5,0,0,0,1,285,2,0,0,0,1,1,331
0.9814143245693563	0.9814221814947042	0.9814143245693563	0.981409655175293	0.02409638554216864	444,0,0,0,0,1,0,369,14,0,0,1,0,12,401,0,0,0,0,0,0,352,4,2,0,0,0,4,273,1,0,0,0,0,2,326
0.9773345421577516	0.9774576982600236	0.9773345421577516	0.9773496851189982	0.02254178002331908	435,0,0,0,0,0,0,361,12,0,0,0,0,21,402,0,0,0,0,0,0,339,5,1,0,0,0,5,285,2,0,0,0,0,4,334
0.9814143245693563	0.981515983244337	0.9814143245693563	0.9814131691417178	0.022930431403031526	415,0,0,0,0,0,0,383,15,0,0,0,0,11,401,0,0,0,0,0,0,366,5,5,0,0,0,1,289,3,0,0,0,0,1,311
0.9782411604714415	0.9782392499730793	0.9782411604714415	0.9782379922780798	0.021958802953750522	407,0,0,0,0,0,0,346,16,0,0,0,0,14,419,0,0,0,0,0,0,356,1,3,0,0,0,1,305,5,0,0,0,3,5,325
0.9814143245693563	0.9816303306154842	0.9814143245693563	0.9814189586463207	0.026428293820443094	411,0,0,0,0,0,0,368,5,0,0,1,0,19,395,0,0,0,0,0,0,354,4,0,0,0,0,3,293,4,0,0,0,3,2,344
0.9777878513145966	0.9777829487470737	0.9777878513145966	0.9777810628017635	0.02390205985231253	415,0,0,0,0,0,0,375,15,0,0,1,0,14,363,0,0,0,0,0,0,373,3,3,0,0,0,6,305,2,0,0,0,2,3,326
0.9827742520398912	0.9829493830702841	0.9827742520398912	0.9827674602373875	0.024485036921881087	418,0,0,0,0,0,0,362,17,0,0,0,0,6,422,0,0,0,0,0,0,346,4,4,0,0,0,1,283,4,0,0,0,0,2,337
0.9768812330009066	0.9768736042793629	0.9768812330009066	0.9768695195533277	0.0217644772638943	390,0,0,0,0,0,0,339,19,0,0,1,0,17,423,0,0,0,0,0,0,362,2,4,0,0,0,2,311,2,0,0,0,2,2,330
0.9759746146872167	0.9762821304967604	0.9759746146872167	0.975967387174199	0.021570151574038077	395,0,0,0,0,0,0,382,27,0,0,0,0,10,387,0,0,0,0,0,0,362,7,0,0,0,0,4,299,4,0,0,0,0,1,328
0.9827742520398912	0.9828201884487109	0.9827742520398912	0.9827718297468603	0.023707734162456306	437,0,0,0,0,0,0,359,16,0,0,1,0,11,394,0,0,0,0,0,0,376,1,2,0,0,0,0,278,4,0,0,0,0,3,324
0.9814143245693563	0.9814308206354894	0.9814143245693563	0.9814170343808354	0.02040419743490085	423,0,0,0,0,1,0,375,17,0,0,0,0,15,405,0,0,0,0,0,0,343,2,1,0,0,0,0,303,2,0,0,0,1,2,316
0.9809610154125114	0.9812014750318995	0.9809610154125114	0.9809593495541535	0.020792848814613296	426,0,0,0,0,0,0,370,21,0,0,0,0,8,402,0,0,0,0,0,0,380,3,4,0,0,0,1,298,4,0,0,0,0,1,288
0.9791477787851315	0.979190547844876	0.9791477787851315	0.9791403697395487	0.02331908278274386	463,0,0,0,0,0,0,366,14,0,0,1,0,11,378,0,0,0,0,0,0,341,8,2,0,0,0,4,294,4,0,0,0,0,2,318
