accuracy	precision	recall	f1	oob	confMatrxVars
0.9705349048050771	0.9706961092684143	0.9705349048050771	0.97054904298672	0.07423241352506804	408,0,0,0,0,2,0,375,22,0,0,0,0,13,403,0,0,0,0,0,0,363,1,8,0,0,0,7,290,4,0,0,0,3,5,302
0.9637352674524026	0.9640361800375062	0.9637352674524026	0.9637674647399364	0.07190050524679359	432,0,0,0,0,0,0,351,21,0,0,0,0,36,399,0,0,0,0,0,0,363,3,3,0,0,0,1,279,7,0,0,0,4,5,302
0.9646418857660924	0.9646273690193832	0.9646418857660924	0.9645811765236787	0.07248348231636226	404,0,0,0,0,0,1,338,32,0,0,1,0,26,399,0,0,0,0,0,0,382,1,2,0,0,0,4,288,7,0,0,0,0,4,317
0.9755213055303718	0.975533545450117	0.9755213055303718	0.9755119844469073	0.07151185386708125	396,0,0,0,0,0,0,353,23,0,0,0,0,18,419,0,0,0,0,0,0,366,1,4,0,0,0,3,301,0,0,0,0,1,4,317
0.9664551223934723	0.9664690549470271	0.9664551223934723	0.9664305709790815	0.0738437621453556	429,0,0,0,0,0,0,355,33,0,0,0,0,25,399,0,0,1,0,0,0,365,3,3,0,0,0,1,274,2,0,0,0,4,2,310
0.9646418857660924	0.9646440226225981	0.9646418857660924	0.9646364519296914	0.07228915662650603	429,0,0,0,0,0,0,345,21,0,0,0,0,22,406,0,0,0,0,0,0,352,7,4,0,0,0,10,286,5,0,0,0,4,5,310
0.9696282864913871	0.9696638083865928	0.9696282864913871	0.9696260805231793	0.07190050524679359	410,1,0,0,0,0,0,371,23,1,0,0,0,24,390,0,0,0,0,0,0,383,3,5,0,0,0,5,268,3,0,0,0,1,1,317
0.9646418857660924	0.9650456145068268	0.9646418857660924	0.9646341588918315	0.07636999611348616	419,0,0,0,0,1,0,348,33,0,0,0,0,14,386,0,0,0,0,0,0,384,5,6,0,0,0,8,294,1,0,0,0,1,9,297
0.9601087941976428	0.9601707067613836	0.9601087941976428	0.9601041682584321	0.07287213369607459	405,0,0,0,0,0,0,353,30,0,0,1,0,28,401,0,0,0,0,0,0,356,4,6,0,0,0,4,299,8,0,0,0,4,3,304
0.9614687216681777	0.9618358818544072	0.9614687216681777	0.9615146081273177	0.07850757870190439	409,0,0,0,0,0,0,331,20,0,0,1,0,35,382,0,0,0,0,0,0,351,4,6,0,0,0,2,303,8,0,0,0,2,7,345
0.9737080689029919	0.9739451293650656	0.9737080689029919	0.9736604875671151	0.07306645938593082	450,1,0,0,0,0,1,343,29,0,0,1,0,13,397,0,0,0,0,0,0,351,0,3,0,0,0,3,299,3,0,0,0,3,1,308
0.9632819582955575	0.9633396335901019	0.9632819582955575	0.9632434836074202	0.07248348231636226	429,0,0,0,0,0,1,363,32,1,0,0,0,22,374,0,0,0,0,0,0,350,4,5,0,0,0,5,268,4,0,0,0,3,4,341
0.9669084315503174	0.9671117022406176	0.9669084315503174	0.9669201283717316	0.06548775748153901	448,0,0,0,0,0,0,377,26,0,0,1,0,22,389,0,0,0,0,0,0,356,4,8,0,0,0,3,277,6,0,0,0,0,3,286
0.9759746146872167	0.9760340050165356	0.9759746146872167	0.9759612160941997	0.06898561989895069	434,0,0,0,0,0,0,374,17,0,0,1,0,24,383,0,0,0,0,0,0,357,0,0,0,0,0,3,299,1,0,0,0,3,4,306
0.9669084315503174	0.9672511452046118	0.9669084315503174	0.9669370046883247	0.06587640886125146	430,0,0,1,1,0,0,369,19,0,0,1,0,32,385,0,0,0,0,0,0,376,1,5,0,0,0,2,287,8,0,0,0,1,2,286
0.971894832275612	0.972059728545637	0.971894832275612	0.9719228258343281	0.07190050524679359	428,0,0,0,0,0,0,355,15,0,0,0,0,18,398,0,0,0,0,0,0,357,4,9,0,0,0,1,280,5,0,0,0,2,8,326
0.956482320942883	0.9565227749042601	0.956482320942883	0.9564956483131068	0.07403808783521182	439,0,0,0,0,1,0,335,31,0,0,0,0,34,386,0,0,0,0,0,0,359,4,6,0,0,0,4,277,4,0,0,0,6,6,314
0.9664551223934723	0.9672496796852097	0.9664551223934723	0.966507919620095	0.07054022541780025	438,0,0,0,0,0,0,339,14,0,0,0,0,39,388,0,0,0,0,0,0,365,3,6,0,0,0,1,288,4,0,0,0,5,2,314
0.9660018132366274	0.9661087276973684	0.9660018132366274	0.9660168153142631	0.07462106490478038	412,0,0,0,0,0,0,360,27,0,0,0,0,22,377,0,0,0,0,0,0,363,2,8,0,0,0,2,307,4,0,0,0,1,9,312
0.970081595648232	0.9703320362472507	0.970081595648232	0.9700834493971603	0.07190050524679359	430,0,0,0,1,0,0,357,26,0,0,0,0,12,389,0,0,0,0,0,0,367,6,6,0,0,0,5,269,3,0,0,0,2,5,328
0.972348141432457	0.9723653872596645	0.972348141432457	0.9723479944350649	0.0672366886902449	435,0,0,0,0,0,0,379,19,0,0,0,0,19,402,0,0,0,0,0,0,364,4,6,0,0,0,5,281,3,0,0,0,3,2,284
0.9650951949229375	0.9652054943198302	0.9650951949229375	0.9650673780454967	0.07967353284104162	409,0,0,0,0,0,0,390,26,0,0,0,0,24,373,0,0,0,0,0,0,361,4,5,0,0,0,11,290,5,0,0,0,2,0,306
0.9687216681776972	0.9687458715566138	0.9687216681776972	0.9686996453425976	0.07034589972794403	440,0,0,0,0,0,0,344,28,0,0,1,0,21,389,0,0,0,0,0,0,356,3,4,0,0,0,4,290,2,0,0,0,5,1,318
0.970081595648232	0.9702700097308684	0.970081595648232	0.9700944438877807	0.07151185386708125	420,0,0,0,0,0,0,361,17,0,0,0,0,26,393,0,0,0,0,0,0,376,3,4,0,0,0,2,283,2,0,0,0,3,9,307
0.971894832275612	0.9721794429056128	0.971894832275612	0.971891756643018	0.07500971628449282	425,0,0,0,1,0,0,362,27,0,0,0,0,11,381,0,0,0,0,0,0,346,1,6,0,0,0,5,311,2,0,0,0,5,4,319
