accuracy	precision	recall	f1	confMatrxVars
0.9152311876699909	0.9160485151721915	0.9152311876699909	0.9149701610456328	412,0,0,0,0,00,332,57,0,0,00,32,404,0,0,00,0,0,330,4,140,0,0,21,246,210,0,0,22,16,295
0.9310970081595649	0.9313288924982625	0.9310970081595649	0.9310340982392522	410,0,0,0,0,00,322,43,0,0,00,47,412,0,0,00,0,0,366,6,50,0,0,12,253,150,0,0,17,7,291
0.9392565729827742	0.9403005540726563	0.9392565729827742	0.9389993971326882	426,0,0,0,0,10,333,48,0,0,00,24,382,0,0,00,0,0,377,3,30,0,0,18,267,200,0,0,11,6,287
0.9347234814143246	0.9352920325536683	0.9347234814143246	0.9346582929037677	427,0,1,0,0,10,344,50,0,0,00,31,400,0,0,00,0,0,346,10,50,0,0,9,267,230,0,0,7,7,278
0.9265639165911151	0.9272689595220525	0.9265639165911151	0.9264749676114415	428,0,0,0,0,24,374,31,0,0,00,35,359,0,0,00,0,0,342,4,150,0,0,23,260,180,0,0,20,10,281
0.9261106074342702	0.9277400293704862	0.9261106074342702	0.9258774836535694	411,0,0,0,0,11,340,61,0,0,10,22,391,0,0,00,0,0,350,7,80,0,0,14,249,180,0,0,22,8,302
0.9301903898458749	0.9307516757668252	0.9301903898458749	0.9301954020444158	409,0,0,0,0,01,364,37,0,0,00,36,372,0,0,00,0,0,310,4,130,0,0,19,283,140,0,0,20,10,314
0.9338168631006346	0.9349707772634726	0.9338168631006346	0.9334618484883438	413,1,0,0,0,10,308,59,0,0,00,24,399,0,0,00,0,0,377,5,110,0,0,17,227,170,0,0,4,7,336
0.92883046237534	0.9318548877562162	0.92883046237534	0.9284169644903298	422,2,6,0,0,17,302,64,0,0,10,12,384,0,0,00,0,0,369,8,90,0,0,16,269,140,0,0,9,8,303
0.9233907524932004	0.925046498508892	0.9233907524932004	0.923301544918725	395,1,0,0,0,31,345,62,0,0,00,26,354,0,0,00,0,0,364,4,100,0,0,20,259,130,0,0,17,12,320
0.9301903898458749	0.9304851819120602	0.9301903898458749	0.9301709809084906	419,0,0,0,0,10,348,38,1,0,00,50,371,0,0,00,0,0,343,7,130,0,0,17,260,110,0,0,8,8,311
0.92883046237534	0.9288528337791679	0.92883046237534	0.9287496735292571	438,0,0,0,0,00,341,38,0,0,00,43,356,0,0,00,0,0,367,5,110,0,0,20,264,100,0,0,9,21,283
0.9079782411604714	0.9123799197873373	0.9079782411604714	0.9073044637951224	405,0,0,0,0,10,300,85,0,0,10,23,406,0,0,10,0,0,347,7,120,0,0,41,240,100,0,0,16,6,305
0.9224841341795105	0.9242395245255132	0.9224841341795105	0.9221377473085102	434,0,0,0,0,10,316,56,0,0,10,22,388,0,0,00,0,0,314,10,100,0,0,30,278,220,0,0,11,8,305
0.9215775158658205	0.9239953691968533	0.9215775158658205	0.9212203702705771	423,0,0,0,0,00,330,69,0,0,00,22,397,0,0,00,0,0,337,8,120,0,0,26,274,200,0,0,8,8,272
0.9315503173164098	0.9326266258747081	0.9315503173164098	0.9314700186668695	425,0,0,0,0,00,343,57,0,0,00,25,373,0,0,00,0,0,372,8,130,0,0,12,245,150,0,0,15,6,297
0.9202175883952856	0.9218095791534084	0.9202175883952856	0.9201922664545884	426,0,0,0,0,10,342,28,0,0,00,53,393,0,0,00,0,0,320,8,120,0,0,15,260,350,0,0,12,12,289
0.9297370806890299	0.9306866660415313	0.9297370806890299	0.9296611113887304	419,0,0,0,0,20,322,46,0,0,10,30,384,0,0,00,0,0,359,7,130,0,0,15,263,230,0,0,13,5,304
0.9315503173164098	0.932114070569707	0.9315503173164098	0.9312836673538432	388,0,0,0,0,22,351,41,0,0,00,41,390,0,0,00,0,0,359,7,80,0,0,22,253,190,0,0,6,3,314
0.9261106074342702	0.9265686189489742	0.9261106074342702	0.9260218981704078	381,0,1,0,0,01,351,45,0,0,00,33,386,0,0,00,0,0,355,7,160,0,0,19,252,170,0,0,16,8,318
0.9279238440616501	0.9282174096444435	0.9279238440616501	0.9278215620389445	409,0,0,0,0,01,322,44,0,0,00,47,404,0,0,00,0,0,347,6,70,0,0,24,264,100,0,0,10,10,301
0.915684496826836	0.9194059773916348	0.915684496826836	0.9146649491161949	447,0,0,0,0,16,273,91,0,0,00,22,367,0,0,00,0,0,371,6,80,0,0,14,260,170,0,0,8,13,302
0.9338168631006346	0.9341850394701579	0.9338168631006346	0.9336987042502047	437,0,0,0,0,00,341,41,0,0,00,32,380,0,0,00,0,0,351,4,100,0,0,21,256,130,0,0,14,11,295
0.9202175883952856	0.9206836519341571	0.9202175883952856	0.9202966732240772	417,0,8,0,0,04,330,47,0,0,10,50,360,0,0,00,0,0,355,6,100,0,0,14,276,120,0,0,18,6,292
0.9310970081595649	0.9312303843751131	0.9310970081595649	0.9307695088976318	410,0,0,0,1,15,323,59,1,0,00,38,393,0,0,00,0,0,339,5,30,0,0,12,277,110,0,0,9,7,312
0.9202175883952856	0.9217567485138037	0.9202175883952856	0.9198239042076796	411,0,0,0,0,00,339,25,0,0,00,41,359,0,0,00,0,0,352,5,130,0,0,28,265,360,0,0,15,13,304
0.9247506799637353	0.925813932287838	0.9247506799637353	0.9246974334098433	419,1,0,0,0,10,357,33,0,0,00,54,350,0,0,00,0,0,355,6,100,0,0,16,256,210,0,0,18,6,303
0.9097914777878513	0.9117110990052988	0.9097914777878513	0.9090850338351089	423,0,0,0,0,15,304,83,0,0,10,38,366,0,0,00,0,0,371,1,70,0,0,15,253,250,0,0,14,9,290
0.9120580235720761	0.9134767883280857	0.9120580235720761	0.9119819273564727	434,1,0,0,0,10,314,63,0,0,00,35,370,0,0,00,0,0,334,4,160,0,0,11,261,330,0,0,17,13,299
0.9233907524932004	0.925590742747828	0.9233907524932004	0.9230674398756734	445,0,0,0,0,00,332,65,0,0,00,29,377,0,0,00,0,0,328,3,100,0,0,16,253,310,0,0,8,7,302
0.9170444242973708	0.9182432882151863	0.9170444242973708	0.91672131354094	423,0,0,0,0,00,312,69,0,0,00,32,390,0,0,00,0,0,346,5,100,0,0,11,252,270,0,0,17,12,300
0.9270172257479601	0.9291968468832356	0.9270172257479601	0.9267636200926653	399,0,0,0,0,00,302,70,0,0,00,25,387,0,0,00,0,0,346,7,200,0,0,15,303,140,0,0,5,5,308
0.9238440616500453	0.9244740031210625	0.9238440616500453	0.923878119736052	430,0,0,0,0,10,329,40,0,0,00,43,362,0,0,00,0,0,353,7,130,0,0,17,277,170,0,0,24,6,287
0.9202175883952856	0.9242966089881073	0.9202175883952856	0.9195758790755539	412,0,0,0,0,00,301,85,0,0,00,19,380,0,0,00,0,0,354,6,50,0,0,22,250,190,0,0,12,8,333
0.9301903898458749	0.9322304376032138	0.9301903898458749	0.9299754864187862	422,0,0,0,0,10,329,62,0,0,00,20,373,0,0,00,0,0,345,9,140,0,0,22,272,150,0,0,6,5,311
0.9202175883952856	0.92429277884306	0.9202175883952856	0.9195547799331212	396,0,0,0,0,10,287,85,0,0,00,21,389,0,0,00,0,0,355,9,150,0,0,17,267,220,0,0,3,3,336
0.9369900271985494	0.937530783770764	0.9369900271985494	0.9369451177108925	424,0,0,0,0,00,367,31,0,0,00,39,360,0,0,00,0,0,346,3,130,0,0,15,262,180,0,0,13,7,308
0.9324569356300997	0.9350648365557905	0.9324569356300997	0.9321897285752736	459,0,0,0,0,00,322,70,0,0,10,17,393,0,0,00,0,0,339,7,110,0,0,15,249,90,0,0,14,5,295
0.9179510426110608	0.9187035135267481	0.9179510426110608	0.9178954006017146	409,0,0,0,1,21,355,60,0,0,10,31,390,1,0,00,0,0,356,13,140,0,0,14,250,130,0,0,16,14,265
0.9261106074342702	0.926232139208438	0.9261106074342702	0.9260265006026263	399,0,0,0,0,00,335,46,0,0,00,42,375,0,0,00,0,0,375,6,120,0,0,17,266,160,0,0,13,11,293
0.9279238440616501	0.9288430689503209	0.9279238440616501	0.9279125982095687	443,0,0,0,0,10,350,28,0,0,00,54,375,0,0,00,0,0,362,7,120,0,0,17,247,140,0,0,16,10,270
0.929283771532185	0.9302153609186654	0.929283771532185	0.929109272455077	442,0,0,0,0,00,322,54,0,0,10,26,388,0,0,00,0,0,330,5,100,0,0,10,265,250,0,0,15,10,303
0.9315503173164098	0.9324419494388315	0.9315503173164098	0.9315359444751362	399,1,1,0,0,10,362,28,0,0,00,55,348,0,0,00,0,0,361,6,90,0,0,10,261,200,0,0,8,12,324
0.9347234814143246	0.9382086121279877	0.9347234814143246	0.9340780722286806	422,0,0,0,0,01,314,56,0,0,00,8,399,0,0,00,0,0,361,3,50,0,0,35,262,190,0,0,10,7,304
0.9197642792384406	0.9204345844296844	0.9197642792384406	0.9195777671819008	418,0,0,0,0,00,327,59,0,0,00,41,372,0,0,00,0,0,337,6,90,0,0,19,267,210,0,0,14,8,308
0.9238440616500453	0.9270089123407609	0.9238440616500453	0.9235176723718391	453,0,0,0,1,10,309,78,0,0,00,20,405,0,0,00,0,0,341,7,170,0,0,10,236,180,0,0,9,7,294
0.9233907524932004	0.9246809199288333	0.9233907524932004	0.9230464430924725	400,0,0,0,0,00,311,69,0,0,00,29,398,0,0,00,0,0,359,6,80,0,0,19,271,150,0,0,12,11,298
0.9329102447869447	0.9333806070600473	0.9329102447869447	0.9328725752413904	420,0,0,0,0,10,338,42,0,0,10,30,375,0,0,00,0,0,367,11,170,0,0,17,264,150,0,0,5,9,294
0.9297370806890299	0.9300418247382043	0.9297370806890299	0.9295580786660774	418,0,0,0,0,10,304,62,0,0,10,39,377,0,0,00,0,0,353,10,50,0,0,12,282,120,0,0,8,5,317
0.9338168631006346	0.9351152517986484	0.9338168631006346	0.9335360615969284	408,0,0,0,0,00,326,44,0,0,00,17,397,0,0,00,0,0,338,1,90,0,0,21,291,260,0,0,14,14,300
