accuracy	precision	recall	f1	confMatrxVars
0.9555757026291931	0.9556186339546532	0.9555757026291931	0.9555706634725895	423,0,0,0,0,00,344,25,0,0,00,30,362,0,0,00,0,0,356,7,110,0,0,7,304,20,0,0,9,7,319
0.9419764279238441	0.9428332739368624	0.9419764279238441	0.9420158824821286	408,0,0,0,0,00,361,24,0,0,00,46,387,0,0,00,0,0,354,5,140,0,0,10,259,140,0,0,11,4,309
0.9460562103354487	0.9466460189950019	0.9460562103354487	0.9459374996994299	393,0,0,0,0,20,342,48,0,0,00,21,410,0,0,00,0,0,353,8,40,0,0,14,282,110,0,0,2,9,307
0.9478694469628286	0.948593611827486	0.9478694469628286	0.9478812502621906	440,2,0,0,0,21,332,45,0,0,00,29,403,0,0,10,0,0,324,4,90,0,0,4,287,140,0,0,3,1,305
0.9496826835902086	0.9499646760600696	0.9496826835902086	0.9496915756893094	442,0,0,0,0,00,339,27,0,0,00,37,376,0,0,00,0,0,361,4,100,0,0,12,266,80,0,0,9,4,311
0.9542157751586582	0.9544685578006497	0.9542157751586582	0.9542683093088474	415,2,0,0,0,00,338,32,0,0,00,40,375,0,0,00,0,0,362,4,50,0,0,6,286,70,0,0,2,3,329
0.9465095194922938	0.9475677588850243	0.9465095194922938	0.9465898349126706	423,0,0,0,0,00,319,27,0,0,00,49,416,0,0,00,0,0,366,2,90,0,0,10,256,130,0,0,5,3,308
0.9519492293744334	0.9520099125170993	0.9519492293744334	0.9519363161839411	428,0,0,0,0,00,347,44,0,0,00,36,383,0,0,00,0,0,356,2,60,0,0,6,285,30,0,0,6,3,301
0.9496826835902086	0.9502320421044392	0.9496826835902086	0.949553800508522	424,1,0,0,0,00,345,39,0,0,10,23,387,0,0,00,0,0,347,4,20,0,0,19,270,100,0,0,7,5,322
0.9374433363553943	0.937498257142693	0.9374433363553943	0.9374308369245271	402,0,0,0,0,00,348,39,0,0,10,46,398,0,0,00,0,0,347,3,120,0,0,9,288,50,0,0,12,11,285
0.9415231187669991	0.9419399540566806	0.9415231187669991	0.9415333081748435	431,2,0,0,0,20,336,46,0,0,10,29,381,0,0,00,0,0,343,5,100,0,0,10,282,90,0,0,10,5,304
0.9501359927470535	0.9504174882126081	0.9501359927470535	0.9501266120409669	424,1,0,0,0,00,367,28,0,0,00,40,383,0,0,00,0,0,360,2,50,0,0,8,260,130,0,1,5,7,302
0.9537624660018132	0.9545371071362049	0.9537624660018132	0.9538219341483327	430,0,0,0,0,00,343,18,0,0,10,38,387,0,0,00,0,0,370,6,150,0,0,8,268,80,0,0,2,6,306
0.9610154125113327	0.9611664782616779	0.9610154125113327	0.9609862854270251	439,0,0,0,0,01,360,25,0,0,00,32,361,0,0,00,0,0,353,6,120,0,0,3,292,10,0,0,2,4,315
0.9533091568449683	0.9533150248391605	0.9533091568449683	0.9532980593503556	432,0,0,0,1,00,358,36,0,0,00,34,375,0,0,00,0,0,343,4,50,0,0,8,267,70,0,0,2,6,328
0.9510426110607434	0.9524967406215302	0.9510426110607434	0.950914186757482	410,0,0,0,0,10,357,53,1,0,00,14,409,0,0,00,0,0,333,7,70,0,0,11,287,80,0,0,3,3,302
0.958295557570263	0.9583329669940215	0.958295557570263	0.9582236872822103	397,0,0,0,0,00,366,28,0,0,10,35,376,0,0,00,0,0,374,2,00,0,0,9,286,100,0,0,1,6,315
0.9601087941976428	0.9602745539819747	0.9601087941976428	0.9600569173808771	452,0,0,0,0,10,373,31,0,0,00,27,381,0,0,00,0,0,341,3,40,0,0,10,260,90,0,0,1,2,311
0.9551223934723482	0.9550976272740882	0.9551223934723482	0.9551033083759027	453,0,0,0,0,00,355,34,0,0,10,32,364,0,0,00,0,0,371,6,20,0,0,5,280,90,0,0,4,6,284
0.9451495920217589	0.9452537050600667	0.9451495920217589	0.9451777333855172	412,1,0,0,0,10,361,36,0,0,00,42,353,0,0,00,0,0,358,6,70,0,0,7,287,70,0,0,7,7,314
0.9456029011786038	0.9457054334972941	0.9456029011786038	0.9455757751695507	397,0,0,0,0,00,350,40,0,0,00,37,391,0,0,00,0,0,373,4,80,0,0,10,279,110,0,0,4,6,296
0.956482320942883	0.9566922079955643	0.956482320942883	0.9564656749850772	401,0,0,0,0,00,358,32,0,0,10,26,388,0,0,00,0,0,356,3,80,0,0,9,307,100,0,0,3,4,300
0.9510426110607434	0.9514526725162861	0.9510426110607434	0.9510737665442484	405,0,0,0,0,00,339,38,0,0,10,30,390,0,0,00,0,0,359,5,90,0,0,2,282,150,0,0,1,7,323
0.9487760652765186	0.9498777954310524	0.9487760652765186	0.9487764347254017	404,0,0,0,0,00,362,46,0,0,10,18,408,0,0,00,0,0,369,1,160,0,0,8,264,110,0,0,5,7,286
0.956935630099728	0.9569816884875686	0.956935630099728	0.9569247122691505	433,0,0,0,0,00,356,36,0,0,00,28,383,0,0,00,0,0,364,5,50,0,0,5,270,50,0,0,6,5,305
0.9460562103354487	0.946584836601359	0.9460562103354487	0.9459589042168642	409,0,0,0,0,10,333,35,0,0,00,22,371,0,0,00,0,0,396,8,120,0,0,15,256,160,0,0,7,3,322
0.9492293744333635	0.9497397651688473	0.9492293744333635	0.9491271302822264	421,0,0,0,0,00,345,45,0,0,00,23,396,0,0,00,0,0,348,4,50,0,0,9,277,150,0,0,5,6,307
0.9546690843155031	0.9549300003701817	0.9546690843155031	0.954607575931723	433,0,0,0,0,00,340,37,0,0,00,22,370,0,0,00,0,0,375,5,70,0,0,12,277,90,0,0,3,5,311
0.9587488667271079	0.9591332810870883	0.9587488667271079	0.9586434323355367	437,0,0,0,0,01,316,41,0,0,00,19,400,0,0,00,0,0,378,4,60,0,0,6,277,70,0,0,0,7,307
0.9446962828649139	0.9449662278321128	0.9446962828649139	0.9447219352910801	427,0,0,1,0,00,347,32,0,0,10,47,376,0,0,00,0,0,341,7,70,0,0,9,259,60,0,0,3,9,334
0.9610154125113327	0.961254882292279	0.9610154125113327	0.9609885458462878	426,2,0,0,0,00,348,30,0,0,00,17,401,0,0,00,0,0,360,3,50,0,0,9,272,90,0,0,7,4,313
0.9496826835902086	0.9499407103662139	0.9496826835902086	0.9496911447215262	410,0,0,0,0,00,349,30,0,0,00,39,386,0,0,00,0,0,361,4,100,0,0,10,280,90,0,0,5,4,309
0.9415231187669991	0.9420199959088263	0.9415231187669991	0.9415743727131394	419,0,0,0,0,00,334,31,0,0,00,43,363,0,0,00,0,0,356,6,140,0,0,9,284,140,0,0,1,11,321
0.9628286491387126	0.9633459919003485	0.9628286491387126	0.9627749443233548	401,0,0,0,0,00,366,36,0,0,10,12,426,0,0,00,0,0,341,7,40,0,0,7,281,60,0,0,2,7,309
0.9528558476881233	0.9538084345016571	0.9528558476881233	0.9527647425679521	411,0,0,0,0,20,344,50,0,1,00,19,398,0,0,00,0,0,367,6,50,0,0,7,281,90,0,0,0,5,301
0.9483227561196736	0.948898201638731	0.9483227561196736	0.9483532380680328	426,0,0,0,0,00,345,23,0,0,00,44,377,0,0,00,0,0,353,6,90,0,0,13,304,60,0,0,7,6,287
0.9546690843155031	0.9549218205555299	0.9546690843155031	0.954685220565413	437,0,0,2,0,00,347,27,0,0,00,36,350,0,0,00,0,0,380,4,110,0,0,9,273,50,0,0,5,1,319
0.9537624660018132	0.9542953072351742	0.9537624660018132	0.9536924826322731	387,0,0,0,0,00,353,44,1,0,00,19,402,0,0,00,0,0,338,7,50,0,0,7,300,70,0,0,5,7,324
0.9510426110607434	0.9513876507476559	0.9510426110607434	0.9511087329700436	410,0,0,0,1,10,362,31,0,0,00,41,350,0,0,00,0,0,347,7,70,0,0,1,310,70,0,2,2,8,319
0.9519492293744334	0.9522605021340301	0.9519492293744334	0.9519774128508729	417,0,0,0,0,10,366,25,0,0,10,36,376,0,0,00,0,0,359,2,80,0,0,6,282,140,0,0,4,9,300
0.9496826835902086	0.9499186112699178	0.9496826835902086	0.9496596027558598	405,0,0,0,0,00,379,27,0,0,00,39,357,0,0,00,0,0,378,5,100,0,0,9,261,100,0,0,7,4,315
0.9510426110607434	0.9514527507432845	0.9510426110607434	0.9510068977078474	425,0,0,0,0,20,326,38,0,0,10,19,404,0,0,00,0,0,363,7,130,0,0,8,275,40,0,0,5,11,305
0.9487760652765186	0.9493474158948223	0.9487760652765186	0.9486998668997574	411,0,1,0,0,00,345,44,0,0,00,25,380,0,0,00,0,0,372,4,100,0,0,15,272,90,0,0,1,4,313
0.9483227561196736	0.9487727053967391	0.9483227561196736	0.9482442956705158	417,0,0,0,0,00,339,46,0,0,00,25,365,0,0,00,0,0,373,4,50,0,0,13,281,90,0,0,5,7,317
0.9542157751586582	0.9543371493336963	0.9542157751586582	0.9541825181392998	447,0,0,0,0,00,344,34,0,0,00,27,378,0,0,00,0,0,365,5,90,0,0,14,278,50,0,0,4,3,293
0.956935630099728	0.9572808254894383	0.956935630099728	0.956926087538755	436,0,0,0,0,00,360,33,0,0,00,15,370,0,0,00,0,0,358,6,80,0,0,9,298,90,0,0,6,9,289
0.9505893019038985	0.9515463223688087	0.9505893019038985	0.9504900418161178	440,0,0,0,0,20,347,44,0,0,10,19,385,0,0,00,0,0,354,3,50,0,0,11,276,160,0,0,3,5,295
0.9501359927470535	0.9504579832440245	0.9501359927470535	0.9501005152997763	424,0,0,0,0,00,335,42,1,0,00,27,388,0,0,00,0,0,344,3,110,0,0,7,291,90,0,0,7,3,314
0.956482320942883	0.9565072639708796	0.956482320942883	0.9564780352522319	404,0,0,0,0,00,393,30,0,0,10,28,394,0,0,00,0,0,354,6,80,0,0,9,265,50,0,0,1,8,300
0.9483227561196736	0.9484388284328195	0.9483227561196736	0.9483585298330849	432,1,0,0,0,10,336,29,0,0,10,35,377,0,0,00,0,0,355,6,110,0,0,11,280,40,0,0,7,8,312
