accuracy	precision	recall	f1	confMatrxVars
0.9691749773345422	0.9692826852195818	0.9691749773345422	0.969201501974069	423,1,0,0,0,10,374,20,0,0,00,18,382,0,0,00,0,0,352,5,60,0,0,4,274,20,0,0,3,8,333
0.9637352674524026	0.9639397946084883	0.9637352674524026	0.9637399412326912	425,0,0,0,0,00,376,30,0,0,00,17,368,0,0,00,0,0,366,6,70,0,0,6,273,20,0,0,7,5,318
0.9632819582955575	0.9636288816909814	0.9632819582955575	0.9632355323367122	412,0,0,0,0,00,381,15,0,0,00,27,372,0,0,00,0,0,340,7,40,0,0,1,318,40,0,0,11,12,302
0.9678150498640072	0.9678330163690685	0.9678150498640072	0.9677952191739247	442,0,0,0,0,00,362,24,0,0,00,20,381,0,0,00,0,0,354,1,30,0,0,4,277,50,0,0,5,9,319
0.9646418857660924	0.9648360632293146	0.9646418857660924	0.9646412950070765	411,0,0,0,0,00,369,29,0,0,00,22,411,0,0,00,0,0,354,3,20,0,0,8,291,40,0,0,9,1,292
0.971894832275612	0.9720160697107723	0.971894832275612	0.9719069870526279	399,0,0,0,0,10,340,12,1,0,00,19,390,0,0,00,0,0,378,2,50,0,0,7,293,30,0,0,7,5,344
0.9737080689029919	0.9737528205424469	0.9737080689029919	0.9737026721364501	438,0,0,0,0,01,380,18,0,0,00,25,377,0,0,00,0,0,364,2,30,0,0,1,275,30,0,0,1,4,314
0.9628286491387126	0.962959375242194	0.9628286491387126	0.9628622872949284	426,1,0,0,0,10,354,26,0,0,00,31,389,0,0,00,0,0,352,2,60,0,0,5,293,40,0,0,3,3,310
0.970988213961922	0.9710004632807026	0.970988213961922	0.9709817038136135	424,0,0,0,0,00,359,21,0,0,00,21,386,0,0,00,0,0,390,1,50,0,0,4,264,10,0,0,5,6,319
0.971441523118767	0.9715092872709907	0.971441523118767	0.9714313253196722	444,0,0,0,0,00,351,24,0,0,00,16,385,0,0,00,0,0,359,5,50,0,0,4,286,40,0,0,3,2,318
0.9664551223934723	0.966466445021922	0.9664551223934723	0.9664544066442039	398,0,0,0,0,10,351,26,0,0,00,26,379,0,0,00,0,0,399,1,40,0,0,5,282,20,0,0,4,5,323
0.9737080689029919	0.9737995466716812	0.9737080689029919	0.9736702949526393	415,0,0,0,0,10,372,17,0,0,00,18,417,0,0,00,0,0,353,2,10,0,0,9,282,70,0,0,1,2,309
0.970988213961922	0.9711841802378648	0.970988213961922	0.9710010218962787	433,0,0,0,1,00,365,13,0,0,00,25,389,0,0,00,0,0,369,5,60,0,0,7,305,20,0,0,1,4,281
0.972348141432457	0.9724966365418115	0.972348141432457	0.9723450182744126	402,0,0,0,0,00,383,16,0,0,00,28,378,0,0,00,0,0,342,2,10,0,0,2,300,60,0,0,1,5,340
0.9664551223934723	0.9665876822719768	0.9664551223934723	0.9664730413022734	432,0,0,0,0,00,354,22,0,0,00,24,363,0,0,00,0,0,374,4,90,0,0,3,296,60,0,0,2,4,313
0.958295557570263	0.9583315072238798	0.958295557570263	0.9582901511400835	397,0,0,0,0,00,380,27,0,0,10,32,380,0,0,00,0,0,346,6,70,0,0,4,278,60,0,0,5,4,333
0.9750679963735267	0.9751692670829278	0.9750679963735267	0.975057549860186	431,1,0,0,1,00,369,17,0,0,00,18,385,0,0,00,0,0,350,1,20,0,0,6,294,70,0,0,1,1,322
0.9650951949229375	0.9651466713992594	0.9650951949229375	0.9651101824089516	418,0,0,0,0,00,331,25,0,0,00,29,397,0,0,00,0,0,360,5,40,0,0,7,297,10,0,0,1,5,326
0.9641885766092475	0.9644118876289516	0.9641885766092475	0.9642092228666652	437,0,0,0,0,00,347,20,0,0,00,25,381,0,0,00,0,0,369,4,40,0,0,8,275,10,0,0,4,13,318
0.970988213961922	0.9712141036914846	0.970988213961922	0.9710025389292065	415,0,0,0,0,10,379,14,0,0,00,24,366,0,0,00,0,0,348,3,80,0,0,2,300,20,0,0,1,9,334
0.9678150498640072	0.9678688585905699	0.9678150498640072	0.9678125977791968	406,0,0,0,0,00,377,23,0,0,00,26,406,0,0,00,0,0,372,1,40,0,0,7,274,30,0,0,4,3,300
0.9610154125113327	0.9614391928133044	0.9610154125113327	0.9610327881066778	421,0,0,0,0,00,358,19,0,0,00,38,377,0,0,00,0,0,345,3,70,0,0,4,290,50,0,0,6,4,329
0.9678150498640072	0.9680645974192117	0.9678150498640072	0.9678192048961964	397,0,0,0,0,00,371,16,0,0,00,25,393,0,0,00,0,0,374,5,110,0,0,7,303,40,0,0,0,3,297
0.9696282864913871	0.9697377567487918	0.9696282864913871	0.9696415169892447	416,0,0,0,0,00,348,15,0,0,00,23,403,0,0,00,0,0,372,2,70,0,0,6,278,20,0,0,3,9,322
0.9728014505893019	0.9728713750033281	0.9728014505893019	0.972793587667962	415,0,0,0,0,00,390,22,0,0,00,14,390,0,0,00,0,0,377,2,40,0,0,4,281,30,0,0,5,6,293
0.9732547597461468	0.97333728650992	0.9732547597461468	0.9732336614881947	423,0,0,0,0,00,363,24,0,0,10,14,387,0,0,00,0,0,356,0,40,0,0,2,288,40,0,0,4,6,330
0.9705349048050771	0.9706169593357148	0.9705349048050771	0.970529102229957	411,0,0,0,0,00,374,20,0,0,00,26,388,0,0,00,0,0,356,1,20,0,0,4,286,60,0,0,4,2,326
0.9696282864913871	0.9697337331961104	0.9696282864913871	0.9696440109515	434,0,0,0,0,00,350,16,0,0,00,20,393,1,0,00,0,0,348,4,40,0,0,5,299,40,0,0,1,12,315
0.9705349048050771	0.9705792265290615	0.9705349048050771	0.9705356539282622	425,0,0,0,0,00,367,19,0,0,00,23,365,0,0,00,0,0,388,4,30,0,0,4,279,70,0,0,0,5,317
0.9628286491387126	0.9628533543456977	0.9628286491387126	0.9628324262968705	414,0,0,0,0,00,368,28,0,0,00,26,390,0,0,00,0,0,345,4,40,0,0,4,299,40,1,0,5,6,308
0.9664551223934723	0.9667071556370155	0.9664551223934723	0.9664641696677714	403,0,0,0,0,00,360,16,0,0,00,26,389,0,0,00,0,0,357,2,70,0,0,9,318,70,0,0,4,3,305
0.9755213055303718	0.9756750837797679	0.9755213055303718	0.9755420880596686	436,0,0,0,0,00,342,15,0,0,00,23,398,0,0,00,0,0,368,2,30,0,0,2,276,10,0,0,1,7,332
0.971894832275612	0.9722141814375023	0.971894832275612	0.9719017923402236	412,0,0,0,0,00,371,9,0,0,10,26,400,0,0,00,0,0,330,7,50,0,0,5,312,30,0,0,4,2,319
0.9728014505893019	0.9728951946413603	0.9728014505893019	0.972796508730586	424,0,0,0,0,00,377,13,0,0,00,17,388,0,0,00,0,0,357,8,60,0,0,1,294,30,0,0,7,5,306
0.972348141432457	0.9723279614924801	0.972348141432457	0.9723285336100456	404,0,0,0,0,00,359,20,0,0,10,18,404,0,0,00,0,0,387,2,20,0,0,5,282,60,0,0,1,6,309
0.9746146872166818	0.9749110059223572	0.9746146872166818	0.9746180965587021	423,0,0,0,0,00,392,25,0,0,00,9,369,0,0,00,0,0,371,3,40,0,0,7,296,30,0,0,1,4,299
0.9641885766092475	0.964513696272794	0.9641885766092475	0.9641873989753041	394,0,0,0,0,00,365,32,0,0,00,15,393,0,0,00,0,1,359,2,80,0,0,2,303,60,0,0,7,6,313
0.9601087941976428	0.9607883400841202	0.9601087941976428	0.9601439607622517	414,0,0,0,1,11,360,17,0,0,00,41,390,0,0,00,0,0,364,2,40,0,0,1,278,60,0,0,4,10,312
0.9632819582955575	0.9634131054816735	0.9632819582955575	0.9632751898611791	392,0,0,0,0,10,368,20,0,0,00,29,398,0,0,00,0,0,338,2,20,0,0,5,299,70,0,0,7,8,330
0.9678150498640072	0.9679995311682003	0.9678150498640072	0.9678038311262933	415,0,0,0,1,00,354,26,0,0,00,13,418,0,0,00,0,0,350,4,90,0,0,5,286,20,0,1,5,5,312
0.9646418857660924	0.9647118773299057	0.9646418857660924	0.96464728410722	402,0,0,0,0,10,387,28,0,0,00,21,390,0,0,00,0,0,363,5,50,0,0,3,284,40,0,0,6,5,302
0.9669084315503174	0.966988083576132	0.9669084315503174	0.9669257529592705	445,0,0,0,0,00,369,19,0,0,00,18,381,0,0,00,0,0,346,7,30,0,0,9,299,40,0,0,2,11,293
0.9728014505893019	0.9728620196693029	0.9728014505893019	0.9728055986075067	435,0,0,0,0,00,367,23,0,0,00,17,377,0,0,00,0,0,352,6,10,0,0,3,289,30,0,0,4,3,326
0.9737080689029919	0.9738477665901917	0.9737080689029919	0.9737041423474087	438,1,0,0,0,00,367,24,0,0,00,12,407,0,0,00,0,0,350,0,70,0,0,1,264,30,0,0,4,6,322
0.9696282864913871	0.9695877095654204	0.9696282864913871	0.9695782886387567	433,0,0,0,0,01,336,25,1,0,01,21,410,0,0,00,0,0,345,3,20,0,0,2,272,60,0,0,5,0,343
0.9687216681776972	0.968703470137201	0.9687216681776972	0.9687026498007841	409,0,0,0,0,01,370,22,0,0,00,21,415,0,0,00,0,0,352,4,10,0,0,8,260,40,0,0,1,7,331
0.9669084315503174	0.9672329268537664	0.9669084315503174	0.9669144143777252	420,0,0,0,0,00,366,21,0,0,10,37,381,0,0,00,0,0,354,3,10,0,0,2,289,00,0,0,2,6,323
0.9660018132366274	0.9661289841881453	0.9660018132366274	0.9659854914303473	439,0,0,0,0,00,374,26,0,0,10,20,379,0,0,00,0,0,352,6,20,0,0,3,298,20,0,1,10,4,289
0.9637352674524026	0.9642773992787591	0.9637352674524026	0.9637098235836978	411,0,0,0,0,10,371,14,0,0,00,36,375,1,0,00,0,0,369,1,30,0,0,8,303,50,0,0,3,8,297
0.9673617407071623	0.9673763276841686	0.9673617407071623	0.9673643215891817	427,0,0,0,0,00,353,25,0,0,00,27,402,0,0,00,0,0,353,3,30,0,0,3,282,30,0,0,5,3,317
