accuracy	precision	recall	f1	confMatrxVars
0.36899365367180414	0.13671698820090494	0.36899365367180414	0.19945038743082827	431,0,0,2,0,0367,0,0,0,0,0416,0,0,1,0,00,0,0,383,0,00,0,0,300,0,00,0,0,306,0,0
0.5312783318223028	0.3366966474331434	0.5312783318223028	0.3946850936278698	404,0,0,1,0,00,0,417,1,0,00,0,429,0,0,00,0,0,339,0,00,0,0,298,0,00,0,0,317,0,0
0.5466908431550317	0.3503918386906829	0.5466908431550317	0.41032968841251183	415,0,1,0,0,00,0,381,0,0,00,0,406,0,0,00,0,0,385,0,00,0,0,268,0,00,0,0,350,0,0
0.5448776065276518	0.3476351889703184	0.5448776065276518	0.4080555364014039	400,0,1,0,0,00,0,385,1,0,00,0,427,0,0,00,0,0,375,0,00,0,0,302,0,00,0,0,315,0,0
0.5621033544877606	0.37089379885115836	0.5621033544877606	0.42985195953395033	453,0,2,0,0,00,0,380,0,0,00,0,427,1,0,00,0,0,360,0,00,0,0,276,0,00,0,0,307,0,0
0.34224841341795104	0.11819044899205526	0.34224841341795104	0.17559041300811476	382,0,0,4,0,0393,0,0,0,0,0411,0,0,0,0,00,0,0,373,0,00,0,0,290,0,00,0,0,353,0,0
0.5512239347234814	0.3600184601607385	0.5512239347234814	0.41810178956667193	436,1,1,1,0,00,0,371,0,0,00,0,419,0,0,00,0,0,361,0,00,0,0,279,0,00,0,0,337,0,0
0.5394378966455122	0.34678833271549453	0.5394378966455122	0.40505600634063305	402,0,0,1,0,00,0,377,0,0,00,0,451,0,0,00,0,0,337,0,00,0,0,312,0,00,0,0,326,0,0
0.5548504079782411	0.35970547686757365	0.5548504079782411	0.4200327836774449	419,0,1,0,0,00,0,372,0,0,00,0,432,0,0,00,0,0,373,0,00,0,0,291,0,00,0,0,318,0,0
0.5539437896645513	0.3609715701735418	0.5539437896645513	0.41996611140349127	431,0,3,1,0,00,0,375,0,0,00,0,416,0,0,00,0,0,375,0,00,0,0,281,0,00,0,0,324,0,0
0.5376246600181324	0.34244162376209736	0.5376246600181324	0.40135799607813727	398,0,1,1,0,00,0,375,0,0,00,0,420,0,0,00,0,0,368,0,00,0,0,302,0,00,0,0,341,0,0
0.5407978241160472	0.3433035441248999	0.5407978241160472	0.40339104128359593	399,0,0,1,0,00,0,391,1,0,00,0,416,0,0,00,0,0,378,0,00,0,0,275,0,00,0,0,345,0,0
0.543064369900272	0.348807522575132	0.543064369900272	0.4076137252751252	420,0,0,0,0,00,0,366,0,0,00,0,403,0,0,00,0,0,375,0,00,0,0,329,0,00,0,0,313,0,0
0.5498640072529465	0.3540851286150142	0.5498640072529465	0.41405559921509394	426,0,0,0,0,00,0,390,0,0,00,0,406,1,0,00,0,0,381,0,00,0,0,300,0,00,0,0,302,0,0
0.5543970988213962	0.35725388911943445	0.5543970988213962	0.418259886840286	421,0,0,0,0,00,0,399,0,0,00,0,425,0,0,00,0,0,377,0,00,0,0,272,0,00,0,0,312,0,0
0.5475974614687217	0.3518350929654949	0.5475974614687217	0.41184185000050144	405,0,1,1,0,00,0,366,0,0,00,0,422,0,0,00,0,0,381,0,00,0,0,318,0,00,0,0,312,0,0
0.5494106980961015	0.3578117462077346	0.5494106980961015	0.4157049216917902	450,0,0,0,0,00,0,397,0,0,00,0,413,0,0,00,0,0,349,0,00,0,0,299,0,00,0,0,298,0,0
0.542611060743427	0.35059904744420173	0.542611060743427	0.40831920146978756	430,0,0,1,0,00,0,399,0,0,00,0,427,0,0,00,0,0,340,0,00,0,0,298,0,00,0,0,311,0,0
0.5652765185856754	0.3675022493483459	0.5652765185856754	0.4297971530502433	426,0,0,0,0,00,0,372,0,0,00,0,414,0,0,00,0,0,407,0,00,0,0,281,0,00,0,0,306,0,0
0.3585675430643699	0.12864324070329233	0.3585675430643699	0.1893317001055451	422,0,0,0,0,0372,0,0,0,0,0409,0,0,0,0,00,0,0,369,0,00,0,0,317,0,00,0,0,317,0,0
0.5344514959202176	0.3416560411304354	0.5344514959202176	0.39917577169185536	410,0,1,1,0,00,0,398,1,0,00,0,429,0,0,00,0,0,340,0,00,0,0,290,0,00,0,0,336,0,0
0.3413417951042611	0.11673213676103135	0.3413417951042611	0.17395294067878744	0,0,428,1,0,00,0,397,1,0,00,0,414,1,0,00,0,0,339,0,00,0,0,309,0,00,0,0,316,0,0
0.5362647325475974	0.33862985042366034	0.5362647325475974	0.3985096050527087	389,0,1,0,0,00,0,379,0,0,00,0,414,0,0,00,0,0,380,0,00,0,0,311,0,00,0,0,332,0,0
0.5516772438803264	0.3584577171544382	0.5516772438803264	0.41748417011840494	432,0,1,0,0,00,0,367,0,0,00,0,413,0,0,00,0,0,372,0,00,0,0,298,0,00,0,0,323,0,0
0.5376246600181324	0.342660153815498	0.5376246600181324	0.4011923365443917	414,0,1,0,0,00,0,397,1,0,00,0,408,0,0,00,0,0,364,0,00,0,0,287,0,00,0,0,334,0,0
0.5562103354487761	0.36412526487244734	0.5562103354487761	0.4228026767069085	445,0,2,1,0,00,0,365,1,0,00,0,399,0,0,00,0,0,383,0,00,0,0,294,0,00,0,0,316,0,0
0.5244786944696282	0.33525543554562476	0.5244786944696282	0.39010771551799406	428,0,0,2,0,00,0,383,1,0,00,0,379,1,0,00,0,0,350,0,00,0,0,326,0,00,0,0,336,0,0
0.5407978241160472	0.34784895910806873	0.5407978241160472	0.40563630190709676	434,0,0,0,0,00,0,387,0,0,00,0,395,0,0,00,0,0,364,0,00,0,0,293,0,00,0,0,333,0,0
0.5503173164097914	0.3577554774682129	0.5503173164097914	0.4165784194969239	428,0,0,0,0,00,0,362,0,0,00,0,426,0,0,00,0,0,360,0,00,0,0,294,0,00,0,0,336,0,0
0.5376246600181324	0.34537655378538346	0.5376246600181324	0.4026087493219311	434,0,0,0,0,00,0,421,0,0,00,0,420,0,0,00,0,0,332,0,00,0,0,292,0,00,0,2,305,0,0
0.5602901178603807	0.4181144846069315	0.5602901178603807	0.4261356440885477	415,0,0,0,0,00,1,359,0,0,00,2,428,0,0,00,0,0,392,0,00,0,0,290,0,00,0,0,319,0,0
0.5466908431550317	0.3519739080602624	0.5466908431550317	0.41133681784279014	420,0,0,0,0,00,0,383,0,0,00,0,423,0,0,00,0,0,363,0,00,0,0,301,0,00,0,0,316,0,0
0.5394378966455122	0.34292991238370635	0.5394378966455122	0.40268907053762765	411,0,2,1,0,06,0,379,0,0,00,0,407,0,0,00,0,0,372,0,00,0,0,306,0,00,0,0,322,0,0
0.5457842248413418	0.3512891465865344	0.5457842248413418	0.4105521200015504	417,0,0,0,0,00,0,381,0,0,00,0,428,0,0,00,0,0,359,0,00,0,0,305,0,00,0,0,316,0,0
0.5158658204895739	0.323273096691158	0.5158658204895739	0.3784289807839085	418,1,0,1,0,00,364,0,1,0,00,452,0,0,0,00,0,0,356,0,00,0,0,311,0,00,0,0,302,0,0
0.3658204895738894	0.13441172261829626	0.3658204895738894	0.1965209793377438	432,0,0,2,0,0392,0,0,0,0,0406,0,0,0,0,00,0,0,375,0,00,0,0,271,0,00,0,0,328,0,0
0.5407978241160472	0.3464923133976202	0.5407978241160472	0.4048690387872145	430,0,0,0,0,00,0,390,0,0,00,0,384,1,0,00,0,0,379,0,00,0,0,318,0,00,0,0,304,0,0
0.5621033544877606	0.36826446301541416	0.5621033544877606	0.42852690604191024	439,0,0,0,0,00,0,360,1,0,00,0,421,0,0,00,0,0,380,0,00,0,0,304,0,00,0,0,301,0,0
0.5471441523118767	0.358164843819415	0.5471441523118767	0.4150094809836157	448,0,0,0,0,00,0,377,0,0,00,0,426,0,0,00,0,0,333,0,00,0,0,292,0,00,0,0,330,0,0
0.529918404351768	0.3348486510825736	0.529918404351768	0.39297669571266525	410,0,1,0,0,03,0,384,0,0,00,0,394,0,0,00,0,0,365,0,00,0,0,321,0,00,0,0,328,0,0
0.5376246600181324	0.3463008009428317	0.5376246600181324	0.40341752898995226	420,0,1,1,0,00,0,375,0,0,00,0,417,0,0,00,0,0,349,0,00,0,0,317,0,00,0,0,326,0,0
0.541704442429737	0.34401430451416026	0.541704442429737	0.4041975805465777	399,0,1,1,0,00,0,408,1,0,00,0,424,0,0,00,0,0,372,0,00,0,0,292,0,00,0,0,308,0,0
0.529918404351768	0.3373869492895916	0.529918404351768	0.39393518611170975	430,0,0,0,0,00,0,401,0,0,00,0,379,0,0,00,0,0,360,0,00,0,0,303,0,00,0,0,333,0,0
0.542611060743427	0.3456464881776371	0.542611060743427	0.405441461226594	415,0,0,0,0,00,0,414,0,0,00,0,413,0,0,00,0,0,369,0,00,0,0,283,0,00,0,0,312,0,0
0.5407978241160472	0.34544435675612695	0.5407978241160472	0.40451933851993166	410,0,2,0,0,00,0,389,1,0,00,0,409,1,0,00,0,0,374,0,00,0,0,304,0,00,0,0,316,0,0
0.5421577515865821	0.34747110550180865	0.5421577515865821	0.4062346219462099	424,0,0,0,0,00,0,396,0,0,00,0,408,0,0,00,0,0,364,0,00,0,0,296,0,00,0,0,318,0,0
0.5403445149592022	0.3440675593023166	0.5403445149592022	0.40335121535487856	410,0,1,1,0,00,0,398,1,0,00,0,403,0,0,00,0,0,379,0,00,0,0,299,0,00,0,0,314,0,0
0.5534904805077062	0.3637643318756996	0.5534904805077062	0.4212662745808692	458,0,0,0,0,00,0,361,0,0,00,0,404,0,0,00,0,0,359,0,00,0,0,280,0,00,0,0,344,0,0
0.5498640072529465	0.3592146157455349	0.5498640072529465	0.41736775635524687	430,0,0,0,0,00,0,376,1,0,00,0,450,1,0,00,0,0,333,0,00,0,0,303,0,00,0,0,312,0,0
0.5471441523118767	0.3500043566055536	0.5471441523118767	0.41034684350265344	415,0,0,0,0,00,0,374,1,0,00,0,395,0,0,00,0,0,397,0,00,0,0,291,0,00,0,0,333,0,0
