accuracy	precision	recall	f1	oob	confMatrxVars
0.7475067996373527	0.8023673920112316	0.7475067996373527	0.6960600449358897	0.32141469102215314	432,0,0,0,0,1,12,11,334,0,0,0,0,2,403,0,0,0,0,0,0,348,6,18,0,0,0,78,229,15,0,0,0,71,20,226
0.771532184950136	0.807986477742536	0.771532184950136	0.7512118830460629	0.2973183054799845	405,0,0,0,0,0,0,105,286,0,0,0,0,14,392,0,0,0,0,0,0,325,8,39,0,0,0,19,263,31,0,0,0,55,52,212
0.7443336355394379	0.8149581356241486	0.7443336355394379	0.6860630012611734	0.32258064516129037	423,0,0,0,0,0,1,8,394,0,0,0,0,1,432,0,0,0,0,0,0,317,6,19,0,0,0,40,240,11,0,0,0,70,22,222
0.7225747960108794	0.8170765869940638	0.7225747960108794	0.6571882091874801	0.3070345899727944	434,0,10,0,1,2,51,7,357,0,0,0,0,0,387,0,0,0,0,0,0,356,4,2,0,0,0,38,222,10,0,0,0,95,42,188
0.8082502266545785	0.8204861205492531	0.8082502266545785	0.7963084141892639	0.30645161290322576	441,0,0,0,0,3,38,160,183,0,0,1,7,34,396,0,0,0,0,0,0,338,15,11,0,0,0,37,239,5,0,0,0,65,24,209
0.799184043517679	0.8317662826647612	0.799184043517679	0.7897207512134757	0.29323746599300426	415,0,0,1,0,1,8,183,178,0,0,0,0,24,380,1,0,0,0,0,0,344,4,13,0,0,0,37,250,5,0,0,0,142,29,191
0.7688123300090662	0.7881230061777181	0.7688123300090662	0.7542034683047086	0.3039253789350952	417,0,3,1,0,0,40,137,190,0,0,0,0,40,347,0,0,0,0,0,0,352,18,11,0,0,0,53,255,11,0,0,0,109,34,188
0.7651858567543064	0.8399035060128393	0.7651858567543064	0.7118683762555573	0.29401476875242905	403,0,0,0,0,1,34,19,330,0,0,1,0,0,420,0,0,0,0,0,0,354,3,18,0,0,0,59,231,16,0,0,0,52,4,261
0.7728921124206709	0.8430463802923542	0.7728921124206709	0.7268536002577699	0.2909055577147299	435,0,0,0,0,0,21,28,322,0,0,0,0,0,416,0,0,0,0,0,0,334,11,19,0,0,0,38,239,8,0,0,0,74,8,253
0.6745240253853128	0.7714072666421619	0.6745240253853128	0.6025490655372632	0.32996502137582584	411,0,0,1,0,0,0,52,339,1,0,0,0,3,386,0,0,0,0,0,0,369,11,2,0,0,0,53,248,5,0,0,0,274,29,22
0.7320942883046238	0.8098918964995819	0.7320942883046238	0.6700615893860644	0.3258841818888457	420,0,2,0,0,0,34,2,339,0,0,0,0,0,402,0,0,0,0,0,0,347,12,14,0,0,0,39,232,28,0,0,0,95,28,212
0.7815049864007253	0.8330882759908766	0.7815049864007253	0.767332078563753	0.29867858530897784	465,0,0,0,0,1,12,128,236,0,0,0,0,14,369,0,0,0,0,0,0,328,17,2,0,0,0,60,226,4,0,0,0,122,14,208
0.6668177697189483	0.6183801203675658	0.6668177697189483	0.5815374484030952	0.35075787019043914	428,0,2,0,1,0,29,55,284,0,0,0,0,11,387,0,0,0,0,0,0,366,9,0,0,0,0,62,235,0,0,0,0,280,57,0
0.8182230281051677	0.8458025467263038	0.8182230281051677	0.8036874184545104	0.29129420909444226	438,0,0,0,0,0,27,140,213,0,0,0,0,15,385,0,0,0,0,0,0,349,4,5,0,0,0,52,210,20,0,0,0,44,21,283
0.7316409791477788	0.7829623662367163	0.7316409791477788	0.6850383015781218	0.3151962689467548	403,0,7,0,0,0,61,40,295,0,0,0,12,4,380,0,0,0,0,0,0,339,13,22,0,0,0,40,244,16,0,0,0,77,45,208
0.7456935630099728	0.8346767918363759	0.7456935630099728	0.697477881481004	0.310532452390206	388,0,0,0,0,1,6,32,339,0,0,0,0,0,418,0,0,0,0,0,0,358,5,0,0,0,0,38,276,9,0,0,0,134,29,173
0.6727107887579329	0.7822004242553204	0.6727107887579329	0.5939216320588508	0.3484259619121648	432,0,0,0,0,0,15,23,342,1,0,0,0,4,380,0,0,0,0,0,0,353,10,1,0,0,0,52,256,0,0,0,0,259,38,40
0.7438803263825929	0.8069493855563189	0.7438803263825929	0.6955965820968056	0.3155849203264671	394,0,4,0,0,1,27,29,340,0,0,1,3,4,392,0,0,2,0,0,0,369,12,6,0,0,0,52,247,5,0,0,0,89,19,210
0.7407071622846781	0.7886881226499705	0.7407071622846781	0.6942155170991241	0.30353672755538286	393,1,0,0,2,0,38,41,316,1,0,0,0,5,415,0,0,0,0,0,0,336,13,19,0,0,0,30,250,16,0,0,0,98,33,199
0.8218495013599275	0.8344732372505246	0.8218495013599275	0.8176264751959985	0.2955693742712787	406,0,0,0,0,0,1,208,190,0,0,0,0,45,355,0,0,0,0,0,0,335,7,24,0,0,0,24,274,21,0,0,0,60,21,235
0.6622846781504986	0.6260362611112107	0.6622846781504986	0.5632036038732994	0.3571706179556937	424,0,0,0,0,0,38,28,320,1,0,0,1,4,402,0,0,0,0,0,0,366,24,0,0,0,0,38,241,0,0,0,0,275,44,0
0.771078875793291	0.8261717389218303	0.771078875793291	0.7371981284140061	0.2963466770307035	422,0,0,0,0,0,8,60,310,1,0,0,0,5,419,0,0,0,0,0,0,329,2,21,0,0,0,46,249,4,0,0,0,73,35,222
0.728921124206709	0.6641407873685419	0.728921124206709	0.6735218169745009	0.3324912553439565	409,0,0,0,0,0,19,208,168,1,0,0,0,29,393,0,0,0,0,0,0,353,7,0,0,0,0,50,245,0,0,0,0,282,42,0
0.7842248413417952	0.8293746851499076	0.7842248413417952	0.77138987927586	0.3019821220365332	418,0,0,0,0,0,8,149,228,0,0,0,0,20,387,0,0,0,0,0,0,319,10,5,0,0,0,49,259,4,0,0,0,125,27,198
0.7669990933816863	0.8219367969801085	0.7669990933816863	0.7424365132476098	0.30353672755538286	454,0,0,0,0,0,17,159,197,0,0,0,0,15,402,0,0,0,0,0,0,329,11,1,0,0,0,39,257,6,0,0,0,198,30,91
