accuracy	precision	recall	f1	oob	confMatrxVars
0.786038077969175	0.8583249123151483	0.786038077969175	0.7569855705124555	0.21336960746210654	447,0,0,0,0,0,7,74,309,0,0,0,0,0,399,0,0,0,0,0,0,336,7,6,0,0,0,50,249,4,0,0,0,75,14,229
0.7452402538531279	0.8355426055871691	0.7452402538531279	0.6986029716036973	0.255926933540614	428,0,0,0,0,0,19,38,344,0,0,1,0,0,393,0,0,0,0,0,0,351,11,1,0,0,0,50,239,1,0,0,0,98,37,195
0.7706255666364461	0.8491059634104028	0.7706255666364461	0.7193806242556495	0.23319082782743883	399,0,0,0,0,1,17,22,353,0,0,0,0,0,404,0,0,0,0,0,0,383,10,4,0,0,0,32,250,11,0,0,0,52,26,242
0.8173164097914778	0.859048695186063	0.8173164097914778	0.8039015406971769	0.17411581811115429	416,0,0,0,0,0,10,147,210,0,0,0,0,1,426,0,0,0,0,0,0,347,6,5,0,0,0,43,258,10,0,0,0,89,29,209
0.8236627379873074	0.8582326897461457	0.8236627379873074	0.8090700528773136	0.1970462495141858	442,0,0,0,0,1,16,138,238,0,0,0,0,11,378,0,0,0,0,0,0,380,9,10,0,0,0,27,241,8,0,0,0,53,16,238
0.7805983680870353	0.8521698330502883	0.7805983680870353	0.7457353219787143	0.23357947920715116	460,0,0,0,0,0,19,61,306,0,0,0,0,0,388,0,0,0,0,0,0,348,5,3,0,0,0,44,240,4,0,0,0,71,32,225
0.7756119673617408	0.8528091299754946	0.7756119673617408	0.734753183524392	0.22852701127089003	432,0,0,0,0,2,18,45,328,0,0,0,0,0,395,0,0,0,0,0,0,349,7,2,0,0,0,43,256,1,0,0,0,66,28,234
0.7203082502266546	0.8235243309921384	0.7203082502266546	0.6563369305973947	0.27516517683637776	407,0,0,0,0,0,20,11,372,0,0,1,0,0,410,0,0,0,0,0,0,353,11,0,0,0,0,43,255,1,0,0,0,123,46,153
0.8064369900271986	0.8504527618909483	0.8064369900271986	0.7861306103617692	0.2007384376214536	399,0,0,0,0,0,26,112,228,0,0,0,0,2,409,0,0,0,0,0,0,372,7,5,0,0,0,43,262,9,0,0,0,77,30,225
0.7098821396192203	0.8185213547544525	0.7098821396192203	0.6453239469400552	0.27594247959580254	405,0,0,0,0,0,32,11,368,0,0,0,0,0,393,0,0,0,0,0,0,363,13,0,0,0,0,48,231,1,0,0,0,141,37,163
0.7484134179510427	0.8290261466975667	0.7484134179510427	0.7047992122702709	0.24834823163622233	427,0,0,0,0,0,30,50,320,0,0,0,0,0,409,0,0,0,0,0,0,347,11,5,0,0,0,46,238,5,0,0,0,111,27,180
0.7774252039891206	0.8315087178710266	0.7774252039891206	0.7539699689394359	0.2357170617955694	443,0,0,0,0,0,30,114,244,0,0,1,0,8,386,0,0,0,0,0,0,343,8,0,0,0,0,46,244,3,0,0,0,111,40,185
0.8213961922030825	0.8583861744141978	0.8213961922030825	0.8042957864808526	0.19199378157792457	414,0,0,0,0,1,14,121,237,0,0,0,0,7,422,0,0,0,0,0,0,354,4,8,0,0,0,42,266,7,0,0,0,53,21,235
0.757026291931097	0.8270975494839408	0.757026291931097	0.7277780331822487	0.2432957636999611	411,0,0,0,1,0,17,87,280,0,0,0,0,5,397,0,0,0,0,0,0,351,7,1,0,0,0,56,253,4,0,0,0,133,32,171
0.7756119673617408	0.8419197558229489	0.7756119673617408	0.7388397142291064	0.2329965021375826	407,0,0,0,0,0,28,59,292,0,0,0,0,0,412,0,0,0,0,0,0,358,11,3,0,0,0,44,263,6,0,0,0,81,30,212
0.7683590208522212	0.848366642902394	0.7683590208522212	0.7186503667422739	0.2471822774970851	433,0,0,0,0,0,18,21,338,0,0,0,0,0,399,0,0,0,0,0,0,361,10,2,0,0,0,43,246,7,0,0,0,75,18,235
0.7910244786944697	0.8466079451628333	0.7910244786944697	0.7588442215023333	0.21181500194325686	456,0,0,0,0,1,28,60,270,0,0,0,0,1,389,0,0,0,0,0,0,353,11,7,0,0,0,55,247,11,0,0,0,60,17,240
0.7493200362647325	0.8383754281057577	0.7493200362647325	0.7004939679330167	0.25437232802176446	404,0,0,0,0,0,20,39,353,0,0,1,0,0,419,0,0,0,0,0,0,356,8,1,0,0,0,38,238,0,0,0,0,97,35,197
0.7556663644605621	0.8390987704833631	0.7556663644605621	0.7245865339461279	0.2415468324912553	411,0,0,0,0,0,2,91,294,0,0,0,0,1,404,0,0,0,0,0,0,379,8,0,0,0,0,41,231,2,0,0,0,160,31,151
0.7334542157751587	0.8278182488381823	0.7334542157751587	0.6755029909073641	0.25417800233190824	406,0,0,0,0,1,23,19,361,0,0,0,0,0,427,0,0,0,0,0,0,325,11,3,0,0,0,36,266,3,0,0,0,122,28,175
0.7171350861287398	0.807375099665687	0.7171350861287398	0.6617650975696753	0.27205596579867863	449,0,0,0,0,0,11,151,214,0,0,0,0,23,392,0,0,0,0,0,0,343,5,0,0,0,0,47,236,0,0,0,0,281,43,11
0.7611060743427017	0.8301706442436324	0.7611060743427017	0.7286282520080432	0.2444617178390983	411,0,0,0,0,1,21,89,287,0,0,0,0,4,420,0,0,0,0,0,0,365,8,0,0,0,0,49,249,1,0,0,0,124,32,145
0.7461468721668177	0.8046587382937788	0.7461468721668177	0.7174170691831292	0.23902059852312474	418,0,0,0,1,0,22,131,219,0,0,0,0,23,382,0,0,0,0,0,0,365,14,0,0,0,0,39,239,1,0,0,0,198,43,111
0.8019038984587489	0.849491512275001	0.8019038984587489	0.778676585633101	0.19393703847648658	434,0,0,0,0,1,22,110,253,0,0,1,0,1,441,0,0,0,0,0,0,356,10,5,0,0,0,39,230,7,0,0,0,67,31,198
0.743427017225748	0.8362565822928525	0.743427017225748	0.682211378719082	0.27030703458997274	410,0,0,0,0,0,29,9,373,0,0,1,0,0,404,0,0,0,0,0,0,354,9,6,0,0,0,47,258,1,0,0,0,79,21,205
