accuracy	precision	recall	f1	oob	confMatrxVars
0.9796010879419764	0.9796685422291964	0.9796010879419764	0.9796109858894476	0.023513408472600084	414,0,0,0,0,0,0,361,14,0,0,0,0,14,389,0,0,0,0,0,0,344,5,3,0,0,0,2,317,2,0,0,0,0,5,336
0.9791477787851315	0.9791835377819756	0.9791477787851315	0.9791483107524497	0.02331908278274386	426,0,0,0,0,0,0,368,16,0,0,1,0,17,394,0,0,0,0,0,0,364,3,2,0,0,0,2,304,0,0,0,0,0,5,304
0.971441523118767	0.971569234424723	0.971441523118767	0.9714581569077189	0.019238243295763735	395,0,0,0,0,0,0,385,18,0,0,0,0,26,398,0,0,0,0,0,0,368,2,5,0,0,0,2,281,3,0,0,0,0,7,316
0.9786944696282865	0.9787283270746558	0.9786944696282865	0.9786979667546407	0.02390205985231253	419,0,0,0,0,0,0,378,17,0,0,1,0,16,384,0,0,0,0,0,0,358,6,0,0,0,0,3,302,1,0,0,0,0,3,318
0.9814143245693563	0.9814653302115148	0.9814143245693563	0.9814071008924963	0.022736105713175303	445,0,0,0,0,0,0,353,16,0,0,0,0,9,387,0,0,0,0,0,0,364,4,3,0,0,0,3,283,3,0,0,0,2,1,333
0.9728014505893019	0.9730825367272653	0.9728014505893019	0.9728442989782912	0.022347454333462857	421,0,0,0,0,0,0,333,13,0,0,0,0,24,418,0,0,0,0,0,0,375,10,1,0,0,0,2,301,6,0,0,0,1,3,298
0.9809610154125114	0.9809793842259322	0.9809610154125114	0.9809630352420995	0.02254178002331908	436,0,0,0,0,0,0,353,11,0,0,1,0,15,413,0,0,0,0,0,0,365,2,2,0,0,0,1,286,4,0,0,0,3,3,311
0.9836808703535811	0.9837333153984106	0.9836808703535811	0.9836754737515095	0.024485036921881087	429,0,0,0,0,0,0,353,15,0,0,0,0,10,417,0,0,0,0,0,0,358,5,2,0,0,0,1,302,2,0,0,0,0,1,311
0.9823209428830463	0.982498177138418	0.9823209428830463	0.9823271431830284	0.021570151574038077	429,0,0,0,0,2,0,377,17,0,0,0,0,6,410,0,0,0,0,0,0,361,3,3,0,0,0,1,271,4,0,0,0,2,1,319
0.9764279238440616	0.9764693410546506	0.9764279238440616	0.9764189741169601	0.019432568985619847	424,0,0,0,0,0,0,352,21,0,0,1,0,16,377,0,0,0,0,0,0,384,2,3,0,0,0,2,311,4,0,0,0,2,1,306
0.9777878513145966	0.9778359349343615	0.9777878513145966	0.977787241678359	0.02254178002331908	395,0,0,0,0,0,0,397,15,0,0,1,0,13,409,0,0,0,0,0,0,361,5,5,0,0,0,3,287,3,0,0,0,1,3,308
0.972348141432457	0.9724445554464746	0.972348141432457	0.9723415883843886	0.021375825884181854	431,0,0,0,0,0,0,349,21,0,0,0,0,18,368,0,0,0,0,0,0,361,8,5,0,0,0,3,304,4,0,0,0,0,2,332
0.9800543970988214	0.9801114987861368	0.9800543970988214	0.9800520919092888	0.024485036921881087	386,0,0,0,0,0,0,350,17,0,0,1,0,14,423,0,0,0,0,0,0,371,7,0,0,0,0,1,307,2,0,0,0,0,2,325
0.9796010879419764	0.9797491476607921	0.9796010879419764	0.979612891411967	0.019238243295763735	428,0,0,0,0,0,0,355,12,0,0,0,0,20,422,0,0,0,0,0,0,347,1,4,0,0,0,3,292,4,0,0,0,0,1,317
0.9764279238440616	0.9768809636299175	0.9764279238440616	0.9764234137404262	0.0217644772638943	394,0,0,0,0,0,0,389,26,0,0,1,0,7,397,0,0,0,0,0,0,357,3,6,0,0,0,2,287,3,0,0,0,0,4,330
0.9805077062556664	0.9808092923780198	0.9805077062556664	0.9804873964476987	0.021570151574038077	403,0,0,0,0,0,0,356,25,0,0,0,0,8,416,0,0,0,0,0,0,358,3,1,0,0,0,0,297,5,0,0,0,0,1,333
0.9791477787851315	0.9792110885050632	0.9791477787851315	0.9791525060785247	0.02254178002331908	424,0,0,0,0,0,0,370,16,0,0,0,0,12,426,0,0,0,0,0,0,336,3,5,0,0,0,2,275,3,0,0,0,0,5,329
0.985040797824116	0.9851145335630429	0.985040797824116	0.9850472396916851	0.022153128643606634	427,0,0,0,0,1,0,363,11,0,0,0,0,10,411,0,0,0,0,0,0,353,4,3,0,0,0,0,306,3,0,0,0,0,1,313
0.9773345421577516	0.9774623365542885	0.9773345421577516	0.977323305544804	0.02254178002331908	424,0,0,0,0,0,0,366,22,0,0,1,0,12,400,0,0,0,0,0,0,355,2,5,0,0,0,2,290,2,0,0,0,0,4,321
0.985947416137806	0.9859740298972913	0.985947416137806	0.9859511973715072	0.022153128643606634	396,0,0,0,0,0,0,405,12,0,0,0,0,9,388,0,0,0,0,0,0,364,1,3,0,0,0,0,288,2,0,0,0,1,3,334
0.9791477787851315	0.979350127299922	0.9791477787851315	0.9791637271160296	0.023513408472600084	447,0,0,0,0,0,0,346,13,0,0,0,0,25,387,0,0,0,0,0,0,362,2,2,0,0,0,1,294,1,0,0,0,0,2,324
0.9764279238440616	0.9765852809665777	0.9764279238440616	0.9764325040803804	0.022736105713175303	434,0,0,0,0,0,0,371,21,0,0,0,0,12,368,0,0,0,0,0,0,341,7,3,0,0,0,1,312,3,0,0,0,2,3,328
0.9750679963735267	0.9753376551697673	0.9750679963735267	0.9750474312550056	0.02040419743490085	421,0,0,0,0,0,0,369,28,0,0,0,0,11,410,0,0,0,0,0,0,347,1,2,0,0,0,2,295,5,0,0,0,2,4,309
0.9832275611967362	0.9832361465974341	0.9832275611967362	0.9832217609247622	0.02409638554216864	410,0,0,0,0,0,0,375,12,0,0,0,0,12,409,0,0,0,0,0,0,380,4,4,0,0,0,3,270,1,0,0,0,1,0,325
0.9818676337262012	0.9822111115136803	0.9818676337262012	0.9818607080662158	0.02254178002331908	437,0,0,0,0,1,0,371,24,0,0,0,0,6,395,0,0,0,0,0,0,351,1,1,0,0,0,2,312,2,0,0,0,0,3,300
