accuracy	precision	recall	f1	oob	confMatrxVars
0.9079782411604714	0.9116381140258872	0.9079782411604714	0.9072079101008077	0.11523513408472597	425,0,0,0,0,2,0,287,81,0,0,1,0,22,400,0,0,0,0,0,0,353,3,11,0,0,0,26,241,23,0,0,0,22,12,297
0.9025385312783318	0.9049369468148635	0.9025385312783318	0.9022144247151143	0.09308200544111933	423,0,0,0,0,1,0,319,72,0,0,0,0,24,383,0,0,0,0,0,0,360,8,22,0,0,0,27,243,24,0,0,0,20,17,263
0.9084315503173164	0.9098915078803944	0.9084315503173164	0.90777186742244	0.10901671200932761	421,0,0,0,0,0,0,285,75,0,0,1,0,28,414,0,0,0,0,0,0,366,8,12,0,0,0,21,245,18,0,0,0,22,17,273
0.9093381686310064	0.9126508365660708	0.9093381686310064	0.908820387522933	0.10726778080062183	428,0,0,0,0,1,0,289,81,0,0,0,0,23,371,0,0,0,0,0,0,362,9,10,0,0,0,19,264,26,0,0,0,22,9,292
0.8989120580235721	0.9033637573553203	0.8989120580235721	0.8980273290179823	0.10746210649047805	422,0,0,0,0,1,0,309,89,0,0,1,0,19,385,0,0,0,0,0,0,359,6,8,0,0,0,28,248,27,0,0,0,22,22,260
0.8921124206708976	0.8963343448603618	0.8921124206708976	0.8910536479331842	0.1173727166731442	429,0,0,0,0,1,3,278,97,0,0,1,0,25,395,0,0,0,0,0,0,331,12,11,0,0,0,23,229,17,0,0,0,30,18,306
0.8685403445149592	0.8761366405594874	0.8685403445149592	0.8668300322740414	0.12339681305868633	413,0,0,0,0,0,4,265,113,0,0,0,0,33,388,0,0,0,0,0,0,348,7,7,0,0,0,37,243,21,0,0,0,51,17,259
0.8848594741613781	0.8916171423339081	0.8848594741613781	0.8836472927346963	0.11815001943256898	425,0,0,0,0,1,0,272,125,0,0,0,0,32,377,0,0,0,0,0,0,353,5,15,0,0,0,22,245,23,0,0,0,20,11,280
0.9075249320036265	0.9099327058662734	0.9075249320036265	0.9068352082293849	0.1070734551107656	427,0,0,0,0,0,0,304,85,0,0,0,0,31,410,0,0,0,0,0,0,341,6,8,0,0,0,24,243,21,0,0,0,17,12,277
0.8975521305530372	0.9009883838938618	0.8975521305530372	0.8968595373585517	0.10066070734551102	415,0,0,0,0,1,0,273,90,0,0,1,0,29,383,0,0,0,0,0,0,367,6,17,0,0,0,16,257,34,0,0,0,17,15,285
0.9034451495920217	0.9073495594998559	0.9034451495920217	0.9026799589949824	0.10396424407306648	431,0,0,0,0,0,0,300,83,0,0,1,0,15,402,0,0,0,0,0,0,347,10,12,0,0,0,18,244,23,0,0,0,30,21,269
0.8930190389845875	0.8994029660750094	0.8930190389845875	0.8923352170991384	0.10493587252234748	423,0,0,0,0,2,2,290,93,0,0,0,0,19,381,0,0,0,0,0,0,321,4,18,0,0,0,33,256,22,0,0,0,30,13,299
0.8961922030825022	0.8999209439806799	0.8961922030825022	0.8954182884749966	0.10843373493975905	419,0,0,0,0,1,1,286,83,0,0,1,0,22,373,0,0,0,0,0,0,353,11,10,0,0,0,29,239,23,0,0,0,30,18,307
0.8912058023572076	0.8945664329582238	0.8912058023572076	0.890108603045216	0.10921103769918383	427,0,0,0,0,0,2,283,95,0,0,0,0,31,400,0,0,0,0,0,0,343,5,11,0,0,0,24,244,25,0,0,0,30,17,269
0.9066183136899365	0.9085971818402833	0.9066183136899365	0.9061695997882359	0.10454722114263504	413,0,0,0,0,0,0,324,68,0,0,1,0,28,399,0,0,0,0,0,0,352,6,14,0,0,0,28,237,21,0,0,0,26,14,275
0.8844061650045331	0.8936840435203037	0.8844061650045331	0.88348833114855	0.11873299650213753	443,0,0,0,0,1,0,283,115,0,0,0,0,21,392,0,0,0,0,0,0,340,10,12,0,0,0,37,229,8,0,0,0,39,12,264
0.8957388939256573	0.9005277319287571	0.8957388939256573	0.8956024010808794	0.10474154683249126	418,0,0,0,0,0,1,328,76,0,0,1,0,29,405,0,0,0,0,0,0,307,7,14,0,0,0,44,256,11,0,0,0,34,13,262
0.9093381686310064	0.9099076711631278	0.9093381686310064	0.9090512377833755	0.09424795958025656	403,0,0,0,0,1,1,312,53,0,0,0,0,36,388,0,0,0,0,0,0,360,6,18,0,0,0,21,232,26,0,0,0,24,14,311
0.8934723481414325	0.8974452058769081	0.8934723481414325	0.892505210979222	0.09930042751651769	424,1,0,0,0,0,1,289,93,0,0,0,0,22,391,0,0,0,0,0,0,367,8,14,0,0,0,20,232,23,0,0,0,33,20,268
0.8957388939256573	0.9017310538016002	0.8957388939256573	0.8949107717395409	0.10998834045860861	435,0,0,0,0,2,0,289,99,0,0,1,0,23,370,0,0,0,0,0,0,344,7,12,0,0,0,35,238,19,0,0,0,21,11,300
0.8812330009066183	0.8904010621741781	0.8812330009066183	0.8796803214972867	0.11989895064127476	432,1,0,0,0,1,0,266,118,0,0,0,0,15,389,0,0,0,0,0,0,368,6,19,0,0,0,37,235,20,0,0,0,27,18,254
0.9029918404351768	0.9037539213621941	0.9029918404351768	0.9025474845850233	0.11601243684415075	434,0,0,0,0,0,0,276,74,0,0,0,0,43,398,0,0,0,0,0,0,352,8,12,0,0,0,20,262,22,0,0,0,24,11,270
0.900271985494107	0.9055978115953034	0.900271985494107	0.899219357605329	0.11212592304702684	429,0,0,0,0,1,4,281,98,0,0,1,0,19,365,0,0,0,0,0,0,368,6,12,0,0,0,18,260,23,0,0,0,20,18,283
0.8834995466908432	0.8887872864654182	0.8834995466908432	0.8821899924676874	0.12261951029926155	421,0,0,0,0,0,2,261,107,0,0,0,0,30,387,0,0,0,0,0,0,352,8,12,0,0,0,31,233,16,0,0,0,35,16,295
0.9120580235720761	0.9158574244566071	0.9120580235720761	0.9113734307288092	0.10357559269335403	420,0,0,0,0,1,2,313,76,0,0,0,0,17,409,0,0,0,0,0,0,353,8,11,0,0,0,27,240,24,0,0,0,21,7,277
