accuracy	precision	recall	f1	oob	confMatrxVars
0.9655485040797824	0.9657098150882313	0.9655485040797824	0.965535938132641	0.051301982122036516	432,0,0,0,0,1,0,342,27,0,0,0,0,17,387,0,0,0,0,0,0,346,3,5,0,0,0,8,292,6,0,0,0,6,3,331
0.9524025385312783	0.9529289015557143	0.9524025385312783	0.952390762273253	0.04488923435678194	438,0,0,0,0,1,0,371,45,0,0,1,0,23,361,0,0,0,0,0,0,359,7,3,0,0,0,7,263,8,0,0,0,6,4,309
0.9605621033544878	0.9607028580412543	0.9605621033544878	0.9604102054722721	0.05285658764088608	406,0,0,0,0,0,0,354,28,0,0,1,0,20,406,0,0,0,0,0,0,359,2,2,0,0,0,13,262,13,0,0,0,2,6,332
0.9524025385312783	0.9530874380739872	0.9524025385312783	0.9523110215807846	0.04935872522347451	413,0,0,0,0,0,0,343,40,0,0,1,0,14,414,0,0,0,0,0,0,358,2,10,0,0,0,9,269,13,0,0,0,6,10,304
0.9555757026291931	0.956277605820848	0.9555757026291931	0.9555386262228798	0.04799844539448117	408,0,0,0,0,0,0,362,40,0,0,0,0,13,403,0,0,0,0,0,0,359,6,9,0,0,0,5,245,10,0,0,0,8,7,331
0.9619220308250227	0.9619434706669948	0.9619220308250227	0.9619234131924785	0.049747376603186955	419,0,0,0,0,0,0,356,26,0,0,0,0,23,410,0,0,0,0,0,0,358,6,7,0,0,0,6,258,5,0,0,0,4,7,321
0.9510426110607434	0.9511700294158766	0.9510426110607434	0.9510167215918467	0.046055188495919164	401,0,0,0,0,1,0,360,30,0,0,1,0,29,382,0,0,0,0,0,0,344,5,7,0,0,0,10,283,13,0,0,0,6,6,328
0.956482320942883	0.9566182841254703	0.956482320942883	0.956435012250107	0.04586086280606294	434,0,0,0,0,0,0,346,31,0,0,0,0,28,385,0,0,0,0,0,0,381,7,6,0,0,0,8,255,12,0,0,0,1,3,309
0.9524025385312783	0.9539900642765787	0.9524025385312783	0.9522728679880941	0.0474154683249125	427,0,0,0,0,1,0,326,51,0,0,1,0,12,404,0,0,0,0,0,0,343,3,10,0,0,0,7,288,10,0,0,0,6,4,313
0.9501359927470535	0.9502791499926891	0.9501359927470535	0.9500626704707408	0.04858142246404973	434,0,0,0,0,0,0,367,30,0,0,0,0,26,410,0,0,0,0,0,0,333,8,5,0,0,0,15,249,12,0,0,0,10,4,303
0.9596554850407978	0.9597518664924621	0.9596554850407978	0.9596212533990127	0.05071900505246796	410,0,0,0,0,0,0,378,23,0,0,0,0,28,391,0,0,0,0,0,0,352,5,5,0,0,0,8,257,11,0,0,0,6,3,329
0.9601087941976428	0.9601262365556026	0.9601087941976428	0.9600767773883376	0.04586086280606294	416,0,0,0,0,1,0,349,29,0,0,0,0,24,406,0,0,0,0,0,0,389,6,5,0,0,0,11,265,6,0,0,0,1,5,293
0.9551223934723482	0.9555107529895382	0.9551223934723482	0.9550783753254782	0.04935872522347451	427,0,0,0,0,0,0,361,39,0,0,1,0,25,381,0,0,0,0,0,0,345,5,6,0,0,0,8,292,11,0,0,0,3,1,301
0.956482320942883	0.957510885986009	0.956482320942883	0.9564260247963673	0.0474154683249125	414,0,0,0,0,0,0,378,44,0,0,0,0,13,385,0,0,0,0,0,0,358,5,6,0,0,0,11,268,10,0,0,0,2,5,307
0.9505893019038985	0.9509554490976767	0.9505893019038985	0.9505016691974016	0.048192771084337394	406,0,0,0,0,1,0,340,43,0,0,0,0,23,424,0,0,0,0,0,0,371,5,9,0,0,0,12,268,8,0,0,0,2,6,288
0.9510426110607434	0.951029442220318	0.9510426110607434	0.951008259487504	0.05110765643218029	445,0,0,0,0,0,0,349,29,0,0,1,0,26,397,0,0,0,0,0,0,329,7,10,0,0,0,14,266,8,0,0,0,3,10,312
0.9505893019038985	0.9506000656946129	0.9505893019038985	0.9505845493562346	0.05110765643218029	420,0,0,0,0,1,0,341,35,0,0,0,0,31,398,0,0,0,0,0,0,346,4,8,0,0,0,10,288,5,0,0,0,4,11,304
0.9519492293744334	0.9530038509304875	0.9519492293744334	0.9518543272886485	0.05091333074232418	415,0,0,0,0,1,0,332,46,0,0,0,0,16,403,0,0,0,0,0,0,379,6,9,0,0,0,8,265,13,0,0,0,4,3,306
0.9601087941976428	0.9602676418884731	0.9601087941976428	0.9600984290116092	0.04877574815390595	437,0,0,0,0,1,0,339,24,0,0,0,0,26,406,0,0,0,0,0,0,356,4,8,0,0,0,11,280,8,0,0,0,2,4,300
0.9610154125113327	0.9613294713019785	0.9610154125113327	0.9609941161795698	0.0491643995336184	416,0,0,0,0,0,0,359,32,0,0,1,0,15,398,0,0,0,0,0,0,342,8,6,0,0,0,5,278,8,0,0,0,4,7,327
0.9456029011786038	0.9459338495872993	0.9456029011786038	0.9454330359202128	0.04780411970462495	393,0,0,0,0,1,0,343,40,0,0,0,0,22,417,0,0,0,0,0,0,362,7,6,0,0,0,16,269,17,0,0,0,2,9,302
0.9501359927470535	0.9507476439269351	0.9501359927470535	0.9501377249142217	0.04935872522347451	404,2,0,0,0,1,0,360,38,0,0,1,0,18,389,0,0,0,0,0,0,387,4,10,0,0,0,9,261,14,0,0,0,5,8,295
0.956029011786038	0.9566866389442342	0.956029011786038	0.9559575513599802	0.04955305091333073	419,0,0,0,0,0,0,355,33,0,0,0,0,14,383,0,0,0,0,0,0,338,4,9,0,0,0,18,293,10,0,0,0,5,4,321
0.957388939256573	0.957734956907053	0.957388939256573	0.9573441699659391	0.04780411970462495	445,0,0,0,0,1,0,328,22,0,0,0,0,22,380,0,0,0,0,0,0,373,4,12,0,0,0,15,268,11,0,0,0,3,4,318
0.9605621033544878	0.9605903083444302	0.9605621033544878	0.9605494979751185	0.048970073843762174	415,0,0,0,0,0,0,358,27,0,0,0,0,26,389,0,0,0,0,0,0,372,5,6,0,0,0,10,280,5,0,0,0,5,3,305
