accuracy	precision	recall	f1	oob	confMatrxVars
0.9786944696282865	0.9787360849529351	0.9786944696282865	0.9786996174099829	0.027982899339292655	416,0,0,0,0,0,0,358,18,0,0,0,0,18,389,0,0,0,0,0,0,384,2,4,0,0,0,0,285,3,0,0,0,1,1,327
0.9782411604714415	0.9782974360102236	0.9782411604714415	0.9782531213527998	0.024873688301593422	417,0,0,0,0,0,0,375,15,0,0,0,0,17,409,0,0,0,0,0,0,359,5,1,0,0,0,2,276,2,0,0,0,2,4,322
0.9800543970988214	0.9801690666602496	0.9800543970988214	0.9800643230244351	0.02681694520015543	419,0,0,0,0,0,0,391,12,0,0,0,0,15,389,0,0,0,0,0,0,369,2,7,0,0,0,2,287,4,0,0,0,1,1,307
0.9791477787851315	0.9793509134983988	0.9791477787851315	0.9791557855150064	0.025068013991449645	420,0,0,0,0,1,0,390,26,0,0,0,0,14,389,0,0,0,0,0,0,368,0,2,0,0,0,0,278,3,0,0,0,0,0,315
0.9755213055303718	0.9756465198168368	0.9755213055303718	0.9754985517261623	0.026428293820443094	417,0,0,0,0,0,0,373,24,0,0,1,0,12,424,0,0,0,0,0,0,351,4,0,0,0,0,4,264,3,0,0,0,2,4,323
0.9814143245693563	0.9814423902985182	0.9814143245693563	0.981417695356838	0.025068013991449645	419,0,0,0,0,0,0,377,15,0,0,0,0,12,406,0,0,0,0,0,0,367,2,3,0,0,0,1,274,4,0,0,0,1,3,322
0.9768812330009066	0.9771396188429202	0.9768812330009066	0.9769040225253386	0.02467936261173731	392,0,0,0,0,0,0,366,12,0,0,1,0,20,383,0,0,0,0,0,0,363,2,5,0,0,0,0,296,9,0,0,0,1,1,355
0.9755213055303718	0.9757576200982412	0.9755213055303718	0.9754880740846559	0.025262339681305868	429,0,0,0,0,0,0,349,26,0,0,0,0,12,396,0,0,0,0,0,0,353,1,2,0,0,0,7,301,4,0,0,0,1,1,324
0.9750679963735267	0.9750864975237998	0.9750679963735267	0.9750740779921175	0.025845316750874425	415,0,0,0,0,0,0,358,19,0,0,0,0,18,383,0,0,0,0,0,0,370,4,1,0,0,0,2,304,5,0,0,0,1,5,321
0.9786944696282865	0.9787465843025484	0.9786944696282865	0.9786871177620491	0.02545666537116209	442,0,0,0,0,0,0,375,17,0,0,1,0,11,376,0,0,0,0,0,0,360,6,3,0,0,0,4,303,2,0,0,0,1,2,303
0.9786944696282865	0.9787564530251118	0.9786944696282865	0.9786777044654642	0.025650991061018313	420,0,0,0,0,0,0,363,19,0,0,1,0,12,389,0,0,0,0,0,0,380,1,3,0,0,0,5,291,3,0,0,0,1,2,316
0.9791477787851315	0.9791892496934065	0.9791477787851315	0.9791399920987869	0.02467936261173731	423,0,0,0,0,0,0,371,16,0,0,1,0,13,386,0,0,0,0,0,0,367,2,3,0,0,0,3,284,5,0,0,0,2,1,329
0.971441523118767	0.9715010854801945	0.971441523118767	0.971430123927487	0.02467936261173731	439,0,0,0,0,0,0,366,24,0,0,1,0,16,388,0,0,0,0,0,0,359,3,3,0,0,0,4,279,5,0,0,0,1,6,312
0.9768812330009066	0.976981283520618	0.9768812330009066	0.9768961598756967	0.026622619510299317	447,0,0,0,0,0,0,367,15,0,0,1,0,21,380,0,0,0,0,0,0,359,4,0,0,0,0,0,299,4,0,0,0,0,6,303
0.9782411604714415	0.9782956804017592	0.9782411604714415	0.9782463825617443	0.025262339681305868	420,0,0,0,0,0,0,356,15,0,0,0,0,16,416,0,0,0,0,0,0,344,2,3,0,0,0,1,289,7,0,0,0,3,1,333
0.9791477787851315	0.9792539368149296	0.9791477787851315	0.9791344224795553	0.024873688301593422	424,0,0,0,0,0,0,370,20,0,0,0,0,11,417,0,0,0,0,0,0,339,5,3,0,0,0,2,259,4,0,0,0,0,1,351
0.972348141432457	0.972482085530451	0.972348141432457	0.9723502230605179	0.023707734162456306	414,0,0,0,0,0,0,392,27,0,0,0,0,16,402,0,0,0,0,0,0,352,1,4,0,0,0,3,282,4,0,0,0,0,6,303
0.9728014505893019	0.9730065879853986	0.9728014505893019	0.9727746498668784	0.022930431403031526	424,0,0,0,0,0,0,355,28,0,0,0,0,13,395,0,0,0,0,0,0,376,4,2,0,0,0,6,296,4,0,0,0,0,3,300
0.9759746146872167	0.9763237605699316	0.9759746146872167	0.975962605797425	0.023707734162456306	455,0,0,0,0,0,0,355,29,0,0,0,0,11,374,0,0,0,0,0,0,373,1,3,0,0,0,4,296,2,0,0,0,1,2,300
0.9741613780598368	0.9743163256667984	0.9741613780598368	0.9741473462288134	0.02759424795958021	415,0,0,0,0,0,0,365,24,0,0,1,0,13,406,0,0,0,0,0,0,360,6,3,0,0,0,2,297,4,0,0,0,1,3,306
0.9796010879419764	0.9796529043780848	0.9796010879419764	0.979599865168868	0.026039642440730648	436,0,0,0,0,0,0,381,17,0,0,0,0,12,394,0,0,0,0,0,0,368,5,3,0,0,0,3,269,3,0,0,0,0,2,313
0.9768812330009066	0.9770309492066892	0.9768812330009066	0.976860914069114	0.025650991061018313	416,0,0,0,0,0,0,359,28,0,0,0,0,15,406,0,0,0,0,0,0,366,2,0,0,0,0,1,284,4,0,0,0,0,1,324
0.9791477787851315	0.9793260788863261	0.9791477787851315	0.9791256853815573	0.021958802953750522	417,0,0,0,0,0,0,338,27,0,0,0,0,13,389,0,0,0,0,0,0,390,1,0,0,0,0,0,312,2,0,0,0,1,2,314
0.9809610154125114	0.9810124334923677	0.9809610154125114	0.980949198545387	0.02390205985231253	393,0,0,0,0,0,0,372,18,0,0,1,0,12,402,0,0,0,0,0,0,371,1,2,0,0,0,2,291,4,0,0,0,1,1,335
0.9764279238440616	0.9765230214022477	0.9764279238440616	0.9764266671265175	0.02545666537116209	439,0,0,0,0,0,0,352,23,0,0,0,0,15,394,0,0,0,0,0,0,375,3,3,0,0,0,1,283,4,0,0,0,0,3,311
