accuracy	precision	recall	f1	oob	confMatrxVars
0.9777878513145966	0.977799496768262	0.9777878513145966	0.9777818195495167	0.024485036921881087	429,0,0,0,0,0,0,380,18,0,0,1,0,20,396,0,0,0,0,0,0,336,1,2,0,0,0,4,286,1,0,0,0,2,0,330
0.9746146872166818	0.9749599212021814	0.9746146872166818	0.9745975497488156	0.02098717450446952	431,0,0,0,0,0,0,374,28,0,0,1,0,10,382,0,0,0,0,0,0,354,1,3,0,0,0,3,283,4,0,0,0,2,4,326
0.9773345421577516	0.9774005661239075	0.9773345421577516	0.9773184822913723	0.021375825884181854	451,0,0,0,0,0,0,335,20,0,0,0,0,11,404,0,0,0,0,0,0,359,1,4,0,0,0,4,285,4,0,0,0,1,5,322
0.9728014505893019	0.9729104835828819	0.9728014505893019	0.9727972418196442	0.02254178002331908	419,0,0,0,0,0,0,381,24,0,0,0,0,17,358,0,0,0,0,0,0,368,6,5,0,0,0,4,308,3,0,0,0,0,1,312
0.9818676337262012	0.9819383064036097	0.9818676337262012	0.9818688508093983	0.02254178002331908	412,0,0,0,0,0,0,396,20,0,0,0,0,12,389,0,0,0,0,0,0,374,3,1,0,0,0,3,277,0,0,0,0,1,0,318
0.9791477787851315	0.9792633281460001	0.9791477787851315	0.9791472396353403	0.022153128643606634	407,0,0,0,0,0,0,378,21,0,0,0,0,11,401,0,0,0,0,0,0,375,0,5,0,0,0,1,292,2,0,0,0,1,5,307
0.9755213055303718	0.9755739180375246	0.9755213055303718	0.9755284791273096	0.020598523124757073	398,0,0,0,0,0,0,398,23,0,0,0,0,18,411,0,0,0,0,0,0,357,2,2,0,0,0,1,270,3,0,0,0,0,5,318
0.9777878513145966	0.9778193879859096	0.9777878513145966	0.9777875465756659	0.023513408472600084	423,0,0,0,0,0,0,371,22,0,0,0,0,17,397,0,0,0,0,0,0,354,1,2,0,0,0,1,310,2,0,0,0,0,4,302
0.9786944696282865	0.9787651699418035	0.9786944696282865	0.9786784111317189	0.021958802953750522	421,0,0,0,0,0,0,364,16,0,0,0,0,18,399,0,0,0,0,0,0,359,1,2,0,0,0,5,281,5,0,0,0,0,0,335
0.9755213055303718	0.975759316273294	0.9755213055303718	0.9754644750037224	0.020792848814613296	402,0,0,0,0,0,0,364,23,0,0,1,0,8,419,0,0,0,0,0,0,354,4,2,0,0,0,7,283,7,0,0,0,0,2,330
0.9796010879419764	0.9796579000859732	0.9796010879419764	0.9795949490295424	0.023124757092887638	450,0,0,0,0,0,0,386,20,0,0,1,0,13,384,0,0,0,0,0,0,350,1,3,0,0,0,2,288,2,0,0,0,1,2,303
0.9741613780598368	0.9742089649325533	0.9741613780598368	0.9741547267213098	0.025262339681305868	439,1,0,0,0,0,0,365,18,0,0,1,0,18,359,0,0,0,0,0,0,361,5,5,0,0,0,5,296,3,0,0,0,0,1,329
0.9777878513145966	0.9778242777691905	0.9777878513145966	0.9777888960226512	0.021958802953750522	406,0,0,0,0,2,0,334,17,0,0,0,0,18,430,0,0,0,0,0,0,388,4,3,0,0,0,4,283,1,0,0,0,0,0,316
0.9755213055303718	0.9755422164876352	0.9755213055303718	0.9755105536484375	0.024873688301593422	404,0,0,0,0,0,0,360,19,0,0,1,0,17,378,0,0,0,0,0,0,379,1,3,0,0,0,4,310,5,0,0,0,1,3,321
0.9764279238440616	0.9764980102118801	0.9764279238440616	0.9764421210532424	0.02331908278274386	402,0,0,0,0,2,0,377,16,0,0,0,0,13,368,0,0,0,0,0,0,377,3,3,0,0,0,4,312,6,0,0,0,0,5,318
0.9818676337262012	0.9820207070134104	0.9818676337262012	0.9818822600666355	0.023124757092887638	403,0,0,0,0,0,0,379,13,0,0,1,0,7,412,0,0,0,0,0,0,368,4,5,0,0,0,1,310,5,0,0,0,0,4,294
0.9841341795104261	0.9841570091287738	0.9841341795104261	0.9841251087404768	0.021570151574038077	424,0,0,0,0,0,0,379,17,0,0,1,0,12,404,0,0,0,0,0,0,357,0,2,0,0,0,1,301,1,0,0,0,0,1,306
0.9796010879419764	0.9796704381701724	0.9796010879419764	0.9795828046877677	0.021375825884181854	432,0,0,0,0,0,0,366,21,0,0,1,0,13,405,0,0,0,0,0,0,378,5,0,0,0,0,1,264,4,0,0,0,0,0,316
0.9786944696282865	0.9787159779847818	0.9786944696282865	0.9786766847001627	0.022347454333462857	423,0,0,0,0,0,0,349,16,0,0,1,0,11,424,0,0,0,0,0,0,372,5,2,0,0,0,4,278,5,0,0,0,1,2,313
0.9827742520398912	0.9828172519365462	0.9827742520398912	0.9827772881191654	0.021570151574038077	422,0,0,0,0,1,0,403,12,0,0,0,0,13,428,0,0,0,0,0,0,334,3,2,0,0,0,2,281,4,0,0,0,0,1,300
0.9773345421577516	0.9774183071617942	0.9773345421577516	0.9773290178252397	0.023124757092887638	455,0,0,0,0,0,0,358,16,0,0,1,0,19,388,0,0,0,0,0,0,359,6,4,0,0,0,1,283,2,0,0,0,0,1,313
0.9832275611967362	0.983267791792114	0.9832275611967362	0.9832353314068627	0.02331908278274386	437,0,0,0,0,0,0,365,9,0,0,0,0,9,407,0,0,0,0,0,0,361,4,4,0,0,0,2,298,4,0,0,0,1,4,301
0.9773345421577516	0.9775208234374643	0.9773345421577516	0.9773606179784731	0.022347454333462857	447,0,0,0,0,0,0,366,12,0,0,0,0,15,395,0,0,0,0,0,0,372,7,5,0,0,0,0,273,7,0,0,0,1,3,303
0.9732547597461468	0.9732573082367881	0.9732547597461468	0.9732477902819083	0.021181500194325742	440,0,0,0,0,0,0,340,22,0,0,0,0,21,397,0,0,0,0,0,0,372,2,1,0,0,0,6,261,2,0,0,0,1,4,337
0.9796010879419764	0.9796219079580087	0.9796010879419764	0.9796027332850074	0.025262339681305868	426,0,0,0,0,1,0,362,18,0,0,0,0,16,395,0,0,0,0,0,0,361,2,3,0,0,0,2,302,1,0,0,0,0,2,315
