accuracy	precision	recall	f1	oob	confMatrxVars
0.9782411604714415	0.9782634752391086	0.9782411604714415	0.9782475178791407	0.02914885347842988	441,0,0,0,0,2,0,358,13,0,0,0,0,14,385,0,0,0,0,0,0,359,5,2,0,0,0,5,276,3,0,0,0,1,3,339
0.9759746146872167	0.9762751187640493	0.9759746146872167	0.9759666332449601	0.027982899339292655	422,0,0,0,0,0,0,392,25,0,0,0,0,8,403,0,0,0,0,0,0,352,5,4,0,0,0,6,291,2,0,0,0,0,3,293
0.9732547597461468	0.9733345564618204	0.9732547597461468	0.9732453434885898	0.025068013991449645	450,0,0,0,0,0,0,341,23,0,0,0,0,15,407,0,0,0,0,0,0,350,4,5,0,0,0,3,296,4,0,0,0,1,4,303
0.9746146872166818	0.9747506888394883	0.9746146872166818	0.9746059808029128	0.02623396813058687	431,0,0,0,0,0,0,374,23,0,0,0,0,14,398,0,0,0,0,0,0,339,4,6,0,0,0,3,293,4,0,0,0,2,0,315
0.9746146872166818	0.9747378287499076	0.9746146872166818	0.974586232697907	0.03050913330742322	425,0,0,0,0,0,0,346,24,0,0,1,0,12,392,0,0,0,0,0,0,384,3,2,0,0,0,5,282,4,0,0,0,0,5,321
0.9746146872166818	0.9747021573033546	0.9746146872166818	0.9745873637118231	0.024873688301593422	429,0,0,0,0,0,0,343,23,0,0,0,0,14,389,0,0,0,0,0,0,371,3,3,0,0,0,6,293,5,0,0,0,0,2,325
0.9777878513145966	0.9778470736703124	0.9777878513145966	0.9777676796272613	0.02973183054799844	420,0,0,0,0,0,0,362,24,0,0,0,0,16,423,0,0,0,0,0,0,351,1,2,0,0,0,4,266,2,0,0,0,0,0,335
0.9777878513145966	0.9778139917699945	0.9777878513145966	0.9777916210296741	0.02623396813058687	421,0,0,0,0,0,0,368,16,0,0,0,0,20,395,0,0,0,0,0,0,383,2,2,0,0,0,2,261,3,0,0,0,1,3,329
0.9741613780598368	0.9744820300990158	0.9741613780598368	0.9741357648881341	0.02467936261173731	413,0,0,0,0,0,0,383,27,0,0,0,0,9,407,0,0,0,0,0,0,346,3,4,0,0,0,8,276,3,0,0,0,0,3,324
0.9746146872166818	0.9746427792586541	0.9746146872166818	0.9746121643777265	0.026622619510299317	434,0,0,0,0,0,0,356,18,0,0,0,0,14,380,0,0,0,0,0,0,368,5,2,0,0,0,5,291,4,0,0,0,6,2,321
0.9696282864913871	0.9697100735642245	0.9696282864913871	0.969594385786468	0.02623396813058687	427,0,0,0,0,0,0,340,28,0,0,1,0,17,400,0,0,0,0,0,0,363,4,3,0,0,0,4,287,4,0,0,0,2,4,322
0.9732547597461468	0.9736651085394911	0.9732547597461468	0.9732503538382584	0.025262339681305868	434,0,0,0,0,0,0,376,26,0,0,0,0,7,395,0,0,0,0,0,0,348,5,6,0,0,0,5,300,4,0,0,0,1,5,294
0.972348141432457	0.9725314909204814	0.972348141432457	0.9723135044230646	0.027788573649436432	407,0,0,0,0,0,0,342,27,0,0,0,0,14,411,0,0,0,0,0,0,389,4,4,0,0,0,4,275,6,0,0,0,1,1,321
0.9737080689029919	0.9737565243239221	0.9737080689029919	0.9736786763442822	0.026039642440730648	407,0,0,0,0,0,0,344,23,0,0,1,0,14,404,0,0,0,0,0,0,370,2,2,0,0,0,5,311,5,0,0,0,0,6,312
0.9750679963735267	0.975227752294869	0.9750679963735267	0.9750470292408487	0.02623396813058687	422,0,0,0,0,0,0,356,29,0,0,0,0,16,403,0,0,0,0,0,0,360,2,4,0,0,0,2,287,1,0,0,0,0,1,323
0.9755213055303718	0.9756317933462436	0.9755213055303718	0.9755080327927302	0.02681694520015543	408,0,0,0,0,0,0,358,22,0,0,0,0,13,400,0,0,0,0,0,0,384,7,4,0,0,0,3,281,3,0,0,0,1,1,321
0.9669084315503174	0.9669920422518986	0.9669084315503174	0.9668947711551864	0.025845316750874425	415,0,0,0,0,0,0,350,26,0,0,0,0,20,407,0,0,0,0,0,0,370,7,7,0,0,0,5,284,4,0,0,0,1,3,307
0.971441523118767	0.971610261145576	0.971441523118767	0.9714410385515192	0.026428293820443094	435,0,0,0,0,0,0,352,26,0,0,0,0,15,396,0,0,0,0,0,0,348,6,1,0,0,0,6,296,1,0,0,0,4,4,316
0.9737080689029919	0.9737439023405543	0.9737080689029919	0.9737088577171348	0.026428293820443094	434,0,0,0,0,0,0,356,21,0,0,0,0,17,399,0,0,0,0,0,0,393,9,1,0,0,0,4,267,3,0,0,0,2,1,299
0.9691749773345422	0.969822729172564	0.9691749773345422	0.9691739767091154	0.025262339681305868	410,0,0,0,0,0,0,362,37,0,0,0,0,13,379,0,0,0,0,0,0,358,6,1,0,0,0,1,278,4,0,0,0,2,4,351
0.9737080689029919	0.9737654225857109	0.9737080689029919	0.9737230193955292	0.026428293820443094	423,1,0,0,0,0,0,344,17,0,0,0,0,21,405,0,0,0,0,0,0,369,5,3,0,0,0,6,280,2,0,0,0,1,2,327
0.9818676337262012	0.9819537964924082	0.9818676337262012	0.981861129044785	0.026622619510299317	408,0,0,0,0,0,0,378,15,0,0,0,0,11,426,0,0,0,0,0,0,351,3,4,0,0,0,2,273,5,0,0,0,0,0,330
0.971894832275612	0.9719307407102795	0.971894832275612	0.9718924682609302	0.024485036921881087	396,0,0,0,0,0,0,387,21,0,0,1,0,19,397,0,0,0,0,0,0,366,3,7,0,0,0,4,303,2,0,0,0,1,4,295
0.9737080689029919	0.9737668189116937	0.9737080689029919	0.9737121638917302	0.026622619510299317	415,0,0,0,0,0,0,360,20,0,0,0,0,16,406,0,0,0,0,0,0,361,6,4,0,0,0,4,294,2,0,0,0,1,5,312
0.9773345421577516	0.977349483599328	0.9773345421577516	0.9773313833649443	0.02759424795958021	412,0,0,0,0,0,0,386,19,0,0,0,0,15,394,0,0,0,0,0,0,348,3,4,0,0,0,2,311,1,0,0,0,4,2,305
