accuracy	precision	recall	f1	oob	confMatrxVars
0.9764279238440616	0.9764431110205442	0.9764279238440616	0.9764164461227951	0.019821220365332293	404,0,0,0,0,0,0,361,15,0,0,1,0,17,398,0,0,0,0,0,0,359,3,3,0,0,0,5,293,5,0,0,0,0,3,339
0.9809610154125114	0.9811525966940483	0.9809610154125114	0.9809753944289332	0.022153128643606634	422,0,0,0,0,0,0,349,9,0,0,0,0,21,400,0,0,0,0,0,0,383,1,3,0,0,0,1,295,2,0,0,0,2,3,315
0.9836808703535811	0.9837399190121369	0.9836808703535811	0.9836739906118152	0.021181500194325742	393,0,0,0,0,0,0,374,19,0,0,0,0,11,408,0,0,0,0,0,0,380,3,1,0,0,0,2,289,0,0,0,0,0,0,326
0.9841341795104261	0.9842621697211682	0.9841341795104261	0.984116525435044	0.023513408472600084	442,0,0,0,0,0,0,329,17,0,0,0,0,7,411,0,0,0,0,0,0,376,5,3,0,0,0,0,269,2,0,0,0,1,0,344
0.9786944696282865	0.978715103798135	0.9786944696282865	0.9786939764064064	0.022736105713175303	439,0,0,0,0,0,0,385,16,0,0,0,0,13,394,0,0,0,0,0,0,362,3,5,0,0,0,4,274,2,0,0,0,1,3,305
0.9759746146872167	0.9760073202311329	0.9759746146872167	0.9759737153779242	0.020015546055188516	416,0,0,0,0,0,0,369,16,0,0,1,0,21,382,0,0,0,0,0,0,367,3,3,0,0,0,2,284,3,0,0,0,1,3,335
0.9782411604714415	0.9783300350008397	0.9782411604714415	0.9782576997674756	0.02467936261173731	432,0,0,0,0,0,0,354,12,0,0,0,0,16,405,0,0,0,0,0,0,356,3,4,0,0,0,4,292,1,0,0,0,0,8,319
0.9796010879419764	0.9796524928269172	0.9796010879419764	0.9796073324072749	0.022347454333462857	417,0,0,0,0,0,0,382,16,0,0,0,0,12,423,0,0,0,0,0,0,356,4,3,0,0,0,3,284,2,0,0,0,0,5,299
0.9791477787851315	0.9792229239197602	0.9791477787851315	0.9791435692584299	0.022736105713175303	406,0,0,0,0,1,0,380,16,0,0,0,0,13,413,0,0,0,0,0,0,343,7,4,0,0,0,3,297,0,0,0,0,0,2,321
0.9764279238440616	0.9766208758956894	0.9764279238440616	0.9764155660352392	0.019821220365332293	415,0,0,0,0,0,0,369,23,0,0,1,0,10,376,0,0,0,0,0,0,389,1,5,0,0,0,5,275,2,0,0,0,2,3,330
0.9841341795104261	0.9841407642119848	0.9841341795104261	0.9841324819676788	0.020598523124757073	413,0,0,0,0,0,0,381,13,0,0,0,0,11,380,0,0,0,0,0,0,351,2,2,0,0,0,3,311,2,0,0,0,1,1,335
0.9796010879419764	0.9796204677153847	0.9796010879419764	0.9795852028639214	0.021570151574038077	435,0,0,0,0,0,0,374,20,0,0,1,0,15,414,0,0,0,0,0,0,355,1,0,0,0,0,1,274,5,0,0,0,0,2,309
0.9841341795104261	0.9841818997066792	0.9841341795104261	0.9841340921910432	0.022347454333462857	425,0,0,0,0,0,0,352,12,0,0,0,0,11,424,0,0,0,0,0,0,353,3,4,0,0,0,1,288,3,0,0,0,0,1,329
0.9728014505893019	0.9727963402431878	0.9728014505893019	0.9727906919243788	0.023124757092887638	413,0,0,0,0,0,0,369,22,0,0,1,0,21,409,0,0,0,0,0,0,354,2,3,0,0,0,4,300,3,0,0,0,2,2,301
0.9764279238440616	0.9764512103822229	0.9764279238440616	0.9764178858373718	0.021570151574038077	440,0,0,0,0,0,0,371,21,0,0,0,0,17,388,0,0,0,0,0,0,340,4,2,0,0,0,3,277,4,0,0,0,1,0,338
0.9786944696282865	0.9787038309156744	0.9786944696282865	0.9786923226810027	0.02098717450446952	405,0,0,0,0,0,0,369,17,0,0,0,0,14,415,0,0,0,0,0,0,335,5,0,0,0,0,6,301,2,0,0,0,1,2,334
0.9809610154125114	0.9810318041223814	0.9809610154125114	0.9809698276959183	0.020015546055188516	417,0,0,0,0,0,0,356,13,0,0,0,0,15,402,0,0,0,0,0,0,375,7,2,0,0,0,3,282,0,0,0,0,0,2,332
0.9755213055303718	0.9755533774714925	0.9755213055303718	0.975514990303694	0.019238243295763735	443,0,0,0,0,0,0,350,16,0,0,1,0,21,361,0,0,0,0,0,0,359,2,4,0,0,0,4,291,3,0,0,0,0,3,348
0.9873073436083409	0.9873160615942467	0.9873073436083409	0.9873088014736905	0.022930431403031526	420,0,0,0,0,0,0,363,10,0,0,0,0,12,410,0,0,0,0,0,0,337,1,0,0,0,0,2,321,1,0,0,0,0,2,327
0.9755213055303718	0.9757930986065897	0.9755213055303718	0.9755359273378548	0.02040419743490085	427,0,0,0,0,0,0,353,13,0,0,0,0,22,410,0,0,0,0,0,0,352,5,8,0,0,0,1,307,3,0,0,0,0,2,303
0.9732547597461468	0.9733459085168285	0.9732547597461468	0.9732462202210485	0.02020987174504474	428,0,0,0,0,0,0,392,25,0,0,0,0,16,390,0,0,0,0,0,0,343,2,2,0,0,0,4,274,6,0,0,0,0,4,320
0.9805077062556664	0.9805636928188304	0.9805077062556664	0.9804962775125046	0.022153128643606634	426,0,0,0,0,0,0,362,17,0,0,0,0,11,431,0,0,0,0,0,0,380,3,4,0,0,0,4,283,3,0,0,0,0,1,281
0.9741613780598368	0.9741757613256828	0.9741613780598368	0.974158069138413	0.0217644772638943	407,0,0,0,0,0,0,366,20,0,0,0,0,16,428,0,0,0,0,0,0,368,3,2,0,0,0,6,267,3,0,0,0,0,7,313
0.9782411604714415	0.9782467009643028	0.9782411604714415	0.9782432435429845	0.0217644772638943	384,0,0,0,0,0,0,374,16,0,0,0,0,16,415,0,0,0,0,0,0,351,2,3,0,0,0,4,291,2,0,0,0,0,5,343
0.9814143245693563	0.9814645967037625	0.9814143245693563	0.9814076831522728	0.021958802953750522	421,0,0,0,0,0,0,356,19,0,0,0,0,12,403,0,0,0,0,0,0,360,1,3,0,0,0,2,297,2,0,0,0,0,2,328
