accuracy	precision	recall	f1	confMatrxVars
0.9691749773345422	0.9691963376214042	0.9691749773345422	0.9691795804809877	400,0,0,0,0,20,377,27,0,0,00,27,396,0,0,00,0,0,384,3,30,0,0,2,290,00,0,0,2,2,291
0.9814143245693563	0.981455082931151	0.9814143245693563	0.9814281463682785	421,1,0,0,0,00,340,14,0,0,00,15,408,0,0,00,0,0,367,0,40,0,0,2,304,20,0,0,1,2,325
0.9768812330009066	0.9769587487469582	0.9768812330009066	0.9768706292060992	449,0,0,0,0,00,362,21,0,0,10,16,412,0,0,00,0,0,333,2,50,0,0,2,298,30,0,0,0,1,301
0.9732547597461468	0.9734337600414272	0.9732547597461468	0.9732469317510937	427,0,0,0,0,10,355,24,0,0,00,14,400,0,0,00,0,0,355,6,50,0,0,3,299,40,0,0,0,2,311
0.9809610154125114	0.9809993039857376	0.9809610154125114	0.980959676850884	413,0,0,0,0,00,358,16,0,0,00,16,421,0,0,00,0,0,369,2,20,0,0,0,292,00,0,0,2,4,311
0.9773345421577516	0.9774808834404305	0.9773345421577516	0.9773050356233425	423,0,0,0,0,00,360,23,0,0,00,14,394,0,0,00,0,0,386,1,10,0,0,5,292,60,0,0,0,0,301
0.9746146872166818	0.9747943138919247	0.9746146872166818	0.97460738760178	426,0,0,0,0,00,349,26,0,0,00,14,387,0,0,00,0,0,378,5,30,0,0,2,296,30,0,0,0,3,314
0.9796010879419764	0.9798879557436401	0.9796010879419764	0.9795587826923794	417,0,0,0,0,00,358,26,0,0,10,8,426,0,0,00,0,0,368,1,20,0,0,3,279,10,0,0,1,2,313
0.9773345421577516	0.9773203179607737	0.9773345421577516	0.9773160390367144	425,0,0,0,0,00,363,20,0,0,10,17,397,0,0,00,0,0,344,4,00,0,0,4,301,30,0,0,0,1,326
0.9800543970988214	0.9800626784634872	0.9800543970988214	0.9800395561606182	426,0,0,0,0,00,353,15,0,0,00,13,412,0,0,00,0,0,353,1,00,0,0,3,306,60,0,0,3,3,312
0.9796010879419764	0.9796610593659446	0.9796010879419764	0.979595966796837	415,0,0,0,0,00,394,12,0,0,10,18,392,0,0,00,0,0,363,2,30,0,0,4,287,30,0,0,2,0,310
0.9737080689029919	0.9738488184728209	0.9737080689029919	0.9737009713271662	384,0,0,0,0,00,353,26,0,0,00,18,419,0,0,00,0,0,365,6,30,0,0,0,305,20,0,0,0,3,322
0.9773345421577516	0.9775395270995145	0.9773345421577516	0.9773353489600126	413,0,0,0,0,00,389,24,0,0,10,13,370,0,0,00,0,0,372,6,20,0,0,1,283,10,0,0,0,2,329
0.9773345421577516	0.9773370098840962	0.9773345421577516	0.9773336127524106	426,0,0,0,0,00,379,15,0,0,00,13,403,0,0,00,0,0,342,4,20,0,0,4,287,50,0,0,2,5,319
0.9773345421577516	0.9775188015360176	0.9773345421577516	0.977366479101743	429,1,0,0,0,00,337,14,0,0,00,22,429,0,0,00,0,0,358,1,50,0,0,4,295,20,0,0,0,1,308
0.970988213961922	0.9712282561818276	0.970988213961922	0.9709519943227732	453,0,0,0,0,00,344,28,0,0,10,12,406,0,0,00,0,0,353,7,20,0,0,5,279,40,0,0,1,4,307
0.9750679963735267	0.9751342182602006	0.9750679963735267	0.9750610113324747	442,0,0,0,0,10,352,21,0,0,00,13,401,0,0,00,0,0,354,4,40,0,0,6,292,20,0,0,0,4,310
0.970081595648232	0.9701208021227207	0.970081595648232	0.9700827917915518	446,0,0,0,0,00,355,19,0,0,00,22,365,0,0,00,0,0,349,6,50,0,0,3,288,20,0,0,5,4,337
0.9741613780598368	0.9743323005579595	0.9741613780598368	0.9741526528478083	404,0,0,0,0,00,387,25,0,0,00,13,395,0,0,00,0,0,363,3,40,0,0,5,282,40,0,0,2,1,318
0.9696282864913871	0.9706402006705286	0.9696282864913871	0.9695983462122315	430,0,0,0,0,00,359,39,0,0,00,8,390,0,0,00,0,0,356,1,50,0,0,4,295,50,0,0,2,3,309
0.970988213961922	0.9712721497175386	0.970988213961922	0.9709653553964085	392,0,0,0,0,00,379,33,0,0,00,15,421,0,0,00,0,0,326,3,10,0,0,4,290,30,0,0,1,4,334
0.9777878513145966	0.9779061080029139	0.9777878513145966	0.9777893923564059	434,1,0,0,0,10,369,21,0,0,00,13,417,0,0,00,0,0,338,2,10,0,0,1,280,70,0,0,1,1,319
0.971441523118767	0.9715353788783684	0.971441523118767	0.971439560484397	440,0,0,0,0,00,362,27,0,0,00,18,375,0,0,00,0,0,336,3,20,0,0,7,297,10,0,0,1,4,333
0.972348141432457	0.9723394735506642	0.972348141432457	0.9723378894525638	419,0,0,0,0,00,394,21,0,0,10,20,393,0,0,00,0,0,331,3,40,0,0,6,298,20,0,0,1,3,310
0.9741613780598368	0.9743602906698271	0.9741613780598368	0.9741679180095294	420,0,0,0,0,00,388,25,0,0,00,12,367,0,0,00,0,0,356,2,40,0,0,5,307,30,0,0,1,5,311
0.970081595648232	0.9700710969106254	0.970081595648232	0.9700462967286064	422,0,0,0,0,00,319,25,0,0,10,22,423,0,0,00,0,0,372,2,20,0,0,7,274,30,0,0,2,2,330
0.9750679963735267	0.97508465655256	0.9750679963735267	0.9750570373680694	419,0,0,0,0,00,374,21,0,0,10,17,400,0,0,00,0,0,364,3,40,0,0,4,280,20,0,0,0,3,314
0.9791477787851315	0.9792109632688749	0.9791477787851315	0.9791306249354799	418,0,0,0,0,00,366,18,0,0,00,10,397,0,0,00,0,0,377,5,40,0,0,6,286,20,0,0,1,0,316
0.9773345421577516	0.9774457693429583	0.9773345421577516	0.9773123984744565	449,0,0,0,0,00,340,23,0,0,00,12,388,0,0,00,0,0,371,3,20,0,0,6,280,20,0,0,1,1,328
0.9682683590208522	0.9684661306686098	0.9682683590208522	0.9682598654255233	417,0,0,0,0,20,345,28,0,0,10,16,376,0,0,00,0,0,390,6,50,0,0,4,278,20,0,0,2,4,330
0.9755213055303718	0.9756187515284224	0.9755213055303718	0.9755286632750533	435,0,0,0,0,00,347,21,0,0,00,17,409,0,0,00,0,0,354,1,70,0,0,1,286,40,0,0,3,0,321
0.9705349048050771	0.9710301251909232	0.9705349048050771	0.9705297801902686	438,0,0,0,0,10,357,30,0,0,10,11,398,0,0,00,0,0,358,2,70,0,0,2,283,60,0,0,2,3,307
0.9755213055303718	0.9755779917660177	0.9755213055303718	0.9755199740783747	433,0,0,0,0,00,363,21,0,0,10,21,395,0,0,00,0,0,389,3,40,0,0,0,293,30,0,0,1,0,279
0.970081595648232	0.9703098201990472	0.970081595648232	0.9700378135307558	402,0,0,0,0,00,353,27,0,0,10,12,398,0,0,00,0,0,361,6,20,0,0,6,311,80,0,0,1,3,315
0.9800543970988214	0.9800735033347842	0.9800543970988214	0.9800469530246884	392,0,0,0,0,00,343,21,0,0,00,17,416,0,0,00,0,0,372,2,10,0,0,0,314,00,0,0,1,2,325
0.9737080689029919	0.9738147813775909	0.9737080689029919	0.9736981711101764	432,2,0,0,0,00,375,24,0,0,10,13,417,0,0,00,0,0,357,3,30,0,0,5,259,30,0,0,1,3,308
0.9746146872166818	0.9752887053690725	0.9746146872166818	0.9746109035272099	439,0,0,0,0,00,361,33,0,0,00,9,379,0,0,00,0,0,377,6,20,0,0,2,291,10,0,0,0,3,303
0.9755213055303718	0.9758985914657328	0.9755213055303718	0.9755145790358054	412,0,0,0,0,00,367,25,0,0,00,10,397,0,0,00,0,0,349,3,40,0,0,2,302,90,0,0,0,1,325
0.9823209428830463	0.9823743033074133	0.9823209428830463	0.9823142974506414	435,0,0,0,0,00,369,17,0,0,10,10,369,0,0,00,0,0,367,3,10,0,0,2,293,20,0,0,1,2,334
0.9750679963735267	0.9751952266172729	0.9750679963735267	0.9750685994469573	432,0,0,0,0,00,366,25,0,0,00,15,394,0,0,00,0,0,350,3,10,0,0,0,264,40,0,0,2,5,345
0.9809610154125114	0.9809871312624998	0.9809610154125114	0.9809604615398079	408,0,0,0,0,00,350,13,0,0,00,15,422,0,0,00,0,0,366,3,20,0,0,3,302,40,0,0,2,0,316
0.9750679963735267	0.9751786703961411	0.9750679963735267	0.9750639529097692	417,0,0,0,0,00,346,24,0,0,00,19,366,0,0,00,0,0,374,4,50,0,0,0,308,30,0,0,0,0,340
0.9782411604714415	0.9782735058327131	0.9782411604714415	0.9782290117218472	423,0,0,0,0,00,345,18,0,0,00,11,406,0,0,00,0,0,365,6,20,0,0,6,308,20,0,0,2,1,311
0.9768812330009066	0.976954298228814	0.9768812330009066	0.9768743510474388	431,0,0,0,0,00,376,22,0,0,10,19,399,0,0,00,0,0,348,0,30,0,0,2,293,40,0,0,0,0,308
0.9755213055303718	0.9758496862112662	0.9755213055303718	0.9755043150630103	430,0,0,0,0,00,363,25,0,0,00,9,409,0,0,00,0,0,360,4,60,0,0,3,280,50,0,0,1,1,310
0.9773345421577516	0.9773427712816791	0.9773345421577516	0.977332417574428	428,0,0,0,0,00,337,14,0,0,00,13,405,0,0,00,0,0,362,5,40,0,0,5,293,40,0,0,1,4,331
0.9737080689029919	0.9737947667729246	0.9737080689029919	0.9736916494980903	406,0,0,0,0,00,342,26,0,0,10,17,391,0,0,00,0,0,385,4,10,0,0,1,302,40,0,0,0,4,322
0.9737080689029919	0.973786003630475	0.9737080689029919	0.9737247015583066	432,0,0,0,0,00,345,17,0,0,00,22,391,0,0,00,0,0,375,3,40,0,0,3,289,30,0,0,0,6,316
0.9691749773345422	0.9693121454510845	0.9691749773345422	0.9691544662471151	422,0,0,0,0,20,347,28,0,0,00,16,406,0,0,00,0,0,360,4,40,0,0,7,274,30,0,0,0,4,329
0.9777878513145966	0.9779541314080641	0.9777878513145966	0.9777694293341671	430,0,0,0,0,00,384,26,0,0,00,13,414,0,0,00,0,0,315,2,10,0,0,5,289,20,0,0,0,0,325
