accuracy	precision	recall	f1	oob	confMatrxVars
0.9093381686310064	0.9104964880561266	0.9093381686310064	0.9092117765617382	0.08064516129032262	414,0,0,0,0,0,0,321,39,0,0,0,0,54,388,0,0,0,0,0,0,332,7,13,0,0,0,24,252,27,0,0,0,24,12,299
0.9170444242973708	0.9192687637195619	0.9170444242973708	0.9165206807472118	0.08122813835989118	450,0,0,0,0,0,0,315,61,0,0,0,0,24,393,0,0,0,0,0,0,342,4,11,0,0,0,26,251,31,0,0,0,15,11,272
0.9301903898458749	0.9334368245985896	0.9301903898458749	0.9300325711548045	0.08414302370773419	431,0,0,0,0,1,0,350,61,0,0,0,0,13,362,0,0,0,0,0,0,349,4,15,0,0,0,21,253,22,0,0,0,10,7,307
0.9220308250226654	0.9264203132025556	0.9220308250226654	0.9215922543222695	0.08647493198600853	436,0,0,0,0,1,0,332,71,0,0,0,0,14,346,0,0,0,0,0,0,368,5,10,0,0,0,26,244,27,0,0,0,11,7,308
0.9174977334542158	0.9187952009626796	0.9174977334542158	0.9170226618339345	0.07734162456276716	426,0,0,0,0,1,0,314,55,0,0,0,0,30,405,0,0,0,0,0,0,333,10,6,0,0,0,27,247,28,0,0,0,18,7,299
0.914777878513146	0.9162883737014912	0.914777878513146	0.9146031525986759	0.07850757870190439	402,0,0,0,0,0,0,331,67,0,0,0,0,31,380,0,0,0,0,0,0,349,6,17,0,0,0,18,248,20,0,0,0,20,9,308
0.9170444242973708	0.9186732824082154	0.9170444242973708	0.9165544680548691	0.07889623008161684	440,0,0,0,0,1,0,316,68,0,0,1,0,28,394,0,0,0,0,0,0,346,2,9,0,0,0,22,241,22,0,0,0,15,15,286
0.914777878513146	0.9163127428106265	0.914777878513146	0.914682988706484	0.07326078507578704	421,2,0,0,0,1,0,321,41,0,0,1,0,52,362,0,0,0,0,0,0,379,6,17,0,0,0,24,245,26,0,0,0,11,7,290
0.9206708975521306	0.9216222599269761	0.9206708975521306	0.9202342834752195	0.07986785853089784	431,0,0,0,0,0,0,322,52,0,0,0,0,30,401,0,0,0,0,0,0,349,7,12,0,0,0,31,240,21,0,0,0,12,10,288
0.9238440616500453	0.9248618843355709	0.9238440616500453	0.923574768210228	0.07617567042363005	415,0,0,0,0,0,0,340,50,0,0,1,0,27,390,0,0,0,0,0,0,333,6,10,0,0,0,19,251,27,0,0,0,18,10,309
0.9170444242973708	0.9193505783175799	0.9170444242973708	0.9166640322287006	0.08278274387874074	429,0,0,0,0,1,0,320,56,0,0,1,0,25,374,0,0,0,0,0,0,345,8,11,0,0,0,24,259,34,0,0,0,17,6,296
0.9220308250226654	0.9234079850469985	0.9220308250226654	0.92150773152425	0.08278274387874074	425,0,0,0,0,0,0,322,57,0,0,0,0,29,389,0,0,0,0,0,0,347,7,7,0,0,0,26,224,24,0,0,0,16,6,327
0.9165911151405258	0.91778368670774	0.9165911151405258	0.9163330793293163	0.08258841818888452	407,1,0,0,0,1,0,338,65,0,0,1,0,32,376,0,0,0,0,0,0,348,7,8,0,0,0,16,251,27,0,0,0,14,12,302
0.9265639165911151	0.928758131050127	0.9265639165911151	0.9262260858679815	0.08492032646715897	417,0,0,0,0,0,0,322,65,0,0,0,0,19,394,0,0,0,0,0,0,325,9,7,0,0,0,18,277,24,0,0,0,13,7,309
0.927470534904805	0.9278257286124343	0.927470534904805	0.9272657884668226	0.08103381267003495	437,0,0,0,0,0,0,332,43,0,0,1,0,32,395,0,0,0,0,0,0,370,12,12,0,0,0,19,232,22,0,0,0,13,6,280
0.9188576609247506	0.9201385620062449	0.9188576609247506	0.9183509147899783	0.07811892732219194	406,0,0,0,0,0,0,323,53,0,0,1,0,33,379,0,0,0,0,0,0,366,5,12,0,0,0,27,251,30,0,0,0,8,10,302
0.9215775158658205	0.922616885849167	0.9215775158658205	0.9213387862051501	0.07850757870190439	438,0,0,0,0,0,0,339,58,0,0,0,0,32,382,0,0,0,0,0,0,315,5,12,0,0,0,24,256,20,0,0,0,11,11,303
0.9174977334542158	0.9203708195778153	0.9174977334542158	0.9169374147783615	0.08317139525845318	437,0,0,0,0,1,0,301,72,0,0,0,0,19,383,0,0,0,0,0,0,354,7,9,0,0,0,25,248,23,0,0,0,15,11,301
0.9197642792384406	0.9227567974483318	0.9197642792384406	0.9192857174009404	0.08472600077730275	436,0,0,0,0,1,0,296,66,0,0,0,0,20,375,0,0,0,0,0,0,357,5,10,0,0,0,23,253,27,0,0,0,19,6,312
0.9270172257479601	0.9281780852555284	0.9270172257479601	0.9268371260990363	0.08161678973960362	426,0,0,0,0,0,0,325,57,0,0,1,0,31,384,0,0,0,0,0,0,347,5,14,0,0,0,15,260,23,0,0,0,7,8,303
0.92883046237534	0.9298648956394598	0.92883046237534	0.9287041434401992	0.08317139525845318	443,0,0,0,0,1,0,328,25,0,0,0,0,48,362,0,0,0,0,0,0,345,9,9,0,0,0,19,253,24,0,0,0,14,8,318
0.9061650045330916	0.9120428343060021	0.9061650045330916	0.9054139290136441	0.08744656043528953	428,0,0,0,0,0,0,313,95,0,0,1,0,16,393,0,0,0,0,0,0,360,5,11,0,0,0,21,238,25,0,0,0,22,11,267
0.915684496826836	0.9170107257985834	0.915684496826836	0.9153157957103059	0.08006218422075395	422,0,0,0,0,1,0,314,56,0,0,0,0,38,356,0,0,0,0,0,0,366,5,5,0,0,0,31,254,20,0,0,0,19,11,308
0.9161378059836809	0.9183544864851035	0.9161378059836809	0.9158761306980172	0.07773027594247961	424,1,0,0,0,0,0,321,59,0,0,1,0,28,382,0,0,0,0,0,0,360,5,18,0,0,0,25,243,25,0,0,0,18,5,291
0.9197642792384406	0.920687454816075	0.9197642792384406	0.9196275360885309	0.07695297318305483	397,0,0,0,0,2,0,317,45,0,0,0,0,32,422,0,0,0,0,0,0,358,6,15,0,0,0,22,251,23,0,0,0,23,9,284
