accuracy	precision	recall	f1	oob	confMatrxVars
0.9619220308250227	0.9622676173519448	0.9619220308250227	0.9618662652962249	0.03925378935095225	439,0,0,0,0,0,0,338,37,0,0,1,0,18,391,0,0,0,0,0,0,350,4,3,0,0,0,2,280,5,0,0,0,5,9,324
0.9628286491387126	0.9631122531719111	0.9628286491387126	0.9627830731425461	0.03653322969296546	417,0,0,0,0,0,0,343,38,0,0,1,0,20,378,0,0,0,0,0,0,387,5,4,0,0,0,5,277,3,0,0,0,3,3,322
0.9637352674524026	0.9638543630524209	0.9637352674524026	0.9636665761362085	0.03944811504080836	430,0,0,0,0,0,0,358,29,0,0,0,0,17,401,0,0,0,0,0,0,359,3,3,0,0,0,12,260,7,0,0,0,2,7,318
0.9660018132366274	0.9662649686719531	0.9660018132366274	0.9660080054506243	0.03653322969296546	415,0,0,0,0,1,0,357,30,0,0,0,0,18,389,0,0,0,0,0,0,371,3,8,0,0,0,4,286,6,0,0,0,3,2,313
0.9623753399818676	0.9624488987347976	0.9623753399818676	0.962360031518856	0.03867081228138358	398,0,0,0,0,0,0,362,29,0,0,0,0,24,389,0,0,0,0,0,0,361,2,3,0,0,0,10,278,3,0,0,0,4,8,335
0.970081595648232	0.970493424705168	0.970081595648232	0.9700342550566593	0.038087835211815024	408,0,0,0,0,0,0,343,31,0,0,1,0,11,408,0,0,0,0,0,0,365,5,3,0,0,0,2,287,8,0,0,0,2,3,329
0.970988213961922	0.9710547231352201	0.970988213961922	0.9709866776391682	0.04003109211037703	397,0,0,0,0,0,0,372,25,0,0,0,0,17,392,0,0,0,0,0,0,372,2,3,0,0,0,3,289,6,0,0,0,1,7,320
0.957388939256573	0.9575190215108154	0.957388939256573	0.9574052815857109	0.03711620676253402	422,0,0,0,0,0,0,373,28,0,0,1,0,36,405,0,0,0,0,0,0,345,3,8,0,0,0,5,274,5,0,0,0,1,7,293
0.9664551223934723	0.9666622606404929	0.9664551223934723	0.9664525896124906	0.0369218810726778	421,0,0,0,0,0,0,368,34,0,0,0,0,20,373,0,0,0,0,0,0,386,7,2,0,0,0,6,272,2,0,0,0,1,2,312
0.9605621033544878	0.9605453460029975	0.9605621033544878	0.9605406785932773	0.037504858142246356	401,0,0,0,0,0,0,330,33,0,0,1,0,31,385,0,0,0,0,0,0,361,0,4,0,0,0,3,323,6,0,0,0,4,5,319
0.9596554850407978	0.9597912417124203	0.9596554850407978	0.9596723194281697	0.037310532452390244	422,2,0,0,0,0,0,354,32,0,0,0,0,25,410,0,0,0,0,0,0,349,8,7,0,0,0,4,287,4,0,0,0,3,4,295
0.957388939256573	0.9574464840796981	0.957388939256573	0.9573824025401072	0.03653322969296546	426,0,0,0,0,1,0,358,26,0,0,1,0,33,371,0,0,0,0,0,0,356,6,6,0,0,0,11,290,3,0,0,0,3,4,311
0.957388939256573	0.9574897660078941	0.957388939256573	0.9573453714496898	0.03497862417411579	415,0,0,0,0,0,0,353,32,0,0,1,0,27,398,0,0,0,0,0,0,371,6,6,0,0,0,10,272,7,0,0,0,5,0,303
0.9650951949229375	0.96520642752828	0.9650951949229375	0.9650721784356198	0.03633890400310924	410,0,0,0,0,0,0,357,27,0,0,1,0,18,406,0,0,0,0,0,0,331,6,4,0,0,0,6,319,8,0,0,0,6,1,306
0.9542157751586582	0.954344052594451	0.9542157751586582	0.954216990346886	0.037504858142246356	413,0,0,0,0,0,0,374,27,0,0,0,0,34,398,0,0,0,0,0,0,340,4,4,0,0,0,12,281,4,0,0,0,3,13,299
0.9601087941976428	0.9602143392456869	0.9601087941976428	0.9600655885176996	0.0369218810726778	436,0,0,0,0,0,0,334,30,0,0,0,0,20,391,0,0,0,0,0,0,370,5,1,0,0,0,9,285,7,0,0,0,5,11,302
0.957388939256573	0.9575041477592212	0.957388939256573	0.9573883651158347	0.037310532452390244	393,0,0,0,0,2,0,363,36,0,0,0,0,27,422,0,0,0,0,0,0,347,9,3,0,0,0,6,285,5,0,0,0,1,5,302
0.9619220308250227	0.962310934381917	0.9619220308250227	0.9618506062580737	0.036727555382821575	434,0,0,0,0,0,0,335,37,0,0,1,0,16,383,0,0,0,0,0,0,356,5,3,0,0,0,8,281,6,0,0,0,3,5,333
0.9610154125113327	0.9610744815525031	0.9610154125113327	0.9610170154980967	0.03867081228138358	411,0,0,0,0,1,0,349,27,0,0,0,0,25,399,0,0,0,0,0,0,350,4,6,0,0,0,7,301,8,0,0,0,2,6,310
0.9601087941976428	0.9601769876934817	0.9601087941976428	0.9601246852066069	0.03847648659152736	411,0,0,0,0,0,0,314,23,0,0,0,0,28,397,0,0,0,0,0,0,375,11,4,0,0,0,8,295,6,0,0,0,4,4,326
0.9646418857660924	0.9649957226021131	0.9646418857660924	0.9646054090290096	0.037504858142246356	403,0,0,0,0,0,0,347,31,0,0,1,0,14,403,0,0,0,0,0,0,363,6,9,0,0,0,5,301,6,0,0,0,5,1,311
0.9587488667271079	0.9607607219440495	0.9587488667271079	0.9586950092027988	0.03653322969296546	420,0,0,0,0,0,0,363,56,0,0,0,0,12,395,0,0,0,0,0,0,375,1,5,0,0,0,3,269,10,0,0,0,1,3,293
0.9655485040797824	0.9655618961488178	0.9655485040797824	0.9655140427361277	0.038087835211815024	432,0,0,0,0,1,0,358,27,0,0,0,0,22,385,0,0,0,0,0,0,379,8,3,0,0,0,10,270,4,0,0,0,0,1,306
0.9669084315503174	0.9669051630823091	0.9669084315503174	0.9668885746729399	0.03556160124368446	420,0,0,0,0,0,0,339,28,0,0,1,0,24,402,0,0,0,0,0,0,354,2,4,0,0,0,3,288,5,0,0,0,2,4,330
0.9650951949229375	0.9651333491493694	0.9650951949229375	0.965094230525843	0.03828216090167125	392,0,0,0,0,0,0,372,23,0,0,0,0,17,388,0,0,0,0,0,0,366,9,4,0,0,0,11,314,4,0,0,0,3,6,297
