accuracy	precision	recall	f1	oob	confMatrxVars
0.900271985494107	0.9029644259722427	0.900271985494107	0.899456519887502	0.10163233579479203	415,0,0,0,0,1,1,297,81,0,0,1,0,24,410,0,0,0,0,0,0,339,10,9,0,0,0,22,250,31,0,0,0,24,16,275
0.8989120580235721	0.9030486396754449	0.8989120580235721	0.8983508520356224	0.10668480373105327	433,1,0,0,0,1,0,288,94,0,0,0,0,29,382,0,0,0,0,0,0,324,5,11,0,0,0,21,274,19,0,0,0,30,12,282
0.8902991840435177	0.895647184538294	0.8902991840435177	0.8889590024932978	0.10921103769918383	439,0,0,0,0,1,1,267,100,0,0,1,0,19,395,0,0,0,0,0,0,337,10,12,0,0,0,33,254,25,0,0,0,19,21,272
0.8830462375339981	0.8943269085929973	0.8830462375339981	0.8813388278201209	0.11542945977458219	421,0,0,0,0,2,1,262,133,0,0,0,0,16,384,0,0,0,0,0,0,356,8,15,0,0,0,21,259,27,0,0,0,23,12,266
0.8825929283771532	0.8918834253576757	0.8825929283771532	0.8812416235822453	0.11426350563544496	408,0,0,0,0,0,0,280,124,0,0,0,0,18,384,0,0,0,0,0,0,358,6,18,0,0,0,26,236,24,0,0,0,26,17,281
0.8961922030825022	0.9035374356922043	0.8961922030825022	0.8955573650568439	0.11154294597745817	450,0,0,0,0,1,0,295,96,0,0,0,0,16,391,0,0,0,0,0,0,308,4,14,0,0,0,40,264,14,0,0,0,26,18,269
0.8925657298277425	0.8986320314041798	0.8925657298277425	0.8917300484820209	0.1061018266614846	431,0,0,0,0,2,0,290,100,0,0,0,0,22,388,0,0,0,0,0,0,345,10,15,0,0,0,31,224,22,0,0,0,28,7,291
0.9111514052583862	0.9120204507849478	0.9111514052583862	0.9105733510044453	0.09910610182666146	408,0,0,0,0,0,0,294,69,0,0,0,0,32,405,0,0,0,0,0,0,367,12,5,0,0,0,22,240,24,0,0,0,19,13,296
0.8735267452402539	0.8811038417406225	0.8735267452402539	0.8710536814322317	0.11290322580645162	409,0,0,0,0,1,12,266,123,0,0,1,0,24,390,0,0,0,0,0,0,338,8,11,0,0,0,26,256,23,0,0,0,32,18,268
0.8766999093381687	0.8894417184476118	0.8766999093381687	0.8751752725846293	0.12009327633113098	412,0,0,0,0,0,3,272,131,0,0,0,0,12,358,0,0,0,0,0,0,365,9,23,0,0,0,26,245,30,0,0,0,22,16,282
0.8816863100634633	0.8877510832190332	0.8816863100634633	0.8802710808487718	0.11581811115429463	450,0,0,0,0,1,0,271,120,0,0,0,0,31,406,0,0,0,0,0,0,315,7,14,0,0,0,30,238,23,0,0,0,22,13,265
0.9048050770625566	0.9079325239161142	0.9048050770625566	0.9043683169801493	0.09774582199766813	426,0,0,0,0,0,0,308,73,0,0,0,0,25,392,0,0,0,0,0,0,322,5,11,0,0,0,28,255,20,0,0,0,31,17,293
0.8916591115140526	0.9014404603696786	0.8916591115140526	0.8900132224738136	0.10746210649047805	415,0,0,0,0,0,0,262,125,0,0,0,0,14,396,0,0,0,0,0,0,364,14,11,0,0,0,18,268,12,0,0,0,25,20,262
0.8939256572982774	0.8986880108045648	0.8939256572982774	0.8927557274593764	0.10687912942090949	420,0,0,0,0,0,1,267,96,0,0,1,0,29,379,0,0,0,0,0,0,350,3,9,0,0,0,31,266,28,0,0,0,24,12,290
0.885766092475068	0.8947556339307643	0.885766092475068	0.8847803323404894	0.10862806062961528	401,0,0,0,0,1,1,297,107,0,0,1,0,16,378,0,0,0,0,0,0,347,3,17,0,0,0,32,261,33,0,0,0,27,14,270
0.8939256572982774	0.8969574915967746	0.8939256572982774	0.8927845067404057	0.10357559269335403	445,0,0,0,0,0,5,278,95,0,0,0,0,34,389,0,0,0,0,0,0,345,6,11,0,0,0,24,231,21,0,0,0,27,11,284
0.8966455122393472	0.9010541493035275	0.8966455122393472	0.8956478739702893	0.10513019821220371	416,0,0,0,0,2,0,279,101,0,0,0,0,26,426,0,0,0,0,0,0,323,8,11,0,0,0,21,243,20,0,0,0,28,11,291
0.9020852221214869	0.9056934518626343	0.9020852221214869	0.9012309707394855	0.10202098717450447	404,0,0,0,0,0,0,303,81,0,0,1,0,25,382,0,0,0,0,0,0,368,3,7,0,0,0,26,243,29,0,0,0,29,15,290
0.9034451495920217	0.9076172284378565	0.9034451495920217	0.9026899377248216	0.1012436844150797	448,0,0,0,0,0,2,285,86,0,0,0,0,22,382,0,0,0,0,0,0,340,9,8,0,0,0,29,253,15,0,0,0,26,16,285
0.8902991840435177	0.8957900250334129	0.8902991840435177	0.8891006277508162	0.11154294597745817	410,0,0,0,0,0,0,274,107,0,0,1,0,27,394,0,0,0,0,0,0,350,6,13,0,0,0,28,259,26,0,0,0,22,12,277
0.870806890299184	0.8834476887919195	0.870806890299184	0.8681190936411016	0.12067625340069954	420,0,0,0,0,1,5,240,144,0,0,0,0,23,375,0,0,0,0,0,0,333,3,7,0,0,0,27,263,23,0,0,0,39,13,290
0.8821396192203083	0.8893715548184313	0.8821396192203083	0.8802960313072087	0.11465215701515741	412,0,0,0,0,1,2,257,118,0,0,0,0,24,410,0,0,0,0,0,0,321,8,8,0,0,0,29,257,28,0,0,0,29,13,289
0.8699002719854941	0.8778192252000844	0.8699002719854941	0.867267679616283	0.1183443451224252	406,0,0,0,0,0,4,241,147,0,0,1,0,36,376,0,0,0,0,0,0,364,7,9,0,0,0,15,242,26,0,0,0,32,10,290
0.8952855847688124	0.9008441779223924	0.8952855847688124	0.8943054313480348	0.11251457442673918	419,0,0,0,0,0,0,290,109,0,0,1,0,27,377,0,0,0,0,0,0,362,6,8,0,0,0,22,248,20,0,0,0,23,15,279
0.8902991840435177	0.8970288820269521	0.8902991840435177	0.8888882379878225	0.10726778080062183	456,0,0,0,0,1,4,272,103,0,0,0,0,18,369,0,0,0,0,0,0,350,5,10,0,0,0,23,243,29,0,0,0,32,17,274
