accuracy	precision	recall	f1	confMatrxVars
0.9646418857660924	0.9647954439953664	0.9646418857660924	0.9646562360261399	422,0,0,0,0,00,352,23,0,0,00,25,380,0,0,00,0,0,367,3,120,0,0,4,274,50,0,0,3,3,333
0.9696282864913871	0.9697549505108274	0.9696282864913871	0.9696419051049758	433,0,0,0,0,20,362,20,0,0,00,27,372,0,0,00,0,0,365,3,40,0,0,4,307,40,0,0,1,2,300
0.9664551223934723	0.9669947144468475	0.9664551223934723	0.966448479446647	437,1,0,0,0,00,344,36,0,0,00,15,384,0,0,00,0,0,345,3,70,0,0,2,299,60,0,0,0,4,323
0.9623753399818676	0.9623918590709063	0.9623753399818676	0.9623427950514017	444,0,0,0,0,00,362,24,0,0,00,27,399,0,0,00,0,0,338,6,60,0,0,11,260,50,0,0,1,3,320
0.9687216681776972	0.9688025947220975	0.9687216681776972	0.9687037934742604	400,0,0,0,0,10,348,27,0,0,00,17,414,0,0,00,0,0,366,3,40,0,0,5,278,50,0,0,2,5,331
0.956935630099728	0.9569541018699992	0.956935630099728	0.9569287096700291	430,0,0,0,0,00,356,33,0,0,00,29,401,0,0,00,0,0,330,5,50,0,0,10,284,30,0,0,4,6,310
0.9623753399818676	0.9625057271512973	0.9623753399818676	0.9623572565876402	417,0,0,0,0,00,364,35,0,0,00,24,382,0,0,00,0,0,364,3,40,0,0,7,295,50,0,0,2,3,301
0.9628286491387126	0.9628207657301051	0.9628286491387126	0.9628204569242903	407,0,0,0,0,00,339,30,0,0,10,32,413,0,0,00,0,0,370,2,40,0,0,5,295,20,0,0,3,3,300
0.9664551223934723	0.9666135378116745	0.9664551223934723	0.9664122609452048	417,0,0,0,0,00,357,31,0,0,00,17,419,0,0,00,0,0,354,6,40,0,0,6,266,60,0,0,2,2,319
0.9587488667271079	0.9594844686870435	0.9587488667271079	0.9587280913701881	450,0,0,0,0,00,347,42,0,0,00,16,372,0,0,00,0,0,358,7,40,0,0,6,285,30,0,0,6,7,303
0.9619220308250227	0.9622606932235047	0.9619220308250227	0.9619036337764864	416,0,0,0,0,00,370,35,0,0,00,18,400,0,0,00,0,0,338,9,40,0,0,4,295,90,0,0,2,3,303
0.9673617407071623	0.9677255242720019	0.9673617407071623	0.9673673902163009	426,0,0,0,0,20,374,31,0,0,00,15,369,0,0,00,0,0,371,4,40,0,0,7,291,50,0,0,3,1,303
0.9578422484134179	0.9579145466833532	0.9578422484134179	0.9577944467332888	430,0,0,0,0,00,336,34,0,0,10,24,389,0,0,00,0,0,360,8,50,0,0,8,298,70,0,0,3,3,300
0.9628286491387126	0.962931569753292	0.9628286491387126	0.9628101704640423	427,0,0,0,0,00,361,31,0,0,10,22,403,0,0,00,0,0,333,9,40,0,0,4,271,40,0,0,3,4,329
0.9682683590208522	0.9682652665839445	0.9682683590208522	0.9682495522153064	423,0,0,0,0,00,356,23,0,0,10,21,386,0,0,00,0,0,378,7,50,0,0,8,295,20,0,0,0,3,298
0.9637352674524026	0.9642086327621489	0.9637352674524026	0.9636855186038727	434,0,0,0,0,00,339,41,0,0,00,19,385,0,0,00,0,0,376,2,30,0,0,4,294,70,0,0,1,3,298
0.9660018132366274	0.966059062413879	0.9660018132366274	0.9659932684756739	450,0,0,0,0,00,337,29,0,0,00,22,392,0,0,00,0,0,366,4,50,0,0,4,281,50,0,0,1,5,305
0.9673617407071623	0.967654252361571	0.9673617407071623	0.9673338485651839	427,0,0,0,0,10,384,34,0,0,10,16,414,0,0,00,0,0,341,7,00,0,0,6,266,30,0,0,2,2,302
0.9646418857660924	0.964746509819569	0.9646418857660924	0.9646272036715117	441,0,0,0,0,00,352,29,0,0,00,19,397,0,0,00,0,0,354,6,70,0,0,6,263,40,0,0,2,5,321
0.9610154125113327	0.9612534880088691	0.9610154125113327	0.9609691537515737	439,0,0,0,0,00,330,33,0,0,00,18,391,0,0,00,0,0,332,8,80,0,0,7,294,60,0,0,1,5,334
0.9637352674524026	0.9638744215441947	0.9637352674524026	0.9636982285797877	429,0,0,0,0,00,358,34,0,0,10,25,395,0,0,00,0,0,355,2,20,0,0,4,295,90,0,0,1,2,294
0.9687216681776972	0.9692023009541153	0.9687216681776972	0.9686717798516107	425,0,0,0,0,00,342,34,0,0,00,11,409,0,0,00,0,0,353,2,60,0,0,6,292,10,0,0,4,5,316
0.970081595648232	0.9701623000221026	0.970081595648232	0.9700717112611251	406,0,0,0,0,10,373,25,0,0,00,17,411,0,0,00,0,0,357,4,50,0,0,8,274,20,0,0,3,1,319
0.9623753399818676	0.9624333695029142	0.9623753399818676	0.962377985011563	442,0,0,0,0,00,343,23,0,0,00,28,408,0,0,00,0,0,360,7,60,0,0,8,270,50,0,0,2,4,300
0.9673617407071623	0.9678376344323116	0.9673617407071623	0.9673233307028909	402,0,0,0,0,00,346,35,0,0,00,13,399,0,0,00,0,0,358,2,60,0,0,5,311,50,0,0,2,4,318
0.9678150498640072	0.9679308358875174	0.9678150498640072	0.9678089631799296	421,0,0,0,0,00,373,25,0,0,00,15,373,0,0,00,0,0,372,3,70,0,0,9,292,40,0,0,2,6,304
0.956029011786038	0.9560355228703583	0.956029011786038	0.9559773657361829	383,0,0,0,0,00,343,37,0,0,00,28,405,0,0,00,0,0,353,7,10,0,0,9,285,80,0,0,2,5,340
0.9619220308250227	0.9620453602742569	0.9619220308250227	0.9618612648502577	410,0,0,0,0,00,357,31,0,0,00,25,392,0,0,00,0,0,364,3,30,0,0,12,291,70,0,0,1,2,308
0.9623753399818676	0.9626757006268124	0.9623753399818676	0.9623596955914449	407,1,0,0,0,10,353,34,0,0,10,17,397,0,0,00,0,0,343,7,40,0,0,5,280,50,0,0,2,6,343
0.9691749773345422	0.9693358371194924	0.9691749773345422	0.9691727168108839	434,0,0,0,0,10,346,29,0,0,00,19,386,0,0,00,0,0,398,1,60,0,0,4,272,40,0,0,2,2,302
0.9623753399818676	0.9625095000955898	0.9623753399818676	0.962375754962158	422,0,0,0,0,20,357,33,0,0,00,28,366,0,0,00,0,0,381,1,30,0,0,4,274,80,0,0,1,3,323
0.9691749773345422	0.9692622744563152	0.9691749773345422	0.9691666948957126	420,0,0,0,0,00,370,28,0,0,10,20,383,0,0,00,0,0,374,2,20,0,0,1,267,40,0,0,2,8,324
0.9664551223934723	0.9665105224122005	0.9664551223934723	0.9664599565582134	425,0,0,0,0,20,369,22,0,0,00,22,410,0,0,00,0,0,346,7,40,0,0,6,279,60,0,0,3,2,303
0.9646418857660924	0.9647465377988601	0.9646418857660924	0.964616286456663	406,0,0,0,0,00,380,28,0,0,00,17,406,0,0,00,0,0,353,6,50,0,0,9,272,60,0,0,3,4,311
0.9669084315503174	0.9670009556431779	0.9669084315503174	0.9668832777524402	448,0,0,0,0,00,334,25,0,0,00,16,378,0,0,00,0,0,367,2,50,0,0,8,275,50,0,0,6,6,331
0.956482320942883	0.9564890421921165	0.956482320942883	0.9564794758185409	424,0,0,0,0,10,353,30,0,0,10,30,354,0,0,00,0,0,355,5,70,0,0,7,288,50,0,0,4,6,336
0.9632819582955575	0.9634646387815278	0.9632819582955575	0.9632202874979443	413,0,0,0,0,00,336,31,0,0,10,16,412,0,0,00,0,0,360,5,30,0,0,11,280,40,0,0,4,6,324
0.9614687216681777	0.9621305839443105	0.9614687216681777	0.9613968230886912	409,0,0,0,0,00,339,39,0,0,00,15,386,0,0,00,0,0,366,5,30,0,0,8,303,100,0,0,5,0,318
0.958295557570263	0.9582699696842341	0.958295557570263	0.9582709768754698	407,0,0,0,0,00,342,32,0,0,10,28,421,0,0,00,0,0,357,7,50,0,0,6,283,40,0,0,5,4,304
0.9678150498640072	0.968118574865311	0.9678150498640072	0.9678075250452005	413,0,0,0,0,00,374,29,0,0,00,12,380,0,0,00,0,0,373,4,50,0,0,6,267,60,0,0,3,6,328
0.9610154125113327	0.9611450863989891	0.9610154125113327	0.9610028014249207	414,0,0,0,0,00,337,36,0,0,00,27,353,0,0,00,0,0,364,5,70,0,0,4,318,40,0,0,2,1,334
0.9660018132366274	0.9662686496914934	0.9660018132366274	0.9659802721623687	425,0,0,0,0,00,367,32,0,0,00,16,399,0,0,00,0,0,346,1,70,0,0,8,284,40,0,0,2,5,310
0.9632819582955575	0.96333757845959	0.9632819582955575	0.9632790730210198	420,0,0,0,0,00,354,29,0,0,00,25,367,0,0,00,0,0,371,6,60,0,0,5,275,50,0,0,1,4,338
0.9601087941976428	0.9604856580340876	0.9601087941976428	0.9600694746952668	427,0,0,0,0,00,363,36,0,0,10,18,377,0,0,00,0,0,345,5,60,0,0,9,291,70,0,0,3,3,315
0.9610154125113327	0.9623001623101257	0.9610154125113327	0.9609040162407932	420,0,0,0,0,00,344,45,0,0,10,8,409,0,0,00,0,0,370,6,50,0,0,7,271,50,0,0,4,5,306
0.970988213961922	0.9712628159780377	0.970988213961922	0.9709800368178207	415,0,0,0,0,00,376,27,0,0,00,12,391,0,0,00,0,0,354,1,30,0,0,5,275,30,0,0,2,11,331
0.9682683590208522	0.9687950428254476	0.9682683590208522	0.9682343769808528	443,0,0,0,0,00,344,36,0,0,10,14,356,0,0,00,0,0,364,4,40,0,0,5,287,30,0,0,1,2,342
0.9619220308250227	0.9619255690454045	0.9619220308250227	0.9618725042097737	414,0,0,0,0,00,349,26,0,0,00,22,373,0,0,00,0,0,368,6,10,0,0,8,299,130,0,0,2,6,319
0.9660018132366274	0.9659949271868172	0.9660018132366274	0.9659762168487653	418,0,0,0,0,10,344,26,0,0,10,23,416,0,0,00,0,0,337,6,30,0,0,6,270,50,0,0,2,2,346
0.9628286491387126	0.9629569304770684	0.9628286491387126	0.9628222488527353	430,0,0,0,0,00,347,29,0,0,00,25,402,0,0,00,0,0,355,2,110,0,0,7,275,40,0,0,1,3,315
