accuracy	precision	recall	f1	oob	confMatrxVars
0.9728014505893019	0.9729794225838594	0.9728014505893019	0.972778324379781	0.02409638554216864	417,0,0,0,0,0,0,364,29,0,0,0,0,15,408,0,0,0,0,0,0,350,1,3,0,0,0,5,294,3,0,0,0,1,3,313
0.9836808703535811	0.9837577898582894	0.9836808703535811	0.9836725003635663	0.02409638554216864	447,0,0,0,0,0,0,368,15,0,0,1,0,7,407,0,0,0,0,0,0,348,2,1,0,0,0,5,279,0,0,0,0,1,4,321
0.9796010879419764	0.979647219923952	0.9796010879419764	0.979602191747402	0.023707734162456306	412,0,0,0,0,1,0,382,15,0,0,0,0,17,363,0,0,0,0,0,0,365,3,4,0,0,0,2,305,2,0,0,0,0,1,334
0.9773345421577516	0.9773674458290773	0.9773345421577516	0.9773347161801308	0.025650991061018313	438,0,0,0,0,0,0,350,14,0,0,1,0,18,434,0,0,0,0,0,0,351,5,4,0,0,0,4,265,1,0,0,0,1,2,318
0.9800543970988214	0.9801527446096869	0.9800543970988214	0.9800569634159728	0.026428293820443094	406,0,0,0,0,1,0,361,13,0,0,0,0,14,402,0,0,0,0,0,0,375,1,5,0,0,0,5,296,4,0,0,0,0,1,322
0.9755213055303718	0.9757063441248282	0.9755213055303718	0.9755197442563749	0.022930431403031526	438,0,0,0,0,0,0,357,26,0,0,0,0,17,391,0,0,0,0,0,0,363,8,1,0,0,0,0,279,1,0,0,0,0,1,324
0.972348141432457	0.972506244839414	0.972348141432457	0.9723313789297022	0.024485036921881087	419,0,0,0,0,0,0,360,28,0,0,0,0,16,399,0,0,0,0,0,0,340,6,3,0,0,0,3,315,3,0,0,0,0,2,312
0.9759746146872167	0.9759862875864518	0.9759746146872167	0.975975586785463	0.024873688301593422	408,0,0,0,0,0,0,363,20,0,0,0,0,22,385,0,0,0,0,0,0,368,2,3,0,0,0,1,299,1,0,0,0,2,2,330
0.9777878513145966	0.9779442921809802	0.9777878513145966	0.9777712632189667	0.026428293820443094	418,0,0,0,0,0,0,371,21,0,0,1,0,12,397,0,0,0,0,0,0,369,7,4,0,0,0,2,296,0,0,0,0,0,2,306
0.9755213055303718	0.9755763636947574	0.9755213055303718	0.9755079166377078	0.024290711232024864	440,0,0,0,0,0,0,337,24,0,0,0,0,16,381,0,0,0,0,0,0,357,4,3,0,0,0,4,315,1,0,0,0,0,2,322
0.9746146872166818	0.9747186849989633	0.9746146872166818	0.9746070325799595	0.022736105713175303	412,0,0,0,0,0,0,347,22,0,0,0,0,14,447,0,0,0,0,0,0,353,6,3,0,0,0,1,284,6,0,0,0,1,3,307
0.9805077062556664	0.98058023390383	0.9805077062556664	0.9805030125990862	0.027399922269724097	443,0,0,0,0,0,0,363,18,0,0,0,0,12,411,0,0,0,0,0,0,361,8,1,0,0,0,2,271,1,0,0,0,1,0,314
0.9746146872166818	0.9747471460399947	0.9746146872166818	0.9746203497949655	0.02545666537116209	416,0,0,0,0,2,0,377,15,0,0,1,0,21,408,0,0,0,0,0,0,347,4,3,0,0,0,4,292,5,0,0,0,0,1,310
0.9782411604714415	0.9784496629829399	0.9782411604714415	0.9782313213383681	0.02409638554216864	424,0,0,0,0,0,0,353,24,0,0,0,0,11,383,0,0,0,0,0,0,365,3,3,0,0,0,2,323,4,0,0,0,0,1,310
0.9741613780598368	0.9743155878805388	0.9741613780598368	0.9741288086909845	0.025068013991449645	414,0,0,0,0,0,0,335,31,0,0,0,0,17,405,0,0,0,0,0,0,369,1,2,0,0,0,0,300,2,0,0,0,1,3,326
0.9768812330009066	0.9774449948118935	0.9768812330009066	0.9768658515600231	0.025068013991449645	412,0,0,0,0,0,0,372,29,0,0,1,0,7,392,0,0,0,0,0,0,353,2,2,0,0,0,0,290,7,0,0,0,1,2,336
0.972348141432457	0.9724731106716085	0.972348141432457	0.9723525988013643	0.021570151574038077	428,0,0,0,0,0,0,340,20,0,0,1,0,23,430,0,0,0,0,0,0,345,6,5,0,0,0,1,270,2,0,0,0,0,3,332
0.9768812330009066	0.9769888739126196	0.9768812330009066	0.9768908061192068	0.026428293820443094	439,0,0,0,0,0,0,370,13,0,0,0,0,16,394,0,0,0,0,0,0,365,5,7,0,0,0,2,280,3,0,0,0,1,4,307
0.9773345421577516	0.9773297994476986	0.9773345421577516	0.9773189739104966	0.02467936261173731	427,0,0,0,0,0,0,371,16,0,0,1,0,18,400,0,0,0,0,0,0,333,5,1,0,0,0,4,285,4,0,0,0,1,0,340
0.9791477787851315	0.9793667751589231	0.9791477787851315	0.9791542223093271	0.023707734162456306	435,0,0,0,0,2,0,375,23,0,0,0,0,11,382,0,0,0,0,0,0,361,0,4,0,0,0,3,278,2,0,0,0,0,1,329
0.971894832275612	0.9721028324353564	0.971894832275612	0.9718750798324929	0.025650991061018313	392,0,0,0,0,0,0,375,27,0,0,1,0,13,392,0,0,0,0,0,0,349,5,5,0,0,0,4,313,3,0,0,0,4,0,323
0.9759746146872167	0.9761841442655416	0.9759746146872167	0.9759748248561237	0.02390205985231253	443,0,0,0,0,0,0,348,26,0,0,0,0,14,384,0,0,0,0,0,0,377,6,1,0,0,0,1,289,2,0,0,0,0,3,312
0.9805077062556664	0.9805657607524219	0.9805077062556664	0.980513497532431	0.027982899339292655	414,0,0,0,0,0,0,353,17,0,0,0,0,12,390,0,0,0,0,0,0,387,4,1,0,0,0,1,281,3,0,0,0,1,4,338
0.9691749773345422	0.9694632393359729	0.9691749773345422	0.9691643013830404	0.024290711232024864	410,0,0,0,0,0,0,362,29,0,0,0,0,14,384,0,0,0,0,0,0,348,5,6,0,0,0,4,316,6,0,0,0,2,2,318
0.9782411604714415	0.9783431845404723	0.9782411604714415	0.9782650400433985	0.025262339681305868	448,0,0,0,0,0,0,376,13,0,0,0,0,13,378,0,0,0,0,0,0,356,6,2,0,0,0,2,286,4,0,0,0,1,7,314
