accuracy	precision	recall	f1	confMatrxVars
0.9415231187669991	0.9426825828924927	0.9415231187669991	0.9412717103786254	444,0,0,0,0,00,323,51,0,0,10,20,404,0,0,00,0,0,332,5,50,0,0,19,270,140,0,0,9,5,304
0.9342701722574795	0.9354785943675582	0.9342701722574795	0.9340572903700505	427,0,0,0,0,10,351,52,0,0,00,20,382,0,0,00,0,0,343,5,60,0,0,15,258,240,0,0,11,11,300
0.942429737080689	0.9429072377873341	0.942429737080689	0.9421259700844183	426,0,0,0,0,00,321,37,0,0,00,19,373,0,0,00,0,0,379,5,50,0,0,19,276,250,0,0,5,12,304
0.9356300997280145	0.9368801176544143	0.9356300997280145	0.9353150045190478	425,0,0,0,0,10,348,46,0,0,00,20,391,0,0,00,0,0,356,1,60,0,0,21,245,210,0,0,15,11,299
0.9310970081595649	0.931834800196657	0.9310970081595649	0.9310436980517441	446,0,0,0,0,10,349,39,0,0,00,44,351,0,0,00,0,0,344,4,130,0,0,17,273,210,0,0,5,8,291
0.9419764279238441	0.9427500607718304	0.9419764279238441	0.941935374780859	414,0,0,0,0,00,350,25,0,0,00,34,377,0,0,00,0,0,377,3,170,0,0,17,261,190,0,0,4,9,299
0.9388032638259293	0.9397417748345926	0.9388032638259293	0.9385484528180494	414,0,0,0,0,00,362,48,0,0,00,20,388,0,0,00,0,0,348,8,50,0,0,20,267,210,0,0,5,8,292
0.9388032638259293	0.9393791050808369	0.9388032638259293	0.9386987526941655	427,0,0,0,0,10,350,36,0,0,00,26,377,0,0,00,0,0,349,5,110,0,0,19,259,180,0,0,12,7,309
0.9369900271985494	0.9377374046138728	0.9369900271985494	0.9367542297778612	430,0,0,0,0,10,337,50,0,0,10,24,376,0,0,00,0,0,337,8,70,0,0,17,252,190,0,0,4,8,335
0.943336355394379	0.9435332957604905	0.943336355394379	0.9432702854545232	453,0,0,0,0,10,350,31,0,0,10,31,354,0,0,00,0,0,348,9,70,0,0,16,282,160,0,0,7,6,294
0.9374433363553943	0.9385757759639022	0.9374433363553943	0.9371658914496502	403,0,0,0,0,10,360,45,0,0,00,21,393,0,0,00,0,0,367,2,110,0,0,28,259,160,0,0,4,10,286
0.9446962828649139	0.9448966587508855	0.9446962828649139	0.9446047109817212	418,0,0,0,0,00,341,42,0,0,00,27,381,0,0,00,0,0,362,6,110,0,0,16,257,90,0,0,3,8,325
0.9378966455122394	0.9379449895809219	0.9378966455122394	0.9377664022726464	402,0,0,0,0,10,332,29,0,0,00,28,377,0,0,00,0,0,362,8,60,0,0,14,267,230,0,0,15,13,329
0.9365367180417045	0.9370684924847466	0.9365367180417045	0.9363937245172916	394,0,0,0,0,10,337,45,0,0,10,25,385,0,0,00,0,0,350,6,70,0,0,18,271,150,0,0,12,10,329
0.9437896645512239	0.9442776461478597	0.9437896645512239	0.9436764375100318	421,0,0,0,0,00,345,41,0,0,10,26,408,0,0,00,0,0,348,4,100,0,0,14,270,170,0,0,3,8,290
0.9378966455122394	0.9383957932391161	0.9378966455122394	0.937722687989131	407,0,0,0,0,00,361,39,0,0,00,27,370,0,0,00,0,0,374,6,90,0,0,20,267,200,0,0,8,8,290
0.9297370806890299	0.9304833713634874	0.9297370806890299	0.929394429887968	411,0,0,0,0,00,386,37,0,0,00,36,389,0,0,00,0,0,327,5,90,0,0,20,243,310,0,0,7,10,295
0.9360834088848595	0.9369984685062656	0.9360834088848595	0.9359154045123057	405,0,0,0,0,00,336,51,0,0,10,28,392,0,0,00,0,0,355,6,90,0,0,19,264,140,0,0,11,2,313
0.9415231187669991	0.9417941317197496	0.9415231187669991	0.9414912803617063	432,0,0,0,0,10,315,28,0,0,10,37,385,0,0,00,0,0,388,7,90,0,0,16,264,140,0,0,8,8,293
0.9437896645512239	0.9440164793967876	0.9437896645512239	0.943738596801823	409,0,0,0,0,10,337,33,0,0,00,36,364,0,0,00,0,0,391,6,80,0,0,13,275,160,0,0,4,7,306
0.9329102447869447	0.934265072465765	0.9329102447869447	0.9323007330687305	415,0,0,0,0,10,344,48,0,0,00,24,385,0,0,00,0,0,358,5,20,0,0,26,251,290,0,0,6,7,305
0.9510426110607434	0.9515965385922142	0.9510426110607434	0.9509735267830625	448,2,0,0,0,00,346,40,0,0,00,15,398,0,0,00,0,0,351,6,100,0,0,11,230,110,0,0,4,9,325
0.9442429737080689	0.9445641855064651	0.9442429737080689	0.9441079164670189	438,0,0,0,0,10,341,36,0,0,00,29,375,0,0,00,0,0,365,6,40,0,0,21,248,110,0,0,9,6,316
0.9365367180417045	0.9378907297777442	0.9365367180417045	0.9362845239329644	420,0,0,0,0,00,342,52,0,0,00,19,368,0,0,00,0,0,367,6,60,0,0,19,264,210,0,0,9,8,305
0.9415231187669991	0.9424913115857223	0.9415231187669991	0.9412965992852194	435,0,0,0,0,20,331,47,0,0,10,17,409,0,0,00,0,0,332,7,70,0,0,17,245,160,0,0,8,7,325
0.9256572982774252	0.9264636493322222	0.9256572982774252	0.9252476225514359	428,0,0,0,0,00,339,47,0,0,10,33,369,0,0,00,0,0,370,7,100,0,0,22,238,290,0,0,6,9,298
0.9388032638259293	0.9388743684716578	0.9388032638259293	0.9387197130414301	426,0,0,0,0,00,364,32,0,0,00,31,373,0,0,00,0,0,350,6,120,0,0,17,255,160,0,0,9,12,303
0.942429737080689	0.9426859526581808	0.942429737080689	0.94232539202774	461,0,0,0,0,00,330,31,0,0,00,36,385,0,0,00,0,0,337,9,120,0,0,18,254,130,0,0,4,4,312
0.9297370806890299	0.933413648081902	0.9297370806890299	0.9294336296633803	442,0,0,0,0,10,340,74,0,0,00,15,391,0,0,00,0,0,328,6,70,0,0,13,254,250,0,0,8,6,296
0.9388032638259293	0.9389696207943417	0.9388032638259293	0.9386868956544305	419,0,0,0,0,10,369,36,0,0,00,37,384,0,0,00,0,0,359,8,50,0,0,16,261,180,0,0,7,7,279
0.9374433363553943	0.9386692574985742	0.9374433363553943	0.9371999498346246	404,0,0,0,0,10,342,48,0,0,00,22,409,0,0,00,0,0,367,7,110,0,0,18,252,220,0,0,4,5,294
0.9310970081595649	0.9319315506637265	0.9310970081595649	0.9307570094014228	413,1,0,0,0,10,340,43,0,0,00,31,394,0,0,00,0,0,359,5,70,0,0,19,252,310,0,0,4,10,296
0.9351767905711695	0.9360814085130956	0.9351767905711695	0.935074799683999	421,1,0,0,0,00,338,36,0,0,10,32,392,0,0,00,0,0,338,1,110,0,0,24,259,150,0,0,14,8,315
0.9351767905711695	0.9353920380426312	0.9351767905711695	0.9350639686442743	411,0,0,0,0,10,339,45,0,0,00,30,387,0,0,00,0,0,359,9,90,0,0,21,272,120,0,0,6,10,295
0.9315503173164098	0.9330967091582982	0.9315503173164098	0.9313619081742415	417,0,0,0,0,10,313,52,0,0,10,18,384,0,0,00,0,0,365,4,160,0,0,22,267,150,0,0,13,9,309
0.9383499546690843	0.9385725231292351	0.9383499546690843	0.9382784064161577	427,0,0,0,0,00,344,46,0,0,00,32,383,0,0,00,0,0,345,6,90,0,0,11,264,160,0,0,7,9,307
0.9342701722574795	0.935542341083367	0.9342701722574795	0.9338540959392049	420,0,0,0,0,00,367,45,0,0,10,28,368,0,0,00,0,0,359,5,40,0,0,18,247,320,0,0,7,5,300
0.9419764279238441	0.9428336135049812	0.9419764279238441	0.9415418745420285	421,0,0,0,0,00,355,33,0,0,00,27,401,0,0,00,0,0,353,3,70,0,0,23,248,260,0,0,2,7,300
0.9270172257479601	0.9281006405132443	0.9270172257479601	0.9267365968849345	435,0,0,0,0,10,339,34,0,0,00,42,395,0,0,00,0,0,319,6,120,0,0,26,254,260,0,0,6,8,303
0.9315503173164098	0.9325791142117336	0.9315503173164098	0.9311234653712268	420,0,0,0,0,00,328,46,0,0,00,26,398,0,0,00,0,0,365,4,70,0,0,25,269,270,0,0,6,10,275
0.9320036264732547	0.9328811805546646	0.9320036264732547	0.9317788368388199	389,0,0,0,0,10,361,38,0,0,00,29,391,0,0,00,0,0,352,6,70,0,0,21,276,280,0,0,12,8,287
0.9415231187669991	0.9423504911777426	0.9415231187669991	0.9414190950418422	442,0,0,0,0,10,337,41,0,0,00,25,402,0,0,00,0,0,342,5,120,0,0,16,260,180,0,0,7,4,294
0.9410698096101541	0.9419574605020535	0.9410698096101541	0.9409256104086183	430,0,0,0,0,00,355,28,0,0,00,40,363,0,0,00,0,0,349,2,60,0,0,17,273,210,0,0,11,5,306
0.9388032638259293	0.9396449079985562	0.9388032638259293	0.9386122989661198	422,0,0,0,0,10,351,43,0,0,00,26,394,0,0,00,0,0,353,5,80,0,0,19,266,210,0,0,6,6,285
0.9329102447869447	0.9336482806372607	0.9329102447869447	0.9325674569238901	411,1,0,0,0,20,323,41,0,0,00,28,418,0,0,00,0,0,355,8,90,0,0,23,243,240,0,0,6,6,308
0.9388032638259293	0.9394650670188295	0.9388032638259293	0.9386675316939086	417,0,0,0,0,10,348,41,0,0,00,34,388,0,0,00,0,0,344,3,100,0,0,19,255,160,0,0,7,4,319
0.9369900271985494	0.9379113098733673	0.9369900271985494	0.936827785665562	420,0,0,0,0,10,345,38,0,0,10,24,351,0,0,00,0,0,372,3,70,0,0,20,268,200,0,0,17,8,311
0.9356300997280145	0.9362065640042628	0.9356300997280145	0.935368027185336	408,0,0,0,0,00,356,43,0,0,00,37,376,0,0,00,0,0,356,4,40,0,0,20,272,220,0,0,6,6,296
0.9397098821396193	0.9398393552444578	0.9397098821396193	0.9395990513020724	419,0,0,0,0,00,336,37,0,0,00,25,385,0,0,00,0,0,370,11,110,0,0,18,263,160,0,0,4,11,300
0.9351767905711695	0.9361710173116301	0.9351767905711695	0.9352161135992872	416,1,0,0,0,10,327,36,0,0,00,35,372,0,0,00,0,0,381,6,130,0,0,13,281,250,0,0,7,6,286
