accuracy	precision	recall	f1	oob	confMatrxVars
0.8694469628286491	0.8749466715065951	0.8694469628286491	0.8673689216749988	0.15837543723280223	440,0,0,0,0,0,3,230,121,0,0,0,0,34,366,0,0,0,0,0,0,359,4,15,0,0,0,16,252,39,0,0,0,40,16,271
0.8816863100634633	0.8838765662807697	0.8816863100634633	0.8812249995946786	0.13661095996890793	427,0,0,0,0,1,0,290,88,0,0,1,0,51,365,0,0,0,0,0,0,325,9,10,0,0,0,30,253,24,0,0,0,33,14,285
0.8735267452402539	0.8806645967603925	0.8735267452402539	0.8709943674618661	0.15934706568208312	408,0,0,0,0,2,10,243,120,0,0,0,0,24,402,0,0,0,0,0,0,367,4,21,0,0,0,31,253,21,0,0,0,32,14,254
0.8676337262012692	0.8693474775756722	0.8676337262012692	0.8670078841701034	0.14244073066459384	439,0,0,0,0,1,0,261,104,0,0,0,0,58,357,0,0,0,0,0,0,348,8,21,0,0,0,20,243,33,0,0,0,32,15,266
0.857207615593835	0.8691219335342276	0.857207615593835	0.8549795730075032	0.1371939370384765	422,0,0,0,0,0,6,265,136,0,0,0,0,27,375,0,0,0,0,0,0,332,6,11,0,0,0,39,242,18,0,0,0,50,22,255
0.8921124206708976	0.8965016587535654	0.8921124206708976	0.8914157469152759	0.1315584920326467	391,0,0,0,0,3,0,290,99,0,0,0,0,26,394,0,0,0,0,0,0,360,13,14,0,0,0,24,254,16,0,0,0,29,14,279
0.9048050770625566	0.9052963007674876	0.9048050770625566	0.9046826327424875	0.13116984065293436	415,1,0,0,1,1,0,327,56,0,0,0,0,54,380,0,0,0,0,0,0,350,6,10,0,0,0,13,246,30,0,0,0,26,12,278
0.8739800543970988	0.8825861978693017	0.8739800543970988	0.8714625857987431	0.157209483093665	405,0,0,0,0,0,4,239,133,0,0,0,0,27,400,0,0,0,0,0,0,357,4,13,0,0,0,28,268,21,0,0,0,36,12,259
0.8875793291024479	0.8941815891216428	0.8875793291024479	0.8871058951306208	0.14049747376603183	415,0,1,0,0,0,0,302,98,0,0,0,0,19,354,0,0,0,0,0,0,359,20,9,0,0,0,23,247,18,0,0,0,35,25,281
0.8925657298277425	0.89868588527115	0.8925657298277425	0.8915665330098262	0.1335017489312087	408,0,0,0,0,0,0,286,106,0,0,0,0,23,406,0,0,0,0,0,0,349,8,12,0,0,0,27,241,13,0,0,0,33,15,279
0.8662737987307344	0.874758415600984	0.8662737987307344	0.8623348011467157	0.157209483093665	418,0,0,0,0,0,30,253,127,0,0,0,0,24,379,0,0,0,0,0,0,327,5,18,0,0,0,29,257,23,0,0,0,25,14,277
0.8862194016319129	0.8929003719827047	0.8862194016319129	0.8848662431817844	0.15643218033424022	430,1,0,0,0,0,1,264,115,0,0,0,0,24,378,0,0,0,0,0,0,347,7,12,0,0,0,20,252,19,0,0,0,34,18,284
0.8807796917497733	0.8857211782867516	0.8807796917497733	0.8780938979806371	0.14554994170229307	391,1,0,0,0,1,25,245,94,0,0,0,0,21,419,0,0,0,0,0,0,374,4,29,0,0,0,30,247,24,0,0,0,25,9,267
0.8939256572982774	0.8975382025087588	0.8939256572982774	0.8934581992429338	0.12747765254566656	404,0,0,0,0,0,1,296,78,0,0,0,0,26,388,0,0,0,0,0,0,345,10,16,0,0,0,33,260,15,0,0,0,39,16,279
0.8753399818676337	0.8835881564060089	0.8753399818676337	0.8731484110408224	0.14554994170229307	406,0,0,0,0,3,6,257,117,0,0,1,0,18,416,0,0,0,0,0,0,354,8,16,0,0,0,31,230,20,0,0,0,40,15,268
0.8703535811423391	0.8791629914445529	0.8703535811423391	0.8681340820645956	0.16401088223863192	408,0,0,0,0,2,2,255,138,0,0,0,0,25,418,0,0,0,0,0,0,323,6,21,0,0,0,24,239,16,0,0,0,34,18,277
0.8513145965548504	0.8684557458795928	0.8513145965548504	0.8470649331539658	0.15312864360668477	406,0,0,0,0,1,3,225,187,0,0,0,0,27,374,0,0,0,0,0,0,344,5,13,0,0,0,26,232,27,0,0,0,25,14,297
0.8680870353581143	0.8776104613485839	0.8680870353581143	0.8654837903845025	0.15021375825884187	426,0,0,0,0,1,12,246,127,0,0,0,0,23,382,0,0,0,0,0,0,350,9,19,0,0,0,39,243,16,0,0,0,36,9,268
0.8921124206708976	0.8977204422431967	0.8921124206708976	0.8907923333321459	0.1381655654877575	439,0,0,0,0,0,4,270,105,0,0,0,0,29,376,0,0,0,0,0,0,346,2,7,0,0,0,22,271,19,0,0,0,36,14,266
0.9043517679057117	0.9053032831757387	0.9043517679057117	0.9041688783345954	0.12922658375437235	422,0,0,1,0,1,2,336,41,0,0,1,0,49,383,0,0,0,0,0,0,366,5,16,0,0,0,13,222,28,0,0,0,44,10,266
0.8970988213961922	0.8967052638550576	0.8970988213961922	0.8967753341437452	0.13933151962689472	413,0,0,0,0,1,7,316,58,0,0,1,0,53,354,0,0,0,0,0,0,345,16,12,0,0,0,15,252,21,0,0,0,26,17,299
0.8834995466908432	0.8902194662074363	0.8834995466908432	0.8817487537820539	0.1439953361834434	437,1,0,0,0,2,4,256,114,0,0,0,0,24,376,1,0,0,0,0,0,372,5,10,0,0,0,35,236,15,0,0,0,25,21,272
0.9020852221214869	0.9079011734598168	0.9020852221214869	0.901234810300801	0.1278663039253789	464,0,0,0,0,1,0,287,86,0,0,0,0,14,387,0,0,0,0,0,0,347,4,11,0,0,0,27,236,23,0,0,0,35,15,269
0.8590208522212148	0.8720920130460057	0.8590208522212148	0.8533583078899595	0.16362223085891958	449,0,0,0,0,1,10,199,173,0,0,0,0,25,391,0,0,0,0,0,0,342,6,14,0,0,0,20,240,12,0,0,0,27,23,274
0.8653671804170444	0.868586681604556	0.8653671804170444	0.864143450283207	0.16070734551107657	379,0,0,0,0,0,2,258,114,0,0,0,0,55,373,0,0,0,0,0,0,349,8,16,0,0,0,39,267,27,0,0,0,25,11,283
