accuracy	precision	recall	f1	oob	confMatrxVars
0.8916591115140526	0.8950117157040111	0.8916591115140526	0.8905660430049352	0.12922658375437235	405,0,0,0,0,0,4,275,93,0,0,0,0,30,389,0,0,0,0,0,0,338,5,12,0,0,0,17,265,34,0,0,0,30,14,295
0.8925657298277425	0.8994862571208027	0.8925657298277425	0.8911039477915507	0.12261951029926155	423,0,0,0,0,0,0,277,109,0,0,0,0,19,401,0,0,0,0,0,0,381,6,9,0,0,0,33,225,18,0,0,0,26,17,262
0.8970988213961922	0.8988310730832936	0.8970988213961922	0.8965036315592297	0.12339681305868633	432,0,0,0,0,0,2,296,84,0,0,0,0,37,377,0,0,0,0,0,0,342,3,17,0,0,0,20,253,26,0,0,0,19,19,279
0.8612873980054397	0.8747183524892191	0.8612873980054397	0.8580151079088564	0.1449669646327244	390,0,0,0,0,0,3,229,164,0,0,0,0,27,373,1,0,0,0,0,0,367,4,14,0,0,0,26,257,17,0,0,0,35,15,284
0.9111514052583862	0.916325056526727	0.9111514052583862	0.9104604991752713	0.1268946754760979	446,0,0,0,0,0,2,326,81,0,0,0,0,13,381,0,0,0,0,0,0,344,5,8,0,0,0,29,232,22,0,0,0,23,13,281
0.8821396192203083	0.8895178482906496	0.8821396192203083	0.8803046812675046	0.13525068013991448	419,1,0,0,0,1,5,253,117,0,0,0,0,23,373,0,0,0,0,0,0,347,8,10,0,0,0,32,261,23,0,0,0,25,15,293
0.885766092475068	0.8905488168302711	0.885766092475068	0.8844440195816224	0.14088612514574428	412,0,0,0,0,2,10,282,98,0,0,0,0,22,382,0,0,0,0,0,0,362,10,19,0,0,0,18,248,31,0,0,0,26,16,268
0.8658204895738894	0.874833999727679	0.8658204895738894	0.8621241336251584	0.1459385930820054	444,0,0,0,0,0,14,235,149,0,0,1,0,32,374,0,0,0,0,0,0,351,6,14,0,0,0,22,235,21,0,0,0,28,9,271
0.9066183136899365	0.9077489929430791	0.9066183136899365	0.9062870891079726	0.11620676253400697	434,0,0,0,0,1,4,302,61,0,0,0,0,33,368,0,0,0,0,0,0,354,15,8,0,0,0,28,253,12,0,0,0,25,19,289
0.9043517679057117	0.9074062807836524	0.9043517679057117	0.903971270109536	0.11912164788184998	431,0,0,0,0,0,0,312,69,0,0,0,0,23,393,0,0,0,0,0,0,338,7,14,0,0,0,22,243,20,0,0,0,43,13,278
0.8726201269265639	0.8745051122675579	0.8726201269265639	0.8718958173702598	0.13797123979790127	431,0,0,0,0,1,0,255,108,0,0,0,0,65,359,0,0,0,0,0,0,337,7,16,0,0,0,37,247,17,0,0,0,20,10,296
0.8916591115140526	0.894961361327236	0.8916591115140526	0.8914380059099223	0.10823940924990283	451,0,0,0,0,0,0,319,73,0,0,0,0,39,360,0,0,0,0,0,0,329,5,15,0,0,0,34,232,17,0,0,0,41,15,276
0.915684496826836	0.9163879011155847	0.915684496826836	0.9153481241849185	0.11445783132530118	424,0,0,0,0,0,0,327,46,0,0,0,0,39,384,0,0,0,0,0,0,367,2,8,0,0,0,12,256,35,0,0,0,31,13,262
0.9075249320036265	0.9141894373011947	0.9075249320036265	0.9066425246740908	0.11348620287602018	455,1,0,0,0,0,0,288,101,0,0,0,0,14,382,0,0,0,0,0,0,345,11,5,0,0,0,24,233,18,0,0,0,19,11,299
0.8884859474161378	0.8927219586861086	0.8884859474161378	0.8878561073703627	0.1305868635833657	425,0,0,0,0,1,0,289,97,0,0,0,0,30,367,0,0,0,0,0,0,359,8,17,0,0,0,28,254,20,0,0,0,30,15,266
0.8807796917497733	0.8894719692190443	0.8807796917497733	0.8781794989664995	0.13777691410804505	430,0,0,0,0,1,11,250,128,0,0,0,0,21,393,0,0,0,0,0,0,337,13,12,0,0,0,32,248,12,0,0,0,23,10,285
0.8739800543970988	0.8820119150728123	0.8739800543970988	0.8721111852090342	0.13602798289933926	419,0,0,0,0,2,1,255,131,0,0,1,0,33,381,0,0,0,0,0,0,340,6,6,0,0,0,34,245,21,0,0,0,29,14,288
0.8907524932003626	0.8952796993700385	0.8907524932003626	0.8895111613827772	0.13233579479207147	406,0,0,0,0,0,5,278,103,0,0,0,0,26,398,0,0,0,0,0,0,353,10,18,0,0,0,20,249,25,0,0,0,24,10,281
0.9025385312783318	0.9067825456289818	0.9025385312783318	0.9020283381144666	0.11756704236300042	441,0,0,0,0,0,8,318,64,0,0,0,0,20,381,0,0,0,0,0,0,334,8,17,0,0,0,36,247,24,0,0,0,34,4,270
0.8748866727107888	0.8852135116319592	0.8748866727107888	0.8733095518399688	0.11776136805285664	410,0,0,0,0,0,0,287,133,0,0,1,0,20,376,0,0,0,0,0,0,343,9,10,0,0,0,29,228,29,0,0,0,24,21,286
0.8839528558476881	0.8866542849421075	0.8839528558476881	0.8832120433015965	0.11659541391371941	404,0,0,0,0,0,2,287,85,0,0,1,0,27,379,0,0,0,0,0,0,350,11,23,0,0,0,26,258,29,0,0,0,29,23,272
0.8585675430643699	0.8731547789509434	0.8585675430643699	0.8536737381612394	0.1459385930820054	414,0,0,0,0,0,22,219,148,0,0,0,0,16,379,0,0,0,0,0,0,321,10,27,0,0,0,21,266,39,0,0,0,20,9,295
0.8812330009066183	0.8906525846158975	0.8812330009066183	0.879706655859835	0.1325301204819277	419,0,0,0,0,1,2,289,132,0,0,1,0,24,386,0,0,0,0,0,0,356,6,10,0,0,0,17,237,34,0,0,0,23,12,257
0.8939256572982774	0.8985056039769194	0.8939256572982774	0.8930491397428365	0.12223085891954921	431,0,0,0,0,0,0,295,99,0,0,0,0,32,376,0,0,0,0,0,0,342,5,4,0,0,0,27,248,24,0,0,0,28,15,280
0.8930190389845875	0.8986919790511685	0.8930190389845875	0.8919941296143614	0.1232024873688301	397,0,0,0,0,1,0,297,94,0,0,1,0,17,393,0,0,0,0,0,0,357,9,7,0,0,0,21,253,26,0,0,0,40,20,273
