accuracy	precision	recall	f1	oob	confMatrxVars
0.5385312783318223	0.342187535348999	0.5385312783318223	0.40124311006655816	0.4591916051301982	418,0,0,0,0,0,0,0,414,1,0,0,0,0,398,0,0,0,0,0,0,372,0,0,0,0,0,293,0,0,0,0,0,310,0,0
0.5457842248413418	0.35089972668026026	0.5457842248413418	0.4101476951718812	0.4584143023707734	420,0,0,1,0,0,0,0,391,1,0,0,0,0,418,0,0,0,0,0,0,366,0,0,0,0,0,313,0,0,0,0,0,296,0,0
0.5412511332728921	0.35045261437994174	0.5412511332728921	0.40778109714996447	0.46463272444617176	420,0,0,2,0,0,0,0,369,0,0,0,0,0,429,0,0,0,0,0,0,345,0,0,0,0,0,296,0,0,0,0,0,345,0,0
0.5389845874886673	0.3442531930685299	0.5389845874886673	0.4027282989247435	0.4850369218810727	416,0,0,2,0,0,0,0,401,1,0,0,0,0,407,0,0,0,0,0,0,366,0,0,0,0,0,290,0,0,0,0,0,323,0,0
0.5548504079782411	0.3588672092010183	0.5548504079782411	0.4192617178232592	0.46424407306645943	432,0,0,0,0,0,0,0,389,1,0,0,0,0,407,0,0,0,0,0,0,385,0,0,0,0,0,284,0,0,0,0,0,308,0,0
0.5412511332728921	0.3472803190829891	0.5412511332728921	0.4052861788491888	0.4566653711620676	440,0,0,0,0,0,0,0,410,0,0,0,0,0,380,0,0,0,0,0,0,374,0,0,0,0,0,286,0,0,0,0,0,316,0,0
0.5353581142339076	0.3377305690774869	0.5353581142339076	0.3975313932192499	0.4708511465215701	391,0,0,0,0,0,0,0,371,0,0,0,0,0,405,0,0,0,0,0,0,385,0,0,0,0,0,310,0,0,0,0,0,344,0,0
0.5403445149592022	0.3507237498007352	0.5403445149592022	0.40700387329719595	0.4554994170229304	449,0,0,0,0,0,0,0,377,0,0,0,0,0,393,0,0,0,0,0,0,350,0,0,0,0,0,300,0,0,0,0,0,337,0,0
0.528105167724388	0.33251458725620103	0.528105167724388	0.39042555671872015	0.45200155460551883	399,0,2,1,0,0,0,0,422,0,0,0,0,0,408,0,0,0,0,0,0,358,0,0,0,0,0,279,0,0,0,0,0,337,0,0
0.5453309156844969	0.35151346105678344	0.5453309156844969	0.4102291768077878	0.46268946754760976	425,0,0,1,0,0,0,0,380,1,0,0,0,0,410,0,0,0,0,0,0,368,0,0,0,0,0,304,0,0,0,0,0,317,0,0
0.542611060743427	0.35004420012795967	0.542611060743427	0.4076565381283392	0.4562767197823552	444,0,0,0,0,0,0,0,424,0,0,0,0,0,409,0,0,0,0,0,0,344,0,0,0,0,0,277,0,0,0,0,0,308,0,0
0.528105167724388	0.33575631772578557	0.528105167724388	0.39204537832160846	0.4523902059852313	427,0,0,1,0,0,0,0,418,0,0,0,0,0,388,0,0,0,0,0,0,350,0,0,0,0,0,307,0,0,0,0,0,315,0,0
0.5380779691749773	0.34238543092539503	0.5380779691749773	0.4015335746739383	0.5256509910610183	398,0,1,1,0,0,0,0,396,1,0,0,0,0,432,0,0,0,0,0,0,357,0,0,0,0,0,297,0,0,0,0,0,323,0,0
0.5507706255666365	0.3593930614294218	0.5507706255666365	0.41725182336595	0.47026816945200156	448,0,1,1,0,0,0,0,388,0,0,0,0,0,407,0,0,0,0,0,0,360,0,0,0,0,0,297,0,0,0,0,0,304,0,0
0.5453309156844969	0.3543962008671246	0.5453309156844969	0.411969972331415	0.45996890788962297	433,0,0,1,0,0,0,0,377,0,0,0,0,0,425,0,0,0,0,0,0,345,0,0,0,0,0,303,0,0,0,0,0,322,0,0
0.5453309156844969	0.3530116215141719	0.5453309156844969	0.41100518222046983	0.45977458219976686	437,0,0,0,0,0,0,0,366,1,0,0,0,0,396,0,0,0,0,0,0,370,0,0,0,0,0,312,0,0,0,0,0,324,0,0
0.5444242973708069	0.34970534846746576	0.5444242973708069	0.40876557798429164	0.45588806840264284	422,0,0,0,0,0,0,0,370,0,0,0,0,0,400,0,0,0,0,0,0,379,0,0,0,0,0,302,0,0,0,0,0,333,0,0
0.5453309156844969	0.3458054348676904	0.5453309156844969	0.40717176872164706	0.49086669257675863	395,0,0,1,0,0,0,0,386,0,0,0,0,0,407,0,0,0,0,0,0,401,0,0,0,0,0,295,0,0,0,0,0,321,0,0
0.5385312783318223	0.3443483359318152	0.5385312783318223	0.4023876284426377	0.4533618344345123	430,0,0,0,0,0,0,0,405,0,0,0,0,0,392,0,0,0,0,0,0,366,0,0,0,0,0,281,0,0,0,0,0,332,0,0
0.5358114233907525	0.34178883557552503	0.5358114233907525	0.39973960374758294	0.47221142635056357	417,0,0,1,0,0,0,0,397,0,0,0,0,0,406,0,0,0,0,0,0,359,0,0,0,0,0,309,0,0,0,0,0,317,0,0
0.5516772438803264	0.3584369206456096	0.5516772438803264	0.4175270552373044	0.4753206373882627	430,0,0,1,0,0,0,0,381,0,0,0,0,0,428,0,0,0,0,0,0,359,0,0,0,0,0,288,0,0,0,0,0,319,0,0
0.5421577515865821	0.3444902556287856	0.5421577515865821	0.40468911267742735	0.496113486202876	406,0,0,0,0,0,0,0,395,0,0,0,0,0,410,0,0,0,0,0,0,380,0,0,0,0,0,294,0,0,0,0,0,321,0,0
0.5462375339981868	0.35226266047682225	0.5462375339981868	0.41105369425622373	0.4591916051301982	428,0,0,1,0,0,0,0,378,1,0,0,0,0,402,0,0,0,0,0,0,375,0,0,0,0,0,295,0,0,0,0,0,326,0,0
0.541704442429737	0.3477424430023688	0.541704442429737	0.40642990279436086	0.46560435289545277	412,0,0,1,0,0,0,0,374,0,0,0,0,0,421,0,0,0,0,0,0,362,0,0,0,0,0,293,0,0,0,0,0,343,0,0
0.5480507706255666	0.3511414847535268	0.5480507706255666	0.41148150934851496	0.45996890788962297	416,0,0,0,0,0,0,0,375,0,0,0,0,0,400,0,0,0,0,0,0,393,0,0,0,0,0,291,0,0,0,0,0,331,0,0
