accuracy	precision	recall	f1	oob	confMatrxVars
0.9737080689029919	0.9737623164699973	0.9737080689029919	0.973708118515227	0.03206373882627278	428,0,0,0,0,0,0,374,20,0,0,0,0,21,400,0,0,0,0,0,0,350,4,5,0,0,0,2,287,4,0,0,0,2,0,309
0.9660018132366274	0.9660294170809186	0.9660018132366274	0.9659884784550652	0.028760202098717436	427,0,0,0,0,0,0,350,28,0,0,1,0,27,371,0,0,0,0,0,0,355,2,5,0,0,0,5,311,4,0,0,0,1,2,317
0.9632819582955575	0.9634257723438837	0.9632819582955575	0.9632808867202509	0.02973183054799844	442,0,0,0,0,0,0,355,32,0,0,1,0,26,389,0,0,0,0,0,0,347,1,7,0,0,0,4,305,6,0,0,0,0,4,287
0.971441523118767	0.9714920516824159	0.971441523118767	0.9714509926482637	0.030703458997279442	413,1,0,0,0,0,0,358,20,0,0,0,0,21,409,0,0,0,0,0,0,344,6,3,0,0,0,4,307,5,0,0,0,1,2,312
0.9759746146872167	0.976296045586553	0.9759746146872167	0.9759478595296892	0.03148076175670422	403,0,0,0,0,0,0,338,27,0,0,0,0,10,405,0,0,0,0,0,0,361,4,3,0,0,0,1,328,6,0,0,0,1,1,318
0.972348141432457	0.9725682313511164	0.972348141432457	0.9723445758370953	0.03148076175670422	426,0,0,0,0,0,0,340,20,0,0,0,0,21,386,0,0,0,0,0,0,356,8,7,0,0,0,0,327,4,0,0,0,0,1,310
0.9773345421577516	0.977433365731193	0.9773345421577516	0.9773539244932118	0.033035367275553784	435,2,0,0,0,0,0,342,15,0,0,0,0,11,405,0,0,0,0,0,0,368,6,4,0,0,0,2,299,3,0,0,0,2,5,307
0.970988213961922	0.9709939135861778	0.970988213961922	0.9709648320062276	0.029343179168285993	401,0,0,0,0,0,0,361,26,0,0,1,0,20,396,0,0,0,0,0,0,367,1,2,0,0,0,2,288,4,0,0,0,4,4,329
0.9737080689029919	0.9737657503405777	0.9737080689029919	0.9737054917550433	0.027788573649436432	428,0,0,0,0,0,0,362,20,0,0,0,0,16,411,0,0,0,0,0,0,354,3,6,0,0,0,6,291,3,0,0,0,4,0,302
0.970081595648232	0.9703785507014309	0.970081595648232	0.9700426725078193	0.03186941313641667	437,0,0,0,0,0,0,335,29,0,0,1,0,12,387,0,0,0,0,0,0,385,5,5,0,0,0,5,281,4,0,0,0,1,4,315
0.9750679963735267	0.9751017969991933	0.9750679963735267	0.9750546138302999	0.03439564710454723	421,0,0,0,0,1,0,375,20,0,0,0,0,18,400,0,0,0,0,0,0,376,4,3,0,0,0,6,276,3,0,0,0,0,0,303
0.9764279238440616	0.9764958436406806	0.9764279238440616	0.9764169298726366	0.03109211037699189	433,0,0,0,0,0,0,352,22,0,0,0,0,17,385,0,0,0,0,0,0,374,4,5,0,0,0,2,284,2,0,0,0,0,0,326
0.972348141432457	0.9725068426194676	0.972348141432457	0.9723365677229799	0.034589972794403456	454,0,0,0,0,0,0,360,15,0,0,1,0,28,348,0,0,0,0,0,0,366,3,3,0,0,0,5,278,2,0,0,0,0,4,339
0.9755213055303718	0.9757664743620081	0.9755213055303718	0.9755122651365935	0.030120481927710885	404,0,0,0,0,0,0,373,28,0,0,1,0,14,376,0,0,0,0,0,0,377,0,2,0,0,0,3,278,1,0,0,0,5,0,344
0.9768812330009066	0.9769171780746145	0.9768812330009066	0.9768676291035496	0.028177225029148878	405,0,0,0,0,0,0,371,13,0,0,0,0,17,385,0,0,0,0,0,0,378,7,5,0,0,0,6,296,2,0,0,0,0,1,320
0.9741613780598368	0.9743253688497178	0.9741613780598368	0.9741419035574944	0.03148076175670422	427,0,0,0,0,1,0,354,23,0,0,0,0,10,396,0,0,0,0,0,0,344,6,4,0,0,0,8,298,2,0,0,0,1,2,330
0.9750679963735267	0.975098404041585	0.9750679963735267	0.9750685308847907	0.026428293820443094	390,0,0,0,0,0,0,349,19,0,0,1,0,23,432,0,0,0,0,0,0,369,2,4,0,0,0,3,294,1,0,0,0,0,2,317
0.970081595648232	0.9701360227864902	0.970081595648232	0.9700911942893926	0.027788573649436432	417,0,0,0,0,0,0,384,16,0,0,1,0,19,404,0,0,0,0,0,0,349,8,4,0,0,0,6,277,5,0,0,0,1,6,309
0.970988213961922	0.9711015231718482	0.970988213961922	0.9709719767289359	0.02895452778857366	420,0,0,0,0,0,0,350,24,0,0,0,0,18,383,0,0,0,0,0,0,377,5,4,0,0,0,5,313,7,0,0,0,0,1,299
0.9732547597461468	0.9733927313342442	0.9732547597461468	0.9732454355209633	0.02914885347842988	448,0,0,0,0,2,0,350,25,0,0,1,0,16,382,0,0,0,0,0,0,372,2,5,0,0,0,4,281,2,0,0,0,1,1,314
0.9746146872166818	0.9746825368976935	0.9746146872166818	0.9746114193637971	0.02914885347842988	441,0,0,0,0,0,0,361,17,0,0,0,0,23,417,0,0,0,0,0,0,347,1,0,0,0,0,6,272,3,0,0,0,1,5,312
0.9768812330009066	0.9769253563517063	0.9768812330009066	0.9768839633301434	0.03400699572483479	425,0,0,0,0,0,0,376,17,0,0,0,0,19,350,0,0,0,0,0,0,391,4,4,0,0,0,1,280,3,0,0,0,1,2,333
0.971441523118767	0.9714766835231123	0.971441523118767	0.9714386709588491	0.03050913330742322	428,0,0,0,0,0,0,363,24,0,0,1,0,25,423,0,0,0,0,0,0,369,1,2,0,0,0,1,270,6,0,0,0,1,2,290
0.9768812330009066	0.9769219671445739	0.9768812330009066	0.9768889294960837	0.030703458997279442	411,0,0,0,0,0,0,343,20,0,0,0,0,19,405,0,0,0,0,0,0,367,1,4,0,0,0,0,300,3,0,0,0,0,4,329
0.9746146872166818	0.9746752225347671	0.9746146872166818	0.9746289320787156	0.028760202098717436	415,0,0,0,0,0,0,389,20,0,0,0,0,22,402,0,0,0,0,0,0,348,5,1,0,0,0,4,284,0,0,0,0,0,4,312
