accuracy	precision	recall	f1	oob	confMatrxVars
0.9510426110607434	0.9517637878094339	0.9510426110607434	0.9509412861916045	0.07267780800621837	418,0,0,0,0,1,0,359,22,0,0,0,0,24,398,0,0,0,0,0,0,341,4,9,0,0,0,18,284,20,0,0,0,5,5,298
0.9369900271985494	0.9371177233603232	0.9369900271985494	0.9369406055785285	0.06451612903225812	421,0,0,0,0,0,0,347,44,0,0,0,0,42,375,0,0,0,0,0,0,366,5,11,0,0,0,15,258,10,0,0,0,6,6,300
0.9351767905711695	0.9359681846622855	0.9351767905711695	0.9350615541496365	0.06684803731053246	418,0,0,0,0,0,0,346,48,0,0,0,0,27,372,0,0,0,0,0,0,357,3,11,0,0,0,16,262,18,0,0,0,12,8,308
0.9252039891205802	0.9274697517817089	0.9252039891205802	0.9247670918289852	0.07034589972794403	438,2,0,0,0,1,0,333,66,0,0,0,0,24,371,0,0,0,0,0,0,367,4,5,0,0,0,16,238,33,0,0,0,4,10,294
0.9369900271985494	0.9375065909070951	0.9369900271985494	0.9368851553999742	0.06937427127866302	415,0,0,0,0,1,0,356,50,0,0,0,0,25,397,0,0,0,0,0,0,357,5,10,0,0,0,14,235,13,0,0,0,8,13,307
0.9265639165911151	0.9275066719354991	0.9265639165911151	0.9262986663290488	0.0662650602409639	417,0,0,0,0,1,0,350,44,0,0,0,0,42,362,0,0,0,0,0,0,352,5,9,0,0,0,26,257,21,0,0,0,9,5,306
0.9378966455122394	0.9387615678894965	0.9378966455122394	0.9379019872831384	0.06898561989895069	400,1,0,0,0,0,0,339,22,0,0,0,0,44,386,0,0,0,0,0,0,339,4,10,0,0,0,13,283,21,0,0,0,10,12,322
0.9360834088848595	0.9372307129120451	0.9360834088848595	0.9357784382343244	0.07092887679751259	440,0,0,0,0,0,0,364,49,0,0,1,0,25,394,0,0,0,0,0,0,339,4,4,0,0,0,21,242,20,0,0,0,11,6,286
0.942429737080689	0.9430162186317549	0.942429737080689	0.9423481103289256	0.0672366886902449	428,0,0,0,0,0,0,339,29,0,0,0,0,42,387,0,0,0,0,0,0,354,3,8,0,0,0,15,260,17,0,0,0,7,6,311
0.9397098821396193	0.9398011200969913	0.9397098821396193	0.9396693789853308	0.07073455110765647	395,0,0,0,0,0,0,338,35,0,0,0,0,37,400,0,0,0,0,0,0,369,7,12,0,0,0,14,255,14,0,0,0,3,11,316
0.9351767905711695	0.9353310117427249	0.9351767905711695	0.9351714994825904	0.06665371162067624	420,2,0,0,0,0,0,348,47,0,0,0,0,39,391,0,0,0,0,0,0,338,5,9,0,0,0,11,255,12,0,0,0,10,8,311
0.9378966455122394	0.9385863331777045	0.9378966455122394	0.9378902307799202	0.07228915662650603	427,0,0,0,0,1,0,350,44,0,0,0,0,27,379,0,0,0,0,0,0,354,5,14,0,0,0,12,261,17,0,0,0,11,6,298
0.9342701722574795	0.9350145702267912	0.9342701722574795	0.9341049537206682	0.0682083171395258	387,0,0,0,0,1,0,354,39,0,0,0,0,20,373,0,0,0,0,0,0,352,7,12,0,0,0,20,268,24,0,0,0,11,11,327
0.9279238440616501	0.9282855654852825	0.9279238440616501	0.9279106285104624	0.06471045472211423	431,0,0,0,0,2,0,343,38,0,0,1,0,50,368,0,0,0,0,0,0,358,9,7,0,0,0,15,251,13,0,0,0,17,7,296
0.9347234814143246	0.9352530731932835	0.9347234814143246	0.9345448415310217	0.06781966575981346	463,0,0,0,0,1,0,356,35,0,0,0,0,37,358,0,0,0,0,0,0,361,6,8,0,0,0,20,244,20,0,0,0,11,6,280
0.9460562103354487	0.9465022568593762	0.9460562103354487	0.9459474268986955	0.06607073455110768	417,0,0,0,0,0,0,359,48,0,0,1,0,29,397,0,0,0,0,0,0,353,6,6,0,0,0,12,267,11,0,0,0,4,2,294
0.9419764279238441	0.9431218524965691	0.9419764279238441	0.9418920537695533	0.06879129420909447	432,1,0,0,0,0,0,328,44,0,0,0,0,21,401,0,0,0,0,0,0,347,3,10,0,0,0,8,261,25,0,0,0,12,4,309
0.9356300997280145	0.9365831672405762	0.9356300997280145	0.9353716020865384	0.07209483093664981	405,0,0,0,0,0,0,331,55,0,0,0,0,24,382,0,0,0,0,0,0,364,5,8,0,0,0,17,260,19,0,0,0,4,10,322
0.9397098821396193	0.9406811000600173	0.9397098821396193	0.9395688252644172	0.06937427127866302	434,1,0,0,0,0,0,347,51,0,0,1,0,20,383,0,0,0,0,0,0,364,3,10,0,0,0,14,246,15,0,0,0,7,11,299
0.9333635539437897	0.9352727498875153	0.9333635539437897	0.9331444573504531	0.06471045472211423	415,0,0,0,0,2,0,334,67,0,0,0,0,23,397,0,0,0,0,0,0,349,7,5,0,0,0,17,275,13,0,0,0,9,4,289
0.9356300997280145	0.9358769672695447	0.9356300997280145	0.9354351574131445	0.07190050524679359	426,0,0,0,0,0,0,379,36,0,0,0,0,41,364,0,0,0,0,0,0,356,6,6,0,0,0,22,248,15,0,0,0,8,8,291
0.9378966455122394	0.9391783320427861	0.9378966455122394	0.9375576361039657	0.06704236300038868	429,0,0,0,0,0,0,307,55,0,0,1,0,24,375,0,0,0,0,0,0,351,4,3,0,0,0,13,280,25,0,0,0,7,5,327
0.928377153218495	0.9291337638735823	0.928377153218495	0.9280196408676782	0.07364943645549937	425,0,0,0,0,0,0,327,36,0,0,0,0,32,382,0,0,0,0,0,0,359,6,10,0,0,0,27,262,27,0,0,0,10,10,293
0.9374433363553943	0.9377086084332741	0.9374433363553943	0.9371980846638673	0.0691799455888068	433,0,0,0,0,0,0,319,38,0,0,0,0,23,393,0,0,0,0,0,0,337,10,8,0,0,0,18,262,24,0,0,0,7,10,324
0.9301903898458749	0.9330330716041553	0.9301903898458749	0.9297553223118992	0.0738437621453556	437,0,0,0,0,0,0,325,70,0,0,1,0,16,384,0,0,0,0,0,0,338,9,5,0,0,0,19,252,20,0,0,0,8,6,316
