accuracy	precision	recall	f1	confMatrxVars
0.5371713508612874	0.3420739580757713	0.5371713508612874	0.40041271950646284	424,0,0,0,0,00,0,404,0,0,00,0,388,0,0,00,0,0,373,0,00,0,0,295,0,00,0,0,322,0,0
0.5457842248413418	0.352706630720821	0.5457842248413418	0.411252891451029	423,0,0,1,0,00,0,351,0,0,00,0,402,0,0,00,0,0,379,0,00,0,0,323,0,00,0,0,327,0,0
0.5503173164097914	0.3576593857122233	0.5503173164097914	0.41646312468166136	421,0,1,2,0,00,0,372,0,0,00,0,433,0,0,00,0,0,360,0,00,0,0,292,0,00,0,0,325,0,0
0.5362647325475974	0.34140350797177965	0.5362647325475974	0.39964776661457196	418,0,1,0,0,00,0,408,0,0,00,0,402,0,0,00,0,0,363,0,00,0,0,294,0,00,0,0,320,0,0
0.5652765185856754	0.36866117402861776	0.5652765185856754	0.43069787161351725	418,0,0,0,0,00,0,366,0,0,00,0,446,0,0,00,0,0,383,0,00,0,0,281,0,00,0,0,312,0,0
0.5407978241160472	0.3446045035204528	0.5407978241160472	0.40405829442984664	407,0,1,0,0,00,0,382,0,0,00,0,408,0,0,00,0,0,378,0,00,0,0,298,0,00,0,0,332,0,0
0.5521305530371714	0.35560973883894126	0.5521305530371714	0.41605513665005117	425,0,0,0,0,00,0,388,0,0,00,0,407,0,0,00,0,0,386,0,00,0,0,294,0,00,0,0,306,0,0
0.5421577515865821	0.3486154003425052	0.5421577515865821	0.40696962434931355	422,0,0,1,0,00,0,379,0,0,00,0,409,0,0,00,0,0,365,0,00,0,0,315,0,00,0,0,315,0,0
0.5271985494106981	0.33152324888651286	0.5271985494106981	0.38967202921984195	397,0,0,0,0,00,0,411,1,0,00,0,418,0,0,00,0,0,348,0,00,0,0,295,0,00,0,0,336,0,0
0.5534904805077062	0.35831716089585586	0.5534904805077062	0.41833358346188365	427,0,1,0,0,00,0,390,0,0,00,0,423,0,0,00,0,0,371,0,00,0,0,286,0,00,0,0,308,0,0
0.5485040797824116	0.3502841904867229	0.5485040797824116	0.4114914701842002	397,0,1,0,0,00,0,370,0,0,00,0,420,0,0,00,0,0,393,0,00,0,0,305,0,00,0,0,320,0,0
0.557570262919311	0.36490154164630334	0.557570262919311	0.4240510524099842	443,0,1,1,0,00,0,376,1,0,00,0,415,0,0,00,0,0,372,0,00,0,0,300,0,00,0,0,297,0,0
0.5553037171350861	0.36675809890717626	0.5553037171350861	0.4237187751202781	463,0,2,1,0,00,0,371,0,0,00,0,406,0,0,00,0,0,356,0,00,0,0,301,0,00,0,0,306,0,0
0.5362647325475974	0.34315375123708564	0.5362647325475974	0.40048566509008293	434,0,0,0,0,00,0,394,0,0,00,0,380,0,0,00,0,0,369,0,00,0,0,304,0,00,0,0,325,0,0
0.557116953762466	0.3591698920269852	0.557116953762466	0.42081378945138737	418,0,0,0,0,00,0,375,1,0,00,0,409,0,0,00,0,0,402,0,00,0,0,289,0,00,0,0,312,0,0
0.541704442429737	0.3471941450032674	0.541704442429737	0.40605168713516454	413,0,0,1,0,00,0,394,1,0,00,0,428,0,0,00,0,0,354,0,00,0,0,282,0,00,0,0,333,0,0
0.5258386219401632	0.3333926462158122	0.5258386219401632	0.38958916356290013	419,0,2,0,0,00,0,396,0,0,00,0,378,0,0,00,0,0,363,0,00,0,0,297,0,00,0,0,351,0,0
0.5380779691749773	0.34605563074202395	0.5380779691749773	0.4034262334755513	424,0,0,1,0,00,0,380,0,0,00,0,410,0,0,00,0,0,353,0,00,0,0,315,0,00,0,0,323,0,0
0.5380779691749773	0.33882772844187775	0.5380779691749773	0.3993296221677749	397,0,0,0,0,00,0,413,1,0,00,0,408,0,0,00,0,0,382,0,00,0,0,274,0,00,0,0,331,0,0
0.5498640072529465	0.3585863354561097	0.5498640072529465	0.41666513114986364	433,0,1,1,0,00,0,363,1,0,00,0,420,0,0,00,0,0,360,0,00,0,0,301,0,00,0,0,326,0,0
0.5358114233907525	0.34086496817662165	0.5358114233907525	0.3992979374157687	410,0,0,1,0,00,0,401,0,0,00,0,414,0,0,00,0,0,358,0,00,0,0,296,0,00,0,0,326,0,0
0.5489573889392566	0.35044281423530166	0.5489573889392566	0.41177589108834134	395,0,1,1,0,00,0,367,0,0,00,0,413,0,0,00,0,0,403,0,00,0,0,292,0,00,0,0,334,0,0
0.5507706255666365	0.3579786878645564	0.5507706255666365	0.41681103420990523	430,0,0,1,0,00,0,368,1,0,00,0,420,0,0,00,0,0,365,0,00,0,0,290,0,00,0,0,331,0,0
0.543064369900272	0.3504156292921916	0.543064369900272	0.4084109783177617	429,0,0,1,0,00,0,394,0,0,00,0,419,0,0,00,0,0,350,0,00,0,0,301,0,00,0,0,312,0,0
0.5503173164097914	0.35532603547548547	0.5503173164097914	0.4150803428365968	424,0,0,0,0,00,0,389,0,0,00,0,427,0,0,00,0,0,363,0,00,0,0,295,0,00,0,0,308,0,0
0.5444242973708069	0.35007594179487145	0.5444242973708069	0.40889416605347845	427,0,0,0,0,00,0,379,0,0,00,0,400,0,0,00,0,0,374,0,00,0,0,306,0,00,0,0,320,0,0
0.5249320036264733	0.3308892491902137	0.5249320036264733	0.38792912802022267	406,0,0,1,0,00,0,389,0,0,00,0,386,0,0,00,0,0,366,0,00,0,0,323,0,00,0,0,335,0,0
0.5562103354487761	0.3624160795136427	0.5562103354487761	0.4222503766620499	429,0,0,0,0,00,0,352,0,0,00,0,419,0,0,00,0,0,379,0,00,0,0,291,0,00,0,0,336,0,0
0.557570262919311	0.3646757215629983	0.557570262919311	0.42388856331756797	450,0,0,0,0,00,0,390,0,0,00,0,418,0,0,00,0,0,362,0,00,0,0,265,0,00,0,0,321,0,0
0.5525838621940163	0.3569626330159461	0.5525838621940163	0.4175368264106276	437,0,0,1,0,08,0,350,1,0,00,0,398,0,0,00,0,0,384,0,00,0,0,296,0,00,0,0,331,0,0
0.5457842248413418	0.354327412487794	0.5457842248413418	0.4119732573701466	442,0,0,0,0,00,0,380,1,0,00,0,408,0,0,00,0,0,354,0,00,0,0,278,0,00,0,0,343,0,0
0.5611967361740707	0.36593320834493054	0.5611967361740707	0.42686617650465686	424,0,0,1,0,00,0,370,0,0,00,0,436,0,0,00,0,0,378,0,00,0,0,286,0,00,0,0,311,0,0
0.5262919310970081	0.330076956204959	0.5262919310970081	0.3883378609929975	392,0,0,1,0,00,0,402,0,0,00,0,407,0,0,00,0,0,362,0,00,0,0,310,0,00,0,0,332,0,0
0.5321849501359928	0.3371171818936656	0.5321849501359928	0.3953605842912328	400,0,2,0,0,00,0,384,1,0,00,0,406,0,0,00,0,0,368,0,00,0,0,315,0,00,0,0,330,0,0
0.5498640072529465	0.35437216248967285	0.5498640072529465	0.41414771399066813	428,0,0,0,0,00,0,389,0,0,00,0,408,0,0,00,0,0,377,0,00,0,0,297,0,00,0,0,307,0,0
0.5339981867633726	0.34211716308271156	0.5339981867633726	0.3989712315450781	428,0,0,0,0,00,0,378,0,0,00,0,392,0,0,00,0,0,358,0,00,0,0,296,0,00,0,0,354,0,0
0.5367180417044425	0.340078898871498	0.5367180417044425	0.3994468042543191	399,0,1,0,0,00,0,407,0,0,00,0,427,0,0,00,0,0,358,0,00,0,0,307,0,00,0,0,307,0,0
0.5475974614687217	0.351184805423104	0.5475974614687217	0.41145041607513294	410,0,0,0,0,00,0,378,0,0,00,0,423,0,0,00,0,0,375,0,00,0,0,299,0,00,0,0,321,0,0
0.5534904805077062	0.35780647196534415	0.5534904805077062	0.41813140082970296	418,0,1,1,0,00,0,381,0,0,00,0,424,0,0,00,0,0,379,0,00,0,0,292,0,00,0,0,310,0,0
0.5394378966455122	0.34524441115661975	0.5394378966455122	0.40376922166048085	412,0,0,1,0,00,0,382,1,0,00,0,417,0,0,00,0,0,361,0,00,0,0,306,0,00,0,0,326,0,0
0.5326382592928377	0.3384609783616563	0.5326382592928377	0.39655432504968385	403,0,0,0,0,00,0,380,0,0,00,0,418,0,0,00,0,0,354,0,00,0,0,319,0,00,0,0,332,0,0
0.5562103354487761	0.3610328929673849	0.5562103354487761	0.42115012597274304	438,0,0,0,0,00,0,363,0,0,00,0,387,0,0,00,0,0,402,0,00,0,0,302,0,00,0,0,314,0,0
0.5335448776065277	0.3387617118940994	0.5335448776065277	0.39701673875540877	402,0,0,2,0,00,0,394,0,0,00,0,416,0,0,00,0,0,359,0,00,0,0,287,0,00,0,0,346,0,0
0.5516772438803264	0.3550865810102621	0.5516772438803264	0.4157857548311127	413,0,0,0,0,00,0,383,0,0,00,0,431,0,0,00,0,0,373,0,00,0,0,288,0,00,0,0,318,0,0
0.5126926563916591	0.31830524048183534	0.5126926563916591	0.3744490006968513	393,0,0,1,0,00,0,416,1,0,00,0,385,0,0,00,0,0,353,0,00,0,0,323,0,00,0,0,334,0,0
0.5562103354487761	0.3598348516840056	0.5562103354487761	0.4207430204868209	422,0,0,0,0,00,0,383,0,0,00,0,427,0,0,00,0,0,378,0,00,0,0,290,0,00,0,0,306,0,0
0.557116953762466	0.366560510747396	0.557116953762466	0.4247649798874782	448,0,1,2,0,00,0,393,1,0,00,0,438,0,0,00,0,0,343,0,00,0,0,275,0,00,0,0,305,0,0
0.5639165911151405	0.3688821748740729	0.5639165911151405	0.4298266805811216	436,0,0,0,0,00,0,360,0,0,00,0,417,0,0,00,0,0,391,0,00,0,0,304,0,00,0,0,298,0,0
0.5516772438803264	0.3547969852930193	0.5516772438803264	0.41550013491034465	417,0,0,0,0,00,0,377,0,0,00,0,412,0,0,00,0,0,388,0,00,0,0,296,0,00,0,0,316,0,0
0.5512239347234814	0.3550135788284984	0.5512239347234814	0.41526861460550274	421,0,0,1,0,00,0,367,0,0,00,0,395,0,0,00,0,0,400,0,00,0,0,312,0,00,0,0,310,0,0
