accuracy	precision	recall	f1	oob	confMatrxVars
0.9786944696282865	0.9787714933537486	0.9786944696282865	0.9786886228620119	0.024873688301593422	434,0,0,0,0,0,0,345,18,0,0,0,0,11,385,0,0,0,0,0,0,376,4,5,0,0,0,3,310,3,0,0,0,1,2,309
0.9741613780598368	0.9743954666730466	0.9741613780598368	0.9741503809125543	0.02390205985231253	414,0,0,0,0,0,0,377,28,0,0,0,0,14,380,0,0,0,0,0,0,370,2,2,0,0,0,4,285,5,0,0,0,1,1,323
0.9768812330009066	0.9770437283361209	0.9768812330009066	0.9768713308335569	0.024873688301593422	428,0,0,0,0,0,0,351,25,0,0,1,0,14,368,0,0,0,0,0,0,390,3,2,0,0,0,0,280,4,0,0,0,0,2,338
0.9823209428830463	0.9823263267019421	0.9823209428830463	0.9823192938879849	0.025262339681305868	429,0,0,0,0,0,0,377,15,0,0,0,0,13,385,0,0,0,0,0,0,354,2,2,0,0,0,4,302,1,0,0,0,1,1,320
0.9777878513145966	0.977879613477402	0.9777878513145966	0.9777747021717644	0.023124757092887638	422,0,0,0,0,0,0,365,20,0,0,0,0,14,392,0,0,0,0,0,0,363,8,3,0,0,0,2,299,2,0,0,0,0,0,316
0.9800543970988214	0.9801547159915018	0.9800543970988214	0.9800354694704074	0.024290711232024864	404,0,0,0,0,0,0,393,19,0,0,1,0,10,420,0,0,0,0,0,0,359,7,2,0,0,0,3,285,2,0,0,0,0,0,301
0.9886672710788758	0.9886971701917804	0.9886672710788758	0.9886707181229304	0.025650991061018313	441,0,0,0,0,0,0,352,10,0,0,0,0,8,378,0,0,0,0,0,0,394,4,0,0,0,0,0,283,1,0,0,0,1,1,333
0.9791477787851315	0.9791930377928741	0.9791477787851315	0.9791393703479463	0.027399922269724097	419,0,0,0,0,0,0,363,18,0,0,1,0,12,411,0,0,0,0,0,0,356,3,2,0,0,0,3,289,1,0,0,0,1,5,322
0.9782411604714415	0.9783015613390217	0.9782411604714415	0.9782317633917489	0.024290711232024864	412,0,0,0,0,0,0,360,19,0,0,0,0,12,415,0,0,0,0,0,0,347,2,5,0,0,0,4,300,3,0,0,0,1,2,324
0.9759746146872167	0.9760430769312364	0.9759746146872167	0.9759790729272575	0.025650991061018313	381,1,0,0,0,0,0,383,22,0,0,0,0,16,405,0,0,0,0,0,0,369,2,2,0,0,0,3,298,4,0,0,0,3,0,317
0.971441523118767	0.9714699394015991	0.971441523118767	0.9714277844418173	0.02545666537116209	413,0,0,0,0,0,0,359,27,0,0,0,0,20,401,0,0,0,0,0,0,364,2,1,0,0,0,5,278,3,0,0,0,0,5,328
0.9823209428830463	0.9824302047869831	0.9823209428830463	0.9823258433460754	0.026039642440730648	436,1,0,0,0,0,0,367,17,0,0,0,0,9,388,0,0,0,0,0,0,367,4,3,0,0,0,0,285,3,0,0,0,1,1,324
0.9805077062556664	0.9807066647812137	0.9805077062556664	0.9804918394136554	0.024873688301593422	433,0,0,0,0,0,0,343,22,0,0,0,0,8,388,0,0,0,0,0,0,358,4,1,0,0,0,3,303,3,0,0,0,0,2,338
0.9777878513145966	0.9778168350493799	0.9777878513145966	0.977777540314049	0.024873688301593422	431,0,0,0,0,0,0,351,20,0,0,0,0,14,420,0,0,0,0,0,0,349,2,3,0,0,0,4,272,2,0,0,0,3,1,334
0.9755213055303718	0.9755256121942195	0.9755213055303718	0.9755141953297889	0.02701127089001165	410,0,0,0,0,0,0,363,22,0,0,0,0,18,406,0,0,0,0,0,0,355,4,2,0,0,0,5,299,1,0,0,0,1,1,319
0.9755213055303718	0.9755832534286097	0.9755213055303718	0.975503899891132	0.027205596579867874	441,0,0,0,0,0,0,359,23,0,0,0,0,14,419,0,0,0,0,0,0,344,3,4,0,0,0,5,284,2,0,0,0,1,2,305
0.972348141432457	0.9724940431372963	0.972348141432457	0.9723405834522644	0.024873688301593422	412,0,0,0,0,0,0,379,28,0,0,0,0,16,395,0,0,0,0,0,0,353,3,2,0,0,0,3,291,5,0,0,0,1,3,315
0.9818676337262012	0.9819273379898522	0.9818676337262012	0.9818702545610182	0.02623396813058687	422,0,0,0,0,0,0,373,14,0,0,0,0,10,399,0,0,0,0,0,0,356,5,3,0,0,0,1,313,4,0,0,0,1,2,303
0.9814143245693563	0.9814019521530826	0.9814143245693563	0.9814060806683415	0.026622619510299317	414,0,0,0,0,0,0,367,14,0,0,1,0,15,397,0,0,0,0,0,0,361,3,2,0,0,0,5,317,0,0,0,0,0,1,309
0.9796010879419764	0.9797216567454657	0.9796010879419764	0.9795907814912842	0.02623396813058687	438,1,0,0,0,0,0,370,19,0,0,1,0,9,394,0,0,0,0,0,0,344,2,0,0,0,0,3,293,2,0,0,0,3,5,322
0.9809610154125114	0.9809716618147396	0.9809610154125114	0.9809612294088469	0.02623396813058687	436,0,0,0,0,0,0,383,15,0,0,0,0,14,379,0,0,0,0,0,0,360,2,3,0,0,0,2,266,3,0,0,0,1,2,340
0.9696282864913871	0.9696927187399255	0.9696282864913871	0.9696385211287477	0.024873688301593422	441,0,0,0,0,0,0,360,20,0,0,1,0,20,402,0,0,0,0,0,0,356,6,5,0,0,0,5,284,3,0,0,0,0,7,296
0.972348141432457	0.9724464769373354	0.972348141432457	0.9723277360874084	0.022347454333462857	435,0,0,0,0,0,0,361,25,0,0,1,0,15,388,0,0,0,0,0,0,366,2,4,0,0,0,5,284,4,0,0,0,1,4,311
0.9773345421577516	0.9774142931364492	0.9773345421577516	0.9773281735889197	0.02331908278274386	410,0,0,0,0,2,0,370,15,0,0,1,0,16,378,0,0,0,0,0,0,374,1,3,0,0,0,7,292,3,0,0,0,1,1,332
0.9814143245693563	0.9816730904637223	0.9814143245693563	0.981398913247684	0.028565876408861213	424,0,0,0,0,0,0,356,21,0,0,0,0,6,411,0,0,0,0,0,0,367,1,3,0,0,0,4,286,3,0,0,0,3,0,321
