accuracy	precision	recall	f1	oob	confMatrxVars
0.9116047144152312	0.9128743314295011	0.9116047144152312	0.911127699721044	0.08472600077730275	391,0,0,0,0,0,0,323,46,0,0,0,0,45,356,0,0,0,0,0,0,363,5,9,0,0,0,32,268,31,0,0,0,16,11,310
0.9206708975521306	0.9220493230520884	0.9206708975521306	0.9206635144578742	0.08589195491643997	412,0,0,0,0,0,0,349,30,0,0,0,0,62,357,0,0,0,0,0,0,341,7,21,0,0,0,15,239,17,0,0,0,15,8,333
0.9138712601994561	0.9170426416793178	0.9138712601994561	0.9135138912481688	0.08297706956859696	416,1,0,0,0,2,0,326,82,0,0,0,0,25,362,0,0,0,0,0,0,372,5,7,0,0,0,19,235,21,0,0,0,16,12,305
0.915684496826836	0.9180573627917442	0.915684496826836	0.9153260994841882	0.09521958802953745	435,0,0,0,0,0,0,315,67,0,0,0,0,22,386,0,0,0,0,0,0,362,4,18,0,0,0,19,230,26,0,0,0,19,11,292
0.899365367180417	0.903268969567579	0.899365367180417	0.8985116508940874	0.09075009716284488	404,0,0,0,0,0,0,299,99,0,0,0,0,28,390,0,0,0,0,0,0,361,8,9,0,0,0,18,230,28,0,0,0,19,13,300
0.9238440616500453	0.9252443384046062	0.9238440616500453	0.9236883360252816	0.0853089778468713	442,0,0,0,0,0,0,327,55,0,0,0,0,22,376,0,0,0,0,0,0,354,6,18,0,0,0,24,258,16,0,0,0,16,11,281
0.9247506799637353	0.9272833008039325	0.9247506799637353	0.9242067643999577	0.09133307423241355	425,0,0,0,0,1,0,311,62,0,0,0,0,18,397,0,0,0,0,0,0,355,5,12,0,0,0,25,245,26,0,0,0,9,8,307
0.9188576609247506	0.9207407090835397	0.9188576609247506	0.9187094603352565	0.0823940924990284	412,1,0,0,0,1,0,331,48,0,0,0,0,31,385,0,0,0,0,0,0,360,6,18,0,0,0,21,255,34,0,0,0,10,9,284
0.9193109700815957	0.9220149308940828	0.9193109700815957	0.9189737865489309	0.08569762922658375	426,0,0,0,0,2,0,325,62,0,0,1,0,16,381,0,0,0,0,0,0,348,5,14,0,0,0,23,242,25,0,0,0,18,12,306
0.9179510426110608	0.9192220717240634	0.9179510426110608	0.9175786150322912	0.08200544111931596	416,0,0,0,0,1,0,319,46,0,0,1,0,42,391,0,0,0,0,0,0,354,4,12,0,0,0,29,235,24,0,0,0,15,7,310
0.9211242067089755	0.9226629499101449	0.9211242067089755	0.9211278110656942	0.08025650991061017	415,0,0,0,0,0,0,332,32,0,0,0,0,63,369,0,0,0,0,0,0,347,6,8,0,0,0,17,271,15,0,0,0,22,11,298
0.9206708975521306	0.9221065967350978	0.9206708975521306	0.9204674648027598	0.08938981733385154	416,0,0,0,0,3,0,336,54,0,0,0,0,27,382,0,0,0,0,0,0,358,8,13,0,0,0,21,238,25,0,0,0,17,7,301
0.9338168631006346	0.9347734503136805	0.9338168631006346	0.9335478607201894	0.08453167508744652	449,0,0,0,0,1,0,329,38,0,0,1,0,36,353,0,0,0,0,0,0,359,3,7,0,0,0,25,249,19,0,0,0,11,5,321
0.9252039891205802	0.9263854787569894	0.9252039891205802	0.9248946685851188	0.08433734939759041	437,2,0,0,0,1,0,325,46,0,0,0,0,28,382,0,0,0,0,0,0,360,4,12,0,0,0,22,246,30,0,0,0,9,11,291
0.9079782411604714	0.9108038643770765	0.9079782411604714	0.907345812024675	0.08919549164399532	422,0,0,0,0,1,0,313,82,0,0,0,0,25,395,0,0,0,0,0,0,354,10,10,0,0,0,24,230,25,0,0,0,15,11,289
0.9034451495920217	0.9097409871023966	0.9034451495920217	0.9026822731013754	0.0899727944034201	425,0,0,0,0,0,0,304,93,0,0,1,0,17,392,0,0,0,0,0,0,354,3,16,0,0,0,26,244,28,0,0,0,20,9,274
0.9120580235720761	0.9136668076805151	0.9120580235720761	0.9119525441438577	0.08297706956859696	415,0,0,0,0,1,0,338,70,0,0,1,0,35,362,0,0,0,0,0,0,341,5,14,0,0,0,18,258,18,0,0,0,22,10,298
0.9188576609247506	0.9220461873560628	0.9188576609247506	0.9185871698035759	0.08414302370773419	417,1,0,0,0,0,0,319,72,0,0,1,0,17,380,0,0,0,0,0,0,367,10,16,0,0,0,20,270,21,0,0,0,13,8,274
0.9252039891205802	0.9289358638988015	0.9252039891205802	0.9247451298418332	0.09152739992226977	437,0,0,0,0,0,1,308,68,0,0,1,0,16,368,0,0,0,0,0,0,360,3,12,0,0,0,26,267,21,0,0,0,12,5,301
0.9220308250226654	0.9248396411714008	0.9220308250226654	0.9214368642134574	0.09230470268169455	423,0,0,0,0,0,4,317,62,0,0,0,0,21,384,0,0,0,0,0,0,345,5,9,0,0,0,19,265,35,0,0,0,12,5,300
0.9197642792384406	0.9217739317477366	0.9197642792384406	0.9194360730094564	0.07870190439176061	429,1,0,0,0,0,0,333,64,0,0,0,0,35,396,0,0,0,0,0,0,344,4,11,0,0,0,22,247,26,0,0,0,11,3,280
0.9270172257479601	0.9277063981751915	0.9270172257479601	0.9270196640730215	0.08861251457442676	406,2,0,0,0,1,0,346,42,0,0,0,0,38,363,0,0,0,0,0,0,377,4,12,0,0,0,18,257,15,0,0,0,22,7,296
0.9206708975521306	0.9216921926054111	0.9206708975521306	0.9205857485245249	0.08589195491643997	405,1,0,0,0,2,0,336,55,0,0,0,0,40,363,0,0,0,0,0,0,354,6,11,0,0,0,23,266,18,0,0,0,14,5,307
0.9174977334542158	0.9187701223758695	0.9174977334542158	0.9170764263390278	0.08375437232802174	444,0,0,0,0,1,0,311,44,0,0,0,0,35,379,0,0,0,0,0,0,363,10,9,0,0,0,24,246,36,0,0,0,17,6,281
0.9324569356300997	0.9327458624985231	0.9324569356300997	0.9322888379994214	0.08764088612514576	411,0,0,0,0,1,0,354,38,0,0,0,0,33,410,0,0,0,0,0,0,333,3,9,0,0,0,17,245,21,0,0,0,14,13,304
