accuracy	precision	recall	f1	oob	confMatrxVars
0.9446962828649139	0.9462967603589775	0.9446962828649139	0.9444764148956039	0.0701515740380878	437,0,0,0,0,0,0,338,52,0,0,1,0,14,388,0,0,0,0,0,0,350,4,6,0,0,0,15,253,15,0,0,0,9,6,318
0.9401631912964642	0.9403651914561494	0.9401631912964642	0.9400525671067759	0.06587640886125146	416,1,0,0,0,0,0,342,26,0,0,0,0,25,362,0,0,0,0,0,0,376,7,12,0,0,0,17,265,23,0,0,0,8,13,313
0.9401631912964642	0.9406168259205031	0.9401631912964642	0.9400086864892995	0.06471045472211423	430,0,0,0,0,1,0,352,34,0,0,0,0,33,376,0,0,0,0,0,0,325,8,7,0,0,0,16,265,22,0,0,0,7,4,326
0.9410698096101541	0.941529015496687	0.9410698096101541	0.940952833531661	0.06509910610182668	414,0,0,0,0,1,0,348,33,0,0,1,0,31,393,0,0,0,0,0,0,352,3,7,0,0,0,15,269,21,0,0,0,10,8,300
0.9324569356300997	0.9340396161681797	0.9324569356300997	0.9320401136725601	0.07073455110765647	421,0,0,0,0,0,0,338,59,0,0,0,0,24,387,0,0,0,0,0,0,350,7,6,0,0,0,24,254,20,0,0,0,5,4,307
0.9415231187669991	0.9442349257440728	0.9415231187669991	0.9413422720019021	0.07306645938593082	430,0,0,0,0,1,0,335,66,0,0,0,0,13,393,0,0,0,0,0,0,330,5,5,0,0,0,11,285,11,0,0,0,11,6,304
0.9383499546690843	0.9407437139076743	0.9383499546690843	0.9378393663614285	0.06587640886125146	446,0,0,0,0,0,0,351,60,0,0,0,0,10,427,0,0,0,0,0,0,331,5,4,0,0,0,19,225,23,0,0,0,6,9,290
0.942883046237534	0.9437098768687714	0.942883046237534	0.9427124169406176	0.06937427127866302	451,0,0,0,0,2,0,330,37,0,0,1,0,27,349,0,0,0,0,0,0,364,3,6,0,0,0,20,280,19,0,0,0,6,5,306
0.9392565729827742	0.9394068575957621	0.9392565729827742	0.9391568279975696	0.059269335406140655	420,1,0,0,0,1,0,351,37,0,0,0,0,28,389,0,0,0,0,0,0,365,7,7,0,0,0,16,249,16,0,0,0,11,10,298
0.9401631912964642	0.9410085523862991	0.9401631912964642	0.9399912979130999	0.07112320248736881	425,0,0,0,0,0,0,373,44,0,0,0,0,25,379,0,0,0,0,0,0,343,5,8,0,0,0,17,241,19,0,0,0,10,4,313
0.9374433363553943	0.937766837736051	0.9374433363553943	0.9371746466599301	0.06276719782355222	433,0,0,0,0,0,0,339,40,0,0,0,0,33,353,0,0,0,0,0,0,370,5,7,0,0,0,22,240,17,0,0,0,7,7,333
0.9320036264732547	0.9325296419807388	0.9320036264732547	0.9316655557274662	0.06607073455110768	424,0,0,0,0,0,0,335,40,0,0,1,0,43,377,0,0,0,0,0,0,373,5,5,0,0,0,23,249,21,0,0,0,6,6,298
0.9465095194922938	0.9473132478575851	0.9465095194922938	0.9463289140315254	0.07170617955693748	422,0,0,0,0,1,0,315,43,0,0,1,0,16,413,0,0,0,0,0,0,346,4,9,0,0,0,12,257,16,0,0,0,9,7,335
0.9229374433363554	0.9237950958016208	0.9229374433363554	0.9228006288987975	0.06937427127866302	439,0,0,0,0,0,0,343,56,0,0,0,0,34,353,0,0,0,0,0,0,331,6,11,0,0,0,19,253,20,0,0,0,15,9,317
0.9388032638259293	0.939123144278864	0.9388032638259293	0.9388263157226763	0.06801399144966969	415,0,0,0,0,1,0,349,33,0,0,1,0,40,365,0,0,0,0,0,0,356,4,10,0,0,0,7,275,20,0,0,0,9,10,311
0.9369900271985494	0.9388778054152442	0.9369900271985494	0.9368449457862817	0.06976292265837547	432,1,0,0,0,2,0,331,50,0,0,1,0,11,390,0,0,0,0,0,0,359,4,14,0,0,0,15,242,19,0,0,0,13,9,313
0.9397098821396193	0.9401231360235311	0.9397098821396193	0.9395515386992068	0.06879129420909447	413,0,0,0,0,1,0,331,52,0,0,0,0,28,412,0,0,0,0,0,0,353,5,8,0,0,0,12,242,13,0,0,0,5,9,322
0.9324569356300997	0.9333924660787315	0.9324569356300997	0.9323964078924725	0.06276719782355222	419,0,0,0,0,2,0,346,46,0,0,1,0,30,386,0,0,0,0,0,0,336,4,12,0,0,0,15,272,23,0,0,0,7,9,298
0.942883046237534	0.9433941249640604	0.942883046237534	0.9428517311541967	0.06995724834823158	407,0,0,0,0,2,0,356,38,0,0,0,0,22,357,0,0,0,0,0,0,364,8,10,0,0,0,12,264,19,0,0,0,6,9,332
0.9437896645512239	0.9439657277034108	0.9437896645512239	0.9436925494869024	0.06879129420909447	383,1,0,0,0,0,0,373,37,0,0,0,0,21,378,0,0,0,0,0,0,362,10,2,0,0,0,13,281,21,0,0,0,6,13,305
0.9347234814143246	0.9358102669318962	0.9347234814143246	0.9345029552757559	0.06840264282938202	426,0,0,0,0,1,0,365,52,0,0,0,0,20,393,0,0,0,0,0,0,341,9,3,0,0,0,18,246,20,0,0,0,12,9,291
0.92883046237534	0.9307077040040966	0.92883046237534	0.9284810178721352	0.06762534006995724	405,0,0,0,0,0,0,330,59,0,0,1,0,22,385,0,0,0,0,0,0,355,4,10,0,0,0,18,262,27,0,0,0,7,9,312
0.9483227561196736	0.9485410715167297	0.9483227561196736	0.9481639863276479	0.06684803731053246	431,0,0,0,0,2,0,325,38,0,0,1,0,27,401,0,0,0,0,0,0,343,2,3,0,0,0,11,255,17,0,0,0,5,8,337
0.9374433363553943	0.9379229272574104	0.9374433363553943	0.9372392027214749	0.06898561989895069	420,0,0,0,0,0,0,335,37,0,0,0,0,32,391,0,0,0,0,0,0,359,7,9,0,0,0,18,247,21,0,0,0,10,4,316
0.9419764279238441	0.9423356879596896	0.9419764279238441	0.9419366384418479	0.0672366886902449	451,0,0,0,0,1,0,367,35,0,0,0,0,35,363,0,0,0,0,0,0,364,9,10,0,0,0,11,240,18,0,0,0,3,6,293
