accuracy	precision	recall	f1	oob	confMatrxVars
0.8096101541251133	0.8534187112970741	0.8096101541251133	0.7867967202940965	0.21764477263894288	439,0,0,0,0,1,18,101,263,0,0,0,0,5,391,0,0,0,0,0,0,375,5,5,0,0,0,20,251,19,0,0,0,59,25,229
0.800543970988214	0.8554379226106831	0.800543970988214	0.7742406516341624	0.20948309366498252	428,0,0,0,0,0,16,85,275,0,0,0,0,1,426,0,0,0,0,0,0,345,7,9,0,0,0,46,255,8,0,0,0,65,13,227
0.8059836808703535	0.8373749512758057	0.8059836808703535	0.7899826534666844	0.21997668091721723	419,0,0,0,0,1,19,125,231,0,0,0,0,19,387,0,0,0,0,0,0,360,5,5,0,0,0,42,249,7,0,0,0,75,24,238
0.8028105167724388	0.856018506389752	0.8028105167724388	0.7747665510248273	0.20015546055188493	396,0,0,0,0,0,28,89,270,0,0,1,0,0,419,0,0,0,0,0,0,367,5,9,0,0,0,30,260,8,0,0,0,61,23,240
0.6813236627379873	0.8085045212482728	0.6813236627379873	0.6102277820949757	0.28837932374659925	416,0,0,0,0,1,13,31,351,0,0,1,0,0,408,0,0,0,0,0,0,341,7,0,0,0,0,48,245,1,0,0,0,244,37,62
0.7842248413417952	0.8494825774402153	0.7842248413417952	0.7511875805964946	0.2234745433346288	440,0,0,0,0,0,18,63,301,0,0,0,0,2,385,0,0,0,0,0,0,368,7,4,0,0,0,44,246,3,0,0,0,75,22,228
0.7883046237533998	0.8253850726266145	0.7883046237533998	0.7685986337739585	0.22230858919549168	421,0,0,0,0,0,24,131,238,0,0,0,0,14,407,0,0,0,0,0,0,377,13,2,0,0,0,40,227,11,0,0,0,92,33,176
0.8050770625566637	0.8424129558273877	0.8050770625566637	0.7846132843388965	0.19860085503303537	449,0,0,0,0,1,16,103,260,0,0,1,0,12,389,0,0,0,0,0,0,349,6,13,0,0,0,50,247,10,0,0,0,46,15,239
0.78558476881233	0.8387852447173101	0.78558476881233	0.7681381345544663	0.2273610571317528	395,0,0,0,0,1,14,127,250,0,0,1,0,10,406,0,0,0,0,0,0,322,5,2,0,0,0,55,269,3,0,0,0,105,27,214
0.6554850407978241	0.809840810357819	0.6554850407978241	0.5605437617404727	0.31383598911776134	436,0,0,0,0,0,2,18,397,0,0,0,0,0,409,0,0,0,0,0,0,331,10,0,0,0,0,43,237,0,0,0,0,264,44,15
0.6953762466001813	0.81640590967303	0.6953762466001813	0.6257458280741364	0.2813835989117761	410,0,0,0,1,0,28,26,333,1,0,0,0,0,418,0,0,0,0,0,0,338,7,0,0,0,0,39,262,0,0,0,0,231,32,80
0.7796917497733454	0.8434472742809676	0.7796917497733454	0.7575210252039754	0.23066459385930815	402,0,0,0,0,0,15,131,255,0,0,1,0,0,425,0,0,0,0,0,0,354,11,2,0,0,0,42,236,1,0,0,0,120,39,172
0.7778785131459656	0.8236034879625262	0.7778785131459656	0.7593761116436978	0.23921492421298096	428,0,0,0,0,0,19,131,244,0,0,0,0,14,407,0,0,0,0,0,0,340,8,6,0,0,0,62,233,4,0,0,0,101,32,177
0.7683590208522212	0.8377857567988537	0.7683590208522212	0.7347419577507696	0.2403808783521182	452,0,0,0,1,0,17,70,291,1,0,0,0,2,405,0,0,0,0,0,0,358,7,0,0,0,0,46,233,5,0,0,0,110,31,177
0.7311876699909338	0.8161345266764385	0.7311876699909338	0.6885715198078473	0.26000777302759426	453,0,0,0,0,0,15,106,270,0,0,0,0,5,407,0,0,0,0,0,0,345,19,0,0,0,0,33,231,1,0,0,0,209,41,71
0.8173164097914778	0.8597447431205897	0.8173164097914778	0.8027450976964202	0.20792848814613296	439,0,0,0,0,0,1,132,243,0,0,0,0,5,409,0,0,0,0,0,0,348,8,10,0,0,0,36,252,6,0,0,0,68,26,223
0.7116953762466002	0.8165655590548931	0.7116953762466002	0.6548504885748389	0.2689467547609794	399,0,0,0,0,1,13,17,365,0,0,0,0,0,392,0,0,0,0,0,0,359,14,2,0,0,0,61,233,4,0,0,0,135,41,170
0.828649138712602	0.8514742411751955	0.828649138712602	0.820400739784324	0.18441507967353288	412,0,0,0,0,1,10,172,195,0,0,0,0,23,392,0,0,0,0,0,0,363,3,10,0,0,0,46,268,12,0,0,0,63,15,221
0.8245693563009973	0.8583271319024943	0.8245693563009973	0.8108726162084449	0.20307034589972794	417,0,0,0,0,0,17,142,220,0,0,1,0,8,409,0,0,0,0,0,0,343,8,7,0,0,0,52,270,8,0,0,0,45,21,238
0.7669990933816863	0.8343550927993831	0.7669990933816863	0.7428576687964179	0.24387874076952976	436,0,0,0,0,0,0,107,286,0,0,0,0,8,399,0,0,0,0,0,0,348,8,0,0,0,0,42,240,5,0,0,0,137,28,162
0.7697189483227561	0.8451543620479857	0.7697189483227561	0.7256332037170372	0.22017100660707345	434,0,0,0,0,1,17,41,337,0,0,1,0,0,423,0,0,0,0,0,0,336,4,6,0,0,0,47,248,9,0,0,0,62,24,216
0.7688123300090662	0.8173572004271948	0.7688123300090662	0.7456758691241873	0.23843762145355618	437,0,0,0,1,0,29,156,177,1,0,0,0,21,406,0,0,0,0,0,0,356,14,1,0,0,0,49,238,1,0,0,0,179,37,103
0.799184043517679	0.8291313521454694	0.799184043517679	0.7820120651173166	0.20307034589972794	412,0,0,0,0,0,21,133,248,0,0,1,0,20,395,0,0,0,0,0,0,370,10,9,0,0,0,40,238,10,0,0,0,60,24,215
0.7506799637352675	0.839042514409807	0.7506799637352675	0.6972777605469069	0.24193548387096775	416,0,0,0,0,0,30,32,365,0,0,1,0,0,410,0,0,0,0,0,0,356,5,2,0,0,0,35,238,3,0,0,0,73,36,204
0.7262012692656392	0.8251701524679351	0.7262012692656392	0.6681011031265864	0.2681694520015546	388,0,0,0,0,0,26,24,348,0,0,0,0,0,419,0,0,0,0,0,0,365,8,0,0,0,0,43,252,1,0,0,0,143,35,154
