accuracy	precision	recall	f1	oob	confMatrxVars
0.970081595648232	0.9701651758399914	0.970081595648232	0.9700760643572031	0.030314807617566997	418,0,0,0,0,0,0,391,29,0,0,1,0,21,379,0,0,0,0,0,0,355,5,2,0,0,0,1,300,3,0,0,0,2,2,297
0.971894832275612	0.9719114415732432	0.971894832275612	0.971898832423563	0.032258064516129004	405,0,0,0,0,0,0,393,25,0,0,0,0,23,404,0,0,0,0,0,0,367,4,1,0,0,0,3,267,2,0,0,0,1,3,308
0.9732547597461468	0.973274707479575	0.9732547597461468	0.9732593625999778	0.035950252623396795	441,0,0,0,0,0,0,333,17,0,0,1,0,20,413,0,0,0,0,0,0,348,6,2,0,0,0,5,273,2,0,0,0,3,3,339
0.971894832275612	0.9722881584150462	0.971894832275612	0.9718740503922301	0.03186941313641667	412,0,0,0,0,0,0,379,30,0,0,0,0,12,410,0,0,0,0,0,0,362,2,5,0,0,0,5,281,6,0,0,0,0,2,300
0.9551223934723482	0.9553930605881188	0.9551223934723482	0.9551455163131534	0.033035367275553784	443,0,0,0,0,0,0,352,24,0,0,1,0,35,376,0,0,0,0,0,0,353,13,6,0,0,0,7,276,5,0,0,0,2,6,307
0.9687216681776972	0.9691365445676037	0.9687216681776972	0.9687470585891896	0.03342401865526623	403,0,0,0,0,0,0,382,30,0,0,0,0,13,361,0,0,0,0,0,0,378,8,4,0,0,0,4,292,4,0,0,0,1,5,321
0.972348141432457	0.9724010562391829	0.972348141432457	0.9723697486095733	0.035172949863972014	419,2,0,0,0,0,0,357,20,0,0,0,0,18,402,0,0,0,0,0,0,334,2,5,0,0,0,3,308,4,0,0,0,4,3,325
0.9673617407071623	0.9673725855839262	0.9673617407071623	0.9673475188348404	0.03186941313641667	429,0,0,0,0,0,0,360,27,0,0,0,0,26,401,0,0,0,0,0,0,368,7,2,0,0,0,4,267,5,0,0,0,1,0,309
0.9687216681776972	0.9688811363415503	0.9687216681776972	0.9687120244554097	0.03322969296541001	392,0,0,0,0,0,0,382,27,0,0,1,0,15,385,0,0,0,0,0,0,369,8,4,0,0,0,6,301,2,0,0,0,3,3,308
0.9673617407071623	0.9675615930151666	0.9673617407071623	0.9673475884120016	0.03264671589584145	399,0,0,0,0,0,0,349,30,0,0,0,0,16,403,0,0,0,0,0,0,362,8,2,0,0,0,5,311,4,0,0,0,2,5,310
0.9637352674524026	0.9638166076246815	0.9637352674524026	0.9637637145548059	0.033035367275553784	415,2,0,0,0,0,0,367,23,0,0,1,0,27,394,0,0,0,0,0,0,342,4,4,0,0,0,4,285,5,0,0,0,4,6,323
0.9655485040797824	0.965573953549743	0.9655485040797824	0.965527126557337	0.029926156237854662	417,0,0,0,0,2,0,362,28,0,0,1,0,25,391,0,0,0,0,0,0,360,5,3,0,0,0,7,264,3,0,0,0,2,0,336
0.971894832275612	0.9719491038308137	0.971894832275612	0.971898996443996	0.03400699572483479	439,0,0,0,0,0,0,371,24,0,0,0,0,24,411,0,0,0,0,0,0,328,3,2,0,0,0,2,285,0,0,0,0,2,5,310
0.970081595648232	0.9701228152848419	0.970081595648232	0.970077754436796	0.035172949863972014	430,0,0,0,0,1,0,350,22,0,0,0,0,20,402,0,0,0,0,0,0,372,3,3,0,0,0,5,284,6,0,0,0,4,2,302
0.970988213961922	0.9711269204307353	0.970988213961922	0.9709595791682033	0.03322969296541001	451,0,0,0,0,0,0,335,25,0,0,0,0,12,400,0,0,0,0,0,0,340,7,4,0,0,0,8,293,3,0,0,0,1,4,323
0.9673617407071623	0.9673676845398423	0.9673617407071623	0.9673581603348868	0.033035367275553784	434,0,0,0,0,0,0,369,27,0,0,0,0,25,364,0,0,0,0,0,0,373,1,4,0,0,0,3,279,3,0,0,0,5,4,315
0.9614687216681777	0.9617893656841694	0.9614687216681777	0.9613947321584824	0.030314807617566997	426,0,0,0,0,0,0,359,35,0,0,1,0,18,391,0,0,0,0,0,0,346,0,3,0,0,0,13,271,4,0,0,0,2,9,328
0.9678150498640072	0.9678543414016219	0.9678150498640072	0.9678170255516388	0.030897784687135665	424,0,0,0,0,0,0,346,25,0,0,0,0,24,410,0,0,0,0,0,0,378,7,4,0,0,0,4,281,3,0,0,0,1,3,296
0.9669084315503174	0.9669622583916517	0.9669084315503174	0.9668895241588112	0.03206373882627278	432,0,0,0,0,0,0,353,29,0,0,0,0,20,401,0,0,0,0,0,0,354,4,4,0,0,0,10,288,1,0,0,0,0,5,305
0.9628286491387126	0.9628351458286476	0.9628286491387126	0.9628169078291156	0.03361834434512245	434,0,0,0,0,0,0,343,28,0,0,0,0,26,357,0,0,0,0,0,0,378,6,6,0,0,0,9,306,3,0,0,0,0,4,306
0.970988213961922	0.9712196854351566	0.970988213961922	0.9709976845187456	0.03633890400310924	417,0,0,0,0,0,0,357,14,0,0,0,0,26,382,0,0,0,0,0,0,376,2,6,0,0,0,5,290,6,0,0,0,1,4,320
0.9691749773345422	0.9694930058495573	0.9691749773345422	0.9691429995383548	0.03497862417411579	395,0,0,0,0,0,0,357,33,0,0,0,0,14,409,0,0,0,0,0,0,366,2,4,0,0,0,3,301,4,0,0,0,3,5,310
0.9664551223934723	0.9665786170157089	0.9664551223934723	0.9664613205901236	0.035172949863972014	417,0,0,0,0,0,0,356,22,0,0,0,0,28,409,0,0,0,0,0,0,360,6,6,0,0,0,4,270,5,0,0,0,1,2,320
0.972348141432457	0.9725021479281916	0.972348141432457	0.9723483467124566	0.03264671589584145	440,0,0,0,0,0,0,369,26,0,0,0,0,18,404,0,0,0,0,0,0,357,3,6,0,0,0,1,268,5,0,0,0,2,0,307
0.9764279238440616	0.9765647431109782	0.9764279238440616	0.976412374897538	0.038865137971239805	416,0,0,0,0,1,0,353,23,0,0,0,0,12,408,0,0,0,0,0,0,358,1,2,0,0,0,5,292,3,0,0,0,3,2,327
