accuracy	precision	recall	f1	oob	confMatrxVars
0.9791477787851315	0.9791978360061782	0.9791477787851315	0.9791419249839213	0.022930431403031526	403,0,0,0,0,0,0,369,20,0,0,0,0,13,422,0,0,0,0,0,0,372,2,2,0,0,0,2,296,4,0,0,0,0,3,298
0.9796010879419764	0.9796394096157107	0.9796010879419764	0.9796081500715065	0.025262339681305868	427,0,0,0,0,0,0,384,16,0,0,0,0,17,417,0,0,0,0,0,0,338,7,0,0,0,0,3,272,1,0,0,0,0,1,323
0.9805077062556664	0.9805136495368246	0.9805077062556664	0.9804904776189389	0.021958802953750522	450,0,0,0,0,0,0,373,16,0,0,1,0,14,389,0,0,0,0,0,0,362,2,1,0,0,0,5,292,3,0,0,0,0,1,297
0.9764279238440616	0.9764681119595725	0.9764279238440616	0.9764260944362481	0.02331908278274386	410,0,0,0,0,0,0,370,20,0,0,0,0,15,415,0,0,0,0,0,0,363,4,2,0,0,0,1,281,6,0,0,0,2,2,315
0.9750679963735267	0.9751054134470106	0.9750679963735267	0.9750549798957292	0.021181500194325742	404,0,0,0,0,0,0,345,20,0,0,0,0,17,414,0,0,0,0,0,0,364,0,3,0,0,0,5,321,6,0,0,0,0,4,303
0.9777878513145966	0.977879399414713	0.9777878513145966	0.9777925768064039	0.021375825884181854	411,0,0,0,0,0,0,356,20,0,0,0,0,16,393,0,0,0,0,0,0,366,6,2,0,0,0,1,307,1,0,0,0,0,3,324
0.9796010879419764	0.9796384680211331	0.9796010879419764	0.979598209440224	0.021570151574038077	413,0,0,0,0,0,0,372,22,0,0,0,0,16,385,0,0,0,0,0,0,336,0,1,0,0,0,2,325,1,0,0,0,1,2,330
0.9728014505893019	0.9728673659543977	0.9728014505893019	0.9727856652922982	0.02331908278274386	405,0,0,0,0,0,0,363,25,0,0,1,0,20,385,0,0,0,0,0,0,376,3,2,0,0,0,2,298,6,0,0,0,1,0,319
0.9764279238440616	0.9764721444520831	0.9764279238440616	0.9764041140767384	0.021181500194325742	406,0,0,0,0,0,0,359,22,0,0,1,0,14,430,0,0,0,0,0,0,344,3,3,0,0,0,3,295,3,0,0,0,1,2,320
0.9809610154125114	0.9810165028792369	0.9809610154125114	0.9809457831003914	0.02409638554216864	439,0,0,0,0,0,0,359,19,0,0,1,0,12,399,0,0,0,0,0,0,362,2,3,0,0,0,2,289,2,0,0,0,1,0,316
0.9755213055303718	0.9755426522148694	0.9755213055303718	0.9755249379698098	0.02254178002331908	400,0,0,0,0,0,0,359,19,0,0,0,0,17,414,0,0,0,0,0,0,349,6,1,0,0,0,3,292,3,0,0,0,2,3,338
0.9868540344514959	0.9868721455784636	0.9868540344514959	0.9868476395510298	0.02467936261173731	397,0,0,0,0,0,0,351,11,0,0,1,0,9,425,0,0,0,0,0,0,357,1,1,0,0,0,1,307,4,0,0,0,0,1,340
0.9809610154125114	0.9809598650356091	0.9809610154125114	0.9809518076801927	0.02467936261173731	422,0,0,0,0,0,0,375,18,0,0,1,0,15,411,0,0,0,0,0,0,353,1,0,0,0,0,1,283,2,0,0,0,0,4,320
0.9814143245693563	0.9814866213277423	0.9814143245693563	0.9814262506189764	0.024485036921881087	436,0,0,0,0,0,0,358,12,0,0,0,0,13,387,0,0,0,0,0,0,371,6,2,0,0,0,1,298,4,0,0,0,0,3,315
0.9814143245693563	0.9814378193104966	0.9814143245693563	0.9814121386049623	0.02409638554216864	418,0,0,0,0,0,0,368,11,0,0,0,0,14,416,0,0,0,0,0,0,332,3,4,0,0,0,5,315,2,0,0,0,1,1,316
0.9832275611967362	0.9833041519766976	0.9832275611967362	0.9832201851609577	0.025262339681305868	428,0,0,0,0,0,0,352,14,0,0,0,0,8,409,0,0,0,0,0,0,370,4,3,0,0,0,2,280,5,0,0,0,0,1,330
0.9786944696282865	0.9787407369143886	0.9786944696282865	0.9786968862771703	0.021958802953750522	424,0,0,0,0,2,0,368,16,0,0,0,0,14,387,0,0,0,0,0,0,342,2,4,0,0,0,5,294,2,0,0,0,1,1,344
0.9800543970988214	0.9801698044804029	0.9800543970988214	0.9800515089180042	0.025650991061018313	412,0,0,0,0,0,0,378,15,0,0,0,0,9,402,0,0,0,0,0,0,367,5,6,0,0,0,3,284,4,0,0,0,0,2,319
0.9809610154125114	0.981098896236133	0.9809610154125114	0.9809581103952494	0.024873688301593422	420,0,0,0,0,0,0,359,18,0,0,0,0,8,382,0,0,0,0,0,0,371,2,3,0,0,0,2,299,1,0,0,0,2,6,333
0.9786944696282865	0.9787725784258977	0.9786944696282865	0.9786977954874784	0.02390205985231253	427,1,0,0,0,0,0,355,19,0,0,0,0,14,409,0,0,0,0,0,0,349,5,3,0,0,0,0,294,3,0,0,0,1,1,325
0.9796010879419764	0.9796209439539801	0.9796010879419764	0.9795990439768344	0.0217644772638943	432,0,0,0,0,0,0,361,14,0,0,1,0,17,404,0,0,0,0,0,0,349,2,5,0,0,0,2,305,1,0,0,0,2,1,310
0.9818676337262012	0.9819142225053578	0.9818676337262012	0.9818487029881618	0.023124757092887638	415,0,0,0,0,0,0,390,15,0,0,1,0,13,379,0,0,0,0,0,0,356,1,1,0,0,0,5,300,4,0,0,0,0,0,326
0.9809610154125114	0.9811393989109054	0.9809610154125114	0.9809659757260459	0.023513408472600084	421,1,0,0,0,0,0,343,18,0,0,0,0,9,412,0,0,0,0,0,0,400,3,5,0,0,0,0,279,5,0,0,0,1,0,309
0.9805077062556664	0.9805779193023184	0.9805077062556664	0.9805062692084205	0.02409638554216864	442,0,0,0,0,0,0,361,13,0,0,1,0,12,374,0,0,0,0,0,0,392,4,6,0,0,0,2,269,3,0,0,0,1,1,325
0.9750679963735267	0.9754600472034511	0.9750679963735267	0.9750706922042176	0.022347454333462857	409,0,0,0,0,1,0,388,30,0,0,0,0,12,393,0,0,0,0,0,0,368,3,1,0,0,0,1,286,6,0,0,0,0,1,307
