accuracy	precision	recall	f1	oob	confMatrxVars
0.9655485040797824	0.9656372925305347	0.9655485040797824	0.965554525253066	0.03264671589584145	414,0,0,0,0,0,0,352,22,0,0,0,0,30,399,0,0,0,0,0,0,356,3,2,0,0,0,6,301,5,0,0,0,2,6,308
0.9691749773345422	0.9693203436982308	0.9691749773345422	0.9691614667808119	0.030314807617566997	419,0,0,0,0,0,0,382,26,0,0,0,0,16,363,0,0,0,0,0,0,348,8,8,0,0,0,5,297,0,0,0,0,3,2,329
0.9737080689029919	0.9738700166596943	0.9737080689029919	0.9736612282932086	0.031286436066848	414,0,0,0,0,1,0,354,27,0,0,1,0,13,430,0,0,0,0,0,0,367,5,2,0,0,0,5,271,3,0,0,0,0,1,312
0.9750679963735267	0.9753185438451264	0.9750679963735267	0.9750494355028536	0.029926156237854662	418,0,0,0,0,0,0,383,30,0,0,1,0,15,402,0,0,0,0,0,0,345,0,3,0,0,0,2,295,3,0,0,0,0,1,308
0.9691749773345422	0.969171443058779	0.9691749773345422	0.9691676972130646	0.031286436066848	440,0,0,0,0,0,0,338,26,0,0,0,0,23,407,0,0,0,0,0,0,360,3,3,0,0,0,5,283,2,0,0,0,2,4,310
0.9691749773345422	0.969304789506304	0.9691749773345422	0.9691885500124999	0.0283715507190051	393,0,0,0,0,0,0,381,24,0,0,0,0,20,409,0,0,0,0,0,0,363,8,4,0,0,0,2,283,3,0,0,0,2,5,309
0.9755213055303718	0.9755795979029088	0.9755213055303718	0.9755244849123363	0.028760202098717436	419,0,0,0,0,0,0,364,20,0,0,0,0,18,387,0,0,0,0,0,0,369,5,4,0,0,0,2,289,2,0,0,0,0,3,324
0.970081595648232	0.9701078886564068	0.970081595648232	0.9700852825553673	0.031675087446560446	417,0,0,0,0,0,0,370,18,0,0,0,0,21,400,0,0,0,0,0,0,350,6,5,0,0,0,2,274,5,0,0,0,6,3,329
0.9664551223934723	0.9664646736653583	0.9664551223934723	0.9664544282907449	0.029926156237854662	421,0,0,0,0,0,0,374,23,0,0,0,0,26,370,0,0,0,0,0,0,351,5,1,0,0,0,7,287,5,0,0,0,0,7,329
0.9737080689029919	0.9738120085985696	0.9737080689029919	0.9737018342640931	0.032452390205985227	438,0,0,0,0,0,0,377,25,0,0,1,0,18,385,0,0,0,0,0,0,357,3,5,0,0,0,1,287,1,0,0,0,0,4,304
0.9746146872166818	0.9747364538579183	0.9746146872166818	0.9746217276296414	0.03264671589584145	437,0,0,0,0,2,0,364,16,0,0,0,0,18,370,0,0,0,0,0,0,357,2,4,0,0,0,5,295,6,0,0,0,2,1,327
0.9764279238440616	0.9764585946396752	0.9764279238440616	0.9764092975787053	0.03148076175670422	446,0,0,0,0,0,0,364,21,0,0,1,0,14,407,0,0,0,0,0,0,335,3,2,0,0,0,4,286,3,0,0,0,2,2,316
0.9728014505893019	0.9729787701533505	0.9728014505893019	0.9728311463437193	0.030897784687135665	415,1,0,0,0,0,0,362,19,0,0,0,0,29,405,0,0,0,0,0,0,355,3,0,0,0,0,2,288,3,0,0,0,2,1,321
0.970081595648232	0.970629676323694	0.970081595648232	0.9700220059162014	0.028177225029148878	409,0,0,0,0,0,0,332,36,0,0,1,0,13,392,0,0,0,0,0,0,366,6,2,0,0,0,1,294,4,0,0,0,0,3,347
0.9691749773345422	0.9692041773132984	0.9691749773345422	0.9691489758509289	0.029343179168285993	410,0,0,0,0,0,0,344,26,0,0,0,0,21,425,0,0,0,0,0,0,357,6,6,0,0,0,4,270,3,0,0,0,2,0,332
0.9755213055303718	0.9756263135225334	0.9755213055303718	0.9755118169866386	0.02681694520015543	416,0,0,0,0,0,0,367,25,0,0,0,0,16,375,0,0,0,0,0,0,372,5,4,0,0,0,2,288,1,0,0,0,1,0,334
0.970081595648232	0.9701572637744335	0.970081595648232	0.9700783845299613	0.029343179168285993	429,0,0,0,0,0,0,370,26,0,0,1,0,21,356,0,0,0,0,0,0,363,3,5,0,0,0,3,298,4,0,0,0,0,3,324
0.9664551223934723	0.966609257367157	0.9664551223934723	0.9664320551025648	0.027982899339292655	389,0,0,0,0,0,0,342,27,0,0,0,0,16,408,0,0,0,0,0,0,359,4,6,0,0,0,5,303,9,0,0,0,3,4,331
0.9682683590208522	0.9684202476451735	0.9682683590208522	0.9682641649719202	0.031286436066848	422,0,0,0,0,0,0,355,31,0,0,0,0,19,380,0,0,0,0,0,0,372,7,1,0,0,0,6,287,2,0,0,0,1,3,320
0.970988213961922	0.9710654072508147	0.970988213961922	0.9709957444329891	0.027399922269724097	421,0,0,0,0,0,0,347,20,0,0,0,0,19,393,0,0,0,0,0,0,369,8,4,0,0,0,2,279,6,0,0,0,2,3,333
0.9732547597461468	0.9734320809964822	0.9732547597461468	0.9732473986722509	0.029926156237854662	422,1,0,0,0,0,0,367,24,0,0,1,0,12,387,0,0,0,0,0,0,362,4,5,0,0,0,4,300,4,0,0,0,3,1,309
0.9755213055303718	0.9756269282861725	0.9755213055303718	0.9755061465196199	0.02914885347842988	420,0,0,0,0,0,0,365,22,0,0,1,0,12,377,0,0,0,0,0,0,365,6,3,0,0,0,5,299,2,0,0,0,1,2,326
0.9755213055303718	0.9756238296444069	0.9755213055303718	0.9755161614427424	0.029926156237854662	420,0,0,0,0,0,0,362,25,0,0,0,0,15,393,0,0,0,0,0,0,364,4,1,0,0,0,3,296,2,0,0,0,1,3,317
0.9687216681776972	0.9689173081796355	0.9687216681776972	0.9686823735246818	0.029926156237854662	467,0,0,0,0,0,0,360,31,0,0,1,0,16,386,0,0,0,0,0,0,348,7,2,0,0,0,8,263,2,0,0,0,2,0,313
0.9705349048050771	0.9706806251491986	0.9705349048050771	0.9705265192215393	0.028177225029148878	399,0,0,0,0,0,0,381,25,0,0,1,0,17,437,0,0,0,0,0,0,346,2,6,0,0,0,4,290,6,0,0,0,2,2,288
