accuracy	precision	recall	f1	oob	confMatrxVars
0.9750679963735267	0.975165659049751	0.9750679963735267	0.9750695325155742	0.02623396813058687	428,0,0,0,0,0,0,372,24,0,0,0,0,15,375,0,0,0,0,0,0,369,2,3,0,0,0,4,287,1,0,0,0,1,5,320
0.9796010879419764	0.9797002249285325	0.9796010879419764	0.9795896930550385	0.025262339681305868	412,0,0,0,0,0,0,376,19,0,0,1,0,9,397,0,0,0,0,0,0,377,2,2,0,0,0,4,291,3,0,0,0,0,5,308
0.9800543970988214	0.9800656592713085	0.9800543970988214	0.980044614097084	0.024485036921881087	414,0,0,0,0,0,0,371,17,0,0,1,0,13,400,0,0,0,0,0,0,358,2,1,0,0,0,4,296,1,0,0,0,2,3,323
0.9773345421577516	0.9773725356325839	0.9773345421577516	0.9773306261370304	0.023707734162456306	433,0,0,0,0,0,0,390,16,0,0,0,0,11,387,0,0,0,0,0,0,359,3,2,0,0,0,4,281,8,0,0,0,0,6,306
0.9741613780598368	0.9742683845297935	0.9741613780598368	0.9741792737775613	0.025650991061018313	418,0,0,0,0,0,0,386,19,0,0,0,0,17,391,0,0,0,0,0,0,374,5,5,0,0,0,2,295,3,0,0,0,0,6,285
0.9768812330009066	0.977042486938943	0.9768812330009066	0.9768708000061377	0.02759424795958021	406,0,0,0,0,0,0,382,26,0,0,0,0,13,406,0,0,0,0,0,0,346,3,3,0,0,0,3,286,1,0,0,0,1,1,329
0.9655485040797824	0.9657360136695073	0.9655485040797824	0.9655371117110542	0.024290711232024864	422,0,0,0,0,0,0,382,34,0,0,0,0,21,393,0,0,0,0,0,0,331,5,3,0,0,0,4,294,6,0,0,0,1,2,308
0.9805077062556664	0.9805629277187262	0.9805077062556664	0.9805065001511273	0.027205596579867874	413,0,0,0,0,0,0,373,19,0,0,0,0,12,394,0,0,0,0,0,0,365,1,3,0,0,0,1,293,3,0,0,0,2,2,325
0.9768812330009066	0.9769227974233003	0.9768812330009066	0.9768889441559316	0.024290711232024864	428,0,0,0,0,0,0,349,16,0,0,1,0,20,393,0,0,0,0,0,0,367,2,2,0,0,0,0,303,5,0,0,0,1,4,315
0.9768812330009066	0.976888910075562	0.9768812330009066	0.9768713309841669	0.02331908278274386	423,0,0,0,0,0,0,341,17,0,0,0,0,15,397,0,0,0,0,0,0,385,4,3,0,0,0,5,292,4,0,0,0,2,1,317
0.9782411604714415	0.9783051249209836	0.9782411604714415	0.9782386406613444	0.02467936261173731	440,0,0,0,0,0,0,369,16,0,0,1,0,21,414,0,0,0,0,0,0,357,1,6,0,0,0,3,264,0,0,0,0,0,0,314
0.9777878513145966	0.9778304999332006	0.9777878513145966	0.97777902059619	0.026622619510299317	429,0,0,0,0,0,0,382,17,0,0,0,0,15,389,0,0,0,0,0,0,360,4,6,0,0,0,4,275,2,0,0,0,0,1,322
0.970081595648232	0.9701731828874652	0.970081595648232	0.9700807097617914	0.02409638554216864	406,0,0,0,0,1,0,388,28,0,0,0,0,19,387,0,0,0,0,0,0,361,3,1,0,0,0,4,279,4,0,0,0,3,3,319
0.9782411604714415	0.9783558145753408	0.9782411604714415	0.9782226617634817	0.02390205985231253	429,0,0,0,0,0,0,339,20,0,0,0,0,9,428,0,0,0,0,0,0,353,5,3,0,0,0,3,289,4,0,0,0,1,3,320
0.9805077062556664	0.9805648705663794	0.9805077062556664	0.9804972604669483	0.027205596579867874	403,0,0,0,0,0,0,341,14,0,0,1,0,14,420,0,0,0,0,0,0,362,1,3,0,0,0,4,305,5,0,0,0,0,1,332
0.9791477787851315	0.9792387134969833	0.9791477787851315	0.9791534896379215	0.02409638554216864	415,0,0,0,0,0,0,365,15,0,0,1,0,8,399,0,0,0,0,0,0,374,1,5,0,0,0,2,282,6,0,0,0,1,7,325
0.9764279238440616	0.9764533762860963	0.9764279238440616	0.9764184286830853	0.024873688301593422	420,0,0,0,0,0,0,368,19,0,0,0,0,14,426,0,0,0,0,0,0,354,5,3,0,0,0,4,287,4,0,0,0,1,2,299
0.9755213055303718	0.9758013964083961	0.9755213055303718	0.9755287691680466	0.024873688301593422	436,0,0,0,0,0,0,366,23,0,0,0,0,9,391,0,0,0,0,0,0,369,4,5,0,0,0,2,283,3,0,0,0,1,7,307
0.970081595648232	0.9701352322581906	0.970081595648232	0.9700667883875965	0.026039642440730648	442,0,0,0,0,0,0,326,28,0,0,0,0,20,394,0,0,0,0,0,0,378,6,2,0,0,0,4,294,2,0,0,0,1,3,306
0.9796010879419764	0.9796735685718386	0.9796010879419764	0.9796112622984986	0.02409638554216864	443,0,0,0,0,0,0,373,16,0,0,0,0,12,389,0,0,0,0,0,0,390,5,3,0,0,0,1,256,4,0,0,0,1,3,310
0.9777878513145966	0.9780664937186547	0.9777878513145966	0.9777908314168096	0.02545666537116209	446,0,0,1,0,1,0,378,26,0,0,0,0,11,374,0,0,0,0,0,0,347,2,1,0,0,0,2,298,4,0,0,0,0,1,314
0.9732547597461468	0.9732689551438609	0.9732547597461468	0.9732510767710936	0.027205596579867874	432,0,0,0,0,0,0,371,21,0,0,0,0,19,418,0,0,0,0,0,0,356,5,4,0,0,0,5,279,2,0,0,0,0,3,291
0.9796010879419764	0.9796226510176227	0.9796010879419764	0.9795802260238697	0.02545666537116209	421,0,0,0,0,0,0,397,15,0,0,0,0,13,410,0,0,0,0,0,0,345,2,2,0,0,0,6,271,5,0,0,0,0,2,317
0.9786944696282865	0.9790568364327004	0.9786944696282865	0.9786816024399722	0.02390205985231253	433,0,0,0,0,1,0,364,25,0,0,1,0,8,376,0,0,0,0,0,0,384,1,5,0,0,0,4,278,1,0,0,0,0,1,324
0.9691749773345422	0.9693988717805332	0.9691749773345422	0.9691660781938816	0.025262339681305868	403,0,0,0,0,0,0,352,30,0,0,0,0,18,399,0,0,0,0,0,0,353,4,2,0,0,0,0,295,3,0,0,0,3,8,336
