accuracy	precision	recall	f1	oob	confMatrxVars
0.9696282864913871	0.9697029481598235	0.9696282864913871	0.9696383303547885	0.03322969296541001	424,0,0,0,0,0,0,355,22,0,0,0,0,20,402,0,0,0,0,0,0,367,9,3,0,0,0,4,287,4,0,0,0,1,4,304
0.9691749773345422	0.9692388222260226	0.9691749773345422	0.9691885578495391	0.03400699572483479	416,0,0,0,0,2,0,361,25,0,0,0,0,21,385,0,0,0,0,0,0,363,7,1,0,0,0,4,307,3,0,0,0,1,4,306
0.971441523118767	0.9719095998654931	0.971441523118767	0.9714121861734392	0.03653322969296546	425,0,0,0,0,0,0,357,28,0,0,1,0,8,418,0,0,0,0,0,0,350,7,5,0,0,0,4,283,5,0,0,0,0,5,310
0.9687216681776972	0.9687931638766119	0.9687216681776972	0.9686951867423785	0.03575592693354057	409,0,0,0,0,0,0,351,30,0,0,0,0,20,414,0,0,0,0,0,0,373,1,4,0,0,0,5,280,4,0,0,0,1,4,310
0.970988213961922	0.9710811162023195	0.970988213961922	0.9709766822246798	0.03264671589584145	401,0,0,0,0,0,0,357,25,0,0,1,0,17,434,0,0,0,0,0,0,361,2,6,0,0,0,2,273,5,0,0,0,1,5,316
0.9637352674524026	0.9643947247756719	0.9637352674524026	0.9636754540066427	0.030703458997279442	406,0,0,0,0,0,0,362,41,0,0,1,0,16,397,0,0,0,0,0,0,351,2,5,0,0,0,6,289,6,0,0,0,1,2,321
0.9682683590208522	0.9683356598828935	0.9682683590208522	0.9682704606198499	0.033812670034978676	412,0,0,0,0,1,0,349,24,0,0,0,0,18,414,0,0,0,0,0,0,354,6,5,0,0,0,6,280,1,0,0,0,3,6,327
0.9655485040797824	0.9656077080205361	0.9655485040797824	0.9655519693959591	0.03361834434512245	418,0,0,0,0,0,0,351,25,0,0,0,0,26,392,0,0,0,0,0,0,377,4,5,0,0,0,4,286,7,0,0,0,2,3,306
0.9605621033544878	0.9607024280748803	0.9605621033544878	0.9605394583761252	0.03050913330742322	424,0,0,0,0,0,0,359,36,0,0,0,0,23,389,0,0,0,0,0,0,343,5,2,0,0,0,8,296,5,0,0,0,2,6,308
0.971894832275612	0.971996445237095	0.971894832275612	0.9718831311416221	0.031675087446560446	418,0,0,0,0,0,0,365,24,0,0,0,0,17,404,0,0,0,0,0,0,375,5,2,0,0,0,1,286,2,0,0,0,6,5,296
0.9650951949229375	0.9651102918425947	0.9650951949229375	0.965089269272953	0.034589972794403456	415,0,0,0,0,0,0,352,20,0,0,0,0,24,391,0,0,0,0,0,0,357,9,4,0,0,0,9,297,5,0,0,0,3,3,317
0.972348141432457	0.972396128592304	0.972348141432457	0.9723211345467536	0.03536727555382824	443,0,0,0,0,0,0,345,26,0,0,1,0,20,416,0,0,0,0,0,0,359,1,5,0,0,0,5,287,2,0,0,0,0,1,295
0.9587488667271079	0.9590510118095091	0.9587488667271079	0.9586695780642619	0.030703458997279442	436,0,0,0,0,0,0,362,36,0,0,1,0,20,416,0,0,0,0,0,0,337,4,8,0,0,0,12,266,6,0,0,0,1,3,298
0.9691749773345422	0.9694452063269076	0.9691749773345422	0.9691512065755716	0.03439564710454723	413,0,0,0,0,0,0,371,30,0,0,1,0,14,382,0,0,0,0,0,0,366,3,7,0,0,0,8,283,1,0,0,0,1,3,323
0.972348141432457	0.9723606228688156	0.972348141432457	0.9723434811890916	0.032258064516129004	427,0,0,0,0,0,0,349,25,0,0,0,0,22,410,0,0,0,0,0,0,351,3,3,0,0,0,2,306,3,0,0,0,1,2,302
0.971441523118767	0.9714408057543551	0.971441523118767	0.9714313633655525	0.03361834434512245	425,0,0,0,0,0,0,375,22,0,0,1,0,19,402,0,0,0,0,0,0,361,1,5,0,0,0,4,272,3,0,0,0,4,4,308
0.971894832275612	0.971936820566667	0.971894832275612	0.97188249612425	0.03284104158569767	386,0,0,0,0,1,0,372,25,0,0,1,0,18,403,0,0,0,0,0,0,374,3,4,0,0,0,3,268,2,0,0,0,3,2,341
0.9678150498640072	0.9681247722862986	0.9678150498640072	0.967796410443991	0.03109211037699189	406,0,0,0,0,0,0,392,31,0,0,1,0,14,377,0,0,0,0,0,0,366,6,5,0,0,0,9,277,2,0,0,0,1,2,317
0.9687216681776972	0.9687850954224809	0.9687216681776972	0.9686799920545293	0.03575592693354057	429,0,0,0,0,0,0,342,24,0,0,1,0,17,418,0,0,0,0,0,0,353,4,4,0,0,0,7,276,7,0,0,0,3,2,319
0.9628286491387126	0.9630849828786663	0.9628286491387126	0.962793990185873	0.031286436066848	392,0,0,0,0,0,0,368,35,0,0,1,0,18,405,0,0,0,0,0,0,366,8,4,0,0,0,5,301,3,0,0,0,5,3,292
0.9682683590208522	0.9683323630870909	0.9682683590208522	0.9682748142549261	0.03342401865526623	401,0,0,0,0,0,0,353,24,0,0,0,0,23,399,0,0,0,0,0,0,379,3,7,0,0,0,3,283,5,0,0,0,2,3,321
0.972348141432457	0.9725794625154583	0.972348141432457	0.972314578862222	0.02973183054799844	418,0,0,0,0,0,0,342,28,0,0,1,0,13,360,0,0,0,0,0,0,404,4,1,0,0,0,5,287,5,0,0,0,2,2,334
0.9696282864913871	0.9700568822046479	0.9696282864913871	0.9695756579748309	0.029343179168285993	425,0,0,0,0,0,0,340,36,0,0,1,0,15,381,0,0,0,0,0,0,358,3,5,0,0,0,2,291,2,0,0,0,3,0,344
0.9623753399818676	0.9623953877152926	0.9623753399818676	0.9623743839642095	0.03322969296541001	401,0,0,0,0,0,0,377,28,0,0,0,0,24,377,0,0,0,0,0,0,356,5,7,0,0,0,8,298,3,0,0,0,2,6,314
0.9610154125113327	0.9612882060362753	0.9610154125113327	0.9610207811136889	0.03361834434512245	446,0,0,0,0,0,0,377,35,0,0,0,0,20,376,0,0,0,0,0,0,323,3,7,0,0,0,7,306,6,0,0,0,0,8,292
