accuracy	precision	recall	f1	oob	confMatrxVars
0.9786944696282865	0.9787196820443964	0.9786944696282865	0.9786964395277182	0.022736105713175303	405,0,0,0,0,0,0,360,16,0,0,0,0,18,399,0,0,0,0,0,0,379,3,1,0,0,0,2,318,5,0,0,0,0,2,298
0.9768812330009066	0.9769234469068453	0.9768812330009066	0.9768781986427721	0.02409638554216864	439,0,0,0,0,1,0,377,23,0,0,0,0,18,376,0,0,0,0,0,0,356,1,1,0,0,0,5,289,1,0,0,0,0,1,318
0.9796010879419764	0.9798163101757495	0.9796010879419764	0.9795912188583284	0.02331908278274386	403,0,0,0,0,0,0,380,19,0,0,1,0,6,388,0,0,0,0,0,0,364,4,3,0,0,0,4,304,5,0,0,0,0,3,322
0.9805077062556664	0.9805257783815207	0.9805077062556664	0.9805106513017806	0.023124757092887638	436,0,0,0,0,0,0,356,19,0,0,0,0,19,392,0,0,0,0,0,0,372,3,0,0,0,0,0,297,1,0,0,0,0,1,310
0.9791477787851315	0.9791653585591173	0.9791477787851315	0.9791493552948386	0.025068013991449645	413,0,0,0,0,0,0,377,17,0,0,0,0,15,407,0,0,0,0,0,0,357,1,4,0,0,0,3,300,2,0,0,0,3,1,306
0.9746146872166818	0.9749890279673888	0.9746146872166818	0.9746240351012958	0.02331908278274386	432,1,0,0,0,0,0,363,28,0,0,0,0,11,365,0,0,0,0,0,0,380,3,4,0,0,0,2,283,5,0,0,0,0,2,327
0.9814143245693563	0.9814945569914305	0.9814143245693563	0.9814062455388824	0.023513408472600084	409,0,0,0,0,0,0,379,19,0,0,0,0,10,416,0,0,0,0,0,0,372,3,2,0,0,0,2,277,3,0,0,0,2,0,312
0.9773345421577516	0.9773779835685131	0.9773345421577516	0.9773373139997668	0.022347454333462857	396,1,0,0,0,0,0,396,15,0,0,1,0,18,404,0,0,0,0,0,0,347,3,5,0,0,0,4,306,1,0,0,0,0,2,307
0.9786944696282865	0.9787536314740356	0.9786944696282865	0.978707608920337	0.019238243295763735	438,0,0,0,0,0,0,340,14,0,0,0,0,19,419,0,0,0,0,0,0,373,3,1,0,0,0,1,281,5,0,0,0,1,3,308
0.9782411604714415	0.9782421904764871	0.9782411604714415	0.9782341716967482	0.021375825884181854	408,0,0,0,0,0,0,395,17,0,0,1,0,17,398,0,0,0,0,0,0,351,4,0,0,0,0,2,292,5,0,0,0,0,2,314
0.9827742520398912	0.982979273186401	0.9827742520398912	0.9827782665635121	0.022930431403031526	421,0,0,0,0,0,0,382,16,0,0,0,0,8,399,0,0,0,0,0,0,372,9,2,0,0,0,0,287,2,0,0,0,0,1,307
0.9800543970988214	0.980106415721441	0.9800543970988214	0.9800621475240631	0.02467936261173731	439,0,0,0,0,0,0,360,15,0,0,0,0,11,371,0,0,0,0,0,0,360,3,1,0,0,0,2,297,4,0,0,0,1,7,335
0.9764279238440616	0.9765415742684173	0.9764279238440616	0.9764446490690464	0.023707734162456306	414,0,0,0,0,0,0,359,15,0,0,1,0,16,426,0,0,0,0,0,0,366,8,2,0,0,0,1,269,3,0,0,0,2,4,320
0.9786944696282865	0.9787775038065579	0.9786944696282865	0.9786749524648878	0.024485036921881087	429,0,0,0,0,0,0,364,19,0,0,1,0,9,442,0,0,0,0,0,0,341,4,2,0,0,0,4,292,2,0,0,0,2,4,291
0.9832275611967362	0.983274393650241	0.9832275611967362	0.9832326468557748	0.022736105713175303	455,0,0,0,0,1,0,358,12,0,0,0,0,13,389,0,0,0,0,0,0,367,2,3,0,0,0,2,295,3,0,0,0,1,0,305
0.9764279238440616	0.9764409903542058	0.9764279238440616	0.976403608827144	0.022930431403031526	418,0,0,0,0,0,0,354,23,0,0,1,0,16,421,0,0,0,0,0,0,359,3,0,0,0,0,3,277,3,0,0,0,0,3,325
0.9796010879419764	0.9798579521833021	0.9796010879419764	0.9795893833903613	0.02098717450446952	428,0,0,0,0,2,0,329,21,0,0,0,0,8,405,0,0,0,0,0,0,359,3,6,0,0,0,1,291,2,0,0,0,0,2,349
0.9782411604714415	0.9782535921664327	0.9782411604714415	0.9782428800410238	0.024873688301593422	447,0,0,0,0,0,0,344,20,0,0,0,0,20,399,0,0,0,0,0,0,373,1,3,0,0,0,1,274,1,0,0,0,0,2,321
0.9750679963735267	0.9751907890226239	0.9750679963735267	0.9750794497792078	0.022736105713175303	411,0,0,0,0,0,0,365,14,0,0,0,0,20,391,0,0,0,0,0,0,375,5,6,0,0,0,2,291,3,0,0,0,1,4,318
0.9800543970988214	0.9801238197661422	0.9800543970988214	0.9800459487644799	0.023124757092887638	407,0,0,0,0,0,0,373,20,0,0,0,0,11,418,0,0,0,0,0,0,342,3,2,0,0,0,4,284,1,0,0,0,1,2,338
0.9809610154125114	0.9810453002983329	0.9809610154125114	0.9809671910938074	0.02390205985231253	445,2,0,0,0,0,0,338,17,0,0,0,0,9,373,0,0,0,0,0,0,353,5,0,0,0,0,2,313,5,0,0,0,0,2,342
0.9764279238440616	0.976445607823342	0.9764279238440616	0.9764218133500223	0.021181500194325742	433,0,0,0,0,0,0,332,15,0,0,1,0,18,420,0,0,0,0,0,0,365,5,3,0,0,0,5,277,3,0,0,0,0,2,327
0.9786944696282865	0.9791233778697513	0.9786944696282865	0.9786812327087177	0.01962689467547607	424,0,0,0,0,0,0,367,27,0,0,0,0,8,405,0,0,0,0,0,0,378,4,4,0,0,0,0,259,3,0,0,0,0,1,326
0.9818676337262012	0.9818950754021689	0.9818676337262012	0.9818640287024967	0.027982899339292655	417,0,0,0,0,0,0,360,16,0,0,0,0,13,411,0,0,0,0,0,0,367,5,2,0,0,0,2,287,1,0,0,0,0,1,324
0.9782411604714415	0.9784131948521084	0.9782411604714415	0.9782485918975516	0.02467936261173731	445,0,0,0,0,0,0,376,10,0,0,0,0,20,419,0,0,0,0,0,0,326,5,5,0,0,0,3,271,2,0,0,0,0,3,321
