accuracy	precision	recall	f1	oob	confMatrxVars
0.8028105167724388	0.837646971863288	0.8028105167724388	0.7819811083996488	0.19762922658375437	430,0,0,0,0,2,20,96,244,0,0,0,0,12,390,0,0,0,0,0,0,355,12,5,0,0,0,44,251,10,0,0,0,65,21,249
0.7982774252039891	0.8522347888198397	0.7982774252039891	0.7740056498755513	0.24115818111154297	432,0,0,0,0,0,20,97,239,0,0,0,0,0,418,0,0,0,0,0,0,381,8,1,0,0,0,37,229,4,0,0,0,100,36,204
0.78649138712602	0.8477299743686006	0.78649138712602	0.763271345936987	0.20676253400699574	433,0,0,0,0,0,5,102,293,0,0,0,0,3,414,0,0,0,0,0,0,340,5,4,0,0,0,54,232,11,0,0,0,74,22,214
0.8041704442429737	0.8410681536321739	0.8041704442429737	0.7889664684303456	0.20034978624174116	411,0,0,0,0,1,16,131,211,0,0,0,0,15,410,0,0,0,0,0,0,355,5,4,0,0,0,46,257,1,0,0,0,102,31,210
0.7588395285584769	0.8384759360205465	0.7588395285584769	0.7022303580964288	0.23843762145355618	420,0,0,0,0,0,25,12,350,0,0,0,0,0,400,0,0,0,0,0,0,361,12,9,0,0,0,34,260,8,0,0,0,64,30,221
0.8186763372620127	0.845364333662442	0.8186763372620127	0.805432295853729	0.1968519238243296	440,0,0,0,0,0,27,147,209,0,0,0,0,21,391,0,0,0,0,0,0,347,5,6,0,0,0,36,245,5,0,0,0,74,17,236
0.7674524025385313	0.8437533429739977	0.7674524025385313	0.7328965065659271	0.2444617178390983	414,0,0,0,1,0,13,69,318,0,0,1,0,0,402,0,0,0,0,0,0,364,6,0,0,0,0,45,239,9,0,0,0,90,30,205
0.7484134179510427	0.8347187263183092	0.7484134179510427	0.6991538265881514	0.24931986008550333	448,0,0,0,0,1,22,27,330,0,0,0,0,0,381,0,0,0,0,0,0,359,10,3,0,0,0,42,235,2,0,0,0,106,39,201
0.78649138712602	0.8389432199317514	0.78649138712602	0.7580551553082188	0.22716673144189659	417,0,0,0,0,2,25,85,278,0,0,0,0,4,415,0,0,0,0,0,0,366,18,3,0,0,0,39,235,5,0,0,0,76,21,217
0.7484134179510427	0.8386357716688108	0.7484134179510427	0.6942685208563235	0.25126311698406534	427,0,0,0,0,0,28,24,355,1,0,0,0,0,422,0,0,0,0,0,0,328,3,1,0,0,0,54,256,4,0,0,0,85,24,194
0.7928377153218495	0.8542746667508235	0.7928377153218495	0.7587661846681951	0.22036533229692967	413,0,0,0,0,1,20,64,296,0,0,1,0,0,410,0,0,0,0,0,0,381,8,7,0,0,0,34,243,4,0,0,0,56,30,238
0.7647325475974615	0.8439125798434227	0.7647325475974615	0.7182979001470132	0.2225029148853478	419,0,0,0,0,0,19,36,344,0,0,1,0,0,407,0,0,0,0,0,0,368,8,4,0,0,0,48,243,7,0,0,0,63,25,214
0.7679057116953762	0.8431821748315249	0.7679057116953762	0.7271507301860647	0.2491255343956471	430,0,0,0,0,0,18,50,319,0,0,0,0,0,406,0,0,0,0,0,0,365,9,1,0,0,0,45,262,5,0,0,0,80,35,181
0.7533998186763372	0.841601545095603	0.7533998186763372	0.6936615432085557	0.2413525068013992	403,0,0,0,0,0,17,7,377,0,0,0,0,0,409,0,0,0,0,0,0,368,9,9,0,0,0,42,255,7,0,0,0,64,19,220
0.7828649138712602	0.8504584582153398	0.7828649138712602	0.7450518646202376	0.23416245627671983	430,0,0,0,0,0,25,53,297,0,0,0,0,0,394,0,0,0,0,0,0,373,7,6,0,0,0,36,263,1,0,0,0,77,30,214
0.7819582955575702	0.8487166739711433	0.7819582955575702	0.7518551214371866	0.21162067625340075	422,0,0,0,0,0,11,80,303,0,0,1,0,0,401,0,0,0,0,0,0,367,7,3,0,0,0,40,246,11,0,0,0,73,32,209
0.8186763372620127	0.8519320857091206	0.8186763372620127	0.8015641233996254	0.21259230470268164	419,0,0,0,0,0,29,125,218,0,0,0,0,10,414,0,0,0,0,0,0,347,8,5,0,0,0,36,261,6,0,0,0,71,17,240
0.7783318223028105	0.8416378981863347	0.7783318223028105	0.7526950010298856	0.22386319471434124	408,0,0,0,0,1,21,98,284,0,0,1,0,3,380,0,0,0,0,0,0,357,8,2,0,0,0,44,258,8,0,0,0,93,24,216
0.742520398912058	0.8266292798044906	0.742520398912058	0.6887981934426128	0.2547609794014769	403,0,0,0,0,2,24,24,345,0,0,0,0,0,426,0,0,0,0,0,0,353,10,3,0,0,0,45,234,5,0,0,0,95,39,198
0.7747053490480508	0.8494391693774519	0.7747053490480508	0.7362594058314866	0.22308589195491646	423,0,0,0,1,0,11,55,330,0,0,0,0,0,416,0,0,0,0,0,0,353,10,2,0,0,0,37,257,6,0,0,0,71,29,205
0.799184043517679	0.8343748524851178	0.799184043517679	0.7852212241660185	0.21336960746210654	387,0,0,0,0,1,4,151,215,0,0,1,0,20,399,0,0,0,0,0,0,372,13,0,0,0,0,31,266,7,0,0,0,115,36,188
0.7769718948322756	0.8440368655091435	0.7769718948322756	0.746420893344543	0.2499028371550719	449,0,0,0,0,1,21,87,280,0,0,0,0,0,432,0,0,0,0,0,0,319,7,0,0,0,0,40,251,5,0,0,0,102,36,176
0.6631912964641886	0.8085876716730906	0.6631912964641886	0.5757814803859291	0.30373105324523897	403,0,0,0,0,0,21,25,364,1,0,0,0,0,406,0,0,0,0,0,0,339,8,0,0,0,0,49,264,0,0,0,0,266,34,26
0.8136899365367181	0.8517725144098394	0.8136899365367181	0.7989028361394924	0.20870579090555774	413,0,0,0,1,1,8,140,216,0,0,0,0,8,423,0,0,0,0,0,0,367,7,2,0,0,0,41,252,3,0,0,0,78,46,200
0.757479601087942	0.8337202774961351	0.757479601087942	0.7146320277278878	0.24115818111154297	420,0,0,0,0,0,28,50,309,0,0,0,0,0,448,0,0,0,0,0,0,312,12,3,0,0,0,41,247,1,0,0,0,106,35,194
