accuracy	precision	recall	f1	oob	confMatrxVars
0.9614687216681777	0.9615782255059913	0.9614687216681777	0.9614374308408504	0.03711620676253402	448,0,0,0,0,0,0,358,33,0,0,1,0,21,390,0,0,0,0,0,0,368,5,4,0,0,0,7,285,5,0,0,0,4,5,272
0.9614687216681777	0.9616762874952302	0.9614687216681777	0.9614356250953475	0.041197046249514147	420,0,0,0,0,0,0,361,31,0,0,1,0,21,388,0,0,0,0,0,0,367,9,8,0,0,0,6,272,6,0,0,0,1,2,313
0.9628286491387126	0.9629361149110871	0.9628286491387126	0.9627827084953511	0.03905946366109603	414,0,0,0,0,0,0,367,31,0,0,0,0,27,392,0,0,0,0,0,0,359,4,2,0,0,0,13,287,4,0,0,0,1,0,305
0.9614687216681777	0.9614856127284134	0.9614687216681777	0.9614374298786551	0.03847648659152736	413,0,0,0,0,0,0,370,26,0,0,0,0,30,377,0,0,0,0,0,0,370,4,4,0,0,0,9,269,7,0,0,0,0,5,322
0.9610154125113327	0.9612186352128593	0.9610154125113327	0.9609991691128719	0.036727555382821575	402,0,0,0,0,1,0,366,40,0,0,0,0,25,392,0,0,0,0,0,0,356,3,2,0,0,0,4,288,5,0,0,0,2,4,316
0.9650951949229375	0.9655393278550212	0.9650951949229375	0.9651120598056073	0.03711620676253402	424,0,0,0,0,0,0,385,34,0,0,1,0,18,369,0,0,0,0,0,0,352,1,6,0,0,0,3,290,9,0,0,0,1,4,309
0.9637352674524026	0.9637853665052741	0.9637352674524026	0.9637121447461273	0.03944811504080836	421,0,0,0,0,0,0,390,28,0,0,0,0,23,407,0,0,0,0,0,0,333,5,4,0,0,0,10,274,5,0,0,0,3,2,301
0.9660018132366274	0.9661898180595818	0.9660018132366274	0.9659773902403508	0.03633890400310924	405,0,0,0,0,0,0,356,29,0,0,0,0,20,384,0,0,0,0,0,0,348,3,0,0,0,0,12,311,4,0,0,0,3,4,327
0.958295557570263	0.9584404564533735	0.958295557570263	0.9582764949859026	0.040419743490089366	404,0,0,0,0,0,0,343,37,0,0,0,0,24,376,0,0,0,0,0,0,375,6,6,0,0,0,6,297,3,0,0,0,6,4,319
0.9682683590208522	0.9685495274005372	0.9682683590208522	0.9682745065023723	0.03769918383210258	435,0,0,0,0,2,0,363,30,0,0,0,0,18,390,0,0,0,0,0,0,363,2,8,0,0,0,5,279,3,0,0,0,1,1,306
0.9628286491387126	0.9632810044500073	0.9628286491387126	0.9628068017548139	0.0369218810726778	416,0,0,0,0,0,0,377,36,0,0,0,0,14,417,0,0,0,0,0,0,356,6,5,0,0,0,7,263,4,0,0,0,3,7,295
0.9728014505893019	0.9731240547904089	0.9728014505893019	0.9727319806953558	0.04236300038865137	386,0,0,0,0,1,0,342,25,0,0,0,0,9,415,0,0,0,0,0,0,361,3,1,0,0,0,10,316,8,0,0,0,1,2,326
0.9637352674524026	0.9638591529729496	0.9637352674524026	0.9637411781450157	0.03361834434512245	405,0,0,0,0,0,0,382,31,0,0,0,0,22,385,0,0,0,0,0,0,338,9,3,0,0,0,5,287,4,0,0,0,2,4,329
0.9664551223934723	0.9669473987291443	0.9664551223934723	0.9664200686513985	0.038865137971239805	414,0,0,0,0,0,0,364,34,0,0,0,0,13,395,0,0,0,0,0,0,353,4,8,0,0,0,8,283,4,0,0,0,2,1,323
0.9650951949229375	0.9652672658974724	0.9650951949229375	0.9650634898696178	0.04003109211037703	376,0,0,0,0,1,0,367,34,0,0,0,0,19,427,0,0,0,0,0,0,347,7,1,0,0,0,6,293,5,0,0,0,1,3,319
0.9632819582955575	0.9635866705114379	0.9632819582955575	0.9632374559238949	0.03847648659152736	433,0,0,0,0,0,0,355,38,0,0,0,0,19,408,0,0,0,0,0,0,345,3,5,0,0,0,6,264,4,0,0,0,3,3,320
0.9587488667271079	0.9590441681111908	0.9587488667271079	0.9587292456574694	0.0369218810726778	460,0,0,0,0,0,0,352,40,0,0,0,0,24,365,0,0,0,0,0,0,334,5,4,0,0,0,6,292,7,0,0,0,4,1,312
0.9632819582955575	0.9638004986176827	0.9632819582955575	0.9632793527977805	0.03575592693354057	416,0,0,0,0,0,0,373,32,0,0,0,0,13,396,0,0,0,0,0,0,348,3,10,0,0,0,7,277,8,0,0,0,6,2,315
0.9632819582955575	0.963313454294291	0.9632819582955575	0.9632720240107988	0.03905946366109603	441,0,0,0,0,0,0,358,31,0,0,0,0,26,371,0,0,0,0,0,0,353,7,6,0,0,0,5,296,1,0,0,0,3,2,306
0.9682683590208522	0.9684390652389617	0.9682683590208522	0.9682558692383352	0.03711620676253402	447,0,0,0,0,0,0,349,35,0,0,0,0,22,367,0,0,0,0,0,0,346,1,1,0,0,0,3,298,2,0,0,0,2,4,329
0.9637352674524026	0.9639837769472078	0.9637352674524026	0.9637268736111215	0.03711620676253402	439,0,0,0,0,0,0,350,30,0,0,0,0,15,381,0,0,0,0,0,0,361,6,8,0,0,0,9,281,1,0,0,0,3,8,314
0.9650951949229375	0.9652408057543472	0.9650951949229375	0.9650814395798534	0.03828216090167125	427,0,0,0,0,0,0,353,33,0,0,0,0,23,390,0,0,0,0,0,0,351,2,4,0,0,0,11,284,0,0,0,0,2,2,324
0.9623753399818676	0.9624536807121266	0.9623753399818676	0.9623531587452427	0.03867081228138358	448,0,0,0,0,0,0,355,33,0,0,0,0,25,369,0,0,0,0,0,0,371,3,5,0,0,0,11,274,2,0,0,0,1,3,306
0.9632819582955575	0.9638318511264996	0.9632819582955575	0.963244840872936	0.03847648659152736	431,0,0,0,0,0,0,352,41,0,0,0,0,17,381,0,0,0,0,0,0,342,4,2,0,0,0,6,293,5,0,0,0,2,4,326
0.9610154125113327	0.9611189279989214	0.9610154125113327	0.9609295237764638	0.041780023319082815	446,0,0,0,0,0,0,320,25,0,0,1,0,14,409,0,0,0,0,0,0,349,6,3,0,0,0,11,282,12,0,0,0,7,7,314
