accuracy	precision	recall	f1	oob	confMatrxVars
0.9705349048050771	0.9706819378762026	0.9705349048050771	0.9705201016120097	0.033812670034978676	424,0,0,0,0,0,0,351,29,0,0,0,0,17,410,0,0,0,0,0,0,361,3,4,0,0,0,0,261,4,0,0,0,3,5,334
0.971441523118767	0.971488299309606	0.971441523118767	0.9714537743756347	0.033035367275553784	411,0,0,0,0,0,0,384,23,0,0,0,0,22,365,0,0,0,0,0,0,377,2,4,0,0,0,2,293,3,0,0,0,0,7,313
0.9664551223934723	0.9666936669553589	0.9664551223934723	0.9664163393810805	0.03420132141469101	422,0,0,0,0,0,0,365,30,0,0,0,0,14,408,0,0,0,0,0,0,359,7,4,0,0,0,8,274,6,0,0,0,4,1,304
0.9696282864913871	0.9696948658438075	0.9696282864913871	0.9696243034572557	0.030314807617566997	397,0,0,0,0,1,0,378,28,0,0,0,0,21,375,0,0,0,0,0,0,382,2,2,0,0,0,7,287,2,0,0,0,1,3,320
0.9637352674524026	0.9637429027818485	0.9637352674524026	0.9637196892001015	0.033812670034978676	442,0,0,0,0,0,0,364,27,0,0,1,0,28,374,0,0,0,0,0,0,351,5,4,0,0,0,6,301,5,0,0,0,2,2,294
0.9682683590208522	0.9683293006740372	0.9682683590208522	0.9682650044121098	0.03050913330742322	413,0,0,0,0,0,0,342,20,0,0,1,0,20,406,0,0,0,0,0,0,367,6,7,0,0,0,6,309,5,0,0,0,1,4,299
0.9660018132366274	0.966004972010291	0.9660018132366274	0.9660027202843747	0.03361834434512245	429,0,0,0,0,0,0,358,27,0,0,0,0,27,376,0,0,0,0,0,0,326,2,3,0,0,0,4,314,4,0,0,0,1,7,328
0.9669084315503174	0.9669905392823124	0.9669084315503174	0.9669129315515639	0.030703458997279442	414,0,0,0,0,0,0,356,23,0,0,1,0,31,390,0,0,0,0,0,0,368,3,3,0,0,0,5,279,0,0,0,0,2,5,326
0.9655485040797824	0.9655636890079431	0.9655485040797824	0.9655409071938144	0.033812670034978676	412,0,0,0,0,0,0,377,27,0,0,0,0,22,388,0,0,0,0,0,0,344,6,2,0,0,0,6,292,6,0,0,0,3,4,317
0.9728014505893019	0.9729904811034776	0.9728014505893019	0.9727900043148785	0.03497862417411579	408,0,0,0,0,0,0,369,27,0,0,1,0,15,388,0,0,0,0,0,0,357,3,5,0,0,0,1,302,2,0,0,0,1,5,322
0.9759746146872167	0.9760914239528671	0.9759746146872167	0.9759517815945341	0.03109211037699189	434,0,0,0,0,0,0,372,24,0,0,0,0,13,389,0,0,0,0,0,0,362,4,1,0,0,0,6,278,4,0,0,0,0,1,318
0.9682683590208522	0.9684828049156725	0.9682683590208522	0.9682399728380203	0.029926156237854662	420,0,0,0,0,0,0,348,29,0,0,1,0,18,381,0,0,0,0,0,0,388,1,6,0,0,0,8,293,4,0,0,0,2,1,306
0.972348141432457	0.9724444370041981	0.972348141432457	0.9723395067271018	0.030897784687135665	438,0,0,0,0,0,0,372,24,0,0,0,0,16,379,0,0,0,0,0,0,348,3,6,0,0,0,6,278,3,0,0,0,2,1,330
0.9660018132366274	0.9663440449315635	0.9660018132366274	0.9659792542048825	0.033035367275553784	430,0,0,0,0,0,0,356,36,0,0,0,0,17,385,0,0,0,0,0,0,354,2,4,0,0,0,4,295,4,0,0,0,3,5,311
0.9664551223934723	0.9668285427004236	0.9664551223934723	0.9664417543499993	0.030897784687135665	407,0,0,0,0,1,0,382,35,0,0,1,0,17,397,0,0,0,0,0,0,352,5,5,0,0,0,2,270,2,0,0,0,2,4,324
0.9691749773345422	0.9695801306879932	0.9691749773345422	0.969162944500174	0.03497862417411579	396,0,0,0,0,0,0,374,34,0,0,0,0,15,401,0,0,0,0,0,0,382,4,6,0,0,0,3,279,3,0,0,0,0,3,306
0.9728014505893019	0.9730762866488765	0.9728014505893019	0.9727624405233397	0.03653322969296546	416,0,0,0,0,0,0,357,23,0,0,0,0,13,386,0,0,0,0,0,0,356,1,4,0,0,0,9,306,8,0,0,0,1,1,325
0.9696282864913871	0.9699427385830233	0.9696282864913871	0.9695862553062606	0.030120481927710885	422,0,0,0,0,1,0,343,32,0,0,0,0,15,394,0,0,0,0,0,0,358,2,3,0,0,0,7,306,5,0,0,0,0,2,316
0.9660018132366274	0.9661063629472331	0.9660018132366274	0.9659947062782571	0.031675087446560446	434,1,0,0,0,0,0,351,24,0,0,1,0,25,375,0,0,0,0,0,0,376,4,3,0,0,0,5,285,9,0,0,0,1,2,310
0.970081595648232	0.9701712023159544	0.970081595648232	0.9700835951248375	0.031675087446560446	394,0,0,0,0,0,0,376,23,0,0,1,0,18,413,0,0,0,0,0,0,383,4,7,0,0,0,2,281,3,0,0,0,2,6,293
0.9696282864913871	0.9696460952021115	0.9696282864913871	0.9696291232168472	0.032258064516129004	420,0,0,0,0,0,0,354,20,0,0,1,0,18,367,0,0,0,0,0,0,380,6,3,0,0,0,3,295,6,0,0,0,4,6,323
0.9687216681776972	0.9688998095316457	0.9687216681776972	0.9687093998640256	0.03536727555382824	437,0,0,0,0,0,0,374,26,0,0,1,0,13,401,0,0,0,0,0,0,337,6,5,0,0,0,7,275,2,0,0,0,3,6,313
0.9637352674524026	0.9637509726687794	0.9637352674524026	0.9637336502003655	0.029926156237854662	394,0,0,0,0,0,0,363,26,0,0,1,0,28,403,0,0,0,0,0,0,357,7,4,0,0,0,7,308,1,0,0,0,1,5,301
0.9691749773345422	0.9692185541197769	0.9691749773345422	0.9691799853648432	0.03614457831325302	457,0,0,0,0,0,0,356,20,0,0,0,0,23,409,0,0,0,0,0,0,343,3,5,0,0,0,4,271,6,0,0,0,4,3,302
0.9637352674524026	0.963906415425722	0.9637352674524026	0.9637060087653616	0.031675087446560446	417,0,0,0,0,0,0,369,32,0,0,0,0,20,366,0,0,0,0,0,0,367,9,7,0,0,0,9,302,2,0,0,0,0,1,305
