accuracy	precision	recall	f1	oob	confMatrxVars
0.9809610154125114	0.9810522298456413	0.9809610154125114	0.9809664138540479	0.021375825884181854	444,0,0,0,0,0,0,383,17,0,0,0,0,11,401,0,0,0,0,0,0,343,2,5,0,0,0,1,280,3,0,0,0,0,3,313
0.9796010879419764	0.9797304278535287	0.9796010879419764	0.9795988471806453	0.02254178002331908	428,0,0,0,0,0,0,374,21,0,0,0,0,10,383,0,0,0,0,0,0,365,3,1,0,0,0,3,301,3,0,0,0,1,3,310
0.985947416137806	0.9859808656309071	0.985947416137806	0.9859496914213394	0.021958802953750522	417,0,0,0,0,0,0,384,6,0,0,0,0,11,403,0,0,0,0,0,0,350,5,0,0,0,0,2,289,3,0,0,0,4,0,332
0.9755213055303718	0.9757043193693349	0.9755213055303718	0.9755305506777209	0.02254178002331908	425,0,0,0,0,0,0,387,21,0,0,1,0,13,391,0,0,0,0,0,0,363,6,4,0,0,0,0,271,5,0,0,0,1,3,315
0.9818676337262012	0.9821057630321539	0.9818676337262012	0.9818592699649669	0.0217644772638943	436,0,0,0,0,0,0,353,20,0,0,0,0,7,408,0,0,0,0,0,0,363,1,6,0,0,0,2,286,3,0,0,0,0,1,320
0.9768812330009066	0.9770541518328111	0.9768812330009066	0.9768701561262915	0.01962689467547607	410,0,0,0,0,0,0,356,22,0,0,1,0,11,408,0,0,0,0,0,0,377,4,2,0,0,0,0,286,3,0,0,0,2,6,318
0.9809610154125114	0.9809947752251187	0.9809610154125114	0.9809572753822173	0.022153128643606634	429,0,0,0,0,0,0,358,16,0,0,0,0,11,385,0,0,0,0,0,0,375,2,2,0,0,0,2,296,5,0,0,0,2,2,321
0.9791477787851315	0.979542900560196	0.9791477787851315	0.9791298681173047	0.02098717450446952	411,0,0,0,0,0,0,370,27,0,0,0,0,7,415,0,0,0,0,0,0,352,3,1,0,0,0,2,289,3,0,0,0,0,3,323
0.9741613780598368	0.9741814466759219	0.9741613780598368	0.9741602615675578	0.020792848814613296	455,0,0,0,0,0,0,373,17,0,0,0,0,17,401,0,0,0,0,0,0,351,6,4,0,0,0,5,290,4,0,0,0,1,3,279
0.9796010879419764	0.9796672064980583	0.9796010879419764	0.9795970882409204	0.022153128643606634	421,0,0,0,0,0,0,359,15,0,0,1,0,14,406,0,0,0,0,0,0,327,8,1,0,0,0,0,315,4,0,0,0,1,1,333
0.9786944696282865	0.9787710584751427	0.9786944696282865	0.9787063077364199	0.0217644772638943	409,1,0,0,0,0,0,361,18,0,0,0,0,18,407,0,0,0,0,0,0,348,2,4,0,0,0,1,306,3,0,0,0,0,0,328
0.9814143245693563	0.9815069370557765	0.9814143245693563	0.9814211192065662	0.021570151574038077	411,0,0,0,0,0,0,370,16,0,0,0,0,10,407,0,0,0,0,0,0,389,3,4,0,0,0,1,289,4,0,0,0,0,3,299
0.9755213055303718	0.9755456002349502	0.9755213055303718	0.9755133185662772	0.022347454333462857	406,0,0,0,0,0,0,377,23,0,0,0,0,19,432,0,0,0,0,0,0,343,1,3,0,0,0,3,270,3,0,0,0,1,1,324
0.9768812330009066	0.9768910513994653	0.9768812330009066	0.9768832895913475	0.02020987174504474	404,0,0,0,0,0,0,371,20,0,0,0,0,18,385,0,0,0,0,0,0,366,4,0,0,0,0,3,290,3,0,0,0,0,3,339
0.9773345421577516	0.977371199059463	0.9773345421577516	0.9773389502129419	0.02020987174504474	417,0,0,0,0,0,0,374,16,0,0,0,0,19,397,0,0,0,0,0,0,353,3,3,0,0,0,1,295,2,0,0,0,2,4,320
0.9805077062556664	0.9805940449591668	0.9805077062556664	0.9805014099830007	0.024873688301593422	432,0,0,0,0,0,0,354,18,0,0,0,0,9,413,0,0,0,0,0,0,359,2,4,0,0,0,2,268,3,0,0,0,1,4,337
0.9791477787851315	0.9791734430644993	0.9791477787851315	0.9791499256235172	0.022347454333462857	400,0,0,0,0,0,0,380,16,0,0,0,0,18,381,0,0,0,0,0,0,359,4,2,0,0,0,2,293,0,0,0,0,2,2,347
0.985947416137806	0.985953145556555	0.985947416137806	0.9859459408920578	0.021375825884181854	414,0,0,0,0,0,0,376,9,0,0,1,0,11,401,0,0,0,0,0,0,344,3,1,0,0,0,2,302,2,0,0,0,0,2,338
0.9768812330009066	0.9769576562779079	0.9768812330009066	0.9768857734467392	0.022930431403031526	397,0,0,0,0,0,0,373,18,0,0,0,0,14,367,0,0,0,0,0,0,386,4,6,0,0,0,1,289,2,0,0,0,2,4,343
0.9832275611967362	0.9832500251228226	0.9832275611967362	0.9832279489447795	0.021958802953750522	454,0,0,0,0,0,0,365,10,0,0,1,0,13,374,0,0,0,0,0,0,373,2,2,0,0,0,2,287,4,0,0,0,0,3,316
0.9791477787851315	0.9791488564330595	0.9791477787851315	0.9791335475213987	0.019238243295763735	425,0,0,0,0,0,0,351,17,0,0,1,0,13,383,0,0,0,0,0,0,391,2,1,0,0,0,3,297,4,0,0,0,2,3,313
0.9786944696282865	0.9787528437736038	0.9786944696282865	0.9786946236872108	0.020015546055188516	443,0,0,0,0,0,0,371,18,0,0,0,0,15,394,0,0,0,0,0,0,343,2,6,0,0,0,2,294,2,0,0,0,0,2,314
0.9737080689029919	0.9738193181390711	0.9737080689029919	0.9737208977032366	0.022347454333462857	409,0,0,0,0,0,0,396,17,0,0,0,0,20,391,0,0,0,0,0,0,373,7,4,0,0,0,1,277,3,0,0,0,2,4,302
0.9773345421577516	0.9773585574934425	0.9773345421577516	0.9773284014472832	0.02254178002331908	433,0,0,0,0,0,0,357,13,0,0,1,0,10,402,0,0,0,0,0,0,364,8,3,0,0,0,7,305,4,0,0,0,0,4,295
0.9823209428830463	0.9824446493561046	0.9823209428830463	0.9823283984745086	0.024873688301593422	454,0,0,0,0,0,0,363,9,0,0,0,0,15,377,0,0,0,0,0,0,341,2,6,0,0,0,1,294,4,0,0,0,1,1,338
