accuracy	precision	recall	f1	oob	confMatrxVars
0.9161378059836809	0.9181688930341968	0.9161378059836809	0.9155076624429801	0.07714729887291105	418,0,0,0,0,0,0,315,63,0,0,1,0,24,405,0,0,0,0,0,0,343,4,11,0,0,0,29,251,28,0,0,0,12,13,289
0.914324569356301	0.9156034784217941	0.914324569356301	0.9137212683822219	0.07870190439176061	417,0,0,0,0,1,0,332,55,0,0,0,0,31,381,0,0,0,0,0,0,347,5,7,0,0,0,36,232,23,0,0,0,15,16,308
0.9224841341795105	0.9237355854779997	0.9224841341795105	0.9220504795139645	0.0814224640497474	400,0,0,0,0,1,0,308,57,0,0,0,0,24,391,0,0,0,0,0,0,381,7,11,0,0,0,22,241,25,0,0,0,14,10,314
0.9329102447869447	0.933919666763415	0.9329102447869447	0.9327426431435212	0.08278274387874074	461,1,0,0,0,1,0,318,46,0,0,1,0,22,388,0,0,0,0,0,0,357,3,11,0,0,0,13,249,27,0,0,0,11,12,285
0.9270172257479601	0.9285096812704107	0.9270172257479601	0.9267488406205668	0.07636999611348616	428,0,0,0,0,0,0,335,45,0,0,0,0,28,386,0,0,0,0,0,0,345,5,11,0,0,0,24,265,28,0,0,0,14,6,286
0.9324569356300997	0.9335065225846542	0.9324569356300997	0.9322430221070955	0.07967353284104162	435,1,0,0,0,1,0,337,42,0,0,1,0,18,360,0,0,0,0,0,0,341,6,8,0,0,0,22,264,23,0,0,0,15,12,320
0.9188576609247506	0.9222604927930366	0.9188576609247506	0.9183936621630296	0.08356004663816552	429,0,0,0,0,0,0,326,79,0,0,0,0,21,398,0,0,0,0,0,0,333,6,9,0,0,0,14,236,28,0,0,0,16,6,305
0.9279238440616501	0.9294770310391517	0.9279238440616501	0.9276821208559145	0.08122813835989118	424,0,0,0,0,1,0,344,55,0,0,0,0,24,394,0,0,0,0,0,0,328,7,12,0,0,0,21,254,23,0,0,0,10,6,303
0.9202175883952856	0.9210270539749156	0.9202175883952856	0.919832455384128	0.07617567042363005	413,0,0,0,0,0,0,323,55,0,0,1,0,34,374,0,0,0,0,0,0,343,5,9,0,0,0,24,242,23,0,0,0,14,11,335
0.9097914777878513	0.9109637202874912	0.9097914777878513	0.9091898508699225	0.08064516129032262	415,0,0,0,0,2,1,300,68,0,0,0,0,39,389,0,0,0,0,0,0,353,7,9,0,0,0,30,244,23,0,0,0,11,9,306
0.9138712601994561	0.9154323051250342	0.9138712601994561	0.9134875317284649	0.08083948698017873	435,0,0,0,0,0,0,318,58,0,0,1,0,35,367,0,0,0,0,0,0,331,4,11,0,0,0,32,253,22,0,0,0,16,11,312
0.913417951042611	0.9144815961557033	0.913417951042611	0.9130231450430277	0.0748153905946366	421,0,0,0,0,0,0,320,48,0,0,0,0,46,379,0,0,0,0,0,0,348,3,11,0,0,0,32,236,22,0,0,0,17,12,311
0.9138712601994561	0.9145717544921216	0.9138712601994561	0.9136408471874939	0.07734162456276716	420,0,0,0,0,1,0,322,48,0,0,0,0,54,380,0,0,0,0,0,0,355,3,11,0,0,0,24,239,22,0,0,0,15,12,300
0.9229374433363554	0.92351354060296	0.9229374433363554	0.9228052968719052	0.08414302370773419	424,0,0,0,0,1,0,323,53,0,0,0,0,36,392,0,0,0,0,0,0,336,7,10,0,0,0,16,262,21,0,0,0,18,8,299
0.9211242067089755	0.9231945333809545	0.9211242067089755	0.9208624490115201	0.08511465215701519	405,0,0,0,0,2,0,349,65,0,0,0,0,23,373,0,0,0,0,0,0,353,7,8,0,0,0,19,244,25,0,0,0,15,10,308
0.9193109700815957	0.9211905432485512	0.9193109700815957	0.9189964148560402	0.08414302370773419	417,0,0,0,0,0,0,330,62,0,0,1,0,21,373,0,0,0,0,0,0,345,6,13,0,0,0,20,252,26,0,0,0,15,14,311
0.913417951042611	0.9169640027649578	0.913417951042611	0.91320910203846	0.08569762922658375	439,2,0,0,0,0,0,316,77,0,0,0,0,23,376,0,0,0,0,0,0,337,5,12,0,0,0,24,274,17,0,0,0,24,7,273
0.927470534904805	0.9282771418641992	0.927470534904805	0.9271128616092654	0.07753595025262339	419,0,0,0,0,0,0,333,50,0,0,0,0,29,403,0,0,0,0,0,0,369,3,11,0,0,0,18,229,27,0,0,0,11,11,293
0.9084315503173164	0.9117887474978549	0.9084315503173164	0.9079953461995857	0.08219976680917218	429,0,0,0,0,1,0,318,71,0,0,1,0,23,370,0,0,0,0,0,0,330,8,13,0,0,0,28,251,29,0,0,0,20,8,306
0.9120580235720761	0.9154577063879809	0.9120580235720761	0.9115392998765893	0.07539836766420516	427,0,0,0,0,0,0,333,74,0,0,0,0,27,374,0,0,0,0,0,0,330,4,13,0,0,0,24,231,31,0,0,0,15,6,317
0.913417951042611	0.9152703929306173	0.913417951042611	0.9131994069040253	0.07773027594247961	399,0,0,0,0,1,0,372,47,0,0,0,0,41,370,0,0,0,0,0,0,346,7,14,0,0,0,20,246,39,0,0,0,15,7,282
0.9097914777878513	0.9131401414358818	0.9097914777878513	0.909202979682801	0.08200544111931596	408,0,0,0,0,0,0,315,74,0,0,0,0,22,368,0,0,0,0,0,0,362,6,13,0,0,0,23,248,36,0,0,0,13,12,306
0.9161378059836809	0.9183495588026451	0.9161378059836809	0.915926229306603	0.07656432180334238	425,0,0,0,0,1,0,339,55,0,0,0,0,19,423,0,0,0,0,0,0,331,6,21,0,0,0,31,245,21,0,0,0,20,11,258
0.9279238440616501	0.928345753487222	0.9279238440616501	0.9278431618177524	0.0814224640497474	425,0,0,0,0,0,0,355,53,0,0,1,0,31,368,0,0,0,0,0,0,334,10,8,0,0,0,15,271,16,0,0,0,11,14,294
0.9265639165911151	0.9285460481614711	0.9265639165911151	0.9262688897880891	0.08317139525845318	448,0,0,0,0,0,0,320,48,0,0,0,0,26,386,0,0,0,0,0,0,323,4,10,0,0,0,29,257,23,0,0,0,17,5,310
