accuracy	precision	recall	f1	oob	confMatrxVars
0.9773345421577516	0.9774492631635897	0.9773345421577516	0.9773117571340134	0.020015546055188516	421,0,0,0,0,0,0,353,23,0,0,0,0,14,408,0,0,0,0,0,0,356,0,2,0,0,0,4,284,5,0,0,0,1,1,334
0.9764279238440616	0.9764598266761892	0.9764279238440616	0.9764373562038348	0.0217644772638943	419,0,0,0,0,1,0,357,16,0,0,0,0,15,416,0,0,0,0,0,0,342,4,3,0,0,0,3,279,4,0,0,0,1,5,341
0.9800543970988214	0.9801216388252342	0.9800543970988214	0.9800542289857119	0.021958802953750522	423,0,0,0,0,0,0,362,10,0,0,1,0,13,394,0,0,0,0,0,0,377,3,4,0,0,0,4,287,6,0,0,0,0,3,319
0.9782411604714415	0.9782961797853118	0.9782411604714415	0.9782473799195792	0.0217644772638943	431,0,0,0,0,0,0,363,15,0,0,0,0,15,419,0,0,0,0,0,0,347,5,4,0,0,0,2,283,2,0,0,0,1,4,315
0.9782411604714415	0.9783044933902445	0.9782411604714415	0.9782462774404618	0.022930431403031526	413,1,0,0,0,0,0,361,12,0,0,0,0,15,391,0,0,0,0,0,0,383,3,3,0,0,0,7,296,3,0,0,0,3,1,314
0.9800543970988214	0.9801181647322207	0.9800543970988214	0.9800507560285823	0.024290711232024864	452,0,0,0,0,0,0,371,19,0,0,0,0,12,386,0,0,0,0,0,0,352,2,3,0,0,0,3,290,3,0,0,0,0,2,311
0.9800543970988214	0.9801525615244702	0.9800543970988214	0.9800701421250378	0.02331908278274386	403,1,0,0,0,0,0,380,13,0,0,0,0,14,419,0,0,0,0,0,0,352,7,2,0,0,0,1,297,4,0,0,0,0,2,311
0.9764279238440616	0.9765331498555976	0.9764279238440616	0.976454090575938	0.02040419743490085	396,0,0,0,0,0,0,378,16,0,0,0,0,15,398,0,0,0,0,0,0,385,4,1,0,0,0,0,283,6,0,0,0,1,9,314
0.9791477787851315	0.9792119999081411	0.9791477787851315	0.9791595537357347	0.020792848814613296	446,0,0,0,0,0,0,384,19,0,0,0,0,15,380,0,0,0,0,0,0,370,6,0,0,0,0,2,252,2,0,0,0,0,2,328
0.9791477787851315	0.9792139165549723	0.9791477787851315	0.9791498144896313	0.02098717450446952	426,0,0,0,0,1,0,368,20,0,0,0,0,15,385,0,0,0,0,0,0,363,3,3,0,0,0,1,307,0,0,0,0,0,3,311
0.9786944696282865	0.9787856752257262	0.9786944696282865	0.9786856924263903	0.021181500194325742	424,0,0,0,0,0,0,372,23,0,0,0,0,13,401,0,0,0,0,0,0,349,3,1,0,0,0,3,301,2,0,0,0,1,1,312
0.9777878513145966	0.9778329615712532	0.9777878513145966	0.9777809392284768	0.021570151574038077	424,0,0,0,0,0,0,385,18,0,0,0,0,15,382,0,0,0,0,0,0,358,4,4,0,0,0,3,275,4,0,0,0,1,0,333
0.9759746146872167	0.9759847793994357	0.9759746146872167	0.9759730383872449	0.022736105713175303	411,0,0,0,0,0,0,360,23,0,0,0,0,21,363,0,0,0,0,0,0,387,2,2,0,0,0,2,285,2,0,0,0,0,1,347
0.9796010879419764	0.9797629223952463	0.9796010879419764	0.979630771941338	0.022347454333462857	452,0,0,0,0,0,0,382,17,0,0,0,0,11,376,0,0,0,0,0,0,358,8,0,0,0,0,2,261,3,0,0,0,0,4,332
0.9737080689029919	0.9737285652981004	0.9737080689029919	0.9736916616591669	0.0217644772638943	421,0,0,0,0,1,0,350,21,0,0,1,0,19,434,0,0,0,0,0,0,335,3,2,0,0,0,4,283,5,0,0,0,0,2,325
0.9768812330009066	0.9768860972715762	0.9768812330009066	0.9768824777398328	0.021958802953750522	429,0,0,0,0,0,0,368,15,0,0,0,0,14,376,0,0,0,0,0,0,369,7,1,0,0,0,4,280,4,0,0,0,5,1,333
0.9777878513145966	0.9778783058521602	0.9777878513145966	0.9777734541313303	0.019238243295763735	456,0,0,0,0,0,0,342,23,0,0,0,0,15,398,0,0,0,0,0,0,365,4,3,0,0,0,1,289,3,0,0,0,0,0,307
0.9800543970988214	0.980160587807773	0.9800543970988214	0.9800630234620243	0.024290711232024864	410,0,0,0,0,0,0,357,11,0,0,0,0,18,391,0,0,0,0,0,0,376,4,4,0,0,0,0,308,3,0,0,0,2,2,320
0.9705349048050771	0.9705336462902234	0.9705349048050771	0.9705192759232131	0.021375825884181854	396,0,0,0,0,0,0,375,24,0,0,1,0,22,374,0,0,0,0,0,0,364,6,2,0,0,0,4,308,4,0,0,0,1,1,324
0.9768812330009066	0.9770002151065068	0.9768812330009066	0.9768968251369385	0.022736105713175303	407,0,0,0,0,0,0,379,16,0,0,0,0,13,418,0,0,0,0,0,0,357,7,4,0,0,0,2,271,3,0,0,0,1,5,323
0.9768812330009066	0.9769113244815325	0.9768812330009066	0.9768742421765361	0.02020987174504474	422,0,0,0,0,0,0,359,18,0,0,0,0,14,401,0,0,0,0,0,0,374,6,4,0,0,0,3,282,3,0,0,0,2,1,317
0.9777878513145966	0.9779143496350919	0.9777878513145966	0.9778050769533264	0.021181500194325742	444,0,0,0,0,0,0,376,15,0,0,1,0,10,382,0,0,0,0,0,0,352,5,4,0,0,0,1,283,7,0,0,0,1,5,320
0.9818676337262012	0.9819303407737624	0.9818676337262012	0.9818798981463724	0.022347454333462857	427,0,0,0,0,0,0,376,11,0,0,0,0,13,364,0,0,0,0,0,0,389,5,2,0,0,0,0,281,5,0,0,0,1,3,329
0.9791477787851315	0.9791684522845348	0.9791477787851315	0.9791328196922704	0.021570151574038077	417,0,0,0,0,0,0,389,13,0,0,0,0,16,394,0,0,0,0,0,0,334,7,2,0,0,0,4,291,4,0,0,0,0,0,335
0.9777878513145966	0.9778616622959484	0.9777878513145966	0.9777978150623879	0.017100660707345505	395,0,0,0,0,0,0,363,13,0,0,1,0,19,403,0,0,0,0,0,0,362,2,4,0,0,0,1,296,4,0,0,0,1,4,338
