accuracy	precision	recall	f1	oob	confMatrxVars
0.9446962828649139	0.9449950214605716	0.9446962828649139	0.944589804249687	0.04799844539448117	422,0,0,0,0,0,0,360,34,0,0,0,0,31,374,0,0,0,0,0,0,351,8,6,0,0,0,17,282,16,0,0,0,7,3,295
0.956935630099728	0.9572427064789868	0.956935630099728	0.956866166493078	0.05071900505246796	429,0,0,0,0,2,0,346,35,0,0,1,0,20,409,0,0,0,0,0,0,343,6,4,0,0,0,10,283,11,0,0,0,2,4,301
0.9578422484134179	0.9579965520060586	0.9578422484134179	0.9577843271847741	0.04644383987563161	427,0,0,0,0,0,0,349,31,0,0,1,0,22,376,0,0,0,0,0,0,350,6,5,0,0,0,12,311,10,0,0,0,2,4,300
0.956935630099728	0.9569945470124886	0.956935630099728	0.9569094071428663	0.04858142246404973	438,0,0,0,0,1,0,334,34,0,0,0,0,25,386,0,0,0,0,0,0,363,6,4,0,0,0,8,282,8,0,0,0,3,6,308
0.9524025385312783	0.9526291445001218	0.9524025385312783	0.9523743330613427	0.048192771084337394	413,0,0,0,0,0,0,370,37,0,0,0,0,29,389,0,0,0,0,0,0,359,6,8,0,0,0,7,255,12,0,0,0,3,3,315
0.958295557570263	0.9584862931829746	0.958295557570263	0.9583032767705043	0.04877574815390595	433,0,0,0,0,1,0,342,29,0,0,0,0,17,373,0,0,0,0,0,0,368,3,11,0,0,0,7,277,8,0,0,0,5,11,321
0.9501359927470535	0.9510911779407103	0.9501359927470535	0.9499497455318209	0.04702681694520017	414,0,0,0,0,0,0,371,45,0,0,0,0,20,402,0,0,0,0,0,0,338,2,4,0,0,0,13,267,19,0,0,0,2,5,304
0.9524025385312783	0.9527579529777793	0.9524025385312783	0.952377735640165	0.0491643995336184	412,0,0,0,0,1,0,351,36,0,0,0,0,26,392,0,0,0,0,0,0,368,4,10,0,0,0,9,261,12,0,0,0,3,4,317
0.9456029011786038	0.9459671840683027	0.9456029011786038	0.945529058443727	0.04508356004663816	384,0,0,0,0,0,0,352,40,0,0,1,0,21,406,0,0,0,0,0,0,370,7,12,0,0,0,13,258,12,0,0,0,3,11,316
0.958295557570263	0.9582842166345338	0.958295557570263	0.9582816432691832	0.04644383987563161	425,0,0,0,0,0,0,344,29,0,0,1,0,29,365,0,0,0,0,0,0,370,5,5,0,0,0,7,281,5,0,0,0,7,4,329
0.9537624660018132	0.9539384219549488	0.9537624660018132	0.9536580425217139	0.046055188495919164	431,0,0,0,0,0,0,335,39,0,0,0,0,23,390,0,0,0,0,0,0,363,5,2,0,0,0,13,287,10,0,0,0,2,8,298
0.9451495920217589	0.9452078215193105	0.9451495920217589	0.9450955590477158	0.05071900505246796	403,0,0,0,0,1,0,349,34,0,0,1,0,32,396,0,0,0,0,0,0,344,9,7,0,0,0,12,262,13,0,0,0,7,5,331
0.9619220308250227	0.962492848470502	0.9619220308250227	0.9619390263293878	0.04702681694520017	434,0,0,0,0,0,0,379,34,0,0,1,0,13,370,0,0,0,0,0,0,367,3,11,0,0,0,5,266,5,0,0,0,3,9,306
0.9528558476881233	0.9529169344688992	0.9528558476881233	0.9527895777400599	0.047609794014768725	424,0,0,0,0,0,0,348,26,0,0,0,0,23,384,0,0,0,0,0,0,364,8,6,0,0,0,10,265,18,0,0,0,5,8,317
0.957388939256573	0.9584501681127789	0.957388939256573	0.957253044468697	0.051301982122036516	437,0,0,0,0,0,0,353,37,0,0,1,0,9,401,0,0,0,0,0,0,348,5,5,0,0,0,13,283,16,0,0,0,4,4,290
0.9419764279238441	0.9421221638673644	0.9419764279238441	0.9418469569529441	0.04527788573649438	403,0,0,0,0,0,0,365,36,0,0,0,0,29,384,0,0,0,0,0,0,357,7,9,0,0,0,17,245,15,0,0,0,8,7,324
0.9478694469628286	0.948406276471281	0.9478694469628286	0.9478016821759804	0.04780411970462495	410,0,0,0,0,0,0,367,46,0,0,1,0,25,382,0,0,0,0,0,0,347,4,9,0,0,0,12,271,10,0,0,0,2,6,314
0.9456029011786038	0.9458406062087349	0.9456029011786038	0.9455130506058698	0.046832491255343944	392,0,0,0,0,0,0,341,44,0,0,0,0,30,410,0,0,0,0,0,0,347,5,9,0,0,0,11,269,12,0,0,0,4,5,327
0.958295557570263	0.9585583699202659	0.958295557570263	0.9582231760610628	0.050524679362611735	427,0,0,0,0,0,0,368,20,0,0,1,0,29,366,0,0,0,0,0,0,349,4,5,0,0,0,11,277,14,0,0,0,4,4,327
0.9542157751586582	0.9543611756599046	0.9542157751586582	0.9541820067373741	0.046832491255343944	409,0,0,0,0,0,0,343,37,0,0,0,0,24,361,0,0,0,0,0,0,361,5,5,0,0,0,10,279,8,0,0,0,4,8,352
0.958295557570263	0.9583397135202739	0.958295557570263	0.9582955262824341	0.05110765643218029	432,0,0,0,0,0,0,357,27,0,0,0,0,32,378,0,0,0,0,0,0,341,4,5,0,0,0,7,294,8,0,0,0,1,8,312
0.956029011786038	0.9563109301242428	0.956029011786038	0.9559290715027197	0.04586086280606294	428,0,0,0,0,0,0,347,35,0,0,0,0,20,373,0,0,0,0,0,0,351,3,4,0,0,0,13,280,12,0,0,0,3,7,330
0.9492293744333635	0.9493284335507416	0.9492293744333635	0.9492017913774717	0.048970073843762174	430,0,0,0,0,1,0,373,28,0,0,0,0,29,386,0,0,0,0,0,0,342,7,7,0,0,0,16,266,9,0,0,0,8,7,297
0.9623753399818676	0.9624944338960694	0.9623753399818676	0.9623791681016245	0.04935872522347451	436,0,0,0,0,1,0,352,22,0,0,0,0,26,378,0,0,0,0,0,0,357,3,5,0,0,0,6,287,10,0,0,0,6,4,313
0.9492293744333635	0.9494916414138936	0.9492293744333635	0.9491474754014896	0.04722114263505639	416,0,0,0,0,1,0,360,38,0,0,0,0,22,390,0,0,0,0,0,0,345,7,4,0,0,0,13,283,15,0,0,0,3,9,300
