accuracy	precision	recall	f1	oob	confMatrxVars
0.9750679963735267	0.9752620592645106	0.9750679963735267	0.9750654237417645	0.023513408472600084	425,1,0,0,0,0,0,377,27,0,0,0,0,13,394,0,0,0,0,0,0,341,4,3,0,0,0,4,293,1,0,0,0,1,1,321
0.9777878513145966	0.9778720382635945	0.9777878513145966	0.9777831058275446	0.02331908278274386	424,0,0,0,0,0,0,379,20,0,0,0,0,12,397,0,0,0,0,0,0,362,6,3,0,0,0,4,286,2,0,0,0,0,2,309
0.970988213961922	0.9712355902860829	0.970988213961922	0.9709935391465276	0.025262339681305868	425,0,0,0,0,1,0,392,28,0,0,0,0,13,390,0,0,0,0,0,0,349,5,2,0,0,0,8,286,2,0,0,0,0,5,300
0.9805077062556664	0.9808549912057876	0.9805077062556664	0.9804998928972561	0.02623396813058687	417,0,0,0,0,0,0,362,22,0,0,0,0,5,383,0,0,0,0,0,0,375,4,5,0,0,0,2,287,2,0,0,0,1,2,339
0.9805077062556664	0.9805162890202188	0.9805077062556664	0.9805052033276699	0.025068013991449645	422,0,0,0,0,0,0,367,17,0,0,1,0,18,393,0,0,0,0,0,0,370,3,0,0,0,0,0,288,2,0,0,0,0,2,323
0.9705349048050771	0.9706131376534562	0.9705349048050771	0.9705297737438773	0.02545666537116209	424,0,0,0,0,0,0,331,23,0,0,0,0,21,417,0,0,0,0,0,0,365,5,4,0,0,0,3,292,7,0,0,0,0,2,312
0.9777878513145966	0.977864199009349	0.9777878513145966	0.9777865708332566	0.022736105713175303	395,0,0,0,0,2,0,368,13,0,0,0,0,19,385,0,0,0,0,0,0,370,2,2,0,0,0,6,305,3,0,0,0,0,2,334
0.9800543970988214	0.9802745731827994	0.9800543970988214	0.9800644864285987	0.023513408472600084	417,0,0,0,0,1,0,377,23,0,0,0,0,11,376,0,0,0,0,0,0,376,2,3,0,0,0,0,310,3,0,0,0,0,1,306
0.9732547597461468	0.973349898894394	0.9732547597461468	0.9732466016172775	0.023513408472600084	438,0,0,0,0,0,0,359,26,0,0,0,0,17,408,0,0,0,0,0,0,365,6,2,0,0,0,2,270,3,0,0,0,1,2,307
0.970988213961922	0.9710733570368763	0.970988213961922	0.9709847027067628	0.0217644772638943	435,0,0,0,0,0,0,369,27,0,0,0,0,18,391,0,0,0,0,0,0,359,5,1,0,0,0,2,275,4,0,0,0,4,3,313
0.9782411604714415	0.978267456790165	0.9782411604714415	0.9782243771681101	0.02701127089001165	402,0,0,0,0,0,0,385,17,0,0,1,0,11,406,0,0,0,0,0,0,353,6,3,0,0,0,6,292,2,0,0,0,1,1,320
0.9786944696282865	0.9789186589490099	0.9786944696282865	0.9786864541824485	0.025068013991449645	426,0,0,0,0,0,0,389,25,0,0,0,0,12,409,0,0,0,0,0,0,350,1,2,0,0,0,2,288,5,0,0,0,0,0,297
0.9732547597461468	0.9733375987638083	0.9732547597461468	0.973250053573313	0.023124757092887638	430,0,0,0,0,0,0,355,19,0,0,1,0,18,413,0,0,0,0,0,0,353,5,6,0,0,0,0,281,2,0,0,0,3,5,315
0.972348141432457	0.9723722837050001	0.972348141432457	0.9723262127133063	0.024485036921881087	414,0,0,0,0,0,0,357,27,0,0,0,0,22,416,0,0,0,0,0,0,350,2,2,0,0,0,6,278,2,0,0,0,0,0,330
0.9768812330009066	0.9769383165509601	0.9768812330009066	0.9768690117013088	0.026622619510299317	454,0,0,0,0,0,0,364,21,0,0,1,0,14,394,0,0,0,0,0,0,386,3,5,0,0,0,2,280,1,0,0,0,2,2,277
0.9768812330009066	0.9771453441514404	0.9768812330009066	0.976861862374194	0.024485036921881087	402,0,0,0,0,0,0,375,22,0,0,1,0,9,410,0,0,0,0,0,0,342,6,6,0,0,0,2,302,2,0,0,0,0,3,324
0.9746146872166818	0.9748948348152403	0.9746146872166818	0.974596301707249	0.024873688301593422	446,0,0,0,0,0,0,356,27,0,0,0,0,12,401,0,0,0,0,0,0,356,5,3,0,0,0,2,293,6,0,0,0,0,1,298
0.9746146872166818	0.9746731117122481	0.9746146872166818	0.9746158770709898	0.02390205985231253	391,0,0,0,0,0,0,367,18,0,0,0,0,20,415,0,0,0,0,0,0,368,4,5,0,0,0,3,296,4,0,0,0,1,1,313
0.9800543970988214	0.980255501334862	0.9800543970988214	0.9800501660427258	0.02331908278274386	396,0,0,0,0,0,0,379,19,0,0,1,0,8,410,0,0,0,0,0,0,354,4,3,0,0,0,1,301,6,0,0,0,0,2,322
0.9791477787851315	0.9792702517460625	0.9791477787851315	0.9791455580534555	0.025650991061018313	437,0,0,0,0,1,0,370,21,0,0,0,0,13,398,0,0,0,0,0,0,352,6,2,0,0,0,1,274,1,0,0,0,0,1,329
0.9796010879419764	0.9797591724782395	0.9796010879419764	0.9795828823699919	0.027399922269724097	412,0,0,0,0,0,0,353,21,0,0,0,0,9,392,0,0,0,0,0,0,388,2,1,0,0,0,7,308,2,0,0,0,1,2,308
0.9755213055303718	0.9758066869817824	0.9755213055303718	0.9754965258308004	0.02331908278274386	455,0,0,0,0,0,0,370,27,0,0,0,0,11,389,0,0,0,0,0,0,366,3,1,0,0,0,6,260,4,0,0,0,2,0,312
0.9791477787851315	0.9791810644567728	0.9791477787851315	0.9791497797319656	0.02467936261173731	399,0,0,0,0,0,0,383,15,0,0,1,0,18,410,0,0,0,0,0,0,381,5,1,0,0,0,1,280,2,0,0,0,1,2,307
0.9764279238440616	0.9764577569473806	0.9764279238440616	0.9764081389081074	0.023124757092887638	415,0,0,0,0,0,0,382,21,0,0,1,0,15,395,0,0,0,0,0,0,344,4,3,0,0,0,5,279,2,0,0,0,1,0,339
0.9809610154125114	0.9810130649843735	0.9809610154125114	0.9809684327766289	0.022153128643606634	431,0,0,0,0,1,0,372,15,0,0,0,0,19,400,0,0,0,0,0,0,359,3,1,0,0,0,0,283,2,0,0,0,0,1,319
