accuracy	precision	recall	f1	oob	confMatrxVars
0.9805077062556664	0.9808425752069369	0.9805077062556664	0.98050198023285	0.020792848814613296	417,0,0,0,0,2,0,378,20,0,0,1,0,6,398,0,0,0,0,0,0,370,7,3,0,0,0,1,295,3,0,0,0,0,0,305
0.9705349048050771	0.970692019335111	0.9705349048050771	0.9705553164676701	0.02331908278274386	398,0,0,0,0,0,0,370,24,0,0,0,0,17,403,0,0,0,0,0,0,349,9,0,0,0,0,3,311,4,0,0,0,2,6,310
0.9750679963735267	0.9751260319866006	0.9750679963735267	0.9750658174332265	0.023513408472600084	429,0,0,0,0,0,0,390,16,0,0,0,0,16,398,0,0,0,0,0,0,338,2,6,0,0,0,7,298,4,0,0,0,2,2,298
0.9750679963735267	0.975387028657913	0.9750679963735267	0.9750210224450421	0.02020987174504474	420,0,0,0,0,0,0,357,30,0,0,1,0,12,411,0,0,0,0,0,0,374,1,3,0,0,0,6,279,1,0,0,0,1,0,310
0.970988213961922	0.9710371306228055	0.970988213961922	0.970984680317807	0.01962689467547607	423,0,0,0,0,0,0,366,27,0,0,0,0,20,392,0,0,0,0,0,0,352,5,1,0,0,0,3,297,4,0,0,0,1,3,312
0.9737080689029919	0.9737954089248462	0.9737080689029919	0.9737122825137307	0.024485036921881087	418,0,0,0,0,0,0,370,22,0,0,0,0,14,386,0,0,0,0,0,0,365,5,2,0,0,0,1,297,7,0,0,0,3,4,312
0.9755213055303718	0.9756828408828677	0.9755213055303718	0.9755251545749041	0.023124757092887638	431,0,0,0,0,0,0,354,24,0,0,0,0,15,404,0,0,0,0,0,0,362,0,8,0,0,0,1,285,3,0,0,0,2,1,316
0.9805077062556664	0.9805626701395903	0.9805077062556664	0.9805014751367702	0.022930431403031526	440,0,0,0,0,0,0,368,17,0,0,0,0,12,418,0,0,0,0,0,0,356,3,4,0,0,0,3,296,3,0,0,0,0,1,285
0.9845874886672711	0.9846820791213905	0.9845874886672711	0.9845761654289916	0.02545666537116209	427,0,0,0,0,0,0,361,15,0,0,1,0,6,407,0,0,0,0,0,0,371,1,3,0,0,0,1,298,1,0,0,0,1,5,308
0.9759746146872167	0.9760412453335366	0.9759746146872167	0.9759790088353735	0.022347454333462857	416,0,0,0,0,2,0,375,15,0,0,1,0,22,413,0,0,0,0,0,0,347,4,1,0,0,0,4,271,2,0,0,0,0,2,331
0.9768812330009066	0.9769724779614297	0.9768812330009066	0.9768950470042472	0.02331908278274386	415,0,0,0,0,0,0,340,13,0,0,0,0,19,400,0,0,0,0,0,0,396,4,2,0,0,0,6,282,1,0,0,0,5,1,322
0.9786944696282865	0.9787957915815402	0.9786944696282865	0.978696113735621	0.023124757092887638	420,0,0,0,0,0,0,372,17,0,0,0,0,13,399,0,0,0,0,0,0,345,9,1,0,0,0,1,294,5,0,0,0,0,1,329
0.9827742520398912	0.9828258522279203	0.9827742520398912	0.9827665611805456	0.022347454333462857	411,0,0,0,0,0,0,385,17,0,0,1,0,12,402,0,0,0,0,0,0,362,2,2,0,0,0,1,298,3,0,0,0,0,0,310
0.9728014505893019	0.9728573025806829	0.9728014505893019	0.9727995701526483	0.023707734162456306	445,0,0,0,0,0,0,343,23,0,0,0,0,22,405,0,0,0,0,0,0,354,4,4,0,0,0,2,296,4,0,0,0,0,1,303
0.9764279238440616	0.9769802352028335	0.9764279238440616	0.9764069633294379	0.022930431403031526	430,0,0,0,0,0,0,356,29,0,0,0,0,7,393,0,0,0,0,0,0,343,4,5,0,0,0,1,305,1,0,0,0,1,4,327
0.9786944696282865	0.9787059883436038	0.9786944696282865	0.9786922315524044	0.021570151574038077	433,0,0,0,0,0,0,377,14,0,0,0,0,12,385,0,0,0,0,0,0,369,3,2,0,0,0,5,279,3,0,0,0,3,5,316
0.9741613780598368	0.9743135289824578	0.9741613780598368	0.9741555003003531	0.02331908278274386	417,0,0,0,0,0,0,389,26,0,0,1,0,15,382,0,0,0,0,0,0,367,2,3,0,0,0,3,294,4,0,0,0,0,3,300
0.986400725294651	0.9864427406242047	0.986400725294651	0.986404057987744	0.024485036921881087	444,0,0,0,0,0,0,348,9,0,0,0,0,6,414,0,0,0,0,0,0,359,4,3,0,0,0,1,290,3,0,0,0,1,3,321
0.9823209428830463	0.9823421646823943	0.9823209428830463	0.982319885193364	0.022736105713175303	412,0,0,0,0,0,0,376,17,0,0,0,0,16,402,0,0,0,0,0,0,332,0,2,0,0,0,2,309,2,0,0,0,0,0,336
0.9796010879419764	0.9796406922685985	0.9796010879419764	0.979607470655439	0.02254178002331908	417,0,0,0,0,0,0,388,15,0,0,0,0,18,411,0,0,0,0,0,0,339,2,3,0,0,0,1,280,3,0,0,0,0,3,326
0.9836808703535811	0.9837369703407112	0.9836808703535811	0.9836844798026771	0.023707734162456306	425,0,0,0,0,0,0,363,11,0,0,0,0,14,402,0,0,0,0,0,0,367,1,4,0,0,0,2,278,3,0,0,0,1,0,335
0.9764279238440616	0.9766192455745375	0.9764279238440616	0.9764168805749014	0.02331908278274386	423,0,0,0,0,0,0,369,25,0,0,0,0,11,415,0,0,0,0,0,0,358,1,4,0,0,0,1,267,4,0,0,0,2,4,322
0.970988213961922	0.9710085715193706	0.970988213961922	0.9709715923561401	0.024873688301593422	427,0,0,0,0,0,0,359,25,0,0,1,0,26,387,0,0,0,0,0,0,365,1,2,0,0,0,4,299,4,0,0,0,0,1,305
0.9773345421577516	0.9774549159477934	0.9773345421577516	0.9773340145143515	0.02331908278274386	423,0,0,0,0,0,0,370,20,0,0,0,0,15,384,0,0,0,0,0,0,365,4,6,0,0,0,1,297,3,0,0,0,0,1,317
0.9768812330009066	0.976922101671256	0.9768812330009066	0.9768758407702667	0.02331908278274386	420,0,0,0,0,0,0,358,20,0,0,0,0,14,391,0,0,0,0,0,0,368,5,2,0,0,0,3,304,4,0,0,0,1,2,314
