accuracy	precision	recall	f1	oob	confMatrxVars
0.9152311876699909	0.9182700021658972	0.9152311876699909	0.914956793679998	0.08025650991061017	426,0,0,0,0,0,0,341,71,0,0,0,0,18,387,0,0,0,0,0,0,340,8,17,0,0,0,22,248,25,0,0,0,14,12,277
0.914324569356301	0.9176356138129206	0.914324569356301	0.914018649230181	0.08064516129032262	437,0,0,0,0,0,0,326,76,0,0,0,0,22,356,0,0,0,0,0,0,344,7,12,0,0,0,20,255,27,0,0,0,15,10,299
0.9184043517679057	0.9193052279430587	0.9184043517679057	0.9181956397506081	0.07714729887291105	411,0,0,0,0,0,0,354,47,0,0,0,0,32,379,0,0,0,0,0,0,359,8,15,0,0,0,19,239,31,0,0,0,18,10,284
0.9211242067089755	0.9223102902922039	0.9211242067089755	0.9208320549383727	0.08219976680917218	395,0,0,0,0,2,0,345,55,0,0,1,0,29,399,0,0,0,0,0,0,355,6,6,0,0,0,23,243,20,0,0,0,21,11,295
0.9242973708068903	0.9252308594663133	0.9242973708068903	0.9241374731772325	0.07792460163233583	415,0,0,0,0,0,0,345,56,0,0,0,0,31,396,0,0,0,0,0,0,356,8,14,0,0,0,19,252,20,0,0,0,12,7,275
0.92883046237534	0.9306745662349032	0.92883046237534	0.9285440907747331	0.08414302370773419	399,0,0,0,0,1,0,329,60,0,0,0,0,21,407,0,0,0,0,0,0,361,4,15,0,0,0,19,248,21,0,0,0,7,9,305
0.9238440616500453	0.9256170676369853	0.9238440616500453	0.9235969631901618	0.08083948698017873	426,0,0,0,0,0,0,346,28,0,0,0,0,51,360,0,0,0,0,0,0,352,5,11,0,0,0,27,252,24,0,0,0,16,6,302
0.9220308250226654	0.9238856188744174	0.9220308250226654	0.9217521298239613	0.08589195491643997	430,0,0,0,0,0,0,347,60,0,0,0,0,21,413,0,0,0,0,0,0,316,6,12,0,0,0,19,222,22,0,0,0,23,9,306
0.9224841341795105	0.9252776371397322	0.9224841341795105	0.9222744697091109	0.08356004663816552	429,0,0,0,0,1,0,347,66,0,0,0,0,21,379,0,0,0,0,0,0,341,3,12,0,0,0,20,234,21,0,0,0,20,7,305
0.9220308250226654	0.9237560800786657	0.9220308250226654	0.9218374086677689	0.0814224640497474	433,0,0,0,0,1,0,307,72,0,0,0,0,29,383,0,0,0,0,0,0,358,7,17,0,0,0,13,256,12,0,0,0,17,4,297
0.9261106074342702	0.9270643290720293	0.9261106074342702	0.9260274777325435	0.07967353284104162	408,0,0,0,0,2,0,366,27,0,0,1,0,47,366,0,0,0,0,0,0,334,5,11,0,0,0,17,268,27,0,0,0,13,13,301
0.9152311876699909	0.917076864188368	0.9152311876699909	0.9147745778121736	0.08317139525845318	414,0,0,0,0,0,0,324,68,0,0,0,0,28,361,0,0,0,0,0,0,357,9,8,0,0,0,26,254,26,0,0,0,12,10,309
0.9224841341795105	0.9226504470278339	0.9224841341795105	0.9222742494241734	0.07345511076564326	408,0,0,0,0,0,0,323,43,0,0,0,0,34,369,0,0,0,0,0,0,366,6,13,0,0,0,14,241,30,0,0,0,15,16,328
0.9165911151405258	0.9193717206396518	0.9165911151405258	0.9161651307197597	0.08219976680917218	441,0,0,0,0,1,0,317,69,0,0,1,0,20,393,0,0,0,0,0,0,329,6,12,0,0,0,20,255,30,0,0,0,13,12,287
0.9161378059836809	0.9181820468008896	0.9161378059836809	0.9158568314349917	0.0804508356004664	418,0,0,0,0,0,0,328,54,0,0,0,0,25,372,0,0,0,0,0,0,344,6,12,0,0,0,32,243,20,0,0,0,25,11,316
0.9229374433363554	0.9249372895494556	0.9229374433363554	0.9226127212868939	0.08181111542945974	430,0,0,0,0,0,0,331,60,0,0,0,0,22,386,0,0,0,0,0,0,338,3,12,0,0,0,16,246,31,0,0,0,15,11,305
0.9188576609247506	0.9212910425296555	0.9188576609247506	0.9183467183616818	0.0853089778468713	426,1,0,0,0,0,0,322,67,0,0,0,0,29,392,0,0,0,0,0,0,350,2,9,0,0,0,22,239,29,0,0,0,14,6,298
0.9220308250226654	0.9238145534731005	0.9220308250226654	0.9216404121630332	0.07811892732219194	410,0,0,0,0,0,0,327,63,0,0,0,0,28,407,0,0,0,0,0,0,374,7,11,0,0,0,18,241,29,0,0,0,10,6,275
0.9229374433363554	0.9237786733102357	0.9229374433363554	0.9228164125913255	0.0804508356004664	432,0,0,0,0,1,0,323,42,0,0,0,0,28,391,0,0,0,0,0,0,314,7,14,0,0,0,22,261,24,0,0,0,21,11,315
0.913417951042611	0.9147763374110278	0.913417951042611	0.9130139162111168	0.07831325301204817	435,0,0,0,0,0,0,345,44,0,0,0,0,51,351,0,0,0,0,0,0,357,5,11,0,0,0,33,243,24,0,0,0,15,8,284
0.913417951042611	0.9166388336225874	0.913417951042611	0.9129258230999624	0.08938981733385154	430,0,0,0,0,0,0,309,78,0,0,0,0,18,382,0,0,0,0,0,0,371,7,11,0,0,0,13,240,30,0,0,0,19,15,283
0.9079782411604714	0.9101482750890023	0.9079782411604714	0.9073861035424746	0.08025650991061017	409,0,0,0,0,1,0,304,71,0,0,0,0,36,383,0,0,0,0,0,0,339,6,9,0,0,0,31,248,26,0,0,0,16,7,320
0.913417951042611	0.9179523848466642	0.913417951042611	0.9127473581540257	0.0823940924990284	404,0,0,0,0,0,0,307,79,0,0,0,0,21,378,0,0,0,0,0,0,377,3,9,0,0,0,32,258,24,0,0,0,17,6,291
0.915684496826836	0.9174600430529452	0.915684496826836	0.9154234731505135	0.07734162456276716	420,0,0,0,0,1,0,335,57,0,0,0,0,31,410,0,0,0,0,0,0,339,4,19,0,0,0,25,232,25,0,0,0,16,8,284
0.9206708975521306	0.9239060989476723	0.9206708975521306	0.920203256347652	0.08802953750485809	446,0,0,0,0,0,0,317,72,0,0,1,0,19,377,0,0,0,0,0,0,341,2,9,0,0,0,22,241,21,0,0,0,18,11,309
