accuracy	precision	recall	f1	oob	confMatrxVars
0.8019038984587489	0.8556342551763593	0.8019038984587489	0.7849351578587547	0.20209871745044694	431,0,0,0,0,0,3,122,259,0,0,0,0,3,406,0,0,0,0,0,0,351,4,10,0,0,0,51,251,5,0,0,0,84,18,208
0.7919310970081596	0.8523069326593541	0.7919310970081596	0.7636068776457864	0.21628449280994944	464,0,0,0,0,1,18,72,282,0,0,0,0,1,367,0,0,0,0,0,0,360,16,7,0,0,0,43,246,4,0,0,0,64,23,238
0.7266545784224842	0.8303343372027511	0.7266545784224842	0.684392674577113	0.2640886125145744	406,0,0,0,0,0,9,74,316,0,0,0,0,0,402,0,0,0,0,0,0,360,8,0,0,0,0,47,253,2,0,0,0,197,24,108
0.7719854941069809	0.847244588925463	0.7719854941069809	0.736025403588534	0.22483482316362224	376,0,0,0,0,0,14,57,313,0,0,0,0,0,413,0,0,0,0,0,0,365,11,1,0,0,0,51,280,6,0,0,0,91,16,212
0.7021758839528558	0.8228156109010843	0.7021758839528558	0.6507990638293908	0.2679751263116984	404,0,0,0,0,0,1,84,313,0,0,0,0,0,400,0,0,0,0,0,0,356,4,0,0,0,0,54,238,0,0,0,0,237,48,67
0.672257479601088	0.8022425162384366	0.672257479601088	0.5963652929222992	0.2860474154683249	416,0,0,0,0,1,28,19,351,0,0,0,0,0,377,0,0,0,0,0,0,363,15,0,0,0,0,53,239,0,0,0,0,232,43,69
0.8014505893019039	0.8532353099563014	0.8014505893019039	0.780792860513106	0.20443062572872128	416,0,0,0,0,1,14,115,257,0,0,0,0,1,425,0,0,0,0,0,0,357,13,3,0,0,0,43,252,6,0,0,0,75,25,203
0.7656391659111514	0.8439470873813372	0.7656391659111514	0.7276769118935705	0.23513408472600072	430,0,0,0,0,0,19,60,320,0,0,0,0,0,409,0,0,0,0,0,0,349,8,3,0,0,0,43,247,3,0,0,0,96,25,194
0.7538531278331823	0.8417777488385407	0.7538531278331823	0.6960125274316574	0.2499028371550719	424,0,0,0,0,0,20,11,366,0,0,0,0,0,394,0,0,0,0,0,0,372,8,5,0,0,0,36,255,6,0,0,0,74,28,207
0.7805983680870353	0.8511821417539573	0.7805983680870353	0.7438007032533961	0.2120093276331131	425,0,0,0,0,1,6,53,326,0,0,1,0,0,409,0,0,0,0,0,0,351,7,10,0,0,0,42,255,6,0,0,0,55,30,229
0.7506799637352675	0.841687826715761	0.7506799637352675	0.6955063122477836	0.21822774970851144	404,0,0,0,0,1,30,22,381,0,0,0,0,0,371,0,0,0,0,0,0,369,11,5,0,0,0,37,244,14,0,0,0,42,29,246
0.7552130553037172	0.8367547427358202	0.7552130553037172	0.7063731818214496	0.23066459385930815	402,0,0,0,0,1,27,33,339,0,0,0,0,0,416,0,0,0,0,0,0,355,10,3,0,0,0,45,242,4,0,0,0,85,26,218
0.8096101541251133	0.8436165351196014	0.8096101541251133	0.7922577901772943	0.20695685969685196	416,0,0,0,0,0,10,117,256,0,0,0,0,17,399,0,0,0,0,0,0,358,11,3,0,0,0,41,257,6,0,0,0,54,22,239
0.8200362647325476	0.8614578906472703	0.8200362647325476	0.8080104222236191	0.18888457054022545	407,0,0,0,0,0,0,144,221,0,0,0,0,4,424,0,0,0,0,0,0,360,6,6,0,0,0,52,262,8,0,0,0,78,22,212
0.7583862194016319	0.8432830070213424	0.7583862194016319	0.7202051770523249	0.24407306645938598	444,0,0,0,0,1,9,57,333,0,0,0,0,0,396,0,0,0,0,0,0,342,8,3,0,0,0,41,245,3,0,0,0,105,30,189
0.8309156844968268	0.8552490535411348	0.8309156844968268	0.8189030187870856	0.18499805674310144	432,0,0,0,0,2,11,148,220,0,0,0,0,16,405,0,0,0,0,0,0,366,12,16,0,0,0,27,254,7,0,0,0,42,20,228
0.7892112420670897	0.8446354613657616	0.7892112420670897	0.7667001826370655	0.23843762145355618	402,0,0,0,0,1,24,129,225,1,0,0,0,1,440,0,0,0,0,0,0,352,8,1,0,0,0,40,257,1,0,0,0,122,41,161
0.742520398912058	0.8338413253637761	0.742520398912058	0.688940118113628	0.2526233968130587	420,0,0,0,0,0,17,24,356,0,0,0,0,0,408,0,0,0,0,0,0,345,13,3,0,0,0,32,245,1,0,0,0,103,43,196
0.7883046237533998	0.8379414416540814	0.7883046237533998	0.769233249541817	0.22191993781577923	437,0,0,0,0,1,19,140,234,0,0,0,0,12,415,0,0,0,0,0,0,340,5,1,0,0,0,41,240,0,0,0,0,120,34,167
0.7026291931097008	0.8207267941690077	0.7026291931097008	0.6390802240216347	0.28274387874076956	437,0,0,0,0,0,12,24,359,0,0,1,0,0,398,0,0,0,0,0,0,362,7,0,0,0,0,37,213,0,0,0,0,198,42,116
0.8046237533998187	0.8391207150753301	0.8046237533998187	0.7935658680666028	0.1987951807228916	409,0,0,0,0,0,5,157,236,0,0,1,0,24,393,0,0,0,0,0,0,349,10,2,0,0,0,54,236,1,0,0,0,70,28,231
0.770172257479601	0.8486156972429058	0.770172257479601	0.7301934397163395	0.22755538282160903	432,0,0,0,0,1,15,45,325,0,0,1,0,0,395,0,0,0,0,0,0,347,10,1,0,0,0,50,253,4,0,0,0,77,23,227
0.8019038984587489	0.8432445683428785	0.8019038984587489	0.783720649954403	0.21472988729109987	399,0,0,0,0,0,22,129,239,0,0,0,0,9,424,0,0,0,0,0,0,371,7,1,0,0,0,54,228,8,0,0,0,74,23,218
0.7216681776971895	0.8270799721263564	0.7216681776971895	0.6759320776133274	0.2635056354450058	431,0,0,0,0,0,6,83,315,0,0,0,0,0,389,0,0,0,0,0,0,365,8,0,0,0,0,37,233,1,0,0,0,202,45,91
0.7633726201269265	0.8409627352969479	0.7633726201269265	0.7174227585362212	0.24854255732607855	430,0,0,0,0,0,26,37,328,0,0,0,0,0,400,0,0,0,0,0,0,358,13,3,0,0,0,35,241,5,0,0,0,83,29,218
