accuracy	precision	recall	f1	oob	confMatrxVars
0.9836808703535811	0.983797127972251	0.9836808703535811	0.9836713868180773	0.022930431403031526	419,0,0,0,0,0,0,359,18,0,0,0,0,8,381,0,0,0,0,0,0,347,4,2,0,0,0,2,322,2,0,0,0,0,0,342
0.9786944696282865	0.9787604558051763	0.9786944696282865	0.9786755685169417	0.022153128643606634	444,0,0,0,0,0,0,357,19,0,0,1,0,10,414,0,0,0,0,0,0,349,3,2,0,0,0,3,283,4,0,0,0,2,3,312
0.9773345421577516	0.9774653921652766	0.9773345421577516	0.9773099325967585	0.022153128643606634	439,0,0,0,0,0,0,353,23,0,0,1,0,12,401,0,0,0,0,0,0,323,3,2,0,0,0,2,312,5,0,0,0,1,1,328
0.9791477787851315	0.9793278862087039	0.9791477787851315	0.9791638595615799	0.02331908278274386	422,0,0,0,0,0,0,361,10,0,0,1,0,21,397,0,0,0,0,0,0,348,2,3,0,0,0,0,293,5,0,0,0,1,3,339
0.9750679963735267	0.9752380251332965	0.9750679963735267	0.9750560183767801	0.023707734162456306	440,0,0,0,0,0,0,372,27,0,0,0,0,14,395,0,0,0,0,0,0,369,1,1,0,0,0,2,275,6,0,0,0,0,4,300
0.9805077062556664	0.9805968850079247	0.9805077062556664	0.9804992908613599	0.021958802953750522	423,0,0,0,0,0,0,374,16,0,0,1,0,11,393,0,0,0,0,0,0,350,8,2,0,0,0,1,306,2,0,0,0,1,1,317
0.971441523118767	0.9715817887875334	0.971441523118767	0.9714184272842578	0.022736105713175303	448,0,0,0,0,0,0,358,28,0,0,0,0,15,407,0,0,0,0,0,0,347,3,3,0,0,0,5,277,4,0,0,0,1,4,306
0.970988213961922	0.9711514774541515	0.970988213961922	0.9709940041649001	0.0217644772638943	434,0,0,0,0,1,0,370,28,0,0,0,0,19,392,0,0,0,0,0,0,353,5,3,0,0,0,1,279,5,0,0,0,0,2,314
0.9800543970988214	0.9801724888457343	0.9800543970988214	0.98004390618347	0.024290711232024864	419,0,0,0,0,2,0,363,18,0,0,0,0,9,408,0,0,0,0,0,0,382,5,0,0,0,0,3,283,6,0,0,0,1,0,307
0.9823209428830463	0.9823506592298046	0.9823209428830463	0.9823259413733587	0.02545666537116209	405,0,0,0,0,0,0,369,13,0,0,0,0,11,406,0,0,0,0,0,0,370,4,2,0,0,0,1,296,4,0,0,0,1,3,321
0.9777878513145966	0.9778715670363004	0.9777878513145966	0.977798098110995	0.024290711232024864	416,0,0,0,0,0,0,359,17,0,0,0,0,17,403,0,0,0,0,0,0,378,8,1,0,0,0,1,306,2,0,0,0,1,2,295
0.9768812330009066	0.9769222035577277	0.9768812330009066	0.9768790304539589	0.022930431403031526	434,0,0,0,0,0,0,369,20,0,0,0,0,19,403,0,0,0,0,0,0,334,1,3,0,0,0,3,307,4,0,0,0,0,1,308
0.9800543970988214	0.980283621279592	0.9800543970988214	0.9800346204987813	0.025262339681305868	430,0,0,0,0,0,0,345,23,0,0,0,0,8,393,0,0,0,0,0,0,361,2,3,0,0,0,4,307,2,0,0,0,1,1,326
0.9786944696282865	0.9787362913231964	0.9786944696282865	0.9786803426118881	0.02467936261173731	428,0,0,0,0,0,0,354,20,0,0,1,0,14,398,0,0,0,0,0,0,357,2,3,0,0,0,2,304,3,0,0,0,1,1,318
0.9755213055303718	0.9756312207571112	0.9755213055303718	0.9755052001932	0.025262339681305868	430,0,0,0,0,0,0,369,22,0,0,1,0,12,395,0,0,0,0,0,0,369,6,3,0,0,0,4,271,3,0,0,0,1,2,318
0.9782411604714415	0.9783018217640151	0.9782411604714415	0.9782510530684958	0.025068013991449645	411,0,0,0,0,1,0,359,11,0,0,0,0,16,388,0,0,0,0,0,0,373,5,3,0,0,0,3,303,4,0,0,0,2,3,324
0.9764279238440616	0.9765254245759158	0.9764279238440616	0.9764147794157643	0.02254178002331908	428,0,0,0,0,0,0,354,20,0,0,0,0,13,391,0,0,0,0,0,0,360,2,5,0,0,0,6,301,4,0,0,0,1,1,320
0.9786944696282865	0.9787223673248187	0.9786944696282865	0.9786879113445536	0.022736105713175303	392,0,0,0,0,0,0,363,17,0,0,1,0,15,406,0,0,0,0,0,0,365,6,2,0,0,0,2,302,1,0,0,0,1,2,331
0.9773345421577516	0.9774435194536809	0.9773345421577516	0.9773044843478986	0.024290711232024864	429,0,0,0,0,0,0,351,24,0,0,1,0,15,419,0,0,0,0,0,0,360,3,5,0,0,0,0,273,0,0,0,0,0,2,324
0.9737080689029919	0.9737402103700478	0.9737080689029919	0.973694457676915	0.022930431403031526	429,0,0,0,0,0,0,350,21,0,0,0,0,14,386,0,0,0,0,0,0,365,4,3,0,0,0,8,289,3,0,0,0,0,5,329
0.9732547597461468	0.9733055657506192	0.9732547597461468	0.9732632829624823	0.02390205985231253	407,0,0,0,0,0,0,340,18,0,0,0,0,22,405,0,0,0,0,0,0,390,5,4,0,0,0,3,298,3,0,0,0,2,2,307
0.9809610154125114	0.9810249307544081	0.9809610154125114	0.9809521803109342	0.0217644772638943	405,0,0,0,0,0,0,357,21,0,0,0,0,14,397,0,0,0,0,0,0,400,0,1,0,0,0,2,298,3,0,0,0,1,0,307
0.9669084315503174	0.9671881393266366	0.9669084315503174	0.9668895056040258	0.025262339681305868	395,0,0,0,0,0,0,371,35,0,0,0,0,18,397,0,0,0,0,0,0,357,3,4,0,0,0,5,304,4,0,0,0,1,3,309
0.9746146872166818	0.9746526256743168	0.9746146872166818	0.974612406217063	0.02331908278274386	407,0,0,0,0,0,0,384,19,0,0,0,0,24,385,0,0,0,0,0,0,359,3,2,0,0,0,2,277,4,0,0,0,1,1,338
0.9796010879419764	0.97961683361095	0.9796010879419764	0.9795916923245771	0.022153128643606634	418,0,0,0,0,0,0,371,18,0,0,1,0,13,385,0,0,0,0,0,0,374,2,2,0,0,0,3,274,2,0,0,0,1,3,339
