accuracy	precision	recall	f1	oob	confMatrxVars
0.8957388939256573	0.896524325948612	0.8957388939256573	0.8953930479168828	0.5518849591916051	392,18,7,0,0,1,15,309,65,0,0,1,3,29,396,2,0,0,0,0,0,334,8,16,0,0,0,16,253,12,0,0,0,23,14,292
0.8957388939256573	0.8953527636971478	0.8957388939256573	0.8954629405525462	0.5551884959191605	444,6,1,0,0,0,14,271,52,0,0,0,0,49,391,0,0,0,0,1,0,323,3,36,0,0,0,14,270,10,1,0,4,17,22,277
0.870806890299184	0.8736800639618462	0.870806890299184	0.8715690318226763	0.5650991061018267	399,29,6,0,2,1,16,293,44,0,0,1,3,70,352,0,0,0,0,0,0,339,9,16,0,0,0,22,228,21,0,1,0,20,24,310
0.9057116953762466	0.9061017527865445	0.9057116953762466	0.9058310180631376	0.5524679362611737	412,0,0,3,2,2,0,315,43,0,0,0,0,50,380,0,0,0,1,0,0,348,17,17,0,0,0,25,246,11,2,0,0,18,17,297
0.899818676337262	0.9007102344666632	0.899818676337262	0.9000264513921319	0.5499417022930431	417,1,0,0,0,0,0,325,55,0,0,1,0,48,369,0,0,0,0,0,0,355,20,27,0,0,0,13,255,19,0,0,1,12,24,264
0.8753399818676337	0.8782477652629836	0.8753399818676337	0.8748945183487238	0.5557714729887291	408,0,0,0,1,0,1,292,109,0,0,0,0,49,355,0,0,1,2,0,0,341,10,22,0,0,0,21,248,10,2,0,6,21,20,287
0.8898458748866727	0.8903552305110201	0.8898458748866727	0.8899360312481719	0.5524679362611737	404,2,0,0,1,0,0,378,69,1,0,0,0,77,334,0,0,0,0,0,0,302,16,21,0,0,0,11,252,20,0,1,0,13,11,293
0.8970988213961922	0.8977769151814854	0.8970988213961922	0.8971148737594506	0.5573260785075786	413,0,0,1,1,1,0,325,43,0,0,2,0,59,356,0,0,0,0,0,1,321,16,15,1,0,0,23,276,13,1,0,0,26,24,288
0.8961922030825022	0.8964915272460967	0.8961922030825022	0.8960434134589472	0.5493587252234746	424,0,0,0,0,0,0,318,56,0,0,0,0,35,386,0,0,0,0,0,0,338,23,25,0,0,0,37,251,15,0,0,0,21,17,260
0.8544877606527652	0.8582580458383606	0.8544877606527652	0.8532612024360645	0.5616012436844151	400,14,0,1,0,0,6,253,130,0,0,0,0,46,352,0,0,0,0,0,0,315,11,18,1,0,0,23,265,32,1,0,0,17,21,300
0.8748866727107888	0.875011294117228	0.8748866727107888	0.8749031548291296	0.5561601243684415	396,5,10,0,0,0,4,307,58,0,0,0,8,53,345,1,0,0,0,0,0,353,22,25,0,0,0,18,281,20,0,0,0,29,23,248
0.8794197642792384	0.8797197251417294	0.8794197642792384	0.8794200610155316	0.5493587252234746	401,10,1,0,0,2,8,326,76,0,0,0,2,69,353,0,0,0,0,0,0,319,9,19,0,0,0,21,234,15,0,0,0,21,13,307
0.8699002719854941	0.870081220007419	0.8699002719854941	0.8696531475988729	0.5590750097162844	390,26,6,0,0,1,24,289,70,0,0,1,0,51,358,1,0,0,0,0,0,345,11,19,0,0,0,20,245,22,0,0,0,18,17,292
0.842701722574796	0.8445395425037815	0.842701722574796	0.8428670841247079	0.5711232024873688	403,32,14,0,0,3,18,247,104,0,0,0,7,64,333,0,0,0,0,0,0,342,9,27,1,0,0,15,251,10,0,0,0,31,12,283
0.8549410698096102	0.8571960129775317	0.8549410698096102	0.8555798036213882	0.5567431014380101	378,35,9,0,0,1,21,305,67,0,0,0,3,64,353,0,0,1,0,1,0,346,12,19,0,4,0,22,241,21,0,1,0,28,11,263
0.8776065276518585	0.8814875740139942	0.8776065276518585	0.876982705361011	0.5602409638554218	431,0,3,0,0,0,1,271,105,0,0,0,1,38,377,0,0,0,0,0,0,317,27,13,0,0,0,20,281,14,0,0,0,19,29,259
0.8807796917497733	0.8806810938523437	0.8807796917497733	0.8807200191460043	0.5598523124757093	415,0,0,0,0,0,0,308,70,0,0,0,0,70,340,0,0,0,0,0,0,341,8,28,0,0,0,6,272,24,0,1,0,33,23,267
0.8608340888485947	0.8617204363955416	0.8608340888485947	0.8609377765878511	0.5660707345511077	422,0,0,0,0,1,0,321,64,2,0,4,0,66,336,0,0,1,0,2,0,314,18,41,0,0,0,36,241,25,0,0,0,26,21,265
0.8744333635539437	0.8750693409876376	0.8744333635539437	0.8745836541963299	0.5472211426350564	395,20,2,1,0,0,15,292,73,0,0,0,2,61,362,0,0,1,0,0,0,326,14,19,0,0,0,11,252,17,0,0,0,11,30,302
0.8848594741613781	0.8851719559979948	0.8848594741613781	0.8849191352867637	0.562572872133696	434,0,0,0,0,0,0,313,56,0,0,0,0,67,338,0,0,0,0,0,0,323,23,27,0,0,0,7,245,27,0,0,0,34,13,299
0.8961922030825022	0.8967686746420147	0.8961922030825022	0.8962613348919384	0.5514963078118927	412,17,8,0,1,0,10,348,47,0,0,1,3,30,352,0,0,0,0,0,0,315,16,21,2,0,0,15,273,12,0,4,0,25,17,277
0.8916591115140526	0.8915604602751878	0.8916591115140526	0.8915061452103717	0.5458608628060629	405,6,0,0,0,0,9,305,62,0,0,0,1,58,342,0,0,0,0,0,0,355,16,28,0,0,0,15,278,14,2,0,0,18,10,282
0.871713508612874	0.8719810756981946	0.871713508612874	0.8712628215584424	0.5549941702293043	422,16,6,0,0,0,20,313,69,0,1,1,5,52,350,0,0,2,0,0,0,340,13,12,0,0,0,32,224,10,1,0,0,24,19,274
0.8794197642792384	0.8797567178566349	0.8794197642792384	0.8793492711566245	0.5623785464438399	448,3,0,0,0,0,0,308,75,0,0,0,0,56,373,1,0,0,0,0,0,303,13,28,0,0,0,24,259,15,2,0,0,31,18,249
0.9016319129646418	0.9029680180225254	0.9016319129646418	0.9018020664012141	0.5551884959191605	396,9,4,0,0,0,8,344,32,0,0,0,0,57,356,0,0,0,1,0,1,346,12,16,0,0,0,20,269,12,1,0,4,32,8,278
