accuracy	precision	recall	f1	oob	confMatrxVars
0.9066183136899365	0.9073706502565367	0.9066183136899365	0.9068369668002565	0.5491643995336184	411,4,1,0,0,0,2,365,44,0,0,0,2,46,384,0,0,0,0,0,0,323,20,16,0,0,0,13,246,19,0,0,0,10,29,271
0.8785131459655485	0.8777691553145758	0.8785131459655485	0.8778253946184181	0.5567431014380101	382,7,15,1,2,0,33,273,56,0,0,0,7,56,373,0,0,0,0,0,0,363,11,17,0,0,0,12,248,22,1,0,0,16,12,299
0.8907524932003626	0.8920812052586716	0.8907524932003626	0.8911975968576638	0.5454722114263506	402,9,0,0,1,0,1,325,50,0,0,0,0,56,360,0,0,0,0,0,0,328,13,32,0,0,0,13,265,25,1,1,0,17,22,285
0.8703535811423391	0.871987619824782	0.8703535811423391	0.870832850996448	0.5464438398756315	361,21,0,0,0,0,13,300,66,0,0,0,0,75,356,0,0,0,0,0,0,339,16,23,0,0,0,21,280,24,0,0,1,16,10,284
0.9111514052583862	0.9115653656306151	0.9111514052583862	0.9112465441215477	0.5423630003886514	430,1,0,0,0,0,0,366,42,0,0,0,0,52,343,0,0,0,0,0,0,327,8,28,0,0,0,12,263,18,0,0,0,19,16,281
0.9079782411604714	0.9103050206539138	0.9079782411604714	0.9084236015671532	0.5462495141857754	422,1,1,0,2,1,0,345,61,0,0,0,1,37,352,1,0,0,0,1,0,348,12,22,0,0,0,5,256,33,0,0,1,6,18,280
0.8884859474161378	0.8892885659770375	0.8884859474161378	0.8887061340839676	0.550719005052468	416,7,3,0,0,0,4,311,57,0,0,0,0,68,349,0,0,0,0,0,0,321,18,17,0,0,0,24,276,20,0,0,0,17,11,287
0.8762466001813236	0.8767928642143819	0.8762466001813236	0.8762083561946474	0.55266226195103	401,17,2,0,0,1,20,321,47,0,0,0,2,49,332,0,0,2,0,0,0,327,14,23,0,1,0,34,275,18,0,1,0,26,16,277
0.8658204895738894	0.8665367324155353	0.8658204895738894	0.8656815245911061	0.5639331519626894	412,22,8,0,0,0,40,311,40,0,0,0,9,74,327,0,0,0,0,0,0,338,14,20,0,0,0,14,247,20,0,0,0,25,10,275
0.8952855847688124	0.8955327397963987	0.8952855847688124	0.8953083893196309	0.548775748153906	397,2,0,0,0,1,0,343,53,0,0,1,0,64,365,0,0,1,0,0,1,336,13,13,0,0,0,16,276,23,0,0,1,21,21,258
0.9043517679057117	0.9049789180210485	0.9043517679057117	0.9042344649027535	0.5454722114263506	429,0,0,0,0,1,0,339,35,0,0,1,0,41,379,0,1,1,0,0,0,338,10,17,0,0,0,15,234,40,0,0,0,32,17,276
0.9088848594741614	0.9096188529166958	0.9088848594741614	0.9088066120995781	0.5458608628060629	418,0,0,0,0,0,0,353,61,0,0,0,0,34,379,0,0,0,0,0,0,332,10,20,0,0,0,15,263,18,0,0,0,29,14,260
0.8880326382592928	0.888652948913857	0.8880326382592928	0.8879600127629568	0.5501360279828993	412,0,0,0,0,0,0,341,67,0,0,1,0,75,341,0,0,0,0,0,0,351,9,16,0,0,0,22,248,14,0,0,0,32,11,266
0.9057116953762466	0.906056442962233	0.9057116953762466	0.9056921419327649	0.5448892343567819	397,0,0,0,0,0,0,346,48,2,0,1,0,38,355,0,0,0,0,0,0,313,25,22,0,0,0,15,279,25,0,0,2,19,11,308
0.8943789664551224	0.8951398287013064	0.8943789664551224	0.8946869512755586	0.5421686746987953	382,17,4,0,0,0,8,330,55,0,0,0,0,49,366,0,0,1,0,0,0,327,9,18,0,0,0,15,275,20,0,1,0,12,24,293
0.8957388939256573	0.8966058024247258	0.8957388939256573	0.8957129685493483	0.5466381655654877	399,0,0,0,0,0,0,345,50,0,0,0,0,81,335,0,0,0,0,0,0,339,12,20,0,0,0,13,266,18,0,0,0,21,15,292
0.9265639165911151	0.9265818722490359	0.9265639165911151	0.9265321938219649	0.5491643995336184	427,1,0,0,1,0,0,359,35,0,0,0,0,39,363,0,0,0,1,0,0,337,16,12,2,0,0,15,280,10,1,0,0,19,10,278
0.8812330009066183	0.8817858522913586	0.8812330009066183	0.8811079387495642	0.5672366886902449	412,20,2,2,1,0,13,291,59,0,0,1,0,47,384,0,0,1,0,0,0,336,12,11,1,0,0,25,250,20,2,1,2,23,19,271
0.9111514052583862	0.9114375412494112	0.9111514052583862	0.911235035837718	0.5474154683249126	401,9,0,0,0,1,3,343,38,0,0,1,1,34,390,0,0,0,0,0,0,322,14,17,0,0,0,15,281,18,0,0,1,16,28,273
0.8753399818676337	0.8758204887994285	0.8753399818676337	0.8755095423224553	0.5639331519626894	389,20,9,0,0,0,12,334,55,0,0,0,7,49,360,0,0,0,0,0,0,327,13,27,0,0,0,25,258,12,0,0,0,22,24,263
0.8762466001813236	0.8775390345074338	0.8762466001813236	0.876603627174505	0.5577147298872911	398,14,3,0,0,0,7,326,54,0,0,2,3,72,349,0,0,0,0,0,0,300,18,29,0,0,0,17,269,17,0,1,0,19,17,291
0.899818676337262	0.9002082610038845	0.899818676337262	0.8997545583595025	0.5431403031480762	416,0,0,0,0,0,0,332,57,0,0,0,0,64,354,0,1,0,0,0,1,336,7,11,0,0,0,13,269,32,0,2,0,18,15,278
0.8916591115140526	0.8915319535093988	0.8916591115140526	0.8914378598891926	0.5536338904003109	417,8,0,1,0,1,9,289,64,0,0,2,0,50,370,0,0,1,0,0,0,328,12,20,0,0,0,17,258,19,1,0,1,16,17,305
0.8807796917497733	0.8832721916495466	0.8807796917497733	0.8811666152655587	0.5522736105713175	400,17,3,0,1,0,2,309,90,0,0,0,0,51,352,0,0,0,0,0,0,322,7,18,0,0,0,16,291,13,0,0,0,33,12,269
0.8744333635539437	0.8747747930975357	0.8744333635539437	0.8734587252908704	0.5586863583365721	430,7,0,0,0,0,19,312,85,0,0,1,0,44,368,0,0,0,0,0,0,312,13,20,0,0,0,13,248,25,0,0,1,22,27,259
