accuracy	precision	recall	f1	oob	confMatrxVars
0.9215775158658205	0.9218712430566475	0.9215775158658205	0.9214863302341739	0.5466381655654877	433,2,0,1,0,1,3,320,45,0,0,0,0,27,378,0,1,2,0,0,0,330,12,13,0,0,0,17,292,11,0,0,0,15,23,280
0.9088848594741614	0.9090562661470072	0.9088848594741614	0.9087138243458096	0.5448892343567819	429,1,0,0,0,0,5,336,29,0,0,0,0,46,350,0,0,0,1,0,0,325,12,19,0,0,0,13,264,20,0,0,0,33,22,301
0.8349954669084315	0.8357902749972503	0.8349954669084315	0.8351398413540998	0.569374271278663	383,22,21,0,0,0,19,282,69,0,0,0,16,73,324,0,0,0,0,0,0,333,24,17,0,0,0,21,249,21,2,0,0,35,24,271
0.8730734360834089	0.8749604512300151	0.8730734360834089	0.8730632377611957	0.5563544500582978	399,13,6,0,0,5,8,318,92,0,0,0,10,43,328,0,0,0,0,0,0,320,20,15,0,0,0,12,257,15,0,0,0,26,15,304
0.8880326382592928	0.8879743124643691	0.8880326382592928	0.8878703003866291	0.5513019821220365	386,16,3,0,0,1,18,303,47,0,0,0,10,54,346,0,0,0,0,0,0,332,14,20,0,0,0,30,279,10,0,0,1,9,14,313
0.8889392565729828	0.8901242248101103	0.8889392565729828	0.8887561442105043	0.5563544500582978	436,2,0,0,0,2,1,304,91,0,0,0,0,54,353,2,0,1,0,0,0,338,11,16,0,0,0,17,241,21,0,1,0,18,8,289
0.8939256572982774	0.8943062005138539	0.8939256572982774	0.8938134201018546	0.5452778857364944	435,8,0,0,0,2,2,318,45,1,0,0,2,43,352,0,0,0,0,0,0,330,16,17,0,0,0,15,263,20,2,0,0,38,23,274
0.9066183136899365	0.9071660608353552	0.9066183136899365	0.9068166381900055	0.5468324912553439	403,3,1,1,0,0,1,298,45,0,0,0,0,54,367,0,0,0,0,0,0,346,21,17,0,0,0,19,276,13,0,0,0,13,18,310
0.8934723481414325	0.8941742266761036	0.8934723481414325	0.8936920392906867	0.5468324912553439	408,9,3,0,0,0,6,341,51,0,0,0,0,66,336,0,0,0,0,0,0,329,14,22,0,0,0,14,264,12,0,0,0,27,11,293
0.8975521305530372	0.8978994186098163	0.8975521305530372	0.8973510919739227	0.5413913719393704	433,2,0,0,0,0,2,323,61,0,0,0,0,36,356,0,0,0,0,0,1,332,12,24,1,0,0,16,257,21,2,0,0,29,19,279
0.9179510426110608	0.9185667321915474	0.9179510426110608	0.918095137577067	0.5485814224640497	422,2,0,0,2,0,0,331,31,0,0,0,0,45,378,1,0,0,0,0,0,340,19,19,1,0,0,13,244,13,0,0,0,20,15,310
0.8508612873980055	0.8534033193273184	0.8508612873980055	0.8518357609544859	0.5633501748931209	393,14,16,0,0,1,12,278,74,0,0,1,3,96,317,0,0,2,0,2,0,316,13,23,0,1,0,7,278,22,1,2,1,20,18,295
0.8980054397098821	0.8980814313054177	0.8980054397098821	0.8979911173288582	0.5431403031480762	386,14,7,0,1,0,15,298,51,0,0,0,5,50,366,0,0,0,0,0,0,346,10,12,0,0,0,10,273,23,0,0,0,14,13,312
0.871713508612874	0.8728647630569066	0.871713508612874	0.8719944777514965	0.5520792848814613	366,19,6,1,1,4,13,300,67,0,1,0,0,62,366,3,0,1,0,0,0,335,26,14,0,0,0,17,292,8,0,0,0,22,18,264
0.8825929283771532	0.8832395047314963	0.8825929283771532	0.8823180572517084	0.5491643995336184	404,0,0,2,0,1,8,308,54,0,0,0,3,88,351,1,0,0,0,0,0,345,12,15,1,2,0,13,264,14,2,0,3,22,18,275
0.9229374433363554	0.9231786330360415	0.9229374433363554	0.9228961660653071	0.5417800233190828	403,0,0,0,0,1,0,354,32,1,0,0,0,38,363,0,0,0,0,0,0,349,13,11,0,0,0,18,278,17,0,0,1,24,14,289
0.9152311876699909	0.9157887389662168	0.9152311876699909	0.9148115669203146	0.550719005052468	428,5,0,0,2,0,3,338,41,0,0,0,1,30,389,0,0,0,0,0,0,326,9,23,0,0,0,8,288,5,0,1,0,26,33,250
0.885766092475068	0.8867694256344748	0.885766092475068	0.885977489800515	0.5629615235134084	415,12,2,0,0,1,7,296,63,0,0,1,2,62,368,0,0,1,1,0,1,311,14,17,1,4,0,13,267,25,4,1,0,10,10,297
0.8943789664551224	0.8960718240614909	0.8943789664551224	0.8938913067495368	0.5549941702293043	430,0,0,0,1,0,1,305,77,0,0,0,0,30,380,0,0,2,0,0,0,344,18,12,0,0,0,15,267,21,0,0,0,29,27,247
0.9079782411604714	0.9087451295778599	0.9079782411604714	0.9080893959281333	0.5338126700349786	411,0,0,0,0,0,1,364,33,0,0,0,0,46,372,0,1,1,0,0,0,327,19,29,0,0,0,14,254,24,0,0,0,18,17,275
0.8970988213961922	0.8970500581250761	0.8970988213961922	0.896874439425879	0.5509133307423242	384,0,0,1,0,0,1,336,62,0,0,0,0,56,350,0,0,0,0,0,0,376,6,15,0,0,0,16,243,28,0,0,0,21,21,290
0.8980054397098821	0.898403973999085	0.8980054397098821	0.8980436398197029	0.5394481150408084	413,2,0,0,0,0,0,318,67,0,0,0,0,51,368,0,0,0,0,0,0,328,12,25,0,0,0,18,274,16,0,0,0,22,12,280
0.8685403445149592	0.8695879002459962	0.8685403445149592	0.8686506974428698	0.548775748153906	362,19,11,0,1,1,20,328,43,1,0,0,14,71,342,0,0,0,0,0,1,339,15,25,0,0,0,10,276,19,0,0,0,20,19,269
0.9016319129646418	0.9014413367278086	0.9016319129646418	0.9014226408783222	0.5454722114263506	415,7,1,1,0,0,12,344,51,0,0,1,0,41,368,0,0,0,0,0,0,322,10,19,0,0,0,13,256,17,0,1,0,21,22,284
0.9084315503173164	0.9085778646034486	0.9084315503173164	0.9083894113244404	0.5470268169452002	400,0,0,0,0,0,0,333,61,0,0,0,0,46,364,1,2,1,0,0,0,336,14,19,0,0,0,15,282,16,0,0,0,14,13,289
