accuracy	precision	recall	f1	oob	confMatrxVars
0.34950135992747056	0.12317860867168727	0.34950135992747056	0.18196087981787473	0.7438787407695298	396,0,0,2,0,0,392,0,0,0,0,0,430,0,0,1,0,0,0,0,0,375,0,0,0,0,0,291,0,0,0,0,0,319,0,0
0.3526745240253853	0.12590628801632137	0.3526745240253853	0.18518004178942216	0.7500971628449281	0,0,409,2,0,0,0,0,408,0,0,0,0,0,382,1,0,0,0,0,0,396,0,0,0,0,0,297,0,0,0,0,0,311,0,0
0.3513145965548504	0.12446639995416206	0.3513145965548504	0.18370336408202556	0.7465993004275165	413,0,0,4,0,0,405,0,0,1,0,0,423,0,0,0,0,0,0,0,0,362,0,0,0,0,0,291,0,0,0,0,0,307,0,0
0.35222121486854036	0.12446674739327503	0.35222121486854036	0.18391215283693188	0.7431014380101049	425,0,0,2,0,0,382,0,0,0,0,0,430,0,0,0,0,0,0,0,0,352,0,0,0,0,0,281,0,0,0,0,0,334,0,0
0.3472348141432457	0.12069641577294152	0.3472348141432457	0.1790934157208055	0.7491255343956471	0,0,407,1,0,0,0,0,399,1,0,0,0,0,410,0,0,0,0,0,0,356,0,0,0,0,0,293,0,0,0,0,0,339,0,0
0.37533998186763373	0.14234884426108196	0.37533998186763373	0.20629486717523168	0.7547609794014769	424,0,0,5,0,0,379,0,0,0,0,0,390,0,0,0,0,0,1,0,0,404,0,0,0,0,0,282,0,0,0,0,0,321,0,0
0.37488667271078874	0.14103738053351114	0.37488667271078874	0.2048718805172496	0.7502914885347843	429,0,0,1,0,0,355,0,0,1,0,0,414,0,0,0,0,0,0,0,0,398,0,0,0,0,0,294,0,0,0,0,0,314,0,0
0.34496826835902084	0.11910258301114442	0.34496826835902084	0.17704208018994766	0.7477652545666538	421,0,0,0,0,0,400,0,0,0,0,0,429,0,0,0,0,0,0,0,0,340,0,0,0,0,0,292,0,0,2,0,0,322,0,0
0.33771532184950137	0.11506012473458195	0.33771532184950137	0.17162222944698266	0.740186552662262	391,0,0,6,0,0,396,0,0,2,0,0,405,0,0,2,0,0,0,0,0,354,0,0,0,0,0,313,0,0,1,0,0,336,0,0
0.34814143245693563	0.12202797673566952	0.34814143245693563	0.1805197254710351	0.7493198600855033	0,0,412,1,0,0,0,0,397,0,0,0,0,0,390,0,0,0,0,0,1,378,0,0,0,0,1,306,0,0,0,0,0,320,0,0
0.35494106980961015	0.12639444797942495	0.35494106980961015	0.18629084491856868	0.7403808783521182	409,0,0,0,0,0,386,0,0,0,0,0,420,0,0,1,0,0,0,0,0,374,0,0,0,0,0,275,0,0,0,0,0,341,0,0
0.3563009972801451	0.12709019300819993	0.3563009972801451	0.1873128127523993	0.7497085114652158	0,0,426,2,0,0,0,0,359,0,0,0,0,0,416,0,0,0,0,0,0,370,0,0,0,0,0,301,0,0,0,0,3,329,0,0
0.3540344514959202	0.12618865138189192	0.3540344514959202	0.18591397916310556	0.7485425573260784	412,0,0,2,0,0,413,0,0,2,0,0,411,0,0,0,0,0,0,0,0,369,0,0,0,0,0,294,0,0,0,0,0,303,0,0
0.3526745240253853	0.12444367598986393	0.3526745240253853	0.18395326165253417	0.7495141857753596	0,0,417,0,0,0,0,0,387,0,0,0,0,0,425,0,0,0,0,0,0,353,0,0,0,0,0,305,0,0,0,0,1,318,0,0
0.34270172257479603	0.11803890956355487	0.34270172257479603	0.1755192345578771	0.7493198600855033	0,0,420,0,0,0,0,0,408,2,0,0,0,0,404,2,0,0,0,0,0,352,0,0,0,0,0,299,0,0,0,0,2,317,0,0
0.37216681776971894	0.22930237920309615	0.37216681776971894	0.25578520107278363	0.736300038865138	413,0,0,0,0,0,0,0,385,0,0,0,0,0,408,0,0,0,0,0,385,0,0,0,0,0,288,0,0,0,0,0,327,0,0,0
0.3381686310063463	0.11464456434944535	0.3381686310063463	0.1711557600852805	0.7520404197434901	0,0,443,0,0,0,0,0,383,0,0,0,0,0,394,0,0,0,0,0,0,352,0,0,0,0,0,318,0,0,0,0,0,316,0,0
0.36672710788757934	0.13531000154005515	0.36672710788757934	0.1975809879477378	0.7520404197434901	430,0,0,0,0,0,379,0,0,0,0,0,412,0,0,0,0,0,3,0,0,379,0,0,0,0,0,303,0,0,0,0,0,300,0,0
0.36038077969174975	0.1316088352268904	0.36038077969174975	0.19240334549311208	0.7444617178390983	388,0,0,1,0,0,370,0,0,4,0,0,431,0,0,2,0,0,1,0,0,407,0,0,0,0,0,275,0,0,1,0,0,326,0,0
0.37035358114233907	0.22435322049858997	0.37035358114233907	0.2517627637343977	0.7343567819665759	396,0,1,0,0,0,0,0,385,0,0,0,0,0,421,0,0,0,0,0,381,0,0,0,0,0,286,0,0,0,0,0,336,0,0,0
0.35675430643699	0.128536233712351	0.35675430643699	0.1888179375784789	0.7549553050913331	0,0,434,2,0,0,0,0,383,0,0,0,0,0,410,4,0,0,0,0,0,377,0,0,0,0,0,302,0,0,0,0,1,293,0,0
0.3803263825929284	0.23654817810465836	0.3803263825929284	0.2636254231815647	0.7403808783521182	426,0,0,0,0,0,0,0,366,0,0,0,0,0,413,0,0,0,0,0,383,0,0,0,0,0,276,0,0,0,0,0,342,0,0,0
0.3485947416137806	0.12202220917984195	0.3485947416137806	0.18062449653768683	0.7502914885347843	0,0,433,1,0,0,0,0,374,1,0,0,0,0,394,0,0,0,0,0,0,375,0,0,0,0,0,303,0,0,0,0,0,325,0,0
0.34496826835902084	0.12036491046837894	0.34496826835902084	0.17821763008713276	0.755926933540614	0,0,439,1,0,0,0,0,403,1,0,0,0,0,393,3,0,0,0,0,0,368,0,0,0,0,0,254,0,0,0,0,1,343,0,0
0.3563009972801451	0.127354775804775	0.3563009972801451	0.1876188768472286	0.7534006995724835	434,0,0,2,0,0,374,0,0,0,0,0,439,0,0,0,0,0,0,0,0,352,0,0,0,0,0,295,0,0,0,0,0,310,0,0
