accuracy	precision	recall	f1	oob	confMatrxVars
0.956935630099728	0.9573200514986939	0.956935630099728	0.9569005766208073	0.04566653711620672	420,0,0,0,0,1,0,352,31,0,0,0,0,17,376,0,0,0,0,0,0,344,2,10,0,0,0,16,297,8,0,0,0,3,7,322
0.9578422484134179	0.9584799956350472	0.9578422484134179	0.9578130392594707	0.04722114263505639	440,0,0,0,0,0,0,356,38,0,0,1,0,16,382,0,0,0,0,0,0,331,7,7,0,0,0,7,307,10,0,0,0,7,0,297
0.9514959202175884	0.952239148674642	0.9514959202175884	0.951428076922513	0.04722114263505639	416,0,0,0,0,0,0,373,23,0,0,1,0,50,373,0,0,0,0,0,0,342,4,0,0,0,0,11,268,9,0,0,0,4,5,327
0.9546690843155031	0.9546853513873911	0.9546690843155031	0.9546728887052439	0.0474154683249125	423,0,0,0,0,0,0,322,27,0,0,0,0,29,420,0,0,0,0,0,0,348,4,10,0,0,0,9,259,6,0,0,0,6,9,334
0.9546690843155031	0.9553679735117157	0.9546690843155031	0.9546825048524008	0.047609794014768725	433,0,0,0,0,1,0,351,31,0,0,1,0,15,385,0,0,0,0,0,0,346,6,9,0,0,0,6,274,20,0,0,0,3,8,317
0.956482320942883	0.9567226406691072	0.956482320942883	0.9564082301077869	0.04935872522347451	422,0,0,0,0,0,0,339,36,0,0,1,0,20,384,0,0,0,0,0,0,363,5,4,0,0,0,9,280,10,0,0,0,6,5,322
0.9460562103354487	0.9465689862868438	0.9460562103354487	0.9459324182475486	0.044694908666925715	388,0,0,0,0,0,0,346,39,0,0,1,0,22,425,0,0,0,0,0,0,351,4,10,0,0,0,12,262,18,0,0,0,6,7,315
0.9592021758839528	0.9595103181593064	0.9592021758839528	0.9591933854548799	0.0474154683249125	438,0,0,0,0,0,0,333,22,0,0,0,0,33,362,0,0,0,0,0,0,356,2,2,0,0,0,8,292,8,0,0,0,10,5,335
0.9510426110607434	0.9513896661837268	0.9510426110607434	0.9509501207920023	0.0491643995336184	421,0,0,0,0,0,0,356,40,0,0,0,0,21,392,0,0,0,0,0,0,340,4,4,0,0,0,10,259,13,0,0,0,8,8,330
0.9578422484134179	0.9580894885829047	0.9578422484134179	0.9577915518305574	0.05033035367275551	415,0,0,0,0,0,0,359,36,0,0,0,0,23,398,0,0,0,0,0,0,374,3,3,0,0,0,12,277,6,0,0,0,6,4,290
0.957388939256573	0.9575530075683959	0.957388939256573	0.9573801156363366	0.04586086280606294	433,0,0,0,0,1,0,358,28,0,0,0,0,19,378,0,0,0,0,0,0,370,2,10,0,0,0,11,271,8,0,0,0,7,8,302
0.9555757026291931	0.9558951921731499	0.9555757026291931	0.9555245657600928	0.047609794014768725	422,0,0,0,0,0,0,358,35,0,0,0,0,16,393,0,0,0,0,0,0,353,4,7,0,0,0,10,271,11,0,0,0,4,11,311
0.9519492293744334	0.9519945495691827	0.9519492293744334	0.9519287662475096	0.04858142246404973	439,0,0,0,0,2,0,341,30,0,0,0,0,29,391,0,0,0,0,0,0,333,9,2,0,0,0,11,276,11,0,0,0,7,5,320
0.9537624660018132	0.9540814445798609	0.9537624660018132	0.9536572066041692	0.0474154683249125	434,0,0,0,0,1,0,349,35,0,0,0,0,21,379,0,0,0,0,0,0,353,6,3,0,0,0,13,284,15,0,0,0,3,5,305
0.9542157751586582	0.9544205899696939	0.9542157751586582	0.9541697995836576	0.04527788573649438	422,0,0,0,0,1,0,346,39,0,0,0,0,26,382,0,0,0,0,0,0,377,4,7,0,0,0,11,269,7,0,0,0,1,5,309
0.9596554850407978	0.9601622280127861	0.9596554850407978	0.9595829450637244	0.04663816556548772	434,0,0,0,0,0,0,358,33,0,0,1,0,14,369,0,0,0,0,0,0,382,3,5,0,0,0,8,253,14,0,0,0,6,5,321
0.9519492293744334	0.9520223953358048	0.9519492293744334	0.9519397663088552	0.04955305091333073	394,0,0,0,0,0,0,352,29,0,0,0,0,33,396,0,0,0,0,0,0,355,3,7,0,0,0,15,291,4,0,0,0,4,11,312
0.958295557570263	0.9584165195168981	0.958295557570263	0.9582987258449109	0.0445005829770696	445,0,0,0,0,2,0,350,30,0,0,0,0,22,383,0,0,0,0,0,0,347,9,5,0,0,0,8,278,8,0,0,0,2,6,311
0.9537624660018132	0.9542682952143207	0.9537624660018132	0.9537462494363844	0.04780411970462495	424,0,0,0,0,2,0,353,35,0,0,0,0,18,369,0,0,0,0,0,0,378,7,8,0,0,0,9,260,13,0,0,0,7,3,320
0.9555757026291931	0.955742345145682	0.9555757026291931	0.9555801240298507	0.04994170229304318	448,0,0,0,0,0,0,359,22,0,0,1,0,32,361,0,0,0,0,0,0,356,9,3,0,0,0,3,275,16,0,0,0,6,6,309
0.9542157751586582	0.9546291409221255	0.9542157751586582	0.9541958429067126	0.0445005829770696	431,0,0,0,0,0,0,366,36,0,0,0,0,25,378,0,0,0,0,0,0,366,5,10,0,0,0,10,279,11,0,0,0,0,4,285
0.9474161378059837	0.9474980946811703	0.9474161378059837	0.9473575076225265	0.043334628837932376	406,0,0,0,0,1,0,370,35,0,0,0,0,29,398,0,0,0,0,0,0,360,10,5,0,0,0,15,270,11,0,0,0,6,4,286
0.9578422484134179	0.958107213799655	0.9578422484134179	0.957801825651371	0.05071900505246796	409,0,0,0,0,0,0,358,39,0,0,0,0,22,414,0,0,0,0,0,0,352,4,6,0,0,0,6,283,8,0,0,0,4,4,297
0.9528558476881233	0.952888404949161	0.9528558476881233	0.9528386382029855	0.0474154683249125	429,0,0,0,0,0,0,344,42,0,0,0,0,34,384,0,0,0,0,0,0,352,3,5,0,0,0,4,284,5,0,0,0,4,7,309
0.9619220308250227	0.962561815015677	0.9619220308250227	0.9619031757381145	0.04799844539448117	421,0,0,0,0,1,0,360,37,0,0,0,0,13,390,0,0,0,0,0,0,385,5,6,0,0,0,7,270,8,0,0,0,1,6,296
