accuracy	precision	recall	f1	oob	confMatrxVars
0.9247506799637353	0.9269618446302734	0.9247506799637353	0.9244379052175595	0.08103381267003495	413,0,0,0,0,0,0,316,70,0,0,0,0,21,396,0,0,0,0,0,0,374,6,14,0,0,0,20,249,12,0,0,0,15,8,292
0.9224841341795105	0.9229680847479866	0.9224841341795105	0.9223831525632562	0.07986785853089784	427,0,0,0,0,2,0,332,36,0,0,1,0,51,385,0,0,0,0,0,0,338,8,7,0,0,0,19,253,22,0,0,0,12,13,300
0.9279238440616501	0.9297148299593835	0.9279238440616501	0.9277716699918896	0.07967353284104162	436,0,0,0,1,1,0,338,32,0,0,1,0,54,373,0,0,0,0,0,0,345,1,6,0,0,0,30,265,15,0,0,0,11,7,290
0.9256572982774252	0.9271652878470631	0.9256572982774252	0.9250598755070029	0.07636999611348616	414,0,0,0,0,0,0,330,57,0,0,0,0,24,381,0,0,0,0,0,0,352,8,7,0,0,0,33,252,22,0,0,0,5,8,313
0.92883046237534	0.9299160160126776	0.92883046237534	0.9287543527241685	0.07811892732219194	422,0,0,0,0,0,0,347,33,0,0,0,0,50,371,0,0,0,0,0,0,367,6,15,0,0,0,22,264,18,0,0,0,8,5,278
0.9256572982774252	0.9261314196822054	0.9256572982774252	0.9255191931817882	0.07034589972794403	435,0,0,0,0,0,0,328,48,0,0,1,0,32,363,0,0,0,0,0,0,341,10,10,0,0,0,15,269,25,0,0,0,14,9,306
0.9279238440616501	0.9294383701942053	0.9279238440616501	0.9276265180808924	0.07306645938593082	425,0,0,0,0,1,3,348,30,0,0,0,0,44,389,0,0,0,0,0,0,341,5,14,0,0,0,25,250,26,0,0,0,6,5,294
0.9279238440616501	0.9287440638269098	0.9279238440616501	0.9275248033833262	0.08336572094830941	422,0,0,0,0,2,5,333,45,0,0,0,0,25,381,0,0,0,0,0,0,349,7,12,0,0,0,24,255,23,0,0,0,7,9,307
0.9324569356300997	0.9335474255588168	0.9324569356300997	0.932178811271927	0.07967353284104162	414,0,0,0,0,0,0,351,41,0,0,0,0,29,362,0,0,0,0,0,0,328,5,11,0,0,0,30,286,21,0,0,0,5,7,316
0.9329102447869447	0.9348424463018242	0.9329102447869447	0.9327415844109022	0.08083948698017873	408,0,0,0,0,0,0,340,61,0,0,0,0,20,397,0,0,0,0,0,0,341,7,10,0,0,0,13,275,21,0,0,0,12,4,297
0.9247506799637353	0.9261215046779652	0.9247506799637353	0.9244105949298589	0.07656432180334238	403,0,0,0,0,0,0,359,45,0,0,0,0,28,371,0,0,0,0,0,0,364,3,16,0,0,0,33,250,21,0,0,0,10,10,293
0.9329102447869447	0.9342145123539763	0.9329102447869447	0.9326635985077044	0.0767586474931986	411,0,0,0,0,0,0,339,60,0,0,0,0,24,398,0,0,0,0,0,0,350,8,4,0,0,0,15,260,19,0,0,0,13,5,300
0.9211242067089755	0.9236114269435989	0.9211242067089755	0.9207221061450993	0.09910610182666146	397,0,0,0,0,0,0,336,81,0,0,0,0,28,391,0,0,0,0,0,0,355,7,7,0,0,0,16,248,22,0,0,0,5,8,305
0.9401631912964642	0.9417821571622013	0.9401631912964642	0.9399044350690717	0.08356004663816552	416,0,0,0,0,0,0,322,53,0,0,1,0,13,410,0,0,0,0,0,0,348,5,5,0,0,0,12,286,16,0,0,0,18,9,292
0.9378966455122394	0.9397630118860061	0.9378966455122394	0.9376441588370985	0.08083948698017873	434,2,0,0,0,0,0,341,58,0,0,0,0,16,388,0,0,0,0,0,0,358,4,5,0,0,0,11,247,25,0,0,0,8,8,301
0.9270172257479601	0.927588070255895	0.9270172257479601	0.92676498147435	0.0748153905946366	407,0,0,0,0,1,0,337,46,0,0,0,0,42,393,0,0,0,0,0,0,356,7,7,0,0,0,20,247,23,0,0,0,10,5,305
0.9206708975521306	0.9231297917434786	0.9206708975521306	0.9203568734884756	0.09541391371939367	442,0,0,0,0,1,0,318,68,0,0,0,0,20,385,0,0,0,0,0,0,340,3,13,0,0,0,23,263,18,0,0,0,15,14,283
0.928377153218495	0.9286608751638096	0.928377153218495	0.92825701072605	0.07792460163233583	419,0,0,0,0,1,0,341,34,0,0,0,0,46,378,0,0,0,0,0,0,364,7,10,0,0,0,23,248,15,0,0,0,9,13,298
0.9388032638259293	0.9392733695720638	0.9388032638259293	0.938863234736358	0.08083948698017873	415,1,0,0,0,1,0,353,33,0,0,0,0,50,361,0,0,0,0,0,0,374,6,11,0,0,0,6,267,10,0,0,0,12,5,301
0.9279238440616501	0.9282612172408443	0.9279238440616501	0.9278597790862796	0.09172172561212588	433,0,0,0,0,0,0,345,34,0,0,0,0,42,356,0,0,0,0,0,0,342,9,17,0,0,0,20,261,17,0,0,0,11,9,310
0.9442429737080689	0.9450135651019885	0.9442429737080689	0.9440373684386036	0.08181111542945974	423,0,0,0,0,0,0,371,32,0,0,1,0,39,381,0,0,0,0,0,0,348,2,4,0,0,0,21,267,16,0,0,0,5,3,293
0.9265639165911151	0.9278540269850658	0.9265639165911151	0.92611000413269	0.08783521181500198	446,0,0,0,0,0,3,316,61,0,0,0,0,26,399,0,0,0,0,0,0,354,4,12,0,0,0,20,242,19,0,0,0,9,8,287
0.9252039891205802	0.9252495693625342	0.9252039891205802	0.9251351743329002	0.08278274387874074	403,0,0,0,0,0,0,338,46,0,0,0,0,46,370,0,0,0,0,0,0,368,7,9,0,0,0,9,253,17,0,0,0,21,10,309
0.9238440616500453	0.926503005567781	0.9238440616500453	0.9239616505558973	0.07656432180334238	426,0,0,0,0,0,0,344,26,0,0,1,0,67,355,0,0,0,0,0,0,335,3,18,0,0,0,12,282,23,0,0,0,10,8,296
0.9369900271985494	0.9374986139884689	0.9369900271985494	0.9369015366841819	0.07792460163233583	409,0,0,0,0,0,0,339,36,0,0,0,0,37,381,0,0,0,0,0,0,360,3,7,0,0,0,17,270,16,0,0,0,16,7,308
