accuracy	precision	recall	f1	oob	confMatrxVars
0.9800543970988214	0.9801550485587815	0.9800543970988214	0.9800481334400365	0.03148076175670422	446,0,0,0,0,0,0,354,16,0,0,0,0,7,395,0,0,0,0,0,0,371,6,3,0,0,0,3,282,5,0,0,0,2,2,314
0.9796010879419764	0.9797622136949162	0.9796010879419764	0.9795881938697197	0.030120481927710885	435,0,0,0,0,0,0,369,25,0,0,0,0,12,402,0,0,0,0,0,0,356,0,1,0,0,0,2,292,1,0,0,0,1,3,307
0.9777878513145966	0.9778827020378842	0.9777878513145966	0.977783687308715	0.028565876408861213	404,0,0,0,0,0,0,381,13,0,0,1,0,15,419,0,0,0,0,0,0,363,5,5,0,0,0,4,293,5,0,0,0,0,1,297
0.9750679963735267	0.9750707588416264	0.9750679963735267	0.9750615078981347	0.02895452778857366	418,0,0,0,0,0,0,363,19,1,0,0,0,21,395,0,0,0,0,0,0,374,3,1,0,0,0,6,287,1,0,0,0,1,2,314
0.9732547597461468	0.9733485765807277	0.9732547597461468	0.9732650699028618	0.027205596579867874	427,0,0,0,0,1,0,370,14,0,0,0,0,22,394,0,0,0,0,0,0,346,3,4,0,0,0,6,295,3,0,0,0,0,6,315
0.9782411604714415	0.9782669215113801	0.9782411604714415	0.9782393885884698	0.030314807617566997	434,0,0,0,0,0,0,364,16,0,0,1,0,19,404,0,0,0,0,0,0,368,6,1,0,0,0,2,290,1,0,0,0,1,1,298
0.9814143245693563	0.9814198842989655	0.9814143245693563	0.9814144733137495	0.03322969296541001	424,0,0,0,0,0,0,366,14,0,0,0,0,15,394,0,0,0,0,0,0,362,3,2,0,0,0,4,315,1,0,0,0,2,0,304
0.9696282864913871	0.969629350888679	0.9696282864913871	0.9696244625492686	0.03361834434512245	441,0,0,0,0,0,0,362,22,0,0,0,0,24,407,0,0,0,0,0,0,349,4,2,0,0,0,6,268,4,0,0,0,1,4,312
0.9737080689029919	0.9738164045360355	0.9737080689029919	0.9736775112093299	0.030703458997279442	440,0,0,0,0,0,0,343,27,0,0,1,0,17,413,0,0,0,0,0,0,356,1,3,0,0,0,2,286,5,0,0,0,0,2,310
0.9782411604714415	0.9784564560603926	0.9782411604714415	0.9782678352465684	0.034589972794403456	438,0,0,0,0,0,0,360,11,0,0,1,0,19,371,0,0,0,0,0,0,373,0,8,0,0,0,2,314,4,0,0,0,2,1,302
0.9737080689029919	0.9738900157493849	0.9737080689029919	0.9736905267099188	0.0283715507190051	425,0,0,0,0,0,0,373,28,0,0,1,0,15,391,0,0,0,0,0,0,342,2,2,0,0,0,2,290,5,0,0,0,0,3,327
0.9805077062556664	0.9805947005820413	0.9805077062556664	0.9805028414916633	0.035950252623396795	431,0,0,0,0,0,0,359,19,0,0,0,0,10,376,0,0,0,0,0,0,360,2,2,0,0,0,3,307,3,0,0,0,2,2,330
0.971894832275612	0.9719705720129219	0.971894832275612	0.97190569978975	0.03148076175670422	410,0,0,0,0,0,0,389,24,0,0,0,0,19,354,0,0,0,0,0,0,367,5,3,0,0,0,2,287,2,0,0,0,3,4,337
0.9759746146872167	0.9760384593905004	0.9759746146872167	0.9759888322186968	0.03322969296541001	423,0,0,0,0,1,0,370,16,0,0,0,0,16,396,0,0,0,0,0,0,373,2,6,0,0,0,3,279,4,0,0,0,1,4,312
0.9809610154125114	0.9809502973903178	0.9809610154125114	0.9809516116802917	0.03439564710454723	416,0,0,0,0,0,0,358,17,0,0,1,0,15,385,0,0,0,0,0,0,384,1,2,0,0,0,2,303,1,0,0,0,1,2,318
0.970081595648232	0.9701677687875816	0.970081595648232	0.9700883259910134	0.027788573649436432	432,0,0,0,0,1,0,329,25,0,0,0,0,21,403,0,0,0,0,0,0,391,3,6,0,0,0,2,278,4,0,0,0,1,3,307
0.9796010879419764	0.9796230754127093	0.9796010879419764	0.9796028113096529	0.03361834434512245	403,0,0,0,0,1,0,360,18,0,0,0,0,17,405,0,0,0,0,0,0,399,2,3,0,0,0,2,296,1,0,0,0,0,1,298
0.9755213055303718	0.9755546279830309	0.9755213055303718	0.9755209109076383	0.03264671589584145	418,0,0,0,1,0,0,373,19,0,0,1,0,23,390,0,0,0,0,0,0,349,1,3,0,0,0,1,300,3,0,0,0,1,1,322
0.9782411604714415	0.9783264489883626	0.9782411604714415	0.9782529964009844	0.031286436066848	441,0,0,0,0,1,0,368,16,0,0,0,0,14,389,0,0,0,0,0,0,348,3,5,0,0,0,2,299,4,0,0,0,0,3,313
0.9750679963735267	0.9751296135456734	0.9750679963735267	0.975077138926183	0.03206373882627278	418,0,0,0,0,0,0,366,17,0,1,0,0,20,410,0,0,0,0,0,0,360,5,1,0,0,0,1,275,3,0,0,0,3,4,322
0.9750679963735267	0.9753650442500673	0.9750679963735267	0.9750395924146529	0.03400699572483479	418,0,0,0,0,0,0,351,29,0,0,0,0,12,376,0,0,0,0,0,0,389,4,1,0,0,0,6,302,3,0,0,0,0,0,315
0.9796010879419764	0.9796122391758141	0.9796010879419764	0.9795992771172587	0.03342401865526623	414,0,0,0,0,0,0,376,14,0,0,1,0,17,424,0,0,0,0,0,0,368,3,0,0,0,0,2,285,5,0,0,0,0,3,294
0.9746146872166818	0.974995744135245	0.9746146872166818	0.9745965393679719	0.03361834434512245	429,0,0,0,0,0,0,374,30,0,0,0,0,11,407,0,0,0,0,0,0,347,2,4,0,0,0,3,276,4,0,0,0,0,2,317
0.972348141432457	0.9723845494045471	0.972348141432457	0.9723484846777518	0.030897784687135665	422,0,0,0,0,1,0,360,19,0,0,0,0,17,380,0,0,0,0,0,0,369,1,4,0,0,0,5,293,2,0,0,0,2,10,321
0.9750679963735267	0.9752942250493712	0.9750679963735267	0.9750738330549098	0.03497862417411579	436,0,0,0,0,0,0,356,25,0,0,0,0,14,375,0,0,0,0,0,0,357,3,1,0,0,0,3,285,0,0,0,0,2,7,342
