accuracy	precision	recall	f1	oob	confMatrxVars
0.9614687216681777	0.9617201547028419	0.9614687216681777	0.9614226689795597	0.047609794014768725	422,0,0,0,0,0,0,346,39,0,0,0,0,22,393,0,0,0,0,0,0,366,5,7,0,0,0,7,270,2,0,0,0,3,0,324
0.9587488667271079	0.9587695367909019	0.9587488667271079	0.958754649226544	0.04702681694520017	429,0,0,0,0,0,0,371,28,0,0,0,0,28,390,0,0,0,0,0,0,360,4,9,0,0,0,6,274,4,0,0,0,4,8,291
0.9546690843155031	0.955150279265304	0.9546690843155031	0.9546544636464658	0.048192771084337394	427,0,0,0,0,0,0,362,42,0,0,0,0,20,377,0,0,0,0,0,0,352,7,5,0,0,0,5,270,9,0,0,0,6,6,318
0.9664551223934723	0.9671119374408412	0.9664551223934723	0.9664872044056692	0.046055188495919164	416,0,0,0,0,1,0,382,37,0,0,0,0,14,374,0,0,0,0,0,0,344,6,1,0,0,0,4,282,3,0,0,0,1,7,334
0.9551223934723482	0.9554239600783678	0.9551223934723482	0.9551003057022641	0.04314030314807615	397,0,0,0,0,1,0,348,41,0,0,0,0,25,367,0,0,0,0,0,0,383,3,7,0,0,0,11,288,4,0,0,0,3,4,324
0.9605621033544878	0.9608145850491207	0.9605621033544878	0.9605716927142744	0.04586086280606294	450,0,0,0,0,0,0,370,36,0,0,0,0,26,366,0,0,0,0,0,0,339,3,9,0,0,0,5,299,5,0,0,0,2,1,295
0.9537624660018132	0.9544449247382841	0.9537624660018132	0.9537365636537278	0.04624951418577539	411,0,0,0,0,0,0,351,47,0,0,0,0,21,377,0,0,0,0,0,0,377,4,8,0,0,0,4,266,4,0,0,0,5,9,322
0.9501359927470535	0.9505385458226753	0.9501359927470535	0.9501924323410489	0.04586086280606294	401,0,0,0,0,2,0,354,31,0,0,0,0,38,421,0,0,0,0,0,0,341,5,9,0,0,0,6,271,12,0,0,0,2,5,308
0.957388939256573	0.9576145472254175	0.957388939256573	0.9574208373321422	0.0474154683249125	415,1,0,0,0,1,0,331,24,0,0,0,0,32,397,0,0,0,0,0,0,392,2,9,0,0,0,11,266,6,0,0,0,0,8,311
0.9650951949229375	0.9652828393716388	0.9650951949229375	0.9650712172879646	0.04799844539448117	420,0,0,0,0,0,0,336,30,0,0,0,0,19,377,0,0,0,0,0,0,371,7,5,0,0,0,5,298,8,0,0,0,0,3,327
0.9542157751586582	0.9543937346810836	0.9542157751586582	0.9542358382426823	0.05169063350174896	410,0,0,0,0,1,0,383,30,0,0,1,0,40,380,0,0,0,0,0,0,351,2,9,0,0,0,4,296,4,0,0,0,1,9,285
0.956029011786038	0.9560298515112191	0.956029011786038	0.9560127479515905	0.04780411970462495	408,0,0,0,0,0,0,333,27,0,0,1,0,31,382,0,0,0,0,0,0,404,5,4,0,0,0,7,270,7,0,0,0,7,8,312
0.9519492293744334	0.9521155364701427	0.9519492293744334	0.9519601531858096	0.04994170229304318	407,0,0,0,0,1,0,357,39,0,0,0,0,28,367,0,0,0,0,0,0,373,4,9,0,0,0,5,283,5,0,0,0,5,10,313
0.9632819582955575	0.9635904138526233	0.9632819582955575	0.963261009191232	0.04624951418577539	424,2,0,0,0,0,0,355,31,0,0,0,0,13,406,0,0,0,0,0,0,356,6,7,0,0,0,9,267,5,0,0,0,6,2,317
0.9632819582955575	0.9633807121304808	0.9632819582955575	0.9632534923146956	0.05246793626117374	405,0,0,0,0,0,0,370,24,0,0,1,0,23,388,0,0,0,0,0,0,334,9,9,0,0,0,6,286,5,0,0,0,1,3,342
0.9592021758839528	0.9600208982080906	0.9592021758839528	0.9591461434861781	0.046055188495919164	423,0,0,0,0,0,0,361,38,0,0,1,0,12,371,0,0,0,0,0,0,349,7,6,0,0,0,10,290,10,0,0,0,4,2,322
0.9628286491387126	0.9629631738428878	0.9628286491387126	0.96282670976658	0.04430625728721338	433,0,0,0,0,1,0,376,26,0,0,0,0,32,364,0,0,0,0,0,0,331,2,4,0,0,0,5,304,8,0,0,0,1,3,316
0.956935630099728	0.9569716161347221	0.956935630099728	0.9569432108282118	0.04877574815390595	426,0,0,0,0,0,0,342,27,0,0,0,0,25,401,0,0,0,0,0,0,338,8,6,0,0,0,4,283,11,0,0,0,6,8,321
0.9542157751586582	0.954834854193244	0.9542157751586582	0.95413959346231	0.04566653711620672	436,0,0,0,0,0,0,340,49,0,0,0,0,22,389,0,0,0,0,0,0,323,6,4,0,0,0,7,285,6,0,0,0,3,4,332
0.9551223934723482	0.955189511251193	0.9551223934723482	0.9551093975268438	0.04935872522347451	395,0,0,0,0,0,0,351,32,0,0,0,0,31,386,0,0,0,0,0,0,381,5,7,0,0,0,6,261,10,0,0,0,4,4,333
0.9546690843155031	0.9547293651584936	0.9546690843155031	0.9546164056004997	0.04314030314807615	420,0,0,0,0,0,0,347,36,0,0,0,0,30,395,0,0,0,0,0,0,350,7,5,0,0,0,9,277,9,0,0,0,2,2,317
0.9542157751586582	0.9544596701629252	0.9542157751586582	0.954262047238989	0.04275165176836382	417,1,0,0,0,0,0,355,33,0,0,0,0,34,376,0,0,0,0,0,0,388,4,8,0,0,0,5,279,10,0,0,0,0,6,290
0.9514959202175884	0.9521478571723696	0.9514959202175884	0.9515265459564273	0.047609794014768725	440,0,0,0,0,0,0,362,22,0,0,0,0,45,383,0,0,0,0,0,0,326,4,8,0,0,0,11,283,3,0,0,0,8,6,305
0.9551223934723482	0.9552298337601577	0.9551223934723482	0.9551282256331847	0.04624951418577539	412,1,0,0,0,1,0,354,28,0,0,0,0,26,383,0,0,0,0,0,0,378,8,4,0,0,0,7,279,14,0,0,0,4,6,301
0.9601087941976428	0.9601796431702236	0.9601087941976428	0.960109428744823	0.04294597745821993	432,0,0,0,0,0,0,347,33,0,0,0,0,29,399,0,0,0,0,0,0,349,4,7,0,0,0,3,291,6,0,0,0,3,3,300
