accuracy	precision	recall	f1	oob	confMatrxVars
0.9746146872166818	0.9746970397631673	0.9746146872166818	0.9746046720178513	0.031675087446560446	416,0,0,0,0,0,0,386,18,0,0,1,0,23,391,0,0,0,0,0,0,347,1,3,0,0,0,4,297,5,0,0,0,0,1,313
0.9746146872166818	0.9746403024427951	0.9746146872166818	0.9746001224811333	0.030703458997279442	431,0,0,0,0,0,0,377,17,0,0,0,0,20,393,0,0,0,0,0,0,349,4,2,0,0,0,6,292,5,0,0,0,1,1,308
0.9768812330009066	0.976884111108033	0.9768812330009066	0.9768766441804314	0.03264671589584145	430,0,0,0,0,0,0,384,15,0,0,1,0,17,387,0,0,0,0,0,0,352,1,4,0,0,0,5,301,3,0,0,0,0,5,301
0.9737080689029919	0.9737511202096918	0.9737080689029919	0.9736995302994228	0.030703458997279442	432,0,0,0,0,0,0,364,20,0,0,0,0,14,389,0,0,0,0,0,0,368,5,6,0,0,0,7,278,2,0,0,0,0,4,317
0.9791477787851315	0.9792572392827275	0.9791477787851315	0.9791372013385754	0.02895452778857366	438,0,0,0,0,0,0,345,18,0,0,0,0,13,411,0,0,0,0,0,0,336,10,1,0,0,0,1,297,3,0,0,0,0,0,333
0.9741613780598368	0.9742111334430454	0.9741613780598368	0.974151837881966	0.03148076175670422	401,0,0,0,0,0,0,355,19,0,0,1,0,14,393,0,0,0,0,0,0,364,2,5,0,0,0,5,312,5,0,0,0,3,3,324
0.9777878513145966	0.9778493058708502	0.9777878513145966	0.9777745895624089	0.03186941313641667	435,0,0,0,0,0,0,390,17,0,0,0,0,11,411,0,0,0,0,0,0,347,6,6,0,0,0,5,289,2,0,0,0,1,1,285
0.9805077062556664	0.9806815524332956	0.9805077062556664	0.9805315638440146	0.03497862417411579	396,0,0,0,0,0,0,373,15,0,0,0,0,9,404,0,0,0,0,0,0,347,6,2,0,0,0,2,296,2,0,0,0,0,7,347
0.9768812330009066	0.9769013665022432	0.9768812330009066	0.9768751356477079	0.030897784687135665	415,0,0,0,0,0,0,365,20,0,0,0,0,21,388,0,0,0,0,0,0,376,0,1,0,0,0,2,274,5,0,0,0,0,2,337
0.9805077062556664	0.9805635272842667	0.9805077062556664	0.9804945865979378	0.037310532452390244	420,0,0,0,0,0,0,377,17,0,0,0,0,9,404,0,0,0,0,0,0,362,2,1,0,0,0,5,283,4,0,0,0,1,4,317
0.9800543970988214	0.9800554781823162	0.9800543970988214	0.9800516959244852	0.03322969296541001	409,0,0,0,0,0,0,353,14,0,0,1,0,13,416,0,0,0,0,0,0,358,3,2,0,0,0,5,295,1,0,0,0,0,5,331
0.9755213055303718	0.9755896935570905	0.9755213055303718	0.9755287916603526	0.03264671589584145	397,0,0,0,0,0,0,376,18,0,0,0,0,20,392,0,0,0,0,0,0,379,2,7,0,0,0,1,299,2,0,0,0,1,3,309
0.9796010879419764	0.9796410866383893	0.9796010879419764	0.9795946853278158	0.03497862417411579	447,0,0,0,0,0,0,350,17,0,0,0,0,12,389,0,0,0,0,0,0,368,1,2,0,0,0,6,306,1,0,0,0,2,4,301
0.9750679963735267	0.9754285553583063	0.9750679963735267	0.9750738962174368	0.029926156237854662	433,0,0,0,0,0,0,354,11,0,1,0,0,28,380,0,0,0,0,0,0,356,3,4,0,0,0,3,311,4,0,0,0,1,0,317
0.9823209428830463	0.982449518562916	0.9823209428830463	0.9823077771233428	0.030120481927710885	430,0,0,0,0,0,0,360,18,0,0,0,0,7,406,0,0,0,0,0,0,392,1,3,0,0,0,4,272,3,0,0,0,1,2,307
0.9832275611967362	0.9832505266090616	0.9832275611967362	0.9832279944253661	0.031286436066848	400,0,0,0,0,0,0,377,11,0,0,0,0,13,407,0,0,0,0,0,0,370,3,4,0,0,0,2,314,2,0,0,0,2,0,301
0.971441523118767	0.9714384297362656	0.971441523118767	0.9714288786782569	0.02914885347842988	421,0,0,0,0,0,0,356,21,0,0,0,0,20,384,0,0,0,0,0,0,377,5,1,0,0,0,9,286,3,0,0,0,1,3,319
0.9796010879419764	0.979637648277122	0.9796010879419764	0.9796012740735295	0.032258064516129004	408,0,0,0,0,0,0,378,14,0,0,0,0,15,403,0,0,0,0,0,0,358,5,4,0,0,0,2,282,2,0,0,0,1,2,332
0.9777878513145966	0.9777992791110212	0.9777878513145966	0.9777890665958391	0.02973183054799844	408,0,0,0,0,0,0,373,19,0,0,0,0,19,396,0,0,0,0,0,0,367,4,1,0,0,0,1,293,3,0,0,0,1,1,320
0.9796010879419764	0.9797296367960558	0.9796010879419764	0.9795886280025485	0.0283715507190051	420,0,0,0,0,2,0,368,21,0,0,1,0,10,409,0,0,0,0,0,0,362,3,0,0,0,0,1,276,2,0,0,0,2,3,326
0.971441523118767	0.9714300884549334	0.971441523118767	0.9714156264592049	0.030314807617566997	440,0,0,0,0,0,0,362,24,0,1,0,0,23,383,0,0,0,0,0,0,362,3,2,0,0,0,5,273,4,0,0,0,1,0,323
0.9768812330009066	0.9769510879534847	0.9768812330009066	0.9768832871087008	0.032258064516129004	429,0,0,0,0,0,0,331,16,0,0,0,0,16,406,0,0,0,0,0,0,360,6,5,0,0,0,3,293,0,0,0,0,1,4,336
0.972348141432457	0.9724400103938363	0.972348141432457	0.972355007787075	0.029926156237854662	413,0,0,0,0,0,0,372,25,0,0,0,0,19,391,0,0,0,0,0,0,355,3,2,0,0,0,2,291,2,0,0,0,1,7,323
0.9750679963735267	0.9753096037274243	0.9750679963735267	0.9750622491898717	0.02914885347842988	435,0,0,0,0,0,0,370,25,0,0,0,0,10,397,0,0,0,0,0,0,345,5,2,0,0,0,3,282,5,0,0,0,1,4,322
0.9750679963735267	0.9750815495599384	0.9750679963735267	0.975050124866595	0.03186941313641667	450,0,0,0,0,0,0,344,22,0,0,0,0,16,398,0,0,0,0,0,0,356,0,2,0,0,0,4,291,4,0,0,0,1,6,312
