accuracy	precision	recall	f1	oob	confMatrxVars
0.8023572076155938	0.8581123422948981	0.8023572076155938	0.7784682713963478	0.22269724057520401	407,0,0,0,0,0,8,97,284,0,0,0,0,0,418,0,0,0,0,0,0,355,10,18,0,0,0,30,254,3,0,0,0,62,21,239
0.8082502266545785	0.8424303344866069	0.8082502266545785	0.7934143874073735	0.21609016712009332	421,0,0,0,0,0,21,145,230,0,0,1,0,15,412,0,0,0,0,0,0,324,5,7,0,0,0,46,255,5,0,0,0,67,26,226
0.7393472348141432	0.8346846661438933	0.7393472348141432	0.680157386387854	0.27516517683637776	420,0,0,0,0,0,19,11,364,0,0,0,0,0,401,0,0,0,0,0,0,366,6,1,0,0,0,44,247,4,0,0,0,105,32,186
0.7669990933816863	0.8434700604600558	0.7669990933816863	0.7095940065185868	0.2366886902448504	414,0,0,0,0,0,35,11,339,0,0,0,0,0,382,0,0,0,0,0,0,374,8,4,0,0,0,21,272,16,0,0,0,57,34,239
0.7955575702629193	0.8520074847779495	0.7955575702629193	0.7574182680754881	0.22211426350563546	430,0,0,0,0,0,38,61,295,0,0,1,0,1,418,0,0,0,0,0,0,358,4,8,0,0,0,22,252,12,0,0,0,50,20,236
0.8204895738893926	0.8574701347667342	0.8204895738893926	0.8063631507005731	0.20598523124757095	431,0,0,0,0,0,17,135,213,0,0,0,0,4,415,0,0,0,0,0,0,355,8,11,0,0,0,50,224,4,0,0,0,65,24,250
0.7475067996373527	0.8238050616312029	0.7475067996373527	0.7123737029852601	0.2567042363000389	441,0,0,0,0,0,20,131,243,0,0,0,0,5,417,0,0,0,0,0,0,352,10,0,0,0,0,43,228,1,0,0,0,193,42,80
0.8132366273798731	0.8339192280667153	0.8132366273798731	0.801809251211145	0.23047026816945204	437,0,0,0,1,0,12,143,211,0,0,0,0,25,390,0,0,0,0,0,0,346,10,15,0,0,0,46,255,11,0,0,0,57,24,223
0.7824116047144152	0.8500055021002854	0.7824116047144152	0.751722827878061	0.23610571317528173	417,0,0,0,0,1,8,68,302,0,0,0,0,1,406,0,0,0,0,0,0,357,4,6,0,0,0,47,241,6,0,0,0,84,21,237
0.7615593834995467	0.8426100950827986	0.7615593834995467	0.7115414397774181	0.22969296541002726	413,0,0,0,0,0,22,28,352,0,0,1,0,0,404,0,0,0,0,0,0,350,5,8,0,0,0,40,240,13,0,0,0,66,19,245
0.7583862194016319	0.8380745468927946	0.7583862194016319	0.7119211633839343	0.2625340069957248	418,0,0,0,0,1,7,28,342,0,0,0,0,0,402,0,0,0,0,0,0,367,15,7,0,0,0,39,244,8,0,0,0,85,29,214
0.7932910244786945	0.8506687304358191	0.7932910244786945	0.7700608298785878	0.22949863972017104	431,0,0,0,0,1,2,103,284,0,0,0,0,2,423,0,0,0,0,0,0,357,14,6,0,0,0,31,247,5,0,0,0,87,24,189
0.7502266545784225	0.8392767352990892	0.7502266545784225	0.7014369706414886	0.2650602409638554	415,0,0,0,0,0,6,26,358,0,0,1,0,0,393,0,0,0,0,0,0,369,11,6,0,0,0,43,249,4,0,0,0,94,28,203
0.8191296464188577	0.8360637892376729	0.8191296464188577	0.8108840131217813	0.21900505246793622	459,0,1,0,0,0,0,144,202,0,0,1,0,37,362,0,0,0,0,0,0,375,12,12,0,0,0,43,230,4,0,0,0,62,25,237
0.7153218495013599	0.822690621043498	0.7153218495013599	0.6460677654635489	0.28468713563933157	429,0,0,0,0,0,23,1,382,0,0,0,0,0,379,0,0,0,0,0,0,362,5,1,0,0,0,30,261,10,0,0,0,147,30,146
0.800543970988214	0.836947242629291	0.800543970988214	0.7805322290247096	0.21142635056354453	431,0,0,0,0,1,30,107,233,0,0,0,0,8,392,0,0,0,0,0,0,339,10,16,0,0,0,42,236,20,0,0,0,69,11,261
0.757479601087942	0.8303600108718552	0.757479601087942	0.7190755318550587	0.25728721336960747	422,0,0,0,0,0,38,68,297,1,0,0,0,0,404,0,0,0,0,0,0,357,10,5,0,0,0,44,237,5,0,0,0,104,31,183
0.7538531278331823	0.8157404052320972	0.7538531278331823	0.7043206274074968	0.2405752040419743	407,0,0,0,0,0,34,35,347,0,0,1,0,4,426,0,0,0,0,0,0,317,8,9,0,0,0,48,252,5,0,0,0,66,21,226
0.785131459655485	0.851291892331537	0.785131459655485	0.7479656607471444	0.2283326855810338	417,0,0,0,0,1,13,52,311,0,0,0,0,0,433,0,0,0,0,0,0,348,3,10,0,0,0,50,257,7,0,0,0,59,20,225
0.757479601087942	0.8354352276039096	0.757479601087942	0.7001606341225385	0.24757092887679755	417,0,0,0,0,0,31,11,345,0,0,1,0,0,414,0,0,0,0,0,0,346,6,21,0,0,0,48,258,7,0,0,0,64,12,225
0.8136899365367181	0.8341473212304112	0.8136899365367181	0.8011193380572287	0.22017100660707345	411,0,0,0,0,0,11,140,226,0,0,1,0,33,376,0,0,0,0,0,0,368,8,3,0,0,0,29,263,10,0,0,0,63,27,237
0.7669990933816863	0.8423139340678799	0.7669990933816863	0.7332467287129145	0.24893120870579089	393,0,0,0,0,0,0,58,318,0,0,0,0,1,411,0,0,0,0,0,0,351,11,4,0,0,0,44,260,7,0,0,0,107,22,219
0.7692656391659112	0.8157311664080912	0.7692656391659112	0.7430342217420265	0.24096385542168675	430,0,0,0,0,0,31,105,225,0,0,1,0,14,422,1,0,0,0,0,0,338,8,1,0,0,0,36,232,4,0,0,0,144,44,170
0.800090661831369	0.8440095908145657	0.800090661831369	0.7821814607959094	0.23280217644772638	428,0,0,0,0,1,20,127,258,0,0,0,0,8,384,0,0,0,0,0,0,341,19,5,0,0,0,44,253,8,0,0,0,54,24,232
0.770172257479601	0.8235153723007894	0.770172257479601	0.7491715779770934	0.23357947920715116	410,0,0,0,0,0,6,169,197,0,0,0,0,23,394,0,0,0,0,0,0,383,6,0,0,0,0,54,238,2,0,0,0,181,38,105
