accuracy	precision	recall	f1	oob	confMatrxVars
0.9759746146872167	0.975997086926205	0.9759746146872167	0.9759768372452666	0.032452390205985227	427,0,0,0,0,0,0,360,18,0,0,0,0,17,393,0,0,0,0,0,0,374,4,4,0,0,0,1,288,3,0,0,0,3,3,311
0.9682683590208522	0.9682900776667569	0.9682683590208522	0.9682694648811908	0.03206373882627278	415,0,0,0,0,0,0,360,22,0,0,0,0,25,382,0,0,0,0,0,0,363,3,5,0,0,0,6,305,3,0,0,0,3,3,311
0.972348141432457	0.9723447691055758	0.972348141432457	0.9723443727377087	0.03186941313641667	426,0,0,0,0,0,0,340,20,0,0,0,0,20,414,0,0,0,0,0,0,364,4,4,0,0,0,7,292,2,0,0,0,0,4,309
0.9755213055303718	0.9756001133503344	0.9755213055303718	0.9755053076523668	0.03109211037699189	420,0,0,0,0,0,0,346,24,0,0,0,0,16,418,0,0,0,0,0,0,379,4,3,0,0,0,2,288,4,0,0,0,0,1,301
0.9764279238440616	0.9765623959194791	0.9764279238440616	0.9764263101885262	0.02759424795958021	405,0,0,0,0,0,0,377,23,0,0,0,0,13,405,0,0,0,0,0,0,367,2,6,0,0,0,1,271,3,0,0,0,2,2,329
0.971441523118767	0.9715812508600499	0.971441523118767	0.9714145929557918	0.02545666537116209	448,0,0,0,0,0,0,346,28,0,0,1,0,18,391,0,0,0,0,0,0,362,0,4,0,0,0,3,267,6,0,0,0,0,3,329
0.9696282864913871	0.9696231264650927	0.9696282864913871	0.9696186331628414	0.03206373882627278	414,0,0,0,0,0,0,388,20,0,0,0,0,22,388,0,0,0,0,0,0,369,6,3,0,0,0,10,276,2,0,0,0,1,3,304
0.971441523118767	0.9714961585556606	0.971441523118767	0.9714374826812442	0.03420132141469101	425,0,0,0,0,0,0,346,20,0,0,0,0,21,394,0,0,0,0,0,0,378,4,5,0,0,0,5,285,5,0,0,0,3,0,315
0.9728014505893019	0.9730564070659554	0.9728014505893019	0.9728051809403486	0.029926156237854662	415,0,0,0,0,1,0,371,25,0,0,1,0,13,381,0,0,0,0,0,0,361,3,7,0,0,0,2,293,4,0,0,0,2,2,325
0.9800543970988214	0.9801875697331703	0.9800543970988214	0.9800470789060494	0.03361834434512245	428,0,0,0,0,0,0,379,18,0,0,0,0,7,407,0,0,0,0,0,0,339,4,3,0,0,0,3,288,5,0,0,0,2,2,321
0.9746146872166818	0.9747969293485846	0.9746146872166818	0.9746159327599592	0.029926156237854662	413,0,0,0,0,0,0,389,24,0,0,0,0,12,383,0,0,0,0,0,0,353,4,4,0,0,0,3,290,5,0,0,0,2,2,322
0.9687216681776972	0.96885472526893	0.9687216681776972	0.9687148721794444	0.03186941313641667	413,0,0,0,0,0,0,400,29,0,0,1,0,18,376,0,0,0,0,0,0,348,5,1,0,0,0,4,292,6,0,0,0,2,3,308
0.9759746146872167	0.9759868446342107	0.9759746146872167	0.9759763779423037	0.03284104158569767	441,0,0,0,0,0,0,343,19,0,0,0,0,19,379,0,0,0,0,0,0,378,1,6,0,0,0,0,287,2,0,0,0,4,2,325
0.9705349048050771	0.9710490557997912	0.9705349048050771	0.9704970187798423	0.03109211037699189	418,0,0,0,0,0,0,357,33,0,0,1,0,12,414,0,0,0,0,0,0,348,5,5,0,0,0,1,291,5,0,0,0,0,3,313
0.9791477787851315	0.9793064284005063	0.9791477787851315	0.9791303414558798	0.03284104158569767	403,0,0,0,0,0,0,377,20,0,0,1,0,9,396,0,0,0,0,0,0,347,5,3,0,0,0,3,302,4,0,0,0,0,1,335
0.972348141432457	0.9724729435911444	0.972348141432457	0.9723301112442805	0.030703458997279442	465,0,0,0,0,0,0,357,27,0,0,1,0,16,378,0,0,0,0,0,0,369,2,4,0,0,0,4,265,3,0,0,0,0,4,311
0.9732547597461468	0.9732631038129868	0.9732547597461468	0.9732577496304192	0.03361834434512245	456,0,0,0,0,1,0,338,22,0,0,0,0,21,393,0,0,0,0,0,0,347,4,2,0,0,0,6,286,0,0,0,0,0,3,327
0.9705349048050771	0.9705709258528976	0.9705349048050771	0.9705294142496451	0.03575592693354057	432,0,0,0,0,1,0,331,21,0,0,1,0,21,394,0,0,0,0,0,0,386,6,6,0,0,0,4,275,0,0,0,0,2,3,323
0.9750679963735267	0.975154678706532	0.9750679963735267	0.9750717080042707	0.028760202098717436	414,0,0,0,0,0,0,374,20,0,0,0,0,19,381,0,0,0,0,0,0,365,4,6,0,0,0,1,300,2,0,0,0,0,3,317
0.972348141432457	0.972345110394358	0.972348141432457	0.9723361832864378	0.03109211037699189	427,0,0,0,0,0,0,381,21,0,0,1,0,19,392,0,0,0,0,0,0,338,1,3,0,0,0,3,294,4,0,0,0,5,4,313
0.971441523118767	0.971766766375183	0.971441523118767	0.971437709557344	0.03148076175670422	432,0,0,0,0,1,0,359,28,0,0,0,0,12,406,0,0,0,0,0,0,357,4,6,0,0,0,2,289,5,0,0,0,2,3,300
0.9746146872166818	0.9747512041977484	0.9746146872166818	0.9746207496891818	0.02701127089001165	423,0,0,0,0,1,0,362,20,0,0,0,0,18,377,0,0,0,0,0,0,358,2,5,0,0,0,3,291,6,0,0,0,1,0,339
0.9755213055303718	0.9757181446399179	0.9755213055303718	0.9755170487490618	0.03206373882627278	433,0,0,0,0,0,0,373,23,0,0,0,0,10,395,0,0,0,0,0,0,374,3,4,0,0,0,6,282,2,0,0,0,5,1,295
0.972348141432457	0.9726027791073941	0.972348141432457	0.9723937705572822	0.028177225029148878	422,2,0,0,0,0,0,359,17,0,0,0,0,28,384,0,0,0,0,0,0,356,3,2,0,0,0,4,299,1,0,0,0,0,4,325
0.9669084315503174	0.967020841982119	0.9669084315503174	0.9668819481752132	0.029537504858142216	415,0,0,0,0,0,0,344,31,0,0,0,0,19,407,0,0,0,0,0,0,371,5,5,0,0,0,3,277,4,0,0,0,4,2,319
