accuracy	precision	recall	f1	oob	confMatrxVars
0.9333635539437897	0.9346872810641084	0.9333635539437897	0.9330802742821231	0.07326078507578704	439,1,0,0,0,1,0,335,54,0,0,0,0,26,384,0,0,0,0,0,0,328,5,6,0,0,0,14,252,28,0,0,0,6,6,321
0.9333635539437897	0.9360071605675176	0.9333635539437897	0.9329318786863325	0.07092887679751259	410,0,0,0,0,0,1,346,60,0,0,0,0,12,397,0,0,0,0,0,0,339,3,7,0,0,0,19,256,26,0,0,0,9,10,311
0.927470534904805	0.9280609214018868	0.927470534904805	0.927420354997384	0.06879129420909447	424,1,0,0,0,0,0,350,51,0,0,1,0,33,353,0,0,0,0,0,0,337,9,10,0,0,0,22,267,12,0,0,0,13,8,315
0.9261106074342702	0.9266717606035212	0.9261106074342702	0.926111729249449	0.06879129420909447	403,0,0,0,0,1,0,327,35,0,0,0,0,43,369,0,0,0,0,0,0,354,5,15,0,0,0,20,288,18,0,0,0,15,11,302
0.9301903898458749	0.9311283894894615	0.9301903898458749	0.9302469369788524	0.06665371162067624	430,1,0,0,0,1,0,354,38,0,0,0,0,46,368,0,0,0,0,0,0,347,3,12,0,0,0,12,268,22,0,0,0,14,5,285
0.9324569356300997	0.9327152733487676	0.9324569356300997	0.9323915821665046	0.06587640886125146	409,0,0,0,0,1,0,354,38,0,0,0,0,38,365,0,0,0,0,0,0,362,7,8,0,0,0,13,277,24,0,0,0,9,11,290
0.9306436990027198	0.9322406981490278	0.9306436990027198	0.9303808558690654	0.07306645938593082	403,1,0,0,0,0,0,347,55,0,0,1,0,26,398,0,0,0,0,0,0,366,0,8,0,0,0,24,256,16,0,0,0,14,8,283
0.9351767905711695	0.9364936402544798	0.9351767905711695	0.9349687907027114	0.07462106490478038	412,1,0,0,0,0,0,334,48,0,0,0,0,19,386,0,0,0,0,0,0,336,3,10,0,0,0,19,271,22,0,0,0,12,9,324
0.9410698096101541	0.9417636655734855	0.9410698096101541	0.9410038556693083	0.07287213369607459	429,1,0,0,0,0,0,358,23,0,0,0,0,41,369,0,0,0,0,0,0,350,5,7,0,0,0,17,269,16,0,0,0,12,8,301
0.9329102447869447	0.93365370261935	0.9329102447869447	0.9327328075693211	0.07151185386708125	434,1,0,0,0,1,0,342,29,0,0,0,0,38,366,0,0,0,0,0,0,330,7,6,0,0,0,20,270,26,0,0,0,12,8,316
0.9329102447869447	0.9348740729290478	0.9329102447869447	0.93249661881486	0.07423241352506804	410,0,0,0,0,0,0,328,61,0,0,0,0,18,413,0,0,0,0,0,0,347,5,4,0,0,0,16,262,25,0,0,0,12,7,298
0.9324569356300997	0.9335020531047598	0.9324569356300997	0.9324139698544138	0.07054022541780025	437,0,0,0,0,0,0,357,28,0,0,0,0,52,383,0,0,0,0,0,0,339,4,9,0,0,0,20,260,13,0,0,0,14,9,281
0.9356300997280145	0.9365812257501602	0.9356300997280145	0.9352760562474096	0.07131752817722503	434,2,0,0,0,0,0,345,26,0,0,1,0,30,388,0,0,0,0,0,0,373,9,11,0,0,0,20,220,30,0,0,0,8,5,304
0.9388032638259293	0.9395421417860592	0.9388032638259293	0.9385522008923299	0.06645938593082001	412,0,0,0,0,0,0,384,38,0,0,1,0,41,389,0,0,0,0,0,0,374,4,6,0,0,0,19,238,19,0,0,0,5,2,274
0.9451495920217589	0.9464280567690869	0.9451495920217589	0.9449463450588932	0.07539836766420516	429,0,0,0,0,0,0,322,56,0,0,0,0,19,422,0,0,0,0,0,0,326,5,10,0,0,0,11,290,12,0,0,0,4,4,296
0.9388032638259293	0.9390945239918363	0.9388032638259293	0.9388392685670532	0.07228915662650603	408,0,0,0,0,1,0,327,34,0,0,0,0,40,392,0,0,0,0,0,0,355,6,11,0,0,0,10,285,16,0,0,0,9,8,304
0.92883046237534	0.9300542605772671	0.92883046237534	0.9288449329751527	0.0691799455888068	417,0,0,0,0,2,0,322,24,0,0,1,0,42,396,0,0,0,0,0,0,350,7,14,0,0,0,20,254,22,0,0,0,18,7,310
0.9356300997280145	0.9376540419622411	0.9356300997280145	0.935130981428083	0.0757870190439176	429,0,0,0,0,2,0,313,59,0,0,1,0,18,393,0,0,0,0,0,0,377,3,4,0,0,0,24,252,18,0,0,0,6,7,300
0.942429737080689	0.9426157658454585	0.942429737080689	0.9422871844292339	0.0701515740380878	409,0,0,0,0,1,0,372,37,0,0,0,0,33,364,0,0,0,0,0,0,362,4,6,0,0,0,17,249,15,0,0,0,6,8,323
0.92883046237534	0.9297510129135967	0.92883046237534	0.9286659779984109	0.06645938593082001	417,0,0,0,0,0,0,337,32,0,0,0,0,52,376,0,0,0,0,0,0,345,5,6,0,0,0,27,274,16,0,0,0,8,11,300
0.9320036264732547	0.9328573909119655	0.9320036264732547	0.9318725178116546	0.07423241352506804	434,0,0,0,0,1,0,347,53,0,0,0,0,26,396,0,0,0,0,0,0,325,8,8,0,0,0,11,256,24,0,0,0,10,9,298
0.9315503173164098	0.9324893146299036	0.9315503173164098	0.9313494145810124	0.06665371162067624	402,0,0,0,0,2,0,362,31,0,0,1,0,46,387,0,0,0,0,0,0,329,5,5,0,0,0,29,268,16,0,0,0,7,9,307
0.9465095194922938	0.9470959258947221	0.9465095194922938	0.946311348000535	0.07228915662650603	405,0,0,0,0,0,0,352,43,0,0,1,0,21,384,0,0,0,0,0,0,368,7,4,0,0,0,14,258,18,0,0,0,5,5,321
0.929283771532185	0.9315968463493942	0.929283771532185	0.9290850293480643	0.07306645938593082	438,0,0,0,0,0,0,329,66,0,0,0,0,21,372,0,0,0,0,0,0,356,8,15,0,0,0,17,261,18,0,0,0,4,7,294
0.9356300997280145	0.9362575174871753	0.9356300997280145	0.9354391788108406	0.07598134473377383	423,0,0,0,0,0,0,334,48,0,0,0,0,25,410,0,0,0,0,0,0,344,3,9,0,0,0,17,267,17,0,0,0,12,11,286
