accuracy	precision	recall	f1	oob	confMatrxVars
0.9791477787851315	0.9792438847676518	0.9791477787851315	0.9791439847420791	0.028565876408861213	419,0,0,0,0,0,0,370,11,0,0,0,0,18,392,0,0,0,0,0,0,356,0,0,0,0,0,4,297,3,0,0,0,0,10,326
0.9796010879419764	0.9796343729867817	0.9796010879419764	0.9796022539003569	0.027205596579867874	419,0,0,0,0,0,0,386,18,0,0,0,0,13,393,0,0,0,0,0,0,338,3,2,0,0,0,2,291,3,0,0,0,1,3,334
0.9755213055303718	0.9756232649940786	0.9755213055303718	0.9755124900206892	0.02914885347842988	432,0,0,0,0,0,0,384,25,0,0,1,0,15,376,0,0,0,0,0,0,365,3,1,0,0,0,2,267,3,0,0,0,2,2,328
0.9777878513145966	0.9778064947456689	0.9777878513145966	0.9777878747800627	0.030120481927710885	407,0,0,0,0,0,0,391,20,0,0,0,0,17,395,0,0,0,0,0,0,368,0,3,0,0,0,3,297,1,0,0,0,3,2,299
0.9786944696282865	0.9787655457650279	0.9786944696282865	0.9787042284212978	0.026428293820443094	434,0,0,0,0,0,0,369,16,0,0,0,0,20,412,0,0,0,0,0,0,357,1,4,0,0,0,0,292,1,0,0,0,0,5,295
0.9786944696282865	0.978759465173133	0.9786944696282865	0.9787071936731582	0.027982899339292655	427,0,0,0,0,0,0,347,15,0,0,0,0,17,400,0,0,0,0,0,0,379,2,5,0,0,0,1,282,3,0,0,0,0,4,324
0.9796010879419764	0.9796468080088905	0.9796010879419764	0.9795964563444907	0.028565876408861213	406,0,0,0,0,0,0,361,17,0,0,0,0,10,394,0,0,0,0,0,0,348,2,3,0,0,0,4,314,3,0,0,0,1,5,338
0.9768812330009066	0.9770900244269286	0.9768812330009066	0.9768501521758497	0.027399922269724097	406,0,0,0,0,0,0,376,25,0,0,0,0,13,426,0,0,0,0,0,0,329,1,0,0,0,0,8,288,3,0,0,0,1,0,330
0.9741613780598368	0.9742105650819383	0.9741613780598368	0.9741545987411476	0.030120481927710885	447,0,0,0,0,0,0,376,22,0,0,0,0,15,392,0,0,0,0,0,0,353,1,3,0,0,0,2,271,4,0,0,0,3,7,310
0.9836808703535811	0.9837064413697474	0.9836808703535811	0.9836795180526223	0.02914885347842988	453,0,0,0,0,0,0,356,11,0,0,0,0,10,398,0,0,0,0,0,0,370,4,4,0,0,0,3,285,2,0,0,0,0,2,308
0.9818676337262012	0.9819084601991422	0.9818676337262012	0.9818707173986936	0.025262339681305868	386,0,0,0,0,0,0,376,14,0,0,0,0,10,394,0,0,0,0,0,0,355,5,2,0,0,0,2,309,3,0,0,0,1,3,346
0.9750679963735267	0.9751442675230797	0.9750679963735267	0.9750734367471403	0.028177225029148878	416,0,0,0,0,0,0,352,14,0,0,0,0,21,411,0,0,0,0,0,0,365,1,4,0,0,0,7,296,2,0,0,0,1,5,311
0.9786944696282865	0.9787166055820382	0.9786944696282865	0.9787006525538463	0.027788573649436432	416,0,0,1,0,1,0,383,15,0,0,0,0,16,417,0,0,0,0,0,0,340,3,1,0,0,0,4,288,2,0,0,0,2,2,315
0.9791477787851315	0.9791704097439301	0.9791477787851315	0.979148283995665	0.03148076175670422	422,0,0,0,0,0,0,368,16,0,0,0,0,13,394,0,0,0,0,0,0,343,4,2,0,0,0,2,297,5,0,0,0,1,3,336
0.9805077062556664	0.9805742959946052	0.9805077062556664	0.9805084453104813	0.030897784687135665	414,0,0,0,0,0,0,388,14,0,0,0,0,17,399,0,0,0,0,0,0,361,0,3,0,0,0,4,281,3,0,0,0,2,0,320
0.9768812330009066	0.9770279087746694	0.9768812330009066	0.9769086389481545	0.02681694520015543	433,2,0,0,0,0,0,375,11,0,0,1,0,19,376,0,0,0,0,0,0,376,4,2,0,0,0,3,276,3,0,0,0,1,5,319
0.9818676337262012	0.9819858360393459	0.9818676337262012	0.9818771205322101	0.02895452778857366	406,0,0,0,0,0,0,384,9,0,0,0,0,18,404,0,0,0,0,0,0,360,6,0,0,0,0,3,297,2,0,0,0,0,2,315
0.9782411604714415	0.978330001309117	0.9782411604714415	0.9782339644973574	0.029343179168285993	428,0,0,0,0,1,0,369,19,0,0,1,0,10,384,0,0,0,0,0,0,356,5,1,0,0,0,5,318,2,0,0,0,2,2,303
0.970988213961922	0.9709929552624816	0.970988213961922	0.9709813017286807	0.03186941313641667	401,0,0,0,0,0,0,376,21,0,0,1,0,23,397,0,0,0,0,0,0,353,4,1,0,0,0,3,295,3,0,0,0,6,2,320
0.9737080689029919	0.9737537001039898	0.9737080689029919	0.9737021727316777	0.026428293820443094	414,0,0,0,0,0,0,376,21,0,0,0,0,19,387,0,0,0,0,0,0,353,2,3,0,0,0,3,277,7,0,0,0,0,3,341
0.9782411604714415	0.9783965214774893	0.9782411604714415	0.9782351329020541	0.025650991061018313	422,0,0,0,0,0,0,375,19,0,0,0,0,11,394,0,0,0,0,0,0,358,8,4,0,0,0,1,288,3,0,0,0,1,1,321
0.9796010879419764	0.9796366086057523	0.9796010879419764	0.9796030150076652	0.027399922269724097	387,0,0,0,0,0,0,383,18,0,0,0,0,13,375,0,0,0,0,0,0,403,2,2,0,0,0,2,298,4,0,0,0,1,3,315
0.9796010879419764	0.9796066609139765	0.9796010879419764	0.979598048207859	0.02701127089001165	417,0,0,0,0,0,0,367,18,0,0,0,0,17,419,0,0,0,0,0,0,370,1,2,0,0,0,3,282,2,0,0,0,1,1,306
0.9777878513145966	0.9778249606190984	0.9777878513145966	0.9777841654072545	0.027205596579867874	389,0,0,0,0,0,0,347,22,0,0,0,0,19,398,0,0,0,0,0,0,391,4,2,0,0,0,0,321,1,0,0,0,0,1,311
0.9682683590208522	0.9684366593882953	0.9682683590208522	0.9682947442340245	0.02701127089001165	414,2,0,0,0,0,0,364,20,0,0,0,0,26,372,0,0,0,0,0,0,355,3,2,0,0,0,6,292,5,0,0,0,5,1,339
