accuracy	precision	recall	f1	oob	confMatrxVars
0.9845874886672711	0.9847716995887166	0.9845874886672711	0.9846011695117934	0.026622619510299317	420,0,0,0,0,0,0,366,7,0,0,0,0,19,423,0,0,0,0,0,0,347,0,2,0,0,0,1,297,2,0,0,0,0,3,319
0.9728014505893019	0.9728033912225742	0.9728014505893019	0.9727951956821079	0.028177225029148878	408,0,0,0,0,0,0,396,22,0,0,1,0,20,403,0,0,0,0,0,0,342,2,3,0,0,0,3,292,4,0,0,0,1,4,305
0.9818676337262012	0.9818655095485517	0.9818676337262012	0.9818621979415157	0.027205596579867874	393,0,0,0,0,0,0,376,14,1,0,0,0,13,406,0,0,0,0,0,0,374,4,1,0,0,0,2,311,3,0,0,0,0,2,306
0.9841341795104261	0.9841487825203672	0.9841341795104261	0.9841383401268476	0.030314807617566997	417,0,0,0,0,0,0,358,12,0,0,0,0,13,422,0,0,0,0,0,0,364,2,1,0,0,0,0,285,4,0,0,0,1,2,325
0.9750679963735267	0.9751197118868875	0.9750679963735267	0.9750724658777412	0.02759424795958021	453,0,0,0,0,0,0,362,18,0,0,0,0,22,398,0,0,0,0,0,0,344,3,5,0,0,0,1,288,2,0,0,0,2,2,306
0.9777878513145966	0.9778668157164868	0.9777878513145966	0.9777746109259446	0.024485036921881087	417,0,0,0,0,0,0,364,17,0,0,1,0,14,392,0,0,0,0,0,0,360,0,2,0,0,0,4,316,7,0,0,0,2,2,308
0.9791477787851315	0.9792188021296728	0.9791477787851315	0.9791339794090399	0.02973183054799844	416,0,0,0,0,0,0,370,21,0,0,0,0,13,427,0,0,0,0,0,0,351,2,1,0,0,0,2,288,5,0,0,0,2,0,308
0.971894832275612	0.9719427692906684	0.971894832275612	0.9718887189801138	0.027399922269724097	434,0,0,0,0,0,0,379,27,0,0,1,0,21,368,0,0,0,0,0,0,372,0,3,0,0,0,2,271,4,0,0,0,0,4,320
0.9796010879419764	0.9797986089000668	0.9796010879419764	0.9796134115132443	0.025068013991449645	418,0,0,0,0,0,0,398,21,0,0,0,0,9,403,0,0,0,0,0,0,366,0,5,0,0,0,1,279,4,0,0,0,0,5,297
0.9818676337262012	0.9820084881862037	0.9818676337262012	0.9818766654321479	0.029926156237854662	431,0,0,0,0,0,0,390,13,0,0,1,0,8,390,0,0,0,0,0,0,341,8,2,0,0,0,1,308,4,0,0,0,0,3,306
0.9800543970988214	0.9800898190561761	0.9800543970988214	0.980055701821638	0.0283715507190051	419,0,0,0,0,0,0,379,19,0,0,0,0,15,399,0,0,0,0,0,0,367,4,1,0,0,0,0,292,3,0,0,0,1,1,306
0.9737080689029919	0.9737655188904458	0.9737080689029919	0.9737071881069239	0.030897784687135665	427,0,0,0,0,0,0,363,25,0,0,0,0,18,382,0,0,0,0,0,0,377,3,2,0,0,0,4,292,1,0,0,0,1,4,307
0.9741613780598368	0.9743879386572095	0.9741613780598368	0.9741775283339458	0.02759424795958021	428,0,0,0,0,0,0,380,17,0,0,0,0,22,371,0,0,0,0,0,0,357,8,3,0,0,0,0,300,1,0,0,0,1,5,313
0.9737080689029919	0.9738056284692458	0.9737080689029919	0.9736787709383753	0.026622619510299317	436,0,0,0,0,0,0,364,24,0,0,1,0,14,392,0,0,0,0,0,0,373,2,2,0,0,0,7,270,3,0,0,0,2,3,313
0.972348141432457	0.9724241964272873	0.972348141432457	0.9723154490925091	0.026622619510299317	429,0,0,0,0,0,0,356,25,0,0,1,0,15,404,0,0,0,0,0,0,384,5,1,0,0,0,5,285,5,0,0,0,3,1,287
0.9832275611967362	0.983233962047285	0.9832275611967362	0.9832248886923524	0.028760202098717436	395,0,0,0,0,0,0,374,11,0,0,0,0,11,375,0,0,0,0,0,0,364,2,5,0,0,0,1,316,1,0,0,0,3,3,345
0.9791477787851315	0.9793115034846672	0.9791477787851315	0.9791681060082517	0.02681694520015543	415,0,0,0,0,0,0,381,14,0,0,1,0,9,418,0,0,0,0,0,0,349,5,5,0,0,0,0,274,5,0,0,0,1,6,323
0.9786944696282865	0.9787587413048191	0.9786944696282865	0.9786932061114356	0.028760202098717436	431,0,0,0,0,0,0,353,20,0,0,0,0,13,397,0,0,0,0,0,0,367,2,3,0,0,0,2,289,2,0,0,0,0,5,322
0.9796010879419764	0.9796112734523478	0.9796010879419764	0.9796020829017638	0.02973183054799844	413,0,0,0,0,0,0,377,19,0,0,0,0,17,413,0,0,0,0,0,0,358,2,1,0,0,0,0,286,3,0,0,0,1,2,314
0.9728014505893019	0.9729364971946968	0.9728014505893019	0.9728105746246795	0.02973183054799844	443,0,0,0,0,0,0,356,23,0,0,0,0,18,377,0,0,0,0,0,0,344,6,4,0,0,0,1,285,2,0,0,0,1,5,341
0.970988213961922	0.9710503368330934	0.970988213961922	0.9709731967727091	0.02759424795958021	407,0,0,0,0,0,0,368,20,0,0,1,0,17,405,0,0,0,0,0,0,347,4,6,0,0,0,7,295,5,0,0,0,3,1,320
0.9845874886672711	0.9846189446426696	0.9845874886672711	0.9845922755818082	0.027205596579867874	420,0,0,0,0,0,0,392,11,0,0,0,0,13,402,0,0,0,0,0,0,353,2,2,0,0,0,2,286,0,0,0,0,0,4,319
0.9768812330009066	0.9768951202009661	0.9768812330009066	0.9768739688966619	0.027399922269724097	430,0,0,0,0,0,0,368,16,0,0,1,0,21,396,0,0,0,0,0,0,351,1,1,0,0,0,3,279,4,0,0,0,0,4,331
0.9682683590208522	0.968380982479479	0.9682683590208522	0.9682982638273898	0.02914885347842988	395,2,0,0,0,0,0,353,23,0,0,0,0,23,393,0,0,0,0,0,0,376,4,6,0,0,0,3,294,5,0,0,0,3,1,325
0.9805077062556664	0.9805322092896696	0.9805077062556664	0.980513210923983	0.031286436066848	422,0,0,0,0,0,0,374,14,0,0,0,0,16,390,0,0,0,0,0,0,378,2,3,0,0,0,2,283,2,0,0,0,0,4,316
