accuracy	precision	recall	f1	oob	confMatrxVars
0.9777878513145966	0.977895011308912	0.9777878513145966	0.9777940275969444	0.025262339681305868	366,0,0,0,0,0,0,372,19,0,0,0,0,11,414,0,0,0,0,0,0,379,4,1,0,0,0,2,301,4,0,0,0,1,7,325
0.9809610154125114	0.980996060549791	0.9809610154125114	0.9809590474833193	0.02390205985231253	424,0,0,0,0,0,0,377,19,0,0,0,0,14,394,0,0,0,0,0,0,335,1,4,0,0,0,1,299,1,0,0,0,1,1,335
0.9764279238440616	0.9764586640629945	0.9764279238440616	0.9764209743742975	0.02914885347842988	405,0,0,0,0,0,0,357,20,0,0,0,0,17,400,0,0,0,0,0,0,355,7,2,0,0,0,3,311,2,0,0,0,0,1,326
0.9759746146872167	0.976172861135105	0.9759746146872167	0.9759655200663351	0.023707734162456306	430,0,0,0,0,0,0,339,21,0,0,0,0,9,382,0,0,0,0,0,0,368,6,5,0,0,0,4,310,4,0,0,0,0,4,324
0.9759746146872167	0.9761024430732947	0.9759746146872167	0.9759928024301648	0.025845316750874425	418,0,0,0,0,0,0,352,15,0,0,0,0,23,398,0,0,0,0,0,0,367,4,2,0,0,0,1,301,3,0,0,0,1,4,317
0.9782411604714415	0.9782430127285578	0.9782411604714415	0.9782350105017918	0.025068013991449645	423,0,0,0,0,0,0,376,13,0,0,0,0,16,385,0,0,0,0,0,0,379,4,1,0,0,0,6,297,4,0,0,0,0,4,298
0.9782411604714415	0.9782526707483595	0.9782411604714415	0.9782378832601524	0.02701127089001165	431,0,0,0,0,1,0,354,19,0,0,0,0,16,409,0,0,0,0,0,0,362,3,1,0,0,0,3,289,3,0,0,0,0,2,313
0.9796010879419764	0.9797710486237106	0.9796010879419764	0.9796082754786971	0.027982899339292655	411,0,0,0,0,0,0,360,20,0,0,0,0,11,392,0,0,0,0,0,0,390,6,2,0,0,0,0,304,3,0,0,0,0,3,304
0.9782411604714415	0.9783080003804056	0.9782411604714415	0.9782475764744388	0.023707734162456306	436,0,0,0,0,0,0,354,10,0,0,1,0,17,388,0,0,0,0,0,0,364,3,4,0,0,0,4,302,3,0,0,0,1,5,314
0.971894832275612	0.9721828500399771	0.971894832275612	0.9719003339208593	0.026622619510299317	421,0,0,0,0,1,0,394,28,0,0,0,0,14,401,0,0,0,0,0,0,342,7,4,0,0,0,2,285,2,0,0,0,1,3,301
0.9791477787851315	0.9791828403059094	0.9791477787851315	0.9791413680207729	0.027205596579867874	432,0,0,0,0,1,0,371,18,0,0,1,0,13,410,0,0,0,0,0,0,359,0,3,0,0,0,3,273,3,0,0,0,0,4,315
0.9818676337262012	0.9819109779392013	0.9818676337262012	0.9818763846748502	0.02467936261173731	428,0,0,0,1,2,0,363,13,0,0,0,0,12,402,0,0,0,0,0,0,385,3,3,0,0,0,3,290,1,0,0,0,0,2,298
0.9750679963735267	0.9751479126501951	0.9750679963735267	0.9750639360287158	0.024873688301593422	413,0,0,0,0,0,0,349,22,0,0,0,0,14,387,0,0,0,0,0,0,351,3,2,0,0,0,2,293,7,0,0,0,0,5,358
0.9809610154125114	0.9809818134103584	0.9809610154125114	0.9809458266717446	0.027399922269724097	393,0,0,0,0,0,0,400,12,0,0,1,0,9,395,0,0,0,0,0,0,371,6,1,0,0,0,5,299,6,0,0,0,1,1,306
0.9741613780598368	0.9741878458204268	0.9741613780598368	0.974168374528113	0.02545666537116209	425,1,0,0,0,0,0,370,16,0,0,1,0,13,391,0,0,0,0,0,0,352,1,6,0,0,0,3,311,5,0,0,0,3,8,300
0.9823209428830463	0.9824580807495571	0.9823209428830463	0.9823331476019252	0.025262339681305868	422,0,0,0,0,0,0,375,15,0,0,0,0,11,386,0,0,0,0,0,0,369,0,5,0,0,0,2,307,5,0,0,0,1,0,308
0.9782411604714415	0.9782460574691759	0.9782411604714415	0.978237213624919	0.02759424795958021	443,0,0,0,0,0,0,365,18,0,0,0,0,18,419,0,0,0,0,0,0,348,1,1,0,0,0,3,281,3,0,0,0,2,2,302
0.9786944696282865	0.9787472217085463	0.9786944696282865	0.9786980070000313	0.022930431403031526	422,0,0,0,0,0,0,356,19,0,0,0,0,14,394,0,0,0,0,0,0,388,4,2,0,0,0,3,288,1,0,0,0,0,4,311
0.9809610154125114	0.9810895084681366	0.9809610154125114	0.9809960172261499	0.027788573649436432	428,2,0,0,0,1,0,355,11,0,0,1,0,14,407,0,0,0,0,0,0,355,1,4,0,0,0,0,281,4,0,0,0,0,4,338
0.9814143245693563	0.9816752887516111	0.9814143245693563	0.981412521527304	0.027982899339292655	402,0,0,0,0,0,0,400,23,0,0,1,0,8,389,0,0,0,0,0,0,377,1,2,0,0,0,0,289,3,0,0,0,1,2,308
0.9755213055303718	0.9755829126382685	0.9755213055303718	0.9755270672995225	0.024485036921881087	440,0,0,0,0,1,0,358,17,0,0,0,0,16,404,0,0,0,0,0,0,341,6,4,0,0,0,1,294,5,0,0,0,3,1,315
0.9773345421577516	0.9774302051234961	0.9773345421577516	0.9773368258285714	0.02895452778857366	422,0,0,0,0,0,0,393,25,0,0,0,0,16,381,0,0,0,0,0,0,354,1,1,0,0,0,2,296,2,0,0,0,2,1,310
0.9818676337262012	0.9819425098265203	0.9818676337262012	0.9818621504932429	0.02409638554216864	421,0,0,0,0,0,0,385,15,0,0,1,0,11,377,0,0,0,0,0,0,373,3,4,0,0,0,3,315,3,0,0,0,0,0,295
0.9786944696282865	0.9787274848584337	0.9786944696282865	0.9786964639246062	0.026039642440730648	418,0,0,0,0,0,0,352,15,0,0,1,0,16,395,0,0,0,0,0,0,375,2,5,0,0,0,2,293,2,0,0,0,0,4,326
0.9818676337262012	0.9820013895352967	0.9818676337262012	0.9818824108070076	0.024873688301593422	399,0,0,0,0,1,0,372,8,0,0,0,0,16,410,0,0,0,0,0,0,363,3,4,0,0,0,2,315,3,0,0,0,0,3,307
