accuracy	precision	recall	f1	oob	confMatrxVars
0.9650951949229375	0.9654519091820598	0.9650951949229375	0.9650678483607839	0.03420132141469101	414,0,0,0,0,2,0,334,31,0,0,0,0,15,395,0,0,0,0,0,0,363,3,5,0,0,0,7,308,9,0,0,0,0,5,315
0.9632819582955575	0.9634364634282773	0.9632819582955575	0.963282110978197	0.03633890400310924	416,0,0,0,0,2,0,379,28,0,0,1,0,17,381,0,0,0,0,0,0,363,6,3,0,0,0,6,282,7,0,0,0,6,5,304
0.9664551223934723	0.9668642395434872	0.9664551223934723	0.9664587174805607	0.03614457831325302	430,0,0,0,0,0,0,373,33,0,0,0,0,14,383,0,0,0,0,0,0,357,3,5,0,0,0,4,295,7,0,0,0,1,7,294
0.9660018132366274	0.9663390621504472	0.9660018132366274	0.9659871356158617	0.03420132141469101	414,1,0,0,0,0,0,360,35,0,0,0,0,16,391,0,0,0,0,0,0,349,5,4,0,0,0,6,299,3,0,0,0,2,3,318
0.9691749773345422	0.9692290368469407	0.9691749773345422	0.969183127321375	0.0378935095219588	407,0,0,0,0,0,0,338,24,0,0,0,0,24,392,0,0,0,0,0,0,371,4,0,0,0,0,4,300,3,0,0,0,2,7,330
0.9673617407071623	0.9677957899871553	0.9673617407071623	0.9673390552857171	0.03614457831325302	437,0,0,0,0,0,0,360,36,0,0,0,0,15,388,0,0,0,0,0,0,336,3,4,0,0,0,5,284,4,0,0,0,0,5,329
0.970081595648232	0.9702178613248525	0.970081595648232	0.9700640111674557	0.03711620676253402	435,0,0,0,0,0,0,353,25,0,0,0,0,15,392,0,0,0,0,0,0,356,1,5,0,0,0,5,284,8,0,0,0,2,5,320
0.9660018132366274	0.9661651757109055	0.9660018132366274	0.9659862859962802	0.03653322969296546	440,0,0,0,0,0,0,346,30,0,0,0,0,17,391,0,0,0,0,0,0,350,4,5,0,0,0,6,298,3,0,0,0,2,8,306
0.9601087941976428	0.9603277756762062	0.9601087941976428	0.9600824141652817	0.03556160124368446	422,0,0,0,0,0,0,354,33,0,0,0,0,23,403,0,0,0,0,0,0,358,8,9,0,0,0,6,293,6,0,0,0,1,2,288
0.9601087941976428	0.9601674707431928	0.9601087941976428	0.9601118546111136	0.03400699572483479	415,0,0,0,0,0,0,357,31,0,0,0,0,30,393,0,0,0,0,0,0,349,4,8,0,0,0,4,291,5,0,0,0,3,3,313
0.9655485040797824	0.9657357611534853	0.9655485040797824	0.9655215873162017	0.033812670034978676	430,0,0,0,0,0,0,343,28,0,0,1,0,19,386,0,0,0,0,0,0,356,6,8,0,0,0,5,297,6,0,0,0,1,2,318
0.9664551223934723	0.9667648930756733	0.9664551223934723	0.9664470358996669	0.03711620676253402	438,0,0,0,0,0,0,352,30,0,0,0,0,13,368,0,0,0,0,0,0,333,5,5,0,0,0,4,315,6,0,0,0,5,6,326
0.9646418857660924	0.9647569646818368	0.9646418857660924	0.9646557003002105	0.0369218810726778	445,1,0,0,0,1,0,353,30,0,0,0,0,21,397,0,0,0,0,0,0,353,4,3,0,0,0,1,289,8,0,0,0,4,5,291
0.9660018132366274	0.9662926943304159	0.9660018132366274	0.9660134698783185	0.03478429848425957	443,0,0,0,0,0,0,366,30,0,0,0,0,15,355,0,0,0,0,0,0,358,5,7,0,0,0,6,286,3,0,0,0,2,7,323
0.9687216681776972	0.9687417895716814	0.9687216681776972	0.9687247395654089	0.03206373882627278	406,0,0,0,0,1,0,385,21,0,0,0,0,19,381,0,0,0,0,0,0,372,6,5,0,0,0,6,273,4,0,0,0,5,2,320
0.9660018132366274	0.9662958534702883	0.9660018132366274	0.9659634247121209	0.03867081228138358	424,0,0,0,0,0,0,373,28,0,0,1,0,15,377,0,0,0,0,0,0,356,3,7,0,0,0,12,280,5,0,0,0,2,2,321
0.9682683590208522	0.968269921467853	0.9682683590208522	0.9682621929234742	0.037310532452390244	405,0,0,0,0,0,0,348,23,0,0,0,0,21,419,0,0,0,0,0,0,359,2,6,0,0,0,7,296,3,0,0,0,3,5,309
0.9637352674524026	0.9640097472933152	0.9637352674524026	0.9637248361520703	0.03633890400310924	433,0,0,0,0,0,0,340,39,0,0,0,0,23,366,0,0,0,0,0,0,364,3,3,0,0,0,0,310,5,0,0,0,2,5,313
0.9678150498640072	0.9681647644144045	0.9678150498640072	0.9678155451683152	0.033812670034978676	418,0,0,0,0,1,0,384,31,0,0,0,0,15,383,0,0,0,0,0,0,364,5,3,0,0,0,3,261,9,0,0,0,2,2,325
0.9682683590208522	0.9685170746113084	0.9682683590208522	0.9682697305090998	0.038865137971239805	421,0,0,0,0,0,0,356,30,0,0,0,0,16,392,0,0,0,0,0,0,370,2,7,0,0,0,3,287,4,0,0,0,0,8,310
0.9614687216681777	0.9615596099955186	0.9614687216681777	0.9614658159248844	0.038087835211815024	412,0,0,0,0,0,0,380,30,0,0,1,0,22,377,0,0,0,0,0,0,373,5,5,0,0,0,10,259,1,0,0,0,4,7,320
0.9641885766092475	0.9643135740328437	0.9641885766092475	0.9641742329516239	0.033812670034978676	406,0,0,0,0,0,0,361,30,0,0,0,0,20,396,0,0,0,0,0,0,338,6,8,0,0,0,3,297,4,0,0,0,4,4,329
0.9601087941976428	0.9602457717537134	0.9601087941976428	0.9600973255876655	0.03536727555382824	432,0,0,0,0,0,0,349,38,0,0,0,0,26,391,0,0,0,0,0,0,376,7,2,0,0,0,6,277,3,0,0,0,1,5,293
0.9592021758839528	0.9591977797847756	0.9592021758839528	0.9591745873868784	0.037310532452390244	426,0,0,0,0,0,0,365,31,0,0,1,0,28,394,0,0,0,0,0,0,367,4,3,0,0,0,8,296,8,0,0,0,0,7,268
0.9669084315503174	0.9670330245090842	0.9669084315503174	0.96687284564101	0.033812670034978676	408,0,0,0,0,1,0,340,34,0,0,0,0,22,409,0,0,0,0,0,0,356,5,5,0,0,0,3,316,1,0,0,0,1,1,304
