accuracy	precision	recall	f1	oob	confMatrxVars
0.9755213055303718	0.9755678230750081	0.9755213055303718	0.9755170902323897	0.02390205985231253	422,0,0,0,0,0,0,360,21,0,0,0,0,14,399,0,0,0,0,0,0,371,1,4,0,0,0,3,292,4,0,0,0,1,6,308
0.9823209428830463	0.982434083265563	0.9823209428830463	0.9823395727765367	0.025845316750874425	408,0,0,0,0,0,0,397,8,0,0,0,0,10,431,0,0,0,0,0,0,332,9,1,0,0,0,3,279,1,0,0,0,4,3,320
0.9696282864913871	0.9696609542842505	0.9696282864913871	0.9696191968852966	0.025845316750874425	417,0,0,0,0,0,0,366,25,0,0,1,0,21,370,0,0,0,0,0,0,365,2,4,0,0,0,4,307,5,0,0,0,2,3,314
0.9786944696282865	0.978707852272941	0.9786944696282865	0.9786914070519427	0.02701127089001165	438,0,0,0,0,0,0,356,17,0,0,0,0,14,378,0,0,0,0,0,0,344,6,2,0,0,0,3,302,2,0,0,0,2,1,341
0.9777878513145966	0.977868424663379	0.9777878513145966	0.977803958042865	0.02681694520015543	417,0,0,0,0,0,0,369,14,0,0,0,0,13,391,0,0,0,0,0,0,360,6,3,0,0,0,2,289,6,0,0,0,0,5,331
0.985494106980961	0.9855007936650083	0.985494106980961	0.9854894858803404	0.02759424795958021	404,0,0,0,0,0,0,345,13,0,0,0,0,10,402,0,0,0,0,0,0,388,1,1,0,0,0,2,311,3,0,0,0,0,2,324
0.971441523118767	0.971804541513536	0.971441523118767	0.9714627303039769	0.02701127089001165	429,0,0,0,0,0,0,344,15,0,0,1,0,32,385,0,0,0,0,0,0,364,4,3,0,0,0,2,320,3,0,0,0,1,2,301
0.9796010879419764	0.9796340557797107	0.9796010879419764	0.9795974753173995	0.027205596579867874	410,0,0,0,0,0,0,360,18,0,0,0,0,14,425,0,0,0,0,0,0,353,0,4,0,0,0,3,297,3,0,0,0,1,2,316
0.9777878513145966	0.9778302271832003	0.9777878513145966	0.9777715518608029	0.026428293820443094	418,0,0,0,0,0,0,375,16,0,0,0,0,14,396,0,0,0,0,0,0,355,3,5,0,0,0,7,277,3,0,0,0,1,0,336
0.9750679963735267	0.9752390747957222	0.9750679963735267	0.9750748737036244	0.027788573649436432	439,0,0,0,0,0,0,373,14,0,0,1,0,25,397,0,0,0,0,0,0,371,1,4,0,0,0,3,276,4,0,0,0,1,2,295
0.9809610154125114	0.9809664966246067	0.9809610154125114	0.9809624727696357	0.02390205985231253	433,0,0,0,0,0,0,367,14,0,0,0,0,15,394,0,0,0,0,0,0,369,1,2,0,0,0,3,294,2,0,0,0,0,5,307
0.9755213055303718	0.9755761420539433	0.9755213055303718	0.9755080120785846	0.027982899339292655	425,0,0,0,0,0,0,357,22,0,0,1,0,15,398,0,0,0,0,0,0,354,3,4,0,0,0,3,305,2,0,0,0,0,4,313
0.9791477787851315	0.9792893333801338	0.9791477787851315	0.9791516835677297	0.027205596579867874	434,1,0,0,0,0,0,343,20,0,0,0,0,9,376,0,0,0,0,0,0,387,5,0,0,0,0,3,316,4,0,0,0,0,4,304
0.9755213055303718	0.9755832698189968	0.9755213055303718	0.9755166715190554	0.026039642440730648	423,0,0,0,0,0,0,366,23,0,0,0,0,17,406,0,0,0,0,0,0,359,3,4,0,0,0,2,284,3,0,0,0,0,2,314
0.9773345421577516	0.9775127524025393	0.9773345421577516	0.9773546220000825	0.027982899339292655	419,0,0,0,0,2,0,382,18,0,0,0,0,14,405,0,0,0,0,0,0,354,4,4,0,0,0,1,292,6,0,0,0,0,1,304
0.971441523118767	0.9715545967148358	0.971441523118767	0.9714273486867689	0.023513408472600084	411,0,0,0,0,0,0,357,28,0,0,0,0,17,385,0,0,0,0,0,0,361,2,2,0,0,0,3,297,5,0,0,0,3,3,332
0.9759746146872167	0.9760102768142918	0.9759746146872167	0.9759776885779624	0.026039642440730648	456,0,0,0,0,1,0,375,16,0,0,1,0,20,404,0,0,0,0,0,0,342,3,4,0,0,0,3,303,1,0,0,0,1,3,273
0.9832275611967362	0.9833358071213624	0.9832275611967362	0.9832079548507687	0.027205596579867874	432,0,0,0,0,0,0,364,18,0,0,1,0,8,375,0,0,0,0,0,0,371,1,0,0,0,0,3,284,4,0,0,0,0,2,343
0.9805077062556664	0.980827687705704	0.9805077062556664	0.9804886109216424	0.02623396813058687	416,0,0,0,0,0,0,364,25,0,0,0,0,7,419,0,0,0,0,0,0,357,5,0,0,0,0,1,302,3,0,0,0,1,1,305
0.970988213961922	0.9710958182840906	0.970988213961922	0.9709949774965687	0.02623396813058687	412,0,0,0,0,0,0,357,20,0,0,0,0,21,403,0,0,0,0,0,0,359,2,6,0,0,0,4,295,7,0,0,0,2,2,316
0.9823209428830463	0.9823904231530012	0.9823209428830463	0.9823208790191248	0.028760202098717436	443,0,0,0,0,0,0,390,18,0,0,0,0,10,405,0,0,0,0,0,0,355,2,1,0,0,0,1,266,3,0,0,0,1,3,308
0.9773345421577516	0.9775055471437787	0.9773345421577516	0.9773474937374813	0.024873688301593422	441,0,0,0,0,1,0,375,20,0,0,0,0,9,390,0,0,0,0,0,0,371,5,1,0,0,0,2,264,6,0,0,0,1,5,315
0.9809610154125114	0.9810221755691162	0.9809610154125114	0.9809643067983249	0.025845316750874425	422,0,0,0,0,0,0,366,15,0,0,0,0,10,427,0,0,0,0,0,0,344,2,4,0,0,0,3,282,1,0,0,0,0,7,323
0.9823209428830463	0.9823839208193116	0.9823209428830463	0.9823268284976573	0.02623396813058687	414,0,0,0,0,0,0,356,12,0,0,0,0,15,389,0,0,0,0,0,0,378,3,3,0,0,0,1,321,4,0,0,0,0,1,309
0.9777878513145966	0.978127624393518	0.9777878513145966	0.9778305542869057	0.027788573649436432	418,0,0,0,0,0,0,381,14,0,0,0,0,11,403,0,0,0,0,0,0,376,8,4,0,0,0,1,277,1,0,0,0,1,9,302
