accuracy	precision	recall	f1	oob	confMatrxVars
0.9220308250226654	0.9227130172739847	0.9220308250226654	0.9219070858126434	0.08472600077730275	418,0,0,0,0,0,0,328,39,0,0,0,0,27,391,0,0,0,0,0,0,339,9,17,0,0,0,18,245,27,0,0,0,26,9,313
0.9224841341795105	0.9253563738368538	0.9224841341795105	0.92199478620562	0.09424795958025656	401,0,0,0,0,0,0,325,70,0,0,0,0,19,408,0,0,0,0,0,0,361,2,14,0,0,0,25,234,19,0,0,0,13,9,306
0.915684496826836	0.9175003215807649	0.915684496826836	0.9150780934262189	0.08647493198600853	416,0,0,0,0,0,0,329,65,0,0,0,0,32,378,0,0,0,0,0,0,365,3,8,0,0,0,29,232,25,0,0,0,14,10,300
0.9202175883952856	0.9213692284433758	0.9202175883952856	0.9198819663403383	0.08433734939759041	432,0,0,0,0,0,0,309,56,0,0,0,0,32,376,0,0,0,0,0,0,358,7,10,0,0,0,24,257,24,0,0,0,16,7,298
0.9116047144152312	0.9139239574310547	0.9116047144152312	0.9112641553426754	0.09055577147298877	416,0,0,0,0,1,0,303,64,0,0,0,0,25,381,0,0,0,0,0,0,359,6,12,0,0,0,22,252,25,0,0,0,31,9,300
0.9202175883952856	0.9210641013651469	0.9202175883952856	0.9199658106302274	0.08006218422075395	414,0,0,0,0,0,0,342,57,0,0,1,0,34,388,0,0,0,0,0,0,364,4,12,0,0,0,23,239,17,0,0,0,17,11,283
0.92883046237534	0.9291600466196376	0.92883046237534	0.9286962661882554	0.08958414302370776	428,0,0,0,0,0,0,305,43,0,0,1,0,26,370,0,0,0,0,0,0,374,8,16,0,0,0,18,251,16,0,0,0,18,11,321
0.9125113327289212	0.9156584200687854	0.9125113327289212	0.9119471286551697	0.09580256509910612	417,0,0,0,0,0,0,305,77,0,0,0,0,27,385,0,0,0,0,0,0,330,4,8,0,0,0,29,247,21,0,0,0,18,9,329
0.9360834088848595	0.9365251135573112	0.9360834088848595	0.9358983920269055	0.08569762922658375	414,0,0,0,0,1,0,338,34,0,0,0,0,20,380,0,0,0,0,0,0,359,9,8,0,0,0,19,257,23,0,0,0,17,10,317
0.9247506799637353	0.9260626627798602	0.9247506799637353	0.9243895959455444	0.08550330353672753	415,0,0,0,0,0,0,356,38,0,0,0,0,50,377,0,0,0,0,0,0,342,3,10,0,0,0,26,253,26,0,0,0,6,7,297
0.885312783318223	0.8991430386064778	0.885312783318223	0.8837395469488294	0.09968907889623013	406,0,0,0,0,1,0,283,138,0,0,0,0,10,388,0,0,0,0,0,0,354,8,13,0,0,0,22,233,26,0,0,0,24,11,289
0.9061650045330916	0.9123371074639421	0.9061650045330916	0.9052605684237878	0.09483093664982511	424,0,0,0,0,0,0,301,93,0,0,1,0,18,383,0,0,0,0,0,0,360,3,13,0,0,0,34,249,23,0,0,0,13,9,282
0.9097914777878513	0.9127430134566272	0.9097914777878513	0.9094663621617299	0.09949475320637391	405,1,0,0,0,0,0,324,85,0,0,0,0,29,398,0,0,0,0,0,0,348,7,18,0,0,0,19,254,20,0,0,0,12,8,278
0.9229374433363554	0.9230655161358015	0.9229374433363554	0.9228282784278136	0.08744656043528953	408,0,0,0,0,0,0,328,51,0,0,0,0,44,382,0,0,0,0,0,0,381,9,12,0,0,0,16,250,19,0,0,0,9,10,287
0.9238440616500453	0.9251355677938008	0.9238440616500453	0.9235543019027478	0.08919549164399532	415,0,0,0,0,0,0,358,28,0,0,0,0,51,361,0,0,0,0,0,0,352,6,4,0,0,0,22,266,27,0,0,0,20,10,286
0.9125113327289212	0.9137415352700895	0.9125113327289212	0.9120977464801796	0.08764088612514576	438,0,0,0,0,0,3,325,64,0,0,0,0,32,364,0,0,0,0,0,0,359,7,11,0,0,0,26,236,18,0,0,0,20,12,291
0.9256572982774252	0.9272542726073398	0.9256572982774252	0.9251219465254175	0.09055577147298877	406,0,0,0,0,1,0,308,54,0,0,1,0,22,391,0,0,0,0,0,0,372,6,3,0,0,0,28,250,22,0,0,0,17,10,315
0.9279238440616501	0.9286607748075209	0.9279238440616501	0.927726184477581	0.08297706956859696	424,0,0,0,0,2,0,334,45,0,0,0,0,31,389,0,0,0,0,0,0,350,11,11,0,0,0,19,243,24,0,0,0,12,4,307
0.9179510426110608	0.9192970007800781	0.9179510426110608	0.9176320904736316	0.08356004663816552	416,0,0,0,0,0,0,343,63,0,0,0,0,26,376,0,0,0,0,0,0,367,9,11,0,0,0,21,237,25,0,0,0,13,13,286
0.9215775158658205	0.9218131432767503	0.9215775158658205	0.9214226726882795	0.08569762922658375	387,0,0,0,0,0,0,338,51,0,0,0,0,36,375,0,0,0,0,0,0,370,8,11,0,0,0,17,261,21,0,0,0,16,13,302
0.9220308250226654	0.9230524870780664	0.9220308250226654	0.9219623698960676	0.08083948698017873	439,0,0,0,0,1,0,350,36,0,0,0,0,46,367,0,0,0,0,0,0,327,5,13,0,0,0,20,255,24,0,0,0,19,8,296
0.9125113327289212	0.913901947217766	0.9125113327289212	0.9123227844975242	0.09405363389040033	388,0,0,0,0,0,0,326,67,0,0,0,0,36,393,0,0,0,0,0,0,335,5,12,0,0,0,24,275,15,0,0,0,22,12,296
0.9193109700815957	0.9201332987270809	0.9193109700815957	0.9191425268458083	0.08181111542945974	411,0,0,0,0,1,0,347,55,0,0,0,0,29,387,0,0,0,0,0,0,332,11,8,0,0,0,23,262,19,0,0,0,18,14,289
0.9206708975521306	0.9206733874922345	0.9206708975521306	0.9205381304201401	0.08433734939759041	409,0,0,0,0,0,0,346,43,0,0,1,0,51,362,0,0,0,0,0,0,361,9,6,0,0,0,15,267,22,0,0,0,13,15,286
0.9097914777878513	0.9112894072963189	0.9097914777878513	0.9095537903461532	0.09424795958025656	408,0,0,0,0,0,0,319,72,0,0,0,0,38,388,0,0,0,0,0,0,330,6,13,0,0,0,23,275,20,0,0,0,18,9,287
