accuracy	precision	recall	f1	oob	confMatrxVars
0.9796010879419764	0.9796946323021455	0.9796010879419764	0.9796104996035875	0.02390205985231253	405,0,0,0,0,0,0,392,16,0,0,0,0,16,405,0,0,0,0,0,0,362,6,2,0,0,0,1,277,0,0,0,0,1,3,320
0.9705349048050771	0.9706445557981804	0.9705349048050771	0.9705463611105895	0.02390205985231253	430,0,0,0,0,0,0,371,20,0,0,0,0,26,407,0,0,0,0,0,0,354,4,6,0,0,0,2,284,2,0,0,0,1,4,295
0.9818676337262012	0.9819266560586096	0.9818676337262012	0.9818840519463999	0.024290711232024864	421,2,0,0,0,0,0,370,14,0,0,0,0,11,412,0,0,0,0,0,0,363,4,2,0,0,0,2,275,1,0,0,0,1,3,325
0.9759746146872167	0.9759948103855237	0.9759746146872167	0.9759717449992694	0.02467936261173731	417,0,0,0,0,0,0,347,18,0,0,1,0,16,390,0,0,0,0,0,0,362,4,3,0,0,0,2,297,4,0,0,0,1,4,340
0.9800543970988214	0.9800490126776263	0.9800543970988214	0.9800404837213088	0.023707734162456306	435,0,0,0,0,0,0,375,12,0,0,1,0,16,381,0,0,0,0,0,0,352,0,0,0,0,0,2,311,6,0,0,0,1,6,308
0.985947416137806	0.9859756554109069	0.985947416137806	0.9859477309828536	0.02759424795958021	426,0,0,0,0,0,0,387,8,0,0,0,0,12,410,0,0,0,0,0,0,367,1,2,0,0,0,3,280,2,0,0,0,2,1,305
0.9805077062556664	0.9805018211928751	0.9805077062556664	0.9805030285020149	0.02623396813058687	436,0,0,0,0,0,0,371,14,1,0,0,0,16,384,0,0,0,0,0,0,368,3,2,0,0,0,3,307,1,0,0,0,1,2,297
0.9782411604714415	0.9783446433098834	0.9782411604714415	0.9782351268050365	0.024873688301593422	409,0,0,0,0,0,0,387,20,0,0,0,0,10,404,0,0,0,0,0,0,358,2,2,0,0,0,6,283,2,0,0,0,1,5,317
0.9773345421577516	0.9778883254981436	0.9773345421577516	0.9773163374600692	0.021375825884181854	430,0,0,0,0,0,0,372,30,0,0,0,0,7,391,0,0,0,0,0,0,337,3,4,0,0,0,4,279,1,0,0,0,0,1,347
0.9764279238440616	0.9764707437797844	0.9764279238440616	0.9764243682037708	0.02701127089001165	440,0,0,0,0,0,0,387,17,0,0,0,0,21,374,0,0,0,0,0,0,349,3,5,0,0,0,2,278,2,0,0,0,1,1,326
0.9832275611967362	0.9832714070741122	0.9832275611967362	0.9832405094912018	0.027399922269724097	452,1,0,0,0,0,0,363,10,0,0,0,0,12,400,0,0,0,0,0,0,340,4,2,0,0,0,4,298,0,0,0,0,1,3,316
0.9732547597461468	0.9733458504231475	0.9732547597461468	0.973245430936361	0.025845316750874425	451,1,0,0,0,0,0,318,27,0,0,0,0,20,416,0,0,0,0,0,0,367,0,3,0,0,0,2,279,5,0,0,0,0,1,316
0.9809610154125114	0.9809748163780865	0.9809610154125114	0.9809638599704061	0.02623396813058687	409,0,0,0,0,0,0,383,14,0,0,0,0,16,421,0,0,0,0,0,0,372,3,2,0,0,0,2,289,2,0,0,0,1,2,290
0.9782411604714415	0.9783379349968113	0.9782411604714415	0.9782554116745769	0.02390205985231253	449,0,0,0,0,0,0,357,12,0,0,0,0,19,382,0,0,0,0,0,0,367,2,3,0,0,0,1,261,4,0,0,0,1,6,342
0.9823209428830463	0.9823433217010528	0.9823209428830463	0.982312944475963	0.022347454333462857	440,0,0,0,0,0,0,351,11,0,0,1,0,13,407,0,0,0,0,0,0,362,2,1,0,0,0,6,276,2,0,0,0,2,1,331
0.9805077062556664	0.9805332907246779	0.9805077062556664	0.980496460842243	0.025262339681305868	435,0,0,0,0,0,0,353,17,0,0,1,0,12,413,0,0,0,0,0,0,362,1,3,0,0,0,2,278,3,0,0,0,3,1,322
0.9750679963735267	0.9750910048452742	0.9750679963735267	0.9750703645761059	0.025262339681305868	406,0,0,0,0,0,0,377,24,0,0,0,0,21,390,0,0,0,0,0,0,388,3,1,0,0,0,1,267,3,0,0,0,0,2,323
0.9773345421577516	0.9773530680190641	0.9773345421577516	0.9773356600993932	0.02623396813058687	426,0,0,0,0,2,0,362,17,0,0,0,0,17,415,0,0,0,0,0,0,348,3,2,0,0,0,5,290,2,0,0,0,0,2,315
0.9827742520398912	0.9828688450514566	0.9827742520398912	0.982782330477242	0.026039642440730648	439,0,0,0,0,0,0,391,10,0,0,1,0,16,380,0,0,0,0,0,0,362,6,0,0,0,0,0,275,3,0,0,0,0,2,321
0.9773345421577516	0.977346334818853	0.9773345421577516	0.9773328454114377	0.026039642440730648	457,0,0,0,0,0,0,369,16,0,0,1,0,16,392,0,0,0,0,0,0,378,3,2,0,0,0,4,256,1,0,0,0,2,5,304
0.9750679963735267	0.9751736229869872	0.9750679963735267	0.9750642255624801	0.024873688301593422	431,0,0,0,0,0,0,364,26,0,0,0,0,16,384,0,0,0,0,0,0,391,0,4,0,0,0,3,294,2,0,0,0,0,4,287
0.9728014505893019	0.9728585569505276	0.9728014505893019	0.9728043813192351	0.026428293820443094	431,0,0,0,0,0,0,355,25,0,0,0,0,21,389,0,0,0,0,0,0,357,7,1,0,0,0,3,292,1,0,0,0,0,2,322
0.9732547597461468	0.973496153787129	0.9732547597461468	0.9732231195240207	0.020598523124757073	382,0,0,0,0,0,0,369,27,0,0,0,0,11,428,0,0,0,0,0,0,352,3,2,0,0,0,5,307,6,0,0,0,3,2,309
0.9759746146872167	0.9760745422475784	0.9759746146872167	0.9759741028343026	0.023124757092887638	427,0,0,0,0,0,0,366,21,0,0,1,0,13,363,0,0,0,0,0,0,367,5,2,0,0,0,1,318,5,0,0,0,2,3,312
0.9768812330009066	0.9773485213954282	0.9768812330009066	0.9768923361673375	0.022347454333462857	441,0,0,0,0,0,0,388,27,0,0,0,0,8,378,0,0,0,0,0,0,371,4,3,0,0,0,0,292,2,0,0,0,2,5,285
