accuracy	precision	recall	f1	oob	confMatrxVars
0.9360834088848595	0.9367431572360359	0.9360834088848595	0.9360923022363323	0.06451612903225812	412,0,0,0,0,0,0,329,32,0,0,0,0,44,388,0,0,0,0,0,0,386,7,12,0,0,0,10,249,21,0,0,0,10,5,301
0.9324569356300997	0.9360861983364173	0.9324569356300997	0.9321491933591108	0.07190050524679359	464,0,0,0,0,2,0,320,68,0,0,0,0,11,389,0,0,0,0,0,0,341,4,13,0,0,0,17,245,20,0,0,0,6,8,298
0.9320036264732547	0.934330783556651	0.9320036264732547	0.9319055771899507	0.0643218033424019	416,0,0,0,0,2,0,347,66,0,0,1,0,20,382,0,0,0,0,0,0,347,6,9,0,0,0,10,261,17,0,0,0,15,4,303
0.9492293744333635	0.9512833839936664	0.9492293744333635	0.948991107330995	0.07170617955693748	412,0,0,0,0,1,0,329,48,0,0,0,0,5,412,0,0,0,0,0,0,374,5,7,0,0,0,18,252,13,0,0,0,10,5,315
0.9460562103354487	0.9463318059237139	0.9460562103354487	0.9458589856334475	0.06490478041197045	400,1,0,0,0,0,0,362,31,0,0,0,0,25,398,0,0,0,0,0,0,377,5,8,0,0,0,22,243,14,0,0,0,6,7,307
0.9451495920217589	0.9455279634647179	0.9451495920217589	0.9450408399332414	0.0672366886902449	416,0,0,0,0,1,0,329,38,0,0,0,0,23,387,0,0,0,0,0,0,394,5,9,0,0,0,16,265,14,0,0,0,8,7,294
0.9415231187669991	0.9420155950596588	0.9415231187669991	0.9414223272612352	0.06956859696851925	418,0,0,0,0,0,0,330,33,0,0,0,0,36,396,0,0,0,0,0,0,351,5,7,0,0,0,12,269,23,0,0,0,8,5,313
0.942883046237534	0.9433986368484536	0.942883046237534	0.9427373747137291	0.07034589972794403	413,0,0,0,0,0,0,348,38,0,0,0,0,24,390,0,0,0,0,0,0,361,5,7,0,0,0,14,271,22,0,0,0,9,7,297
0.9301903898458749	0.9351995830131643	0.9301903898458749	0.9297425012050584	0.07092887679751259	433,0,0,0,0,1,0,328,78,0,0,0,0,8,384,0,0,0,0,0,0,355,5,9,0,0,0,22,242,17,0,0,0,7,7,310
0.9329102447869447	0.9342040518687987	0.9329102447869447	0.932704384411406	0.07054022541780025	428,1,0,0,0,1,0,332,52,0,0,0,0,24,368,0,0,0,0,0,0,365,7,13,0,0,0,18,238,20,0,0,0,8,4,327
0.9474161378059837	0.9483294612180209	0.9474161378059837	0.9473505523450688	0.07267780800621837	422,0,0,0,0,1,0,345,42,0,0,0,0,21,393,0,0,0,0,0,0,363,2,10,0,0,0,12,270,17,0,0,0,6,5,297
0.92883046237534	0.9296748079991445	0.92883046237534	0.9285468453024635	0.0643218033424019	435,0,0,0,0,0,0,370,46,0,0,1,0,22,380,0,0,0,0,0,0,340,6,12,0,0,0,26,239,21,0,0,0,9,14,285
0.9365367180417045	0.9368686519844285	0.9365367180417045	0.9363967941955401	0.06859696851923824	422,0,0,0,0,1,0,337,32,0,0,0,0,34,367,0,0,0,0,0,0,364,6,9,0,0,0,20,265,19,0,0,0,10,9,311
0.9320036264732547	0.9332865747595183	0.9320036264732547	0.9318632747664458	0.0662650602409639	434,0,0,0,0,0,0,337,48,0,0,0,0,25,352,0,0,0,0,0,0,368,5,8,0,0,0,31,271,10,0,0,0,13,10,294
0.9442429737080689	0.9451459375953614	0.9442429737080689	0.9441892148694264	0.06568208317139523	421,0,0,0,0,1,0,364,41,0,0,0,0,21,394,0,0,0,0,0,0,372,6,8,0,0,0,8,246,24,0,0,0,9,5,286
0.9388032638259293	0.9395878415440897	0.9388032638259293	0.9386728864282247	0.0682083171395258	392,0,0,0,0,1,0,353,47,0,0,1,0,24,396,0,0,0,0,0,0,341,7,7,0,0,0,17,276,16,0,0,0,10,5,313
0.9297370806890299	0.9298461735192701	0.9297370806890299	0.9296213018179864	0.06879129420909447	417,0,0,0,0,0,0,351,48,0,0,0,0,38,382,0,0,0,0,0,0,349,10,5,0,0,0,12,259,21,0,0,0,13,8,293
0.9310970081595649	0.9317686708426155	0.9310970081595649	0.9307954937124443	0.06801399144966969	425,0,0,0,0,1,0,351,45,0,0,0,0,30,373,0,0,0,0,0,0,359,6,4,0,0,0,23,253,22,0,0,0,12,9,293
0.9456029011786038	0.9463355035753557	0.9456029011786038	0.9454949508714101	0.06937427127866302	446,0,0,0,0,0,0,329,37,0,0,0,0,23,368,0,0,0,0,0,0,364,2,9,0,0,0,18,271,15,0,0,0,11,5,308
0.9347234814143246	0.9352732439284234	0.9347234814143246	0.9345512058408928	0.06801399144966969	404,0,0,0,0,1,0,326,40,0,0,0,0,30,397,0,0,0,0,0,0,363,5,7,0,0,0,21,269,18,0,0,0,14,8,303
0.9347234814143246	0.9359528644754894	0.9347234814143246	0.9344279065974583	0.06490478041197045	412,0,0,0,0,0,0,346,54,0,0,0,0,25,406,0,0,0,0,0,0,338,7,8,0,0,0,21,257,19,0,0,0,7,3,303
0.9388032638259293	0.939350454527143	0.9388032638259293	0.938652337031096	0.06684803731053246	423,0,0,0,0,0,0,351,44,0,0,0,0,30,393,0,0,0,0,0,0,347,6,9,0,0,0,14,256,21,0,0,0,5,6,301
0.9351767905711695	0.9358621259149138	0.9351767905711695	0.9348649720684198	0.06976292265837547	439,0,0,0,0,1,0,319,46,0,0,0,0,24,388,0,0,0,0,0,0,356,5,4,0,0,0,22,247,18,0,0,0,12,11,314
0.9410698096101541	0.9424333244815615	0.9410698096101541	0.940774104239693	0.06956859696851925	409,0,0,0,0,0,0,326,51,0,0,0,0,17,384,0,0,0,0,0,0,384,2,5,0,0,0,15,268,22,0,0,0,9,9,305
0.9374433363553943	0.9377081109821226	0.9374433363553943	0.9374340065576127	0.06937427127866302	406,0,0,0,0,0,0,359,35,0,0,0,0,44,377,0,0,0,0,0,0,338,7,12,0,0,0,13,280,13,0,0,0,8,6,308
