accuracy	precision	recall	f1	oob	confMatrxVars
0.9655485040797824	0.965950597205177	0.9655485040797824	0.9655171084095812	0.035950252623396795	424,0,0,0,0,0,0,365,36,0,0,0,0,15,404,0,0,0,0,0,0,357,2,4,0,0,0,3,297,6,0,0,0,5,5,283
0.9614687216681777	0.9616509130658147	0.9614687216681777	0.9614731961804378	0.03420132141469101	407,0,0,0,0,0,0,363,35,0,0,0,0,23,377,0,0,0,0,0,0,347,2,7,0,0,0,5,299,3,0,0,0,0,10,328
0.9687216681776972	0.9688021461737174	0.9687216681776972	0.9687066032090438	0.035950252623396795	452,0,0,0,0,1,0,353,26,0,0,0,0,17,407,0,0,0,0,0,0,343,2,4,0,0,0,5,296,3,0,0,0,6,5,286
0.9528558476881233	0.9528800347622969	0.9528558476881233	0.952838897066887	0.03614457831325302	403,0,0,0,0,0,0,356,31,0,0,1,0,34,386,0,0,0,0,0,0,357,7,7,0,0,0,9,288,7,0,0,0,4,4,312
0.970988213961922	0.9710009276248355	0.970988213961922	0.9709806218732923	0.0369218810726778	425,0,0,0,0,0,0,354,26,0,0,0,0,21,404,0,0,0,0,0,0,378,4,2,0,0,0,4,264,2,0,0,0,3,2,317
0.9691749773345422	0.9694338548783004	0.9691749773345422	0.9692085890793257	0.033812670034978676	439,0,0,0,0,2,0,341,16,0,0,1,0,26,370,0,0,0,0,0,0,370,6,4,0,0,0,1,300,3,0,0,0,2,7,318
0.972348141432457	0.972388933510079	0.972348141432457	0.9723406782154538	0.03575592693354057	425,0,0,0,0,0,0,350,20,0,0,0,0,20,404,0,0,0,0,0,0,376,3,6,0,0,0,10,271,0,0,0,0,2,0,319
0.9746146872166818	0.9746717814497577	0.9746146872166818	0.9745970452904592	0.033812670034978676	418,0,0,0,0,0,0,351,24,0,0,1,0,18,398,0,0,0,0,0,0,383,3,5,0,0,0,1,272,2,0,0,0,1,1,328
0.9678150498640072	0.9685009394457119	0.9678150498640072	0.967808865268757	0.032452390205985227	417,0,0,0,0,2,0,381,37,0,0,0,0,12,398,0,0,0,0,0,0,349,2,2,0,0,0,3,285,7,0,0,0,4,2,305
0.9705349048050771	0.9705897645429234	0.9705349048050771	0.97054679484554	0.035172949863972014	417,0,0,0,0,0,0,360,22,0,0,0,0,19,409,0,0,0,0,0,0,344,4,3,0,0,0,2,302,6,0,0,0,1,8,309
0.9650951949229375	0.965280411898397	0.9650951949229375	0.9651068650826491	0.03575592693354057	449,2,0,0,0,0,0,360,30,0,0,0,0,17,379,0,0,0,0,0,0,344,2,7,0,0,0,7,274,2,0,0,0,4,6,323
0.970988213961922	0.9709856710343857	0.970988213961922	0.9709829852414162	0.03614457831325302	416,0,0,0,0,1,0,358,24,0,0,1,0,25,404,0,0,0,0,0,0,352,0,4,0,0,0,4,291,1,0,0,0,0,4,321
0.9759746146872167	0.9761221263965771	0.9759746146872167	0.9759536248607922	0.032452390205985227	449,0,0,0,0,0,0,331,23,0,0,1,0,14,386,0,0,0,0,0,0,337,3,6,0,0,0,1,317,3,0,0,0,0,2,333
0.9641885766092475	0.9646428598557902	0.9641885766092475	0.9641714879222952	0.03497862417411579	449,0,0,0,0,0,0,340,34,0,0,0,0,14,371,0,0,0,0,0,0,355,7,6,0,0,0,3,289,7,0,0,0,4,4,323
0.9687216681776972	0.968928442630665	0.9687216681776972	0.968692497186034	0.038087835211815024	438,0,0,0,0,0,0,343,29,0,0,1,0,16,363,0,0,0,0,0,0,350,6,4,0,0,0,4,306,6,0,0,0,2,1,337
0.9691749773345422	0.9692089073600292	0.9691749773345422	0.9691783955761407	0.03478429848425957	443,0,0,0,0,0,0,348,19,0,0,0,0,23,395,0,0,0,0,0,0,324,2,5,0,0,0,5,316,3,0,0,0,3,8,312
0.9696282864913871	0.9700962481729402	0.9696282864913871	0.9696074116677594	0.032452390205985227	415,0,0,0,0,0,0,371,33,0,0,0,0,13,385,0,0,0,0,0,0,344,7,6,0,0,0,4,311,2,0,0,0,0,2,313
0.9655485040797824	0.9656235359578375	0.9655485040797824	0.9655653508893467	0.034589972794403456	416,0,0,0,0,0,0,371,22,0,0,0,0,22,391,0,0,0,0,0,0,337,9,4,0,0,0,6,291,5,0,0,0,1,7,324
0.970081595648232	0.9703903751966629	0.970081595648232	0.9700686071699748	0.03575592693354057	409,0,0,0,0,0,0,361,29,0,0,0,0,12,375,0,0,0,0,0,0,373,5,1,0,0,0,6,281,5,0,0,0,4,4,341
0.9669084315503174	0.9673060871720558	0.9669084315503174	0.9668666585280801	0.03828216090167125	423,0,0,0,0,0,0,350,34,0,0,0,0,13,400,0,0,0,0,0,0,349,5,5,0,0,0,9,295,2,0,0,0,1,4,316
0.971894832275612	0.9721433574918469	0.971894832275612	0.9718857345526022	0.03439564710454723	430,0,0,0,0,2,0,358,30,0,0,0,0,16,378,0,0,0,0,0,0,348,2,1,0,0,0,3,297,6,0,0,0,0,2,333
0.9682683590208522	0.9686329016606715	0.9682683590208522	0.9682365351923377	0.037310532452390244	410,0,0,0,0,0,0,358,30,0,0,1,0,14,420,0,0,0,0,0,0,361,4,8,0,0,0,4,282,6,0,0,0,2,1,305
0.9669084315503174	0.9670181794898759	0.9669084315503174	0.9668626918015586	0.03342401865526623	433,0,0,0,0,0,0,352,26,0,0,0,0,18,393,0,0,0,0,0,0,354,1,4,0,0,0,10,283,7,0,0,0,2,5,318
0.9673617407071623	0.967394617290315	0.9673617407071623	0.9673441660208186	0.035172949863972014	434,0,0,0,0,0,0,351,25,0,0,1,0,24,397,0,0,0,0,0,0,358,3,6,0,0,0,6,277,4,0,0,0,1,2,317
0.9696282864913871	0.969690257166415	0.9696282864913871	0.9696325861581193	0.03925378935095225	436,1,0,0,0,0,0,366,22,0,0,0,0,19,384,0,0,0,0,0,0,365,3,6,0,0,0,7,279,4,0,0,0,3,2,309
