accuracy	precision	recall	f1	oob	confMatrxVars
0.9755213055303718	0.9757629245126483	0.9755213055303718	0.9754805394813163	0.023707734162456306	430,0,0,0,0,0,0,352,21,0,0,0,0,7,400,0,0,0,0,0,0,340,11,5,0,0,0,6,300,3,0,0,0,0,1,330
0.9750679963735267	0.9750689332233518	0.9750679963735267	0.9750588821320578	0.024485036921881087	427,0,0,0,0,0,0,378,20,0,0,0,0,21,370,0,0,0,0,0,0,378,1,1,0,0,0,4,290,4,0,0,0,1,3,308
0.9800543970988214	0.9800874551231378	0.9800543970988214	0.9800598769441373	0.026428293820443094	399,0,0,0,0,0,0,377,14,0,0,0,0,17,414,0,0,0,0,0,0,339,3,2,0,0,0,0,298,3,0,0,0,2,3,335
0.9737080689029919	0.9739102821235589	0.9737080689029919	0.9737281163768188	0.021958802953750522	393,0,0,0,0,0,0,375,13,0,0,0,0,22,411,0,0,0,0,0,0,381,7,5,0,0,0,3,275,4,0,0,0,0,4,313
0.9791477787851315	0.9792605821643501	0.9791477787851315	0.9791326560570125	0.02254178002331908	425,0,0,0,0,0,0,390,19,0,0,0,0,9,411,0,0,0,0,0,0,348,3,2,0,0,0,4,270,6,0,0,0,1,2,316
0.9737080689029919	0.9738570497691865	0.9737080689029919	0.9737179942428774	0.026039642440730648	400,1,0,0,0,0,0,373,23,0,0,0,0,16,421,0,0,0,0,0,0,348,3,7,0,0,0,1,295,4,0,0,0,1,2,311
0.9737080689029919	0.9738145825105893	0.9737080689029919	0.9737095777957978	0.026622619510299317	400,0,0,0,0,0,0,360,17,0,0,0,0,23,404,0,0,0,0,0,0,399,5,3,0,0,0,3,267,6,0,0,0,0,1,318
0.9755213055303718	0.9755022237719605	0.9755213055303718	0.9755074240141928	0.030120481927710885	413,0,0,0,0,0,0,358,19,0,0,1,0,18,403,0,0,0,0,0,0,367,0,2,0,0,0,3,289,3,0,0,0,1,7,322
0.9759746146872167	0.9759937613590989	0.9759746146872167	0.9759713262519057	0.02331908278274386	403,0,0,0,0,0,0,378,20,0,0,1,0,19,394,0,0,0,0,0,0,376,1,3,0,0,0,2,295,4,0,0,0,0,3,307
0.9768812330009066	0.977108147123283	0.9768812330009066	0.976869862436141	0.024290711232024864	424,1,0,0,0,0,0,360,24,0,0,0,0,11,412,0,0,0,0,0,0,343,8,2,0,0,0,0,285,4,0,0,0,1,0,331
0.9786944696282865	0.9788977625665363	0.9786944696282865	0.9786948667616086	0.02254178002331908	432,0,0,0,0,0,0,369,23,0,0,0,0,10,391,0,0,0,0,0,0,358,5,0,0,0,0,1,297,3,0,0,0,2,3,312
0.9741613780598368	0.9742920823595574	0.9741613780598368	0.9741873123044926	0.025650991061018313	406,0,0,0,0,0,0,368,19,0,0,0,0,19,403,0,0,0,0,0,0,341,5,0,0,0,0,3,292,2,0,0,0,1,8,339
0.9732547597461468	0.9735242452514175	0.9732547597461468	0.9732308550743288	0.02409638554216864	417,0,0,0,0,0,0,364,27,0,0,0,0,10,416,0,0,0,0,0,0,353,3,3,0,0,0,5,284,3,0,0,0,4,4,313
0.985040797824116	0.9852203286549033	0.985040797824116	0.9850369701523208	0.027399922269724097	406,0,0,0,0,0,0,387,16,0,0,0,0,4,388,0,0,0,0,0,0,369,4,3,0,0,0,2,293,3,0,0,0,1,0,330
0.9868540344514959	0.9869490863415449	0.9868540344514959	0.9868461433719263	0.026039642440730648	437,0,0,0,0,0,0,372,14,0,0,0,0,6,409,0,0,0,0,0,0,369,3,4,0,0,0,1,271,1,0,0,0,0,0,319
0.9805077062556664	0.9806717101960619	0.9805077062556664	0.9804968957352629	0.027399922269724097	427,0,0,0,0,0,0,360,21,0,0,1,0,10,405,0,0,0,0,0,0,364,4,0,0,0,0,2,284,0,0,0,0,1,4,323
0.9759746146872167	0.9760662793057524	0.9759746146872167	0.9759579822829911	0.025262339681305868	411,0,0,0,0,0,0,353,23,0,0,0,0,14,417,0,0,0,0,0,0,352,2,6,0,0,0,4,300,2,0,0,0,0,2,320
0.985040797824116	0.98522166411411	0.985040797824116	0.9850256406556953	0.024485036921881087	403,0,0,0,0,0,0,373,19,0,0,1,0,6,399,0,0,0,0,0,0,366,0,3,0,0,0,3,305,0,0,0,0,0,1,327
0.9796010879419764	0.9796354528693567	0.9796010879419764	0.9796062339234644	0.027205596579867874	443,1,0,0,0,0,0,349,22,0,0,0,0,18,394,0,0,0,0,0,0,374,0,1,0,0,0,3,294,0,0,0,0,0,0,307
0.971441523118767	0.9715352410891613	0.971441523118767	0.971417732593456	0.022153128643606634	409,0,0,0,0,0,0,358,27,0,0,1,0,17,403,0,0,0,0,0,0,371,3,4,0,0,0,3,286,4,0,0,0,2,2,316
0.9836808703535811	0.983712055405422	0.9836808703535811	0.9836867772662986	0.025845316750874425	416,0,0,0,0,0,0,357,10,0,0,0,0,13,407,0,0,0,0,0,0,346,3,2,0,0,0,1,312,3,0,0,0,1,3,332
0.9814143245693563	0.9814716669019335	0.9814143245693563	0.9814161478699523	0.02701127089001165	409,0,0,0,0,0,0,362,16,0,0,0,0,12,415,0,0,0,0,0,0,369,4,3,0,0,0,1,302,2,0,0,0,0,3,308
0.9791477787851315	0.979155560784271	0.9791477787851315	0.979148762024947	0.025068013991449645	393,0,0,0,0,0,0,357,17,0,0,0,0,15,402,0,0,0,0,0,0,379,5,0,0,0,0,4,301,2,0,0,0,1,2,328
0.9755213055303718	0.9755862938040109	0.9755213055303718	0.9755209425977202	0.025262339681305868	384,0,0,0,0,0,0,407,26,0,0,0,0,19,406,0,0,0,0,0,0,364,2,2,0,0,0,1,264,3,0,0,0,1,0,327
0.9746146872166818	0.9746439228729357	0.9746146872166818	0.974614726967663	0.025068013991449645	436,0,0,0,0,0,0,355,15,0,0,1,0,20,411,0,0,0,0,0,0,339,3,2,0,0,0,5,294,3,0,0,0,3,4,315
