accuracy	precision	recall	f1	oob	confMatrxVars
0.971441523118767	0.9715575851239031	0.971441523118767	0.971446258637301	0.026039642440730648	446,0,0,0,0,0,0,333,18,0,0,1,0,26,403,0,0,0,0,0,0,347,4,3,0,0,0,4,286,5,0,0,0,0,2,328
0.9768812330009066	0.9769140847584935	0.9768812330009066	0.9768743394691011	0.02759424795958021	414,0,0,0,0,0,0,350,17,0,0,0,0,17,376,0,0,0,0,0,0,394,5,6,0,0,0,3,282,1,0,0,0,1,1,339
0.9741613780598368	0.9741778276253925	0.9741613780598368	0.9741551672600588	0.027788573649436432	401,0,0,0,0,0,0,343,23,0,0,0,0,19,402,0,0,0,0,0,0,375,4,2,0,0,0,2,298,4,0,0,0,1,2,330
0.9836808703535811	0.9837017585591725	0.9836808703535811	0.9836841651126338	0.025068013991449645	439,0,0,0,0,0,0,338,13,0,0,0,0,16,410,0,0,0,0,0,0,344,0,2,0,0,0,1,315,0,0,0,0,2,2,324
0.9750679963735267	0.9752069284910225	0.9750679963735267	0.9750899146314502	0.02467936261173731	416,0,0,0,0,0,0,372,18,0,0,0,0,16,409,0,0,0,0,0,0,347,6,4,0,0,0,1,286,4,0,0,0,0,6,321
0.9800543970988214	0.9801042949032125	0.9800543970988214	0.9800675738174656	0.02623396813058687	425,0,0,0,0,0,0,365,14,0,0,0,0,14,384,0,0,0,0,0,0,392,2,4,0,0,0,1,279,4,0,0,0,0,5,317
0.9746146872166818	0.9747078651420621	0.9746146872166818	0.9746261122315801	0.028177225029148878	406,0,0,0,1,0,0,356,17,0,0,0,0,22,402,0,0,0,0,0,0,364,5,4,0,0,0,1,300,2,0,0,0,2,2,322
0.9768812330009066	0.9769099782508778	0.9768812330009066	0.9768661138664763	0.027205596579867874	409,0,0,0,0,0,0,352,13,0,0,1,0,17,391,0,0,0,0,0,0,370,5,2,0,0,0,5,285,6,0,0,0,0,2,348
0.9805077062556664	0.9805623019937559	0.9805077062556664	0.9804943304767111	0.026039642440730648	423,0,0,0,0,0,0,361,15,0,0,1,0,13,398,0,0,0,0,0,0,387,2,4,0,0,0,5,291,3,0,0,0,0,0,303
0.9796010879419764	0.9796822524635898	0.9796010879419764	0.9796025393815465	0.025068013991449645	398,0,0,0,0,0,0,374,17,0,0,0,0,10,404,0,0,0,0,0,0,355,3,5,0,0,0,3,292,2,0,0,0,0,5,338
0.9764279238440616	0.9764608387552663	0.9764279238440616	0.9764397068345636	0.022930431403031526	399,0,0,0,0,2,0,353,16,0,0,0,0,16,387,0,0,0,0,0,0,378,5,2,0,0,0,5,297,1,0,0,0,1,4,340
0.9800543970988214	0.9800864045055657	0.9800543970988214	0.9800391840753465	0.024873688301593422	411,0,0,0,0,0,0,342,18,0,0,1,0,13,400,0,0,0,0,0,0,371,6,1,0,0,0,2,316,2,0,0,0,0,1,322
0.972348141432457	0.972494231956857	0.972348141432457	0.9723574250539357	0.029343179168285993	429,0,0,0,0,0,0,352,14,0,0,1,0,25,390,0,0,0,0,0,0,351,7,2,0,0,0,6,302,2,0,0,0,1,3,321
0.9759746146872167	0.9760488153479999	0.9759746146872167	0.9759748375154087	0.025262339681305868	428,0,0,0,0,0,0,378,20,0,0,0,0,13,413,0,0,0,0,0,0,346,4,4,0,0,0,2,294,5,0,0,0,2,3,294
0.9750679963735267	0.9751062631059675	0.9750679963735267	0.9750763094341097	0.02759424795958021	412,0,0,0,0,2,0,347,16,0,0,0,0,19,415,0,0,0,0,0,0,362,4,2,0,0,0,5,285,3,0,0,0,2,2,330
0.9755213055303718	0.9756170271063827	0.9755213055303718	0.9755291350869137	0.022736105713175303	415,0,0,0,0,0,0,354,19,0,0,0,0,16,412,0,0,0,0,0,0,344,7,3,0,0,0,2,289,3,0,0,0,0,4,338
0.9791477787851315	0.9795462474504634	0.9791477787851315	0.9791334963191826	0.02409638554216864	421,0,0,0,0,0,0,371,24,0,0,1,0,6,409,0,0,0,0,0,0,356,6,2,0,0,0,1,302,3,0,0,0,0,3,301
0.9809610154125114	0.9810512860223121	0.9809610154125114	0.9809587181782998	0.0283715507190051	417,0,0,0,0,0,0,369,17,0,0,0,0,9,413,0,0,0,0,0,0,360,6,2,0,0,0,2,275,3,0,0,0,1,2,330
0.9732547597461468	0.9733077481764525	0.9732547597461468	0.9732536311452629	0.02681694520015543	408,0,0,0,0,0,0,377,26,0,0,0,0,20,382,0,0,0,0,0,0,329,5,1,0,0,0,1,283,4,0,0,0,1,1,368
0.9741613780598368	0.9742738934274079	0.9741613780598368	0.9741679365150094	0.024873688301593422	411,0,0,0,0,0,0,358,16,0,0,1,0,23,401,0,0,0,0,0,0,357,7,2,0,0,0,2,294,4,0,0,0,0,2,328
0.9746146872166818	0.9746547649440592	0.9746146872166818	0.9745939126482809	0.022930431403031526	433,0,0,0,0,0,0,353,22,0,0,1,0,16,381,0,0,0,0,0,0,381,4,2,0,0,0,4,284,5,0,0,0,0,2,318
0.9732547597461468	0.9733557015158676	0.9732547597461468	0.9732437145569903	0.02390205985231253	426,0,0,0,0,0,0,347,26,0,0,1,0,18,375,0,0,0,0,0,0,378,4,3,0,0,0,1,310,2,0,0,0,0,4,311
0.9755213055303718	0.9758397321899973	0.9755213055303718	0.9755367371472129	0.024485036921881087	419,0,0,0,0,0,0,389,29,0,0,0,0,13,358,0,0,0,0,0,0,390,3,3,0,0,0,0,279,2,0,0,0,3,1,317
0.9755213055303718	0.9756450170839119	0.9755213055303718	0.9754989124361106	0.02623396813058687	413,0,0,0,0,0,0,380,23,0,0,0,0,14,411,0,0,0,0,0,0,359,3,2,0,0,0,4,279,7,0,0,0,0,1,310
0.9773345421577516	0.9774360525854665	0.9773345421577516	0.9773300791883526	0.026622619510299317	450,0,0,0,0,0,0,351,20,0,0,0,0,14,385,0,0,0,0,0,0,360,1,2,0,0,0,2,309,8,0,0,0,1,2,301
