accuracy	precision	recall	f1	oob	confMatrxVars
0.9048050770625566	0.9069532836630402	0.9048050770625566	0.9043643200596325	0.10590750097162849	405,0,0,0,0,1,2,322,73,0,0,0,0,29,372,0,0,0,0,0,0,349,13,7,0,0,0,30,274,23,0,0,0,20,12,274
0.8943789664551224	0.8997296996509215	0.8943789664551224	0.8931965652143918	0.10998834045860861	434,0,0,0,0,0,2,278,106,0,0,1,0,26,385,0,0,0,0,0,0,356,6,15,0,0,0,26,246,22,0,0,0,18,11,274
0.9084315503173164	0.9089788141279321	0.9084315503173164	0.908088241259995	0.10260396424407303	424,0,0,0,0,0,0,317,46,0,0,0,0,36,387,0,0,0,0,0,0,362,6,14,0,0,0,23,259,27,0,0,0,32,18,255
0.885312783318223	0.8899754498321387	0.885312783318223	0.8839655868633154	0.10823940924990283	418,0,0,0,0,0,6,264,99,0,0,0,0,22,374,0,0,0,0,0,0,375,12,22,0,0,0,31,248,17,0,0,0,26,18,274
0.9011786038077969	0.9071563702520065	0.9011786038077969	0.900154711557198	0.10882238631947139	436,0,0,0,0,0,0,284,105,0,0,1,0,20,391,0,0,0,0,0,0,345,8,8,0,0,0,21,264,19,0,0,0,22,14,268
0.8807796917497733	0.8862789078903692	0.8807796917497733	0.8805264440497378	0.11232024873688307	439,0,0,0,0,1,0,290,86,0,0,0,0,37,350,0,0,0,0,0,0,328,7,14,0,0,0,39,253,24,0,0,0,45,10,283
0.899818676337262	0.9052786889072	0.899818676337262	0.8991682747290923	0.10746210649047805	440,0,0,0,0,0,0,299,94,0,0,0,0,18,384,0,0,0,0,0,0,355,9,15,0,0,0,21,247,25,0,0,0,29,10,260
0.8966455122393472	0.9039250555533618	0.8966455122393472	0.8952364052723626	0.1117372716673144	384,0,0,0,0,0,0,285,116,0,0,0,0,21,424,0,0,0,0,0,0,357,7,10,0,0,0,30,247,19,0,0,0,18,7,281
0.900725294650952	0.9045811775299024	0.900725294650952	0.9001027459500419	0.10435289545277882	434,0,0,0,0,1,0,299,74,0,0,0,0,22,396,0,0,0,0,0,0,351,9,8,0,0,0,37,237,16,0,0,0,33,19,270
0.8744333635539437	0.8872375599448985	0.8744333635539437	0.870917041459345	0.13466770307034592	424,0,0,0,0,0,8,228,142,0,0,0,0,16,392,0,0,0,0,0,0,346,5,12,0,0,0,34,250,20,0,0,0,27,13,289
0.9129646418857661	0.9159388306509704	0.9129646418857661	0.912630908025674	0.1041585697629227	409,0,0,0,0,1,2,333,67,0,0,1,0,15,387,0,0,0,0,0,0,338,10,13,0,0,0,20,265,26,0,0,0,25,12,282
0.8957388939256573	0.900052385889339	0.8957388939256573	0.893860592057443	0.12009327633113098	416,0,0,0,0,1,6,256,104,0,0,0,0,25,412,0,0,0,0,0,0,350,9,7,0,0,0,22,244,28,0,0,0,18,10,298
0.8939256572982774	0.9009098326067959	0.8939256572982774	0.8926255655551392	0.11640108822386319	440,0,0,0,0,0,1,286,113,0,0,0,0,18,415,0,0,0,0,0,0,340,11,15,0,0,0,26,234,20,0,0,0,19,11,257
0.900271985494107	0.903933527908924	0.900271985494107	0.8992443131712142	0.11387485425573263	428,0,0,0,0,1,2,277,87,0,0,0,0,24,390,0,0,0,0,0,0,361,5,13,0,0,0,29,243,25,0,0,0,20,14,287
0.9125113327289212	0.9146322935307992	0.9125113327289212	0.9118870471829296	0.11620676253400697	420,1,0,0,0,0,3,294,72,0,0,0,0,20,388,0,0,0,0,0,0,379,8,13,0,0,0,21,249,16,0,0,0,21,18,283
0.8703535811423391	0.8774764264926446	0.8703535811423391	0.8680772796998191	0.1307811892732219	412,0,0,0,0,1,7,249,121,0,0,1,0,30,372,0,0,0,0,0,0,352,2,11,0,0,0,24,251,29,0,0,0,43,17,284
0.8966455122393472	0.9017500929302779	0.8966455122393472	0.8956255468103146	0.11057131752817717	426,1,0,0,0,0,2,284,89,0,0,1,0,24,385,0,0,0,0,0,0,359,6,10,0,0,0,42,234,17,0,0,0,25,11,290
0.8721668177697189	0.886993436389596	0.8721668177697189	0.8692070757032765	0.13563933151962693	454,0,0,0,0,2,3,239,155,0,0,1,0,18,378,0,0,0,0,0,0,354,3,14,0,0,0,23,240,24,0,0,0,28,11,259
0.8907524932003626	0.897255904080926	0.8907524932003626	0.8897834519576745	0.11795569374271275	428,0,0,0,0,1,1,278,103,0,0,0,0,21,392,0,0,0,0,0,0,334,11,11,0,0,0,29,249,20,0,0,0,34,10,284
0.9088848594741614	0.911338352987556	0.9088848594741614	0.9083256648584178	0.10454722114263504	453,0,0,0,0,0,7,336,72,0,0,0,0,29,385,0,0,0,0,0,0,329,5,15,0,0,0,19,216,25,0,0,0,24,5,286
0.8862194016319129	0.8896504181668713	0.8862194016319129	0.8854743377787848	0.10513019821220371	417,1,0,0,0,2,2,295,82,0,0,0,0,27,400,0,0,0,0,0,0,342,8,17,0,0,0,27,230,20,0,0,0,46,19,271
0.898458748866727	0.9030490174574796	0.898458748866727	0.897198767582973	0.11504080839486985	424,0,0,0,0,0,7,284,86,0,0,1,0,14,370,0,0,0,0,0,0,365,11,7,0,0,0,14,252,30,0,0,0,34,20,287
0.8970988213961922	0.9038302419090446	0.8970988213961922	0.8964422560454908	0.11426350563544496	412,0,0,0,0,1,0,310,102,0,0,0,0,16,390,0,0,0,0,0,0,348,11,14,0,0,0,30,242,15,0,0,0,24,14,277
0.8794197642792384	0.8867861904527812	0.8794197642792384	0.8781005725428291	0.11348620287602018	435,0,0,0,0,0,1,280,122,0,0,0,0,25,387,0,0,0,0,0,0,328,11,13,0,0,0,25,228,20,0,0,0,30,19,282
0.9165911151405258	0.9193618561069189	0.9165911151405258	0.9161044716284907	0.11329187718616396	420,0,0,0,0,1,4,309,62,0,0,0,0,18,405,0,0,0,0,0,0,349,7,9,0,0,0,23,241,19,0,0,0,33,8,298
