accuracy	precision	recall	f1	oob	confMatrxVars
0.972348141432457	0.9723995024204418	0.972348141432457	0.9723587334097802	0.021958802953750522	446,0,0,0,0,1,0,350,17,0,0,0,0,21,364,0,0,0,0,0,0,374,5,0,0,0,0,5,286,4,0,0,0,2,6,325
0.9827742520398912	0.9828306619740717	0.9827742520398912	0.9827631549952591	0.021570151574038077	426,0,0,0,0,0,0,366,14,0,0,0,0,7,396,0,0,0,0,0,0,374,3,4,0,0,0,6,282,2,0,0,0,1,1,324
0.9868540344514959	0.9868680145983129	0.9868540344514959	0.9868556916507353	0.02623396813058687	426,0,0,0,0,0,0,389,10,0,0,0,0,11,408,0,0,0,0,0,0,338,2,0,0,0,0,3,298,1,0,0,0,2,0,318
0.9764279238440616	0.9765633793878036	0.9764279238440616	0.9764167833322289	0.02681694520015543	433,0,0,0,0,2,0,344,24,0,0,0,0,14,386,0,0,0,0,0,0,363,1,1,0,0,0,3,305,5,0,0,0,0,2,323
0.9823209428830463	0.9823270493779115	0.9823209428830463	0.9823145270639324	0.026428293820443094	410,0,0,0,0,0,0,364,15,0,0,0,0,11,412,0,0,0,0,0,0,380,0,2,0,0,0,3,280,3,0,0,0,0,5,321
0.9818676337262012	0.9818910943020679	0.9818676337262012	0.9818579270627747	0.021958802953750522	397,0,0,0,0,0,0,361,17,0,0,1,0,12,394,0,0,0,0,0,0,359,4,1,0,0,0,3,324,0,0,0,0,0,2,331
0.9814143245693563	0.9814264286155038	0.9814143245693563	0.9814086605122946	0.021375825884181854	399,0,0,0,0,0,0,375,15,0,0,0,0,15,422,0,0,0,0,0,0,366,2,1,0,0,0,3,304,4,0,0,0,0,1,299
0.9800543970988214	0.9800873326536088	0.9800543970988214	0.9800569152928773	0.02390205985231253	417,0,0,0,0,0,0,347,14,0,0,1,0,18,386,0,0,0,0,0,0,390,0,4,0,0,0,2,299,2,0,0,0,0,3,323
0.9782411604714415	0.9782682299525746	0.9782411604714415	0.978230145896254	0.023707734162456306	454,0,0,0,0,0,0,357,15,0,0,1,0,19,398,0,0,0,0,0,0,366,1,1,0,0,0,6,278,2,0,0,0,1,2,305
0.9832275611967362	0.9833082108143778	0.9832275611967362	0.983236887712202	0.021570151574038077	419,0,0,0,0,0,0,346,10,0,0,1,0,17,414,0,0,0,0,0,0,345,2,1,0,0,0,2,297,0,0,0,0,0,4,348
0.9791477787851315	0.979235284943324	0.9791477787851315	0.9791209688947544	0.02390205985231253	430,0,0,0,0,0,0,348,18,0,0,1,0,10,394,0,0,0,0,0,0,379,1,2,0,0,0,5,283,5,0,0,0,2,2,326
0.9768812330009066	0.9769197123533162	0.9768812330009066	0.9768823138310881	0.019043917605907512	438,0,0,0,0,0,0,341,21,0,0,0,0,17,388,0,0,0,0,0,0,386,2,3,0,0,0,2,281,1,0,0,0,0,5,321
0.9746146872166818	0.9746549516200479	0.9746146872166818	0.9746178500154133	0.022153128643606634	443,0,0,0,0,0,0,356,19,0,0,0,0,21,386,0,0,0,0,0,0,355,2,0,0,0,0,1,283,4,0,0,0,2,7,327
0.9732547597461468	0.97336209057357	0.9732547597461468	0.9732371036771953	0.024290711232024864	411,0,0,0,0,0,0,368,27,0,0,0,0,16,391,0,0,0,0,0,0,369,4,1,0,0,0,5,287,4,0,0,0,0,2,321
0.9750679963735267	0.9751585108196253	0.9750679963735267	0.9750730552903076	0.024485036921881087	450,0,0,0,0,0,0,355,16,0,0,0,0,22,369,0,0,0,0,0,0,361,6,2,0,0,0,2,290,5,0,0,0,0,2,326
0.9773345421577516	0.9774732714337403	0.9773345421577516	0.9773119103487923	0.022930431403031526	428,0,0,0,0,0,0,347,21,0,0,1,0,9,405,0,0,0,0,0,0,339,3,3,0,0,0,6,291,1,0,0,0,3,3,346
0.9759746146872167	0.9762106093718372	0.9759746146872167	0.9759908385557282	0.025845316750874425	377,0,0,0,0,0,0,362,12,0,0,0,0,16,417,0,0,0,0,0,0,344,8,6,0,0,0,1,323,2,0,0,0,1,7,330
0.9791477787851315	0.9792768261263994	0.9791477787851315	0.9791406792366447	0.024873688301593422	439,0,0,0,0,0,0,354,19,0,0,1,0,11,402,0,0,0,0,0,0,361,3,3,0,0,0,1,285,6,0,0,0,0,2,319
0.9814143245693563	0.9814364089205632	0.9814143245693563	0.981406408627754	0.025262339681305868	437,0,0,0,0,0,0,377,12,0,0,1,0,13,376,0,0,0,0,0,0,370,2,3,0,0,0,4,284,4,0,0,0,0,2,321
0.9741613780598368	0.9743794541136963	0.9741613780598368	0.974157089579321	0.023513408472600084	426,0,0,0,0,0,0,384,23,0,0,1,0,16,378,0,0,0,0,0,0,361,10,3,0,0,0,1,301,1,0,0,0,0,2,299
0.9768812330009066	0.9768809904550824	0.9768812330009066	0.9768651499584319	0.02390205985231253	432,0,0,0,0,0,0,366,21,0,0,1,0,17,386,0,0,0,0,0,0,348,4,1,0,0,0,4,323,2,0,0,0,1,0,300
0.9786944696282865	0.9787249468820834	0.9786944696282865	0.9786869813071135	0.025262339681305868	410,0,0,0,0,0,0,362,19,0,0,0,0,13,394,0,0,0,0,0,0,369,3,2,0,0,0,4,308,3,0,0,0,1,2,316
0.9777878513145966	0.977828632464116	0.9777878513145966	0.9777776070597433	0.024485036921881087	439,0,0,0,0,0,0,354,20,0,0,0,0,14,400,0,0,0,0,0,0,364,2,2,0,0,0,7,295,1,0,0,0,1,2,305
0.9782411604714415	0.9782724688449105	0.9782411604714415	0.9782334735564837	0.024290711232024864	390,0,0,0,0,0,0,362,13,0,0,1,0,15,417,0,0,0,0,0,0,391,3,3,0,0,0,5,295,5,0,0,0,1,2,303
0.9782411604714415	0.9782684972104458	0.9782411604714415	0.9782440975156347	0.023513408472600084	421,0,0,0,0,0,0,367,18,0,0,0,0,16,384,0,0,0,0,0,0,359,5,2,0,0,0,3,292,0,0,0,0,2,2,335
