accuracy	precision	recall	f1	oob	confMatrxVars
0.9791477787851315	0.9792051104958186	0.9791477787851315	0.979151160149959	0.021181500194325742	422,0,0,0,0,1,0,376,19,0,0,0,0,14,395,0,0,0,0,0,0,361,2,4,0,0,0,2,282,0,0,0,0,0,4,324
0.9777878513145966	0.9777855469585859	0.9777878513145966	0.977778695221738	0.02390205985231253	449,0,0,0,0,0,0,349,20,0,0,0,0,17,395,0,0,0,0,0,0,378,3,0,0,0,0,3,275,4,0,0,0,0,2,311
0.9823209428830463	0.9824035153667525	0.9823209428830463	0.9823187979276193	0.02623396813058687	437,0,0,0,0,0,0,370,16,0,0,0,0,8,400,0,0,0,0,0,0,352,3,4,0,0,0,2,290,2,0,0,0,1,3,318
0.9809610154125114	0.9810563833276045	0.9809610154125114	0.9809560097914846	0.021958802953750522	409,0,0,0,0,0,0,346,18,0,0,0,0,10,400,0,0,0,0,0,0,379,6,2,0,0,0,2,300,1,0,0,0,1,2,330
0.9805077062556664	0.9807560348134984	0.9805077062556664	0.9804969507147595	0.021958802953750522	395,0,0,0,0,0,0,383,26,0,0,0,0,10,410,0,0,0,0,0,0,359,3,0,0,0,0,1,303,2,0,0,0,1,0,313
0.9809610154125114	0.981012116701895	0.9809610154125114	0.9809736322876195	0.021375825884181854	400,2,0,0,0,0,0,348,16,0,0,0,0,15,425,0,0,0,0,0,0,339,3,3,0,0,0,0,296,0,0,0,0,2,1,356
0.9764279238440616	0.9765953534516533	0.9764279238440616	0.976424236602237	0.023124757092887638	412,0,0,0,0,0,0,384,28,0,0,0,0,16,409,0,0,0,0,0,0,348,1,3,0,0,0,0,294,3,0,0,0,1,0,307
0.9796010879419764	0.9796118277905658	0.9796010879419764	0.9796031237217566	0.02409638554216864	429,0,0,0,0,0,0,366,17,0,0,0,0,18,412,0,0,0,0,0,0,357,2,2,0,0,0,0,286,2,0,0,0,2,2,311
0.9818676337262012	0.9818788575861758	0.9818676337262012	0.9818677964451747	0.022347454333462857	423,0,0,0,0,0,0,368,14,0,0,0,0,13,420,0,0,0,0,0,0,347,2,1,0,0,0,2,278,2,0,0,0,2,4,330
0.9836808703535811	0.9837799760391268	0.9836808703535811	0.9836752548530269	0.02623396813058687	410,0,0,0,0,0,0,381,6,0,0,0,0,14,413,0,0,0,0,0,0,387,4,3,0,0,0,4,271,4,0,0,0,1,0,308
0.9755213055303718	0.9758669157096737	0.9755213055303718	0.9754851008822583	0.022153128643606634	449,0,0,0,0,0,0,355,30,0,0,1,0,11,394,0,0,0,0,0,0,345,3,1,0,0,0,4,307,1,0,0,0,0,3,302
0.9764279238440616	0.9765985012452427	0.9764279238440616	0.9764013107298449	0.02545666537116209	451,0,0,0,0,0,0,337,27,0,0,0,0,13,396,0,0,0,0,0,0,347,0,2,0,0,0,2,283,2,0,0,0,1,5,340
0.9737080689029919	0.9738151768398294	0.9737080689029919	0.9737170776650336	0.027399922269724097	429,0,0,0,0,0,0,365,19,0,0,0,0,28,403,0,0,0,0,0,0,337,1,1,0,0,0,3,272,2,0,0,0,1,3,342
0.9737080689029919	0.9739268658951318	0.9737080689029919	0.9737129510266792	0.022736105713175303	417,0,0,0,0,0,0,370,29,0,0,0,0,16,383,0,0,0,0,0,0,372,5,1,0,0,0,1,290,3,0,0,0,0,3,316
0.9791477787851315	0.9792046031889323	0.9791477787851315	0.9791414264328759	0.023707734162456306	403,0,0,0,0,0,0,374,20,0,0,0,0,12,417,0,0,0,0,0,0,386,3,3,0,0,0,4,277,0,0,0,0,2,2,303
0.9823209428830463	0.9823471507798213	0.9823209428830463	0.9823189003193892	0.021570151574038077	418,0,0,0,0,0,0,372,11,0,0,0,0,15,397,0,0,0,0,0,0,352,3,1,0,0,0,3,319,4,0,0,0,1,1,309
0.9805077062556664	0.9806105630270046	0.9805077062556664	0.9805165806220922	0.02545666537116209	431,0,0,0,0,0,0,346,13,0,0,0,0,21,391,0,0,0,0,0,0,377,1,3,0,0,0,3,295,1,0,0,0,1,0,323
0.9764279238440616	0.9764776514296379	0.9764279238440616	0.9764320053665966	0.02254178002331908	434,0,0,0,0,0,0,355,18,0,0,0,0,20,386,0,0,0,0,0,0,377,2,3,0,0,0,2,288,5,0,0,0,0,2,314
0.9764279238440616	0.97647829407221	0.9764279238440616	0.9764352350223533	0.022736105713175303	408,0,0,0,0,0,0,343,17,0,0,0,0,21,393,0,0,0,0,0,0,369,2,3,0,0,0,3,320,3,0,0,0,3,0,321
0.9791477787851315	0.9791659734536381	0.9791477787851315	0.9791436786736782	0.02390205985231253	425,1,0,0,0,0,0,393,15,0,0,0,0,12,370,0,0,0,0,0,0,350,4,1,0,0,0,5,286,5,0,0,0,1,2,336
0.9800543970988214	0.9800855176063059	0.9800543970988214	0.9800517011874312	0.025068013991449645	415,0,0,0,0,0,0,360,14,0,0,1,0,19,375,0,0,0,0,0,0,372,2,2,0,0,0,1,297,3,0,0,0,1,1,343
0.9786944696282865	0.9787341200873673	0.9786944696282865	0.9786883704313794	0.02331908278274386	411,0,0,0,0,0,0,383,18,0,0,0,0,12,388,0,0,0,0,0,0,351,3,3,0,0,0,5,296,3,0,0,0,1,2,330
0.9764279238440616	0.9765120559604294	0.9764279238440616	0.9764056848183704	0.021570151574038077	388,0,0,0,0,0,0,382,23,0,0,1,0,13,407,0,0,0,0,0,0,375,2,2,0,0,0,6,292,2,0,0,0,0,3,310
0.9782411604714415	0.978273340984917	0.9782411604714415	0.9782386504809958	0.02390205985231253	441,0,0,0,0,0,0,373,15,0,0,0,0,20,391,0,0,0,0,0,0,333,1,2,0,0,0,5,293,2,0,0,0,0,3,327
0.9786944696282865	0.9787469547679957	0.9786944696282865	0.978698041128021	0.024290711232024864	425,0,0,0,0,0,0,370,16,0,0,0,0,19,390,0,0,0,0,0,0,354,3,4,0,0,0,0,295,2,0,0,0,1,2,325
