accuracy	precision	recall	f1	oob	confMatrxVars
0.9782411604714415	0.9783038464088774	0.9782411604714415	0.9782380114463392	0.020598523124757073	433,0,0,0,0,0,0,362,20,0,0,1,0,15,372,0,0,0,0,0,0,341,3,2,0,0,0,2,299,0,0,0,0,0,5,351
0.9777878513145966	0.9778928806195875	0.9777878513145966	0.9777840003798355	0.024873688301593422	420,0,0,0,0,0,0,361,14,0,0,1,0,8,396,0,0,0,0,0,0,340,6,6,0,0,0,4,315,5,0,0,0,1,4,325
0.9750679963735267	0.9751727509895676	0.9750679963735267	0.9750719398249532	0.020792848814613296	416,0,0,0,0,0,0,359,18,0,0,0,0,11,423,0,0,0,0,0,0,359,9,4,0,0,0,6,268,1,0,0,0,2,4,326
0.9773345421577516	0.9774501231821588	0.9773345421577516	0.9773252202953786	0.02331908278274386	435,0,0,0,0,0,0,371,25,0,0,0,0,14,407,0,0,0,0,0,0,352,1,0,0,0,0,0,272,4,0,0,0,1,5,319
0.9814143245693563	0.9814407533479608	0.9814143245693563	0.981413143955589	0.02681694520015543	431,0,0,0,0,0,0,374,18,0,0,0,0,13,395,0,0,0,0,0,0,381,2,2,0,0,0,3,269,0,0,0,0,1,2,315
0.9818676337262012	0.9820509608094496	0.9818676337262012	0.981868616270978	0.027788573649436432	411,1,0,0,0,0,0,359,17,0,0,0,0,7,400,0,0,0,0,0,0,385,2,5,0,0,0,2,277,5,0,0,0,0,1,334
0.9805077062556664	0.9807451849043355	0.9805077062556664	0.9804931364258044	0.02390205985231253	415,0,0,0,0,0,0,377,21,0,0,1,0,8,370,0,0,0,0,0,0,392,2,3,0,0,0,5,302,3,0,0,0,0,0,307
0.9805077062556664	0.9805326667713481	0.9805077062556664	0.9805087962138899	0.022736105713175303	431,0,0,0,0,0,0,389,11,0,0,0,0,15,393,0,0,0,0,0,0,340,2,5,0,0,0,3,302,2,0,0,0,2,3,308
0.9841341795104261	0.9843807014571546	0.9841341795104261	0.9841120580787315	0.02409638554216864	424,0,0,0,0,0,0,365,20,0,0,1,0,5,411,0,0,0,0,0,0,359,1,2,0,0,0,2,286,3,0,0,0,0,1,326
0.9796010879419764	0.97966230401942	0.9796010879419764	0.9795922262503607	0.022347454333462857	411,0,0,0,0,0,0,379,20,0,0,0,0,13,390,0,0,0,0,0,0,349,4,2,0,0,0,3,311,3,0,0,0,0,0,321
0.9768812330009066	0.9769299100679804	0.9768812330009066	0.9768870825714193	0.023513408472600084	451,0,0,0,0,2,0,356,19,0,0,0,0,16,410,0,0,0,0,0,0,359,5,2,0,0,0,1,281,2,0,0,0,2,2,298
0.9768812330009066	0.9769880885271004	0.9768812330009066	0.976890926463558	0.023513408472600084	431,0,0,0,0,0,0,374,22,0,0,0,0,14,367,0,0,0,0,0,0,352,0,4,0,0,0,1,274,5,0,0,0,0,5,357
0.9782411604714415	0.9782452031483178	0.9782411604714415	0.978237791587025	0.021181500194325742	394,0,0,0,0,0,0,379,17,0,0,0,0,14,423,0,0,0,0,0,0,374,6,0,0,0,0,4,286,4,0,0,0,1,2,302
0.9773345421577516	0.9774733695793169	0.9773345421577516	0.9773192392447991	0.021570151574038077	404,0,0,0,0,2,0,394,8,0,0,0,0,17,397,0,0,0,0,0,0,362,3,2,0,0,0,9,288,5,0,0,0,1,3,311
0.9845874886672711	0.9846669558778142	0.9845874886672711	0.9845899920540526	0.022930431403031526	422,0,0,0,0,0,0,395,14,0,0,0,0,10,378,0,0,0,0,0,0,380,1,3,0,0,0,2,295,4,0,0,0,0,0,302
0.9759746146872167	0.9759702017266634	0.9759746146872167	0.9759669532127005	0.022930431403031526	397,0,0,0,0,0,0,386,16,0,0,0,0,17,381,0,0,0,0,0,0,366,4,1,0,0,0,4,295,6,0,0,0,2,3,328
0.9732547597461468	0.973338574798556	0.9732547597461468	0.9732452596960905	0.022930431403031526	431,0,0,0,0,0,0,378,29,0,0,1,0,20,369,0,0,0,0,0,0,362,3,1,0,0,0,2,298,1,0,0,0,0,2,309
0.9796010879419764	0.9796339225011692	0.9796010879419764	0.9796031380138767	0.02254178002331908	419,0,0,0,0,0,0,362,17,0,0,0,0,15,403,0,0,0,0,0,0,380,5,2,0,0,0,2,285,2,0,0,0,0,2,312
0.9796010879419764	0.9796340002598644	0.9796010879419764	0.979595297623414	0.021958802953750522	409,0,0,0,0,0,0,353,18,0,0,0,0,12,394,0,0,0,0,0,0,388,2,3,0,0,0,3,283,3,0,0,0,1,3,334
0.9764279238440616	0.9765216270489512	0.9764279238440616	0.9764071510864214	0.02681694520015543	439,0,0,0,0,0,0,362,23,0,0,1,0,13,401,0,0,0,0,0,0,339,4,3,0,0,0,2,301,3,0,0,0,3,0,312
0.9786944696282865	0.9787062886063076	0.9786944696282865	0.9786825521119342	0.02409638554216864	401,0,0,0,0,0,0,372,15,0,0,0,0,16,417,0,0,0,0,0,0,329,7,2,0,0,0,4,331,3,0,0,0,0,0,309
0.9759746146872167	0.9759827231995453	0.9759746146872167	0.9759552598004878	0.023513408472600084	428,0,0,0,0,0,0,359,15,0,0,1,0,16,386,0,0,0,0,0,0,351,6,1,0,0,0,5,301,7,0,0,0,0,2,328
0.9791477787851315	0.9791989731590798	0.9791477787851315	0.979161338728291	0.02331908278274386	409,2,0,0,0,1,0,375,20,0,0,0,0,16,394,0,0,0,0,0,0,363,0,0,0,0,0,2,320,1,0,0,0,1,3,299
0.9832275611967362	0.9832816257943647	0.9832275611967362	0.9832228282761298	0.023124757092887638	406,0,0,0,0,0,0,384,13,0,0,1,0,7,397,0,0,0,0,0,0,367,4,3,0,0,0,3,299,3,0,0,0,1,2,316
0.9782411604714415	0.9782720330291244	0.9782411604714415	0.978248375742595	0.02467936261173731	417,0,0,0,0,0,0,354,16,0,0,1,0,17,405,0,0,0,0,0,0,364,5,0,0,0,0,3,266,2,0,0,0,0,4,352
