r2	rmse	mse	oob	mae
0.5598340837147955	2.153479187049514	4.637472609055435	0.4598483978534261	1.5286883883793017
0.5423189532198369	2.214929202285868	4.905911371138712	0.4465527747972785	1.5603751576570566
0.5543395475937556	2.1223708893921907	4.504458192139398	0.46480047584094575	1.5341766360607796
0.5642436546328362	2.0764105361471135	4.311480714622743	0.46820104247944927	1.4943087943962063
0.5713594740669377	2.180848458356468	4.756099998315783	0.47309904687650106	1.5494236830747226
0.5383849293235132	2.206224476877753	4.867426442374516	0.4502985104329864	1.5399963036332853
0.5614456787807163	2.2142291230901097	4.9028106095403965	0.4621086195848032	1.536682419879355
0.5284859118504015	2.2461689040279134	5.045274745421957	0.44785993149610914	1.5666323507413236
0.5679294276457787	2.0815977554196996	4.333049215368332	0.45635041860776826	1.4965285629313427
0.5609046898118797	2.186007194369021	4.778627453833119	0.4630738080419132	1.4873652692577544
0.5481804908345533	2.1281543525139233	4.529040948123956	0.44966902351986526	1.5102572900024582
0.5443599769121302	2.153652079440206	4.638217279277124	0.45162312318854725	1.5363660878245473
0.5533598318774913	2.2075988760250476	4.873492797427054	0.4583061209851933	1.5481478056665436
0.5660640031099208	2.1479674000676625	4.613763951753434	0.4677624329452106	1.5091309549620702
0.5756907843169423	2.123454214235184	4.509057799953162	0.47202252989567217	1.4858173265369743
0.5351227786402131	2.1635326878871353	4.680873691556132	0.45791440525848626	1.5442508760670484
0.5582072021319351	2.1252674115726453	4.516761570692692	0.4566977153532339	1.4986754406196179
0.5488629998787411	2.17537891063951	4.73227340485514	0.45854606533944176	1.5210172455379782
0.5592633252903007	2.118442564806997	4.487798900386048	0.4554709580342432	1.512783803738076
0.5466117599366495	2.096637306232991	4.395887993887933	0.45051723740612315	1.4867066260989148
0.5285160410056972	2.1982172086949228	4.832158896602498	0.4438929165934391	1.5193151966327405
0.5566296591288398	2.1709373324040357	4.712968901225551	0.45851431007168686	1.5230052008719093
0.551802938244337	2.284979768212275	5.221132541139421	0.4536279463729558	1.5800810419725113
0.5451946606647293	2.1723681558722867	4.719183404647959	0.4627723035517256	1.5332996545226594
0.5064833284291563	2.1942605528805292	4.814779373927566	0.4335952563793446	1.555561754342598
