r2	rmse	mse	oob	mae
0.5031705095358461	2.3078355360567966	5.326104861486561	0.6967939427270512	1.6467787702773136
0.4605854974109538	2.384460730860821	5.6856529770173205	0.6462297358771292	1.6786130593461777
0.4613479935801338	2.302454062230884	5.301294708683499	0.6271965830738808	1.6559311631547384
0.4956271683443667	2.330502752899206	5.431243081270779	0.6243414388424813	1.6508358594935164
0.5035394632482613	2.2695862265631837	5.151021639805311	0.6356105943572596	1.63362057436089
0.49028208496049297	2.3075003852579825	5.324558027965737	0.6517155248696446	1.6485391344207303
0.45351790508575285	2.4465544243436756	5.985628551275615	0.6648210407298838	1.7245485832949934
0.474075314857068	2.3430026445938577	5.489661392573812	0.6540987402024011	1.6333668022225705
0.4957741520623067	2.2619642645703824	5.11648233419343	0.6367725962878981	1.6284430350579921
0.47731831496907573	2.3914814735740317	5.719183638447823	0.6395811035019642	1.7025382116235885
0.4823873786559165	2.1725599799576556	4.720016866513609	0.5881742380972883	1.5985907226453901
0.45514827039461336	2.345171973540985	5.499831585482118	0.6249355544107856	1.732938431577643
0.47196115932298144	2.355188920826208	5.546914852782517	0.656825624156721	1.6757862244923765
0.46275996635530314	2.369053870751229	5.612416242521381	0.6329095801271651	1.6674876009711699
0.513182063744855	2.2620839769606995	5.117023918822334	0.6370372798642353	1.6292216545337126
0.49194106206494514	2.341412726687945	5.482213556696278	0.6494720832270207	1.6626871870177393
0.49517351699441536	2.3035646466265787	5.306410081187834	0.6732740569221011	1.637656793566611
0.480209820722186	2.415393981246773	5.834128084643137	0.6356683763511374	1.698645703591489
0.4876304202886246	2.2612691967025076	5.113338379955604	0.6012871510210225	1.648290033033123
0.500831199881907	2.2724383000814625	5.163975827677127	0.5862434719683158	1.6424977902193805
0.4772281103484819	2.3903892199460985	5.713960622834518	0.6511714741182957	1.6716916002457893
0.4751464931761148	2.3678079653416866	5.606514560735537	0.6758955817673216	1.644036392078344
0.48001844854180276	2.335087597914071	5.452634089932106	0.6486225869057748	1.6593954691428872
0.4948112273360853	2.302866512807907	5.30319417581205	0.6238428209139667	1.6570068352777958
0.5367885480274389	2.206674391680941	4.869411870900451	0.6445121352694403	1.558521531452804
