r2	rmse	mse	oob	mae
0.5073958726993137	2.248582893833239	5.056125030439463	0.7082246073668711	1.60917728439587
0.4870751707369926	2.3873450905378166	5.699416581315015	0.6982615987804828	1.6931865755174362
0.5096027717493828	2.28745640542103	5.232456806701699	0.7062038599432165	1.603932966757924
0.5359126564171814	2.1629987141539733	4.678563437431741	0.6988201362733598	1.5401187387663882
0.5200137606458126	2.30190085284028	5.2987475363068075	0.6808367731694032	1.603998253858437
0.49085937607904573	2.264615910436707	5.128485221803075	0.6362039713083908	1.6381351280854541
0.5056845633368903	2.1969755916590463	4.826701750345617	0.7315812437002891	1.5824833229017026
0.5379003024592579	2.219514526743484	4.926244734425352	0.7470381112931218	1.579445178259858
0.5000971706493029	2.3848950292613362	5.687724300595429	0.6911103793541788	1.6590813541094114
0.49687603861646545	2.2815302240668465	5.205380163330515	0.6862998585924773	1.61480688170007
0.5258275270862809	2.2153184337989247	4.90763576312932	0.6959879424739901	1.5897293364450418
0.5159719954163473	2.224225856310277	4.9471806598791845	0.7338150090589863	1.5912107952632504
0.49102078959268336	2.2930426327350255	5.258044515540377	0.6884791513659749	1.6621181832831282
0.48780458361729406	2.3231231398686827	5.396901122993326	0.6381467580282233	1.640028828382749
0.48296882257292484	2.308357597981219	5.328514800157624	0.7545345746235351	1.5902887364192273
0.5239909215586617	2.1916219861538755	4.803206930193057	0.741658721011587	1.5438442743645417
0.45532812030488223	2.357230358036188	5.556534960847416	0.7116272004027012	1.6555916281583636
0.49587223874831776	2.30511798240989	5.313568912829442	0.7292264226537737	1.6190287839349824
0.5074518428688256	2.220626610414465	4.931182542880837	0.7280106845383154	1.579410665241877
0.48980651488708304	2.2830301556084303	5.212226691417452	0.6796472014718605	1.620966181276344
0.4964482529418789	2.353464490692964	5.538795108952691	0.6680253979769033	1.665855947994684
0.5052568293705282	2.248376630077981	5.055197470680817	0.6581431645364944	1.6220453858154065
0.505373697415842	2.3380551875930085	5.466502060230579	0.699223692241772	1.6421945447382011
0.5001795990659145	2.3539528517783257	5.541094028395311	0.7492528463049607	1.6778816132008088
0.4913970034296785	2.2805590951005477	5.200949786245829	0.6960342455760574	1.628958389660986
