r2	rmse	mse	oob	mae
0.493328119148183	2.1941431351804477	4.814264097659485	0.6937750465736072	1.5874460758243791
0.4958515178105599	2.2663630843581064	5.136401630141188	0.6864352285345717	1.5990399168225649
0.5140713490477589	2.2198799065514914	4.927866799511057	0.6665318886126628	1.5598913924454667
0.500077874247424	2.3246645013437397	5.404065043807737	0.724455259568092	1.6367852473087925
0.5089106245801167	2.1710193019087667	4.713324809260429	0.7343884399109883	1.5666181222221596
0.5127642034113887	2.271990132256542	5.161939161071098	0.6757906095249184	1.6418265491510178
0.5016374921211164	2.285600082642316	5.223967737774563	0.7104919944545096	1.584464007823378
0.5048522648433728	2.3116070358806895	5.343527088333107	0.723101846550982	1.614357474096366
0.49755198084874674	2.1884388727844692	4.789264699914158	0.6921797708058929	1.5590095884437118
0.5429588440643691	2.229227086272355	4.969453402170334	0.7096427430328595	1.6012045345577062
0.4937041862225756	2.331021264631541	5.433660136164429	0.7147776730250591	1.6135607321291399
0.5123245966844328	2.2264631702207165	4.957138248349283	0.675066507981802	1.5537344309887078
0.4759361143388564	2.4399858169796036	5.9535307870616245	0.7386944053332378	1.7170734483947117
0.5368423737233048	2.2063197828687455	4.867846984277989	0.6668536570955305	1.5515636929375045
0.5063695905609108	2.228559454099094	4.966477240454452	0.6806152724798249	1.6186004127410776
0.4895556611940992	2.229191923325031	4.96929663101755	0.6526978370896045	1.5648469468288035
0.4973230937655232	2.3239206682898397	5.400607272504694	0.7044385503631624	1.6305538437040115
0.5149426021496144	2.2787543076112944	5.19272119445703	0.7471550510111777	1.621276213328053
0.4809606464038081	2.370671517356727	5.620083443206446	0.6652682039365544	1.6632397901740752
0.49564206434203695	2.335161958108694	5.452981370598029	0.7073720174105295	1.6260571652025464
0.5381388615708236	2.199810539799988	4.839166411015116	0.7507445544502285	1.5593132875627338
0.5376327926125459	2.227683536432245	4.962573938491275	0.6835230525424544	1.6040346393241514
0.5192363732574186	2.2381596587797885	5.009358658189259	0.7313047473765447	1.5764100610362775
0.5201396726798464	2.228952968050362	4.968231333780518	0.713089662605711	1.595718311382505
0.5154613737641331	2.263137103507474	5.121789549272199	0.6712745573177668	1.582656219740643
