r2	rmse	mse	oob	mae
0.48482815038719507	2.2690367786934553	5.148527903063573	0.6947520195432914	1.632069549134041
0.4876998091985244	2.2566642711083196	5.092533632496843	0.7024439116045215	1.6149810024911526
0.5223613904951272	2.33200487797241	5.438246750887114	0.7210704005352847	1.5937063874151607
0.460416950948051	2.4048149561117222	5.783134973138624	0.670542135315489	1.6893963079227015
0.5035181832045219	2.331889926488301	5.437710629257613	0.6530326431647873	1.6331197644013493
0.4989013536299266	2.2690113012795847	5.148412285334475	0.6945945241029361	1.61204633100294
0.5125310851149782	2.247564604543515	5.051546651596846	0.6971910919118596	1.5804245867179458
0.47541440878977204	2.22386191620997	4.945561822369079	0.6656624975561031	1.5722301646065697
0.5221309456674923	2.3093659363663086	5.333171028049037	0.6666708909671026	1.6249381858549468
0.47525430965027726	2.2897464846911895	5.24293896415566	0.6813509372905734	1.6436967611139246
0.5401795247912182	2.2063614396057676	4.868030802179235	0.7145865566645234	1.547613220241329
0.5149868567318797	2.303249129970069	5.304956554707879	0.6824415390624745	1.6220547428128944
0.49884818797442965	2.296812409726953	5.275347245475731	0.6607417960336942	1.614557047041934
0.5038498032250873	2.3150124392496805	5.359282593880755	0.712414756095964	1.6456688014060492
0.4540235739811216	2.440649638495214	5.9567706578868185	0.7005792786020848	1.7130183538369552
0.46586611602420314	2.3856344160044682	5.69125156682498	0.6817823803909296	1.6494850855226857
0.4866077617512429	2.313910168202113	5.354180266509131	0.677277061171935	1.6454803590839029
0.5255430415627036	2.2662107669024874	5.135711240024761	0.6961680161036211	1.6199167989284873
0.5445536414918832	2.2050725809132286	4.862345087095327	0.6553040817458353	1.5706527592356576
0.5100389902873517	2.2670569918711085	5.1395474043916805	0.6988479576978236	1.5694159178723401
0.5099198870369674	2.22094211204803	4.932583865068364	0.7139020377238082	1.5927667307426423
0.5277840191535121	2.3184023123863473	5.374989282078363	0.671001553662041	1.6448069595528627
0.501342351338868	2.20410248678998	4.858067772273774	0.6634288049854971	1.5855046556517247
0.5235658304418958	2.2152966464177926	4.907539231629919	0.6792552518992244	1.6106403148694672
0.5135263438604225	2.2297986244798014	4.9720019057320135	0.6987641345550112	1.6171384447650903
