r2	rmse	mse	oob	mae
0.47722383755499875	2.3479566202266553	5.5129002904661775	0.4941863268241693	1.6552715316529147
0.46937200682504465	2.288948999358034	5.2392875216621455	0.4953563070985907	1.660663484564417
0.47041932406278275	2.387371109433498	5.699540814157731	0.5064886761695818	1.6710385599359712
0.4811120687137126	2.247711893714301	5.052208757144729	0.5044887443495838	1.622724388932602
0.49394763651577034	2.255212130136003	5.085981751912568	0.5033736982675003	1.6312265359953853
0.5172667560689018	2.174300109361422	4.727580965569091	0.5217643952619483	1.5592813215367252
0.4467521151288818	2.395575891800325	5.7387838533749225	0.49354655481547605	1.7036952607244826
0.5029889142217779	2.2711746295585913	5.158234197950605	0.5100334266911328	1.6309952002532506
0.483262077043747	2.231349037968723	4.978918529243946	0.5020137019274877	1.578377020642932
0.49776376521386656	2.2256883046888145	4.95368842962857	0.5058300603767646	1.6016587445983925
0.4851135635813242	2.347609701898025	5.511271312445733	0.4999895068782185	1.6730230710242935
0.5176480188538549	2.139704932018684	4.578337196105082	0.5068109660041153	1.5713383090646906
0.4671487519054228	2.345969866494105	5.503574614498369	0.507143796470331	1.6884827297607883
0.46779366668349986	2.4264727619276867	5.887770064376976	0.4969625603176264	1.6915016588279368
0.4885855938350656	2.1791097933886374	4.748519491642271	0.49843540945182885	1.5608958071015637
0.4984333364272956	2.213693206332421	4.900437611762315	0.5133297487496453	1.5964493159107238
0.5032011443170535	2.356844386570912	5.554715462510818	0.5183856526509982	1.6592584922791822
0.4799979200030353	2.4327566355827046	5.91830484797168	0.4997317659889685	1.6762264266893587
0.4586989972535873	2.443180508108997	5.969130995203736	0.49804867142215503	1.6770099681889188
0.506890850193241	2.333377608498191	5.444651063840737	0.5160124972221232	1.6191241408451238
0.49445775899453903	2.257169136424711	5.094812510428275	0.5073538002098704	1.6268069755258738
0.48361553987329475	2.3121791882407288	5.346172598533554	0.5130318869873634	1.6504810459602948
0.47762783613954884	2.3573595038991098	5.557143830623457	0.5037911584449147	1.64484096775027
0.4952267383402241	2.2691375919379655	5.148985411146028	0.5138334401019168	1.6317449525885628
0.4826090640015065	2.420922875396538	5.860867568618242	0.5010245802551588	1.6803778684195425
