r2	rmse	mse	oob	mae
0.5509415592195799	2.1641516800722473	4.68355249435953	0.4552540353798997	1.5004304617248552
0.5437662871995865	2.1852169547439426	4.7751731393003904	0.4488758921038095	1.5194410935001612
0.5861362341247742	2.081634371076002	4.333201654844983	0.474807943728214	1.4975021188622213
0.5492845476917966	2.111247825665081	4.457367381375531	0.44801186515061975	1.532733524784835
0.5624221077561242	2.1086769826007967	4.4465186169504	0.45776618272429204	1.4519141400016802
0.5567199642828862	1.9784730098575773	3.914355450734901	0.45473671779507996	1.4470847040537405
0.5387443055924372	2.219159095371235	4.924667090568877	0.44359379503221585	1.5454316891551763
0.5566639975164445	2.178663854417781	4.746576190546543	0.4597958029463475	1.5195850023477346
0.5544903501784675	2.220197287613437	4.929275995926062	0.455958918610772	1.5159535455640405
0.5522395348241735	2.1495497704012236	4.620564215431954	0.450066649500217	1.5167583548339931
0.5483236880515285	2.05620430508042	4.227976144231254	0.44268449432914014	1.4496166152356351
0.5504394771338665	2.213626204266155	4.900140972213786	0.45011739032849674	1.5290631779502595
0.5529716575985155	2.1786540823389826	4.746533610492315	0.46050390706842803	1.5281487637932807
0.5608898691088849	2.1976148672288507	4.829511104665278	0.45896888175045847	1.5666035199156647
0.5529908766039694	2.2080766322788605	4.875602414015954	0.4472836497716739	1.5099587690761278
0.555307793449382	2.1614167165650966	4.671722222647043	0.45671986704489376	1.5107926121364497
0.534897297979465	2.323117195591126	5.396873504451177	0.43782307413445776	1.607781977726563
0.5346582027793015	2.170790539828225	4.712331567807717	0.4437894719713338	1.543937637614885
0.5411032265872011	2.2934138692548287	5.259747175690405	0.44554537886931334	1.616841766545673
0.5637595994175181	2.1926858525111332	4.807871247802475	0.45955077699535885	1.5295232640458019
0.5595156956796214	2.1665688952313267	4.694020777783891	0.4539110205023563	1.529642804362728
0.5492578558659651	2.095638631418572	4.391701273493906	0.450007437153765	1.4913869311622625
0.5533527219299758	2.1397427451081463	4.578499015242946	0.4478644887224694	1.509930771368151
0.5477624907463738	2.113249012833143	4.4658213902402535	0.44974355105700126	1.4966526401691727
0.5784624134101026	2.1029214478464517	4.422278615812616	0.46891351685217453	1.4890515103928914
