r2	rmse	mse	oob	mae
0.5292320566387342	2.1263393180738746	4.5213188955868695	0.43834771762680513	1.530491021322884
0.5619510027852241	2.097506376858444	4.399533000961837	0.45560837051195224	1.5103434684864019
0.5494571045847056	2.2153607219243105	4.907823128245002	0.45018044110285516	1.5530306987873217
0.5709439718488463	2.0491822411842304	4.199147857584826	0.4574153901659832	1.4707958548436608
0.5426347340124031	2.1427705730403366	4.591465728687613	0.45359138968481627	1.5134599590334352
0.5516001906891683	2.1447200457152475	4.599824074492814	0.45457513325110666	1.4628813578630337
0.5502255693249369	2.179509343222981	4.75026097719627	0.44755150742173777	1.51125813150761
0.5376591907870896	2.2362580083300156	5.0008498798201275	0.442014562127954	1.569704302575321
0.549489402446877	2.1689880040339657	4.7045089616432465	0.44621450284830566	1.5360448570576475
0.5519958150782855	2.20119952515674	4.845279349550256	0.4584849589650425	1.552468436965693
0.5484338521179148	2.2262531768081013	4.956203207248164	0.44775658025980847	1.5514125855685792
0.547834889774252	2.166313187378808	4.692912825811331	0.44956281989930835	1.4932136396266673
0.5569557089142333	2.2271351851513037	4.9601311329389315	0.45822826746860224	1.594115544640498
0.5524169875345128	2.098167296879932	4.402306005696441	0.4541243570513033	1.508317263320875
0.552698659720368	2.2314474304330174	4.979357634786116	0.4569966837775017	1.5837909483036727
0.528746748511808	2.2591237823883508	5.103640264152648	0.4364321627842811	1.5991731908950286
0.5530793990305864	2.1630544100925735	4.678804381020931	0.4549971828313608	1.5206372208711967
0.5375113265926028	2.0762050317744967	4.310627333965739	0.44793967344296814	1.5012441872164557
0.5625942882238342	2.155060874334814	4.6442873720887325	0.4598285835071708	1.521788179685141
0.5751064315680661	2.0852217681652236	4.348149822430102	0.4639573614292205	1.448893474760752
0.5470424273010457	2.1301886142446547	4.537703532257563	0.45039601460074485	1.5084105338809535
0.5334227633962965	2.334705979685683	5.450852011580084	0.444785631988893	1.6119679078586582
0.6011930082258321	2.1139052418336233	4.468595371451669	0.48349302952653095	1.4895745064325248
0.5831567040090346	2.127584125427408	4.52661421077071	0.47300185608964385	1.490368122560452
0.5562631267448055	2.1554301664964735	4.645879202643015	0.4625493535890296	1.532334953291194
