r2	rmse	mse	oob	mae
0.5487904522174825	2.283312482423488	5.21351589239091	0.4513648613765222	1.5788115466573085
0.5469714918501242	2.1325928569041785	4.547952293318727	0.4540937734255055	1.510654427182012
0.5492148067067086	2.2218333810614346	4.936543573198886	0.4480553493330086	1.5588604093961427
0.5412255917268336	2.158070276491575	4.657267318276423	0.455207796444403	1.515342100996959
0.5241288354431051	2.252769436490397	5.07497013398526	0.43712476416944646	1.5590010784104626
0.5432112523354373	2.1888022620866034	4.790855342515432	0.4432732423456076	1.5319379821295203
0.5579510926594697	2.1471367590109294	4.6101962618959575	0.45300752199835903	1.4893364774625915
0.5549159918578153	2.1403103496597145	4.580928392860488	0.450810286182741	1.5308579054819516
0.5575066032271465	2.1397229166946077	4.578414160228078	0.45503952199858166	1.5009632997605595
0.5534265373356053	2.172783147255351	4.7209866049968685	0.44825954463197404	1.493005583145397
0.5869582360036291	2.1721576789997283	4.718268982437486	0.47848661649650903	1.5377680234952154
0.547870026165296	2.28008205416002	5.198774173702578	0.4514009139724924	1.562327257146756
0.5421319678291017	2.0851068464887192	4.347670561274131	0.44887327252367504	1.4912048928620478
0.5262592283088814	2.1615799115065077	4.672427713828482	0.4344877410138047	1.5458729357829335
0.537436006532345	2.267848831407576	5.143138322116708	0.4458779970914457	1.5605240109552885
0.5684514151911829	2.2101331150283703	4.884688386145007	0.4632405465567362	1.5589460546437817
0.5357279998530011	2.150979107525436	4.6267111210109215	0.4421838525625431	1.472057476886354
0.5616237661113745	2.1337277973406623	4.552794313144235	0.45779241891491096	1.5234500765575434
0.5614350951730301	2.1594765814708645	4.663339105921091	0.4581974036441725	1.5333485373581404
0.5274219474914016	2.2248887054558497	4.950129751665007	0.4354532590103255	1.5606762017343365
0.5244229748752813	2.2616034323832577	5.114850085367733	0.43779371771069986	1.5728488213825966
0.5471756183506908	2.192914764436851	4.808875164085131	0.4526954805675536	1.564318869988079
0.5490749585691173	2.247116815395893	5.04953398203498	0.451781551963817	1.5527498253902299
0.573636599474293	2.0324305681111676	4.130774014192684	0.45899579431563975	1.4304660921647434
0.5558424593305897	2.0888161268387297	4.363152811741553	0.4581207986240645	1.5006516019505243
