r2	rmse	mse	oob	mae
0.48084829111292915	2.2356799576021102	4.998264872823773	0.5035301102003537	1.628156378781914
0.4853286159119282	2.304646726663806	5.3113965347221965	0.5164976623979151	1.6558997629970265
0.46842421238946474	2.3183339060817283	5.374672100088163	0.5080608557058154	1.653398831347319
0.46963817466238234	2.369300855500166	5.613586543873818	0.5003896242896564	1.697486364309703
0.47970502512031876	2.285608564279379	5.224006509107244	0.4975143021952142	1.643089571095252
0.5030991121616059	2.1449617086120107	4.600860731411757	0.5020063986725449	1.5686990592333043
0.48501743072042214	2.346805146508992	5.507494395681091	0.5018952698857546	1.6217759751284195
0.5138155626808194	2.1547856788915953	4.643101321956313	0.5120722383055129	1.5737973961528586
0.47451597945937973	2.4478984697305037	5.992206918108942	0.5016369943823514	1.7274363399225663
0.4765572466226424	2.4752597472380162	6.1269108162968084	0.5086980306062747	1.6954065073823918
0.5026045550034108	2.217175776965196	4.915868425961221	0.5170061749002379	1.5999452012162079
0.5011067612749428	2.203706577309149	4.856322678875604	0.5134784364465326	1.5967238534282575
0.4959650184592458	2.348141117183801	5.513766706209188	0.5108480369887555	1.636039240423085
0.5071355436202217	2.2663856684055976	5.1365039979542875	0.5104177730836543	1.5746013743753535
0.48847341497767693	2.2977537373341033	5.279672237432838	0.5113734072343767	1.6451509912464362
0.49293628715827076	2.26553329681433	5.132641118974407	0.5099875791940569	1.6365508109278781
0.5106709168771825	2.1792851128441044	4.74928360306394	0.5099144505046774	1.5620708599366495
0.46712391667703523	2.4424762447823243	5.965690206325964	0.49797174203199235	1.6748742624085189
0.5180073097406953	2.2498786728593445	5.061954042587326	0.5301976439457841	1.6253803703616898
0.49774670549167943	2.2859258914568374	5.225457181232737	0.5158933269101971	1.664894092737371
0.5197117988835667	2.1784100541467484	4.745470364007638	0.512811728782351	1.5789879291806466
0.5209963222859335	2.19949576293813	4.837781611182787	0.5228190363750678	1.5643428061507487
0.4956364615152109	2.229390687963724	4.970182839579367	0.5052971517147703	1.6052881550847409
0.5221159867577199	2.208954323286261	4.879479202365064	0.5226247114902951	1.5676682307311265
0.4594104935059745	2.4270475528672297	5.8905598238788075	0.4974175490154069	1.7105459451804221
