r2	rmse	mse	oob	mae
0.5199305555291402	2.2184520889532626	4.921529670981094	0.49095056340951326	1.5697943964687069
0.5081633330486612	2.356501325472769	5.553098496954916	0.4828021295114626	1.624385454749257
0.5666811664456886	2.115724684581705	4.4762909409483544	0.5065905711564147	1.536875839098584
0.519031079446417	2.134446158177493	4.55586040215866	0.4786912295702499	1.533415042101461
0.5013158072867256	2.213954586712074	4.901594912023429	0.47963872372064964	1.598374436401175
0.5435145199131749	2.1635691399251664	4.681031423236525	0.4902484117003373	1.5502082889377216
0.4905069585033839	2.2027264951673597	4.85200401251228	0.47248018481875964	1.570199360877868
0.5130310133841882	2.152156011573982	4.63177549815403	0.480997011682613	1.5480051861569915
0.5012982468615828	2.293065416691799	5.258149005227934	0.4744951178160395	1.5821761802740393
0.5001335888560648	2.3033634029946555	5.305482966255119	0.4734911198583711	1.6133958421259944
0.5689410555058199	2.1243817602151105	4.51299786313465	0.5077713021406042	1.5054958789315998
0.5192391290950407	2.199601938149332	4.838248686310298	0.4817404380980159	1.5696270154971355
0.5312230397567224	2.1394912630287997	4.577422864576569	0.4904426446933883	1.5506560451291032
0.525048495663942	2.1470790337593337	4.609948377208914	0.48833017594735684	1.5653253089717851
0.536347775876312	2.2043923161198813	4.859345483368375	0.49436254922777934	1.5682502498430002
0.5273874811012519	2.208886542910087	4.879179759449276	0.4882502283114871	1.5640938706465497
0.5171554266603687	2.27272001298637	5.165256257428765	0.481908568074206	1.61935747760531
0.557071283747563	2.132253051588896	4.5465030760101595	0.49465499455062567	1.5175863712345572
0.5279394217235289	2.2050302205869285	4.862158273701638	0.48659004676924966	1.5829098742667478
0.5215707227334339	2.2204665243860346	4.930471585918996	0.4788847839947187	1.6040791565973231
0.5327169092844752	2.188825368388148	4.790956493299512	0.4919395073084126	1.5646856713757096
0.4987121779562418	2.348969418532488	5.517657329200855	0.47595722516583105	1.6158387368122185
0.4984112960094699	2.2700752239466517	5.153241522376441	0.4789398003456007	1.6180830189198712
0.5330780519429772	2.1432672795833785	4.593594631732735	0.4861323184398738	1.5374242307658244
0.5082976872152443	2.29554205943745	5.2695133466463275	0.4786460289529517	1.6239511637508361
