r2	rmse	mse	oob	mae
0.5539114047099349	2.1750214803314245	4.730718439903102	0.44822971412198265	1.5620330896893801
0.5645419580141691	2.059468808292904	4.241411772331395	0.457282015091941	1.4758795914867464
0.5783542415935382	2.076107754181741	4.310223406973551	0.4618786104619078	1.4972088955992153
0.5506905731994696	2.154496501927	4.64185517681568	0.4487776415663838	1.4933319764590576
0.5479456409918568	2.186805920778595	4.782120135152319	0.44564866576643936	1.5307013853697724
0.5794331553118139	2.068638996301532	4.279267297019409	0.45526126581711757	1.470561998384079
0.5493004961829622	2.180541878875987	4.75476288553202	0.4456311565694032	1.5345769416211008
0.538482300738939	2.1830703272153635	4.765796053568194	0.44224009379668794	1.5207829302695561
0.5410883319983961	2.060269888054335	4.244712011623422	0.4415828813511504	1.46446734771198
0.5773999174897535	2.060876001348692	4.2472098929349755	0.45598751615685384	1.461218128059909
0.554191288370594	2.206663433887061	4.869363510454237	0.4488256024169295	1.5314146862388118
0.5420733782590715	2.199997516733313	4.8399890736327436	0.43698366678475375	1.53427290944201
0.5416816892324263	2.2092472411449777	4.880773372506696	0.4415567015260815	1.5482393283354314
0.5625096474875254	2.1121379641952798	4.461126779794981	0.44495252924394857	1.5094875236601695
0.5557989211614172	2.2118457032007433	4.89226141476759	0.4446545394343582	1.5567795464635423
0.5737213285186541	2.1079819794434544	4.443588025658345	0.45809019447179444	1.4705738869898544
0.5645303971948067	2.150730905368815	4.625643427308562	0.4531513526396782	1.5452904714989641
0.5664864423754599	2.1512940719228606	4.628066183890443	0.45051642749033993	1.5230068375621095
0.5447220963204027	2.1650546100872052	4.687461464659861	0.4390245109211841	1.558601332286286
0.5482858725794	2.1936347986460842	4.812033629831047	0.44653163603712276	1.5584747480601107
0.5600757062618076	2.1031911300383954	4.423412929472182	0.44497675901693945	1.4989204953542068
0.539545195390515	2.149633857768061	4.620925722462797	0.43848472524409365	1.5041093512510801
0.5530192673881831	2.124456155249906	4.513313955579213	0.44502517523774776	1.5259887557351808
0.5360500225141238	2.2184354297056887	4.921455755773463	0.44264687064564734	1.5467465676298167
0.5451264474041856	2.164039759803144	4.683068082008848	0.4463246968961697	1.5250053862079842
