r2	rmse	mse	oob	mae
0.5409727195304084	2.277713271773061	5.187977748411142	0.44718076300487053	1.610799372648392
0.5556688173525854	2.205896883374737	4.865981060082379	0.45045678342182505	1.5606645779829882
0.5164625516087216	2.168605538001663	4.702849979451483	0.4426891401284129	1.544700752027773
0.5532866390054101	2.094917702171519	4.388680178871597	0.4584670058966429	1.4795936158052105
0.517078298352321	2.2224344457811607	4.939214865794614	0.4426846127862698	1.5716718417132884
0.5262323291755504	2.269961497935419	5.152725202109211	0.44335909825026387	1.605800670092825
0.5589351331959194	2.1563637867212204	4.6499047806826805	0.4544961306242339	1.5212504364911
0.5387451091652715	2.141845961448812	4.587504122574586	0.4462875648417841	1.5649722806310566
0.5671940855126616	2.067571908294537	4.274853595968714	0.4563226402824615	1.4971385275940212
0.5582197369419439	2.1130024130400917	4.46477919751325	0.4504151186948484	1.5122638976006844
0.5716799753976552	2.0305462439310795	4.123118048742615	0.4599661159078299	1.452547375032797
0.5764769051670038	2.0577925613971857	4.234510225741591	0.46368146140466804	1.457779383322992
0.5252972376602953	2.136990087047991	4.566726632141379	0.448493654140792	1.5361041238142363
0.5310543507565897	2.1304994748605366	4.539028012381022	0.443780929655308	1.5147235959776972
0.5804576703011519	2.0619748087679275	4.251740111993531	0.4612768199120659	1.462790448808053
0.5593201595447941	2.179469598346478	4.750087730116558	0.4514214512121675	1.5101509122811245
0.5684098341308232	2.1542763213021803	4.640906468523254	0.45607714866706983	1.5094026811735455
0.541202117145944	2.207360537270767	4.872440541500288	0.4422052220564414	1.5541287844097433
0.5329057756405917	2.2315256998755046	4.979706949204862	0.4422779847774977	1.527448986197624
0.5613836580961158	2.2685857449845734	5.146481282347213	0.46193383317790904	1.5808995724905315
0.5753821131817406	2.159625089200072	4.663980525902419	0.46064935932232065	1.5215569960799644
0.5377193115978374	2.1956187849197883	4.8207418486926485	0.4447663192457987	1.543464542482897
0.5837185455252458	2.1245343259257043	4.513646102036587	0.46514082497116394	1.4846562337708518
0.5569866903889626	2.1522306882113686	4.632096935278781	0.4637253440995116	1.524140544606416
0.5426475179244103	2.171670905450262	4.716154521579161	0.44941436583381056	1.5423380606872457
