r2	rmse	mse	oob	mae
0.5466494786491979	2.2335286833248236	4.988650379234721	0.4418943357978481	1.565092057735807
0.5602119383138493	2.224300262135253	4.947511656134955	0.4554107543189866	1.5271269848998594
0.5445143204287342	2.202782759105427	4.852251883812118	0.44471867280906063	1.5355823445096901
0.5535356518556709	2.2332279213629462	4.987306948755065	0.4518435144962396	1.5724552373688974
0.556502501697269	2.062985051317021	4.255907321957492	0.44845783694472163	1.4986750273903136
0.541174512816597	2.2102081091188475	4.885019885614711	0.44846956392644466	1.5217946642700029
0.5586673737236563	2.1277774836158994	4.527437019782808	0.45010364300855943	1.5301728708956637
0.5420680517046832	2.1502127221215916	4.623414750373546	0.44324220586224494	1.4656119344448286
0.5353083847358375	2.1057935439315587	4.434366449663834	0.44833631253056794	1.4989392569626971
0.557026364764656	2.2093709028302064	4.881319786272762	0.45345437340171624	1.5371139867972108
0.5807511621264819	2.0746623634740367	4.304223922415677	0.46285456431349337	1.4895702721061719
0.5366148341290498	2.2278978103312035	4.963528653278571	0.43947635064933444	1.5261924254911927
0.526015763033279	2.1695519314021743	4.706955583050904	0.4379631546444267	1.5223693565397984
0.5675986452601498	2.0970082884956907	4.397443762019625	0.4608295452589318	1.4862523874043756
0.5285434873228579	2.3305376818467463	5.431405886507605	0.4436320653208452	1.6145450134063526
0.5494424532878457	2.166598354199776	4.694148428421179	0.4458421219687764	1.5148562852327316
0.5612768996773757	2.032908438977997	4.132716721267957	0.4613544262550384	1.4770915495223695
0.5214314278034848	2.3115959499988277	5.343475836050982	0.4354667451623343	1.591493779671529
0.5527291560592069	2.2090667486224818	4.879975899869503	0.44588010122508803	1.5358228483575107
0.5807041597976886	2.071334938589751	4.290428427822607	0.4685994213417617	1.4696873342767818
0.5347057978122336	2.2877962722793383	5.234011783455237	0.4494977016097732	1.5840966204538416
0.5575859086896104	2.131146803087218	4.541786696308868	0.45220826582997153	1.516347301377766
0.556254268707904	2.1127090907253274	4.463539702033439	0.45146394672057655	1.469225419591926
0.5735429993831043	2.006897485606074	4.027637517731981	0.4604187732096998	1.4654902987864113
0.5772025853503833	2.0313126050861547	4.1262308995819	0.46048850256631724	1.4918807072710567
