r2	rmse	mse	oob	mae
0.4376555704868158	2.500102654711764	6.250513284096809	0.5314704964580613	1.7424716859625324
0.4782144576927092	2.24810607524371	5.053980925547676	0.5458718512214233	1.6325469802149608
0.44985365837921765	2.444706414337316	5.976589452302017	0.5386751408447297	1.7338887164275378
0.45703641216357493	2.3263240731827386	5.411783693469529	0.5456970305211072	1.6766806461100343
0.4605126771502964	2.34387811602668	5.4937646227887775	0.5410968264420154	1.7172254670820584
0.4740961426285353	2.334311426516508	5.449009835965534	0.5607630950980532	1.6751098055016083
0.48303025958218626	2.172854811000496	4.721298029688001	0.5495734630785704	1.6133372843089624
0.4437557602779926	2.363697039006025	5.587063692205849	0.537022947423617	1.7405993856242468
0.44150855294919356	2.3628642187103313	5.583127316061585	0.5274828166732805	1.698605384364918
0.46096590352797506	2.3441884112741675	5.495219307552106	0.5368924588636238	1.6645247119466249
0.46993320945415373	2.3718552884311723	5.62569750925892	0.5469195395418858	1.7063899239719442
0.4398290140535761	2.397651825869444	5.74873427809508	0.5391384754031561	1.7199885533836337
0.44000889151147304	2.439857552647597	5.952904877211521	0.5362657251905801	1.7450202843526497
0.438041660070952	2.450824396520699	6.006540222581048	0.5323346866026414	1.74418371230133
0.4384235802580979	2.383772494229651	5.682371304245852	0.5376512995172626	1.7214427184131365
0.48720218748282107	2.2688634663559966	5.147741428964949	0.5512538395181337	1.6563508453231837
0.4724638690621791	2.306723036320471	5.3209711662915335	0.5484190104578286	1.677059431066577
0.46113703502785586	2.4187637346942576	5.850418004272113	0.5530759003178487	1.6992955380495844
0.4526988870449583	2.4998834557232756	6.249417292198946	0.5402586626256195	1.7224747977324693
0.44887557688957347	2.427505329006984	5.892782122357306	0.5411169342848553	1.705190124572745
0.45434617763329876	2.4435806618933387	5.971086451179087	0.5477248521919508	1.7426473811394108
0.46003181804169124	2.3441398576758785	5.494991672344687	0.5346586839777061	1.6875056800593446
0.44053353691886243	2.5286590242737974	6.394116461041312	0.5430056249523835	1.766577009045394
0.4522946424138349	2.3793125941089177	5.661128420485308	0.5494732583852476	1.6801529057280518
0.4389151954267623	2.3897455720638234	5.710883899198651	0.5433209525960457	1.7038447092611897
