r2	rmse	mse	oob	mae
0.4069599357703473	2.502478873935	6.2624005144909844	0.5892823618364733	1.7728295203683127
0.4138910717550678	2.457596170650182	6.039778937994439	0.5919998742952469	1.7644627351019704
0.41876710263220407	2.4298967642298033	5.9043982848144685	0.5950209602065398	1.7783412714139961
0.4126784439894666	2.406224914143892	5.78991833744678	0.5911987566973733	1.7411655162103326
0.41039871657482774	2.57773749750945	6.644730606066282	0.5814971570283295	1.8411683361921525
0.4101001207290109	2.5501535403645916	6.503283079434061	0.5995655373755041	1.812687990508869
0.3828531739011196	2.625147295748603	6.891398324376203	0.5867313191602814	1.8589867372923015
0.40366320041139603	2.460222651581374	6.052695495354087	0.5892445942862403	1.7633355395019257
0.408320199767653	2.4859424334481464	6.179909782418092	0.588375863068226	1.7804685446921114
0.45269445400072916	2.3310975965074308	5.43401600444272	0.6052927653910777	1.721196324738076
0.4402053364912679	2.34546297991683	5.501196590160336	0.596345419157945	1.729604109083248
0.4247211622365319	2.4127167562093366	5.821202145693302	0.600631005901068	1.768843058539581
0.4149674251595359	2.474374590451302	6.122529613871049	0.5918608185942386	1.8150304491929266
0.4005563763466463	2.3980312327325377	5.750553793160735	0.5851496631811997	1.7467215453752145
0.3949495473153687	2.4946814653437404	6.223435613529592	0.5884366962033769	1.8368155390260021
0.39387221460989297	2.3902483040217306	5.713286954878759	0.5814098952534321	1.7719277609915667
0.3990560574714044	2.5079882321745584	6.2900049727260665	0.5880809957092309	1.8041181216101563
0.4362158394808767	2.347771649053936	5.512031716101439	0.6018352512339019	1.7213706151073878
0.39356399127061314	2.552429808710867	6.514897928395795	0.5908371439916184	1.8420331979602598
0.3826865419424844	2.572948540413691	6.620064191616943	0.5830727200075476	1.8657470679000556
0.4210093420733717	2.4610202462799515	6.0566206525998325	0.5880133864385924	1.7547108850453246
0.42371835881772	2.3184108362386144	5.375028805588631	0.5857773668760857	1.7149173096626882
0.4346786815620297	2.390835170483044	5.716092812418686	0.609691370197929	1.7507194830950257
0.4016372259143398	2.366922824797982	5.602323658549659	0.5833435445931135	1.7603527811784783
0.3974792905811151	2.4924590559418465	6.21235214554652	0.5956331333361422	1.8090806068544398
