r2	rmse	mse	oob	mae
0.5256215664992241	2.1100817594736685	4.452445031663493	0.52078172141294	1.551850215012083
0.515187831624208	2.1380667151176644	4.57132927829404	0.507399181616906	1.5265707604813623
0.4757752656933866	2.4171084757088215	5.842413383343422	0.5026784560060945	1.6757326296296242
0.4836277541318298	2.286740194653342	5.229180717843203	0.5116452389379911	1.6495208779878394
0.4902018946939969	2.268213652360529	5.14479317275469	0.5144637003962034	1.6304527453026891
0.46655527153465715	2.3792191649550576	5.660683834889442	0.5124947724927399	1.6565972147928414
0.46064013755696975	2.3932115566181364	5.7274615547306045	0.4952817286134582	1.6800612540833928
0.4824661016359362	2.340837478084688	5.4795200988058825	0.5107473634421198	1.642431140654975
0.49613757094617283	2.1879829770796535	4.787269507990344	0.5091442434813217	1.5649390087262522
0.5057137323700513	2.2068413622867076	4.870148798299451	0.5151778317186005	1.60648540898031
0.47708634992149035	2.2637429674376213	5.124532222623287	0.5117932367861675	1.6262101034718823
0.4866543926469209	2.3294070349285763	5.426137134374741	0.512723226365698	1.659678923527479
0.4775887780625263	2.349350505114141	5.51944779588007	0.5192392823975752	1.6753382194159832
0.506619232029937	2.1895327235851556	4.79405354765023	0.5098843654457486	1.5925487921996624
0.48087737028837074	2.2431858718874444	5.031882855835435	0.5155152707022082	1.6139191108229491
0.4899750347262021	2.22956291711425	4.9709508013710035	0.5115499348496265	1.6025301548535045
0.5017936589550214	2.175947551046244	4.734747744904146	0.5182514614984997	1.558339432159788
0.49249253634190826	2.2101315338627168	4.884681396974366	0.5073502029001855	1.577502725266816
0.4879432042650359	2.3226851046344352	5.394866095290678	0.49675700258232536	1.614359824005358
0.48773313800048956	2.206040349481077	4.866614023538593	0.5012047761477075	1.590782977126557
0.5059147696816526	2.17909350817702	4.748448517379233	0.5191710876486978	1.5617620423883771
0.4817994709377871	2.3024806730725986	5.301417249872847	0.5206219992637398	1.6389526425405854
0.5091190305983164	2.2317089942642827	4.980525035080096	0.5166426184540673	1.5997698913633658
0.4959485193411787	2.3889499219210486	5.7070817294465845	0.5239033285790893	1.6568176599337692
0.483336456085684	2.3212705128161457	5.388296793669731	0.515517623285979	1.6852134507035108
