r2	rmse	mse	oob	mae
0.5725875530432465	2.1339262432650283	4.553641211695197	0.46891367309432996	1.5069946534518923
0.5561292123594532	2.1515442680132337	4.629142737220602	0.4637244100014787	1.5267629269812513
0.5499088073829318	2.1577582373396385	4.655920610807063	0.462632138587185	1.5219279083236963
0.5632189780439328	2.162514423222107	4.676468630643642	0.46939636841637067	1.513030153006043
0.5684067198157808	2.1329214502268097	4.549353912837637	0.4587947241572403	1.5349530019333353
0.5706978499439899	2.2042498090683664	4.858717220777931	0.48301633138332556	1.5421124396473935
0.5482543967423723	2.1154206982978407	4.475004730786924	0.46794883908509544	1.5167777439470522
0.5537120890803033	2.1750306003232645	4.73075811234258	0.46914252401720047	1.5422436851959245
0.6024501690981521	2.0977936766896788	4.4007383099592	0.48779878520957154	1.431943804216654
0.552802055759618	2.200686966465256	4.843023124370051	0.4638211405672009	1.5327846655257098
0.5796177979078709	2.115509397693173	4.475380011728132	0.4697871665675396	1.5012912070107565
0.5563768556869488	2.093781400924987	4.3839205548594	0.46870415214582783	1.5211532940274455
0.5479037255575174	2.1656016615848017	4.689830556658855	0.466070453384388	1.5412127369426303
0.565674854511929	2.136198605973459	4.563344484162949	0.4753147883277956	1.5367161469250445
0.5625202865148353	2.2011144568827263	4.84490485229814	0.469059006772913	1.5527657138086757
0.5455024637869887	2.1487473142548543	4.61711502051745	0.4614090549082277	1.5369147742032057
0.5493512996524272	2.2628834316115936	5.120641425062261	0.4713892993147709	1.5737895489586502
0.5842333756714697	2.1081165099900354	4.4441552196925675	0.4754515275205038	1.4922464493507082
0.5441786715991023	2.0660991680741896	4.268765772316858	0.4698281214929234	1.5068125023733803
0.5661371742556537	2.1835552584162334	4.7679135665571835	0.46693086667136663	1.550560088435275
0.5445665322088151	2.087103875920856	4.356002588883861	0.45964547301325354	1.4775633023629986
0.5587412009884243	2.2237972301450677	4.945274120800875	0.4662504574501739	1.5527250693213268
0.5463794590898308	2.2574185092279633	5.095938325805	0.4663002620549974	1.5739029388439394
0.5386662322744724	2.2784556122275013	5.191359976890999	0.4528222465290199	1.5814138146412882
0.5572941131119571	2.12219109719149	4.50369505299882	0.4621501536288313	1.5072315054860124
