r2	rmse	mse	oob	mae
0.5893032990239515	2.0971449712419425	4.398017030405367	0.4731400957127485	1.4859717795735938
0.536036245034457	2.25320211050841	5.076919750799553	0.456803181059405	1.56848947189951
0.5495878398276977	2.231404420058277	4.979165685855615	0.45722314434886924	1.586628599318509
0.5454958448045337	2.135106894603783	4.558681451384611	0.4516385615205536	1.5261294507315812
0.5551824475476101	2.1547029503213437	4.642744804123502	0.46922286904760924	1.545480879519037
0.5566671836057575	2.1837806547583467	4.768897948096793	0.4697400092831594	1.5155958561534308
0.5321079175821022	2.1791924133856253	4.748879574557465	0.44762427079617284	1.552197762149464
0.537748413188653	2.059161011249941	4.24014407025188	0.4556181169484408	1.451816893653741
0.5622756435698737	2.134814385004313	4.557432458421343	0.4590224116456746	1.5390723053657476
0.5374343244544236	2.254309757255004	5.081912481655116	0.45441853495085893	1.5403223597156022
0.5549069328009786	2.0595930676618672	4.241923604360821	0.46946298493352034	1.4821832128901704
0.562611217754563	2.148477064306114	4.615953695849418	0.4689914713661649	1.5326325039736421
0.5761548887175039	2.163811441323138	4.6820799536009154	0.4817410480424251	1.5606541347518204
0.5902970094762878	2.0853559695879342	4.348709519896032	0.4699617417465165	1.4896398441236387
0.5544753647157206	2.2562364828087684	5.090603066357282	0.4699620454993402	1.5337872697307322
0.5259154748180226	2.221280706408294	4.934087976661728	0.4474212964533143	1.5498213832492267
0.5529547187097295	2.204792342075003	4.861109271672577	0.4681069767141548	1.5206748681125273
0.5529751061072992	2.2404724873565627	5.019716966601703	0.45246682147850636	1.5197388302404728
0.5632218791729626	2.1561013245483993	4.648772921719361	0.46748991994066813	1.5271804985254445
0.5225902369846527	2.20441313875428	4.859437286312496	0.44279821583378065	1.5699596893322463
0.5260052418041687	2.1313020809696623	4.542448560345614	0.4469288578815226	1.5560038240444096
0.5518944057714947	2.10697330900424	4.439336524856277	0.4573979614976862	1.501321245069338
0.5519739313263181	2.0503825503691577	4.204068602858331	0.4608373612108887	1.4788378877785249
0.5490310249703747	2.1200185950649524	4.494478843421174	0.45623079938390365	1.5024186636532837
0.5698482639020963	2.2036823668721515	4.8562159740632485	0.4820666390069106	1.5525045554914993
