r2	rmse	mse	oob	mae
0.3076652030939945	2.619421691168074	6.8613699961618115	0.7029521361220855	1.92834441432244
0.2970198269857284	2.664949622469662	7.101956490301194	0.7056042045275752	1.9569879112360034
0.3098052203735201	2.687345899922045	7.221827985827826	0.7065513707127707	1.92718294076681
0.2945025208052414	2.7108736719837263	7.348836065454531	0.6997956471627004	1.9114369289286783
0.291256444006479	2.725758269548532	7.429758144012207	0.7027331754503399	1.968747109917642
0.30942437389207744	2.586694309422094	6.690987450396644	0.7093752617570015	1.9130008440561235
0.3126312619815207	2.6707688269604395	7.133006127063642	0.709912141225326	1.9957325290689867
0.3134858275754703	2.6066659960235934	6.794707614825672	0.7045707015840807	1.8918323169883096
0.28494720717152644	2.734082357691187	7.475206338638199	0.7010408695009466	1.971814543232836
0.31067921926348985	2.6868481637386643	7.219153054985833	0.7072627780865592	1.9577435981638123
0.30346882749528303	2.8010449519783482	7.845852823003386	0.7097576064995315	1.9896214854753174
0.2989608900875237	2.784769870279017	7.754943230413815	0.7059889653474417	2.01284960676243
0.2982152716169567	2.6363367284784975	6.9502713459247065	0.7015248725045176	1.9168364616271907
0.2836341483054703	2.797630986382491	7.826739135967469	0.6958142020593174	2.018908401092971
0.29274133843222616	2.6409239824215063	6.974479480929069	0.6959764021826131	1.9323385342753536
0.30545174701920097	2.731749972552829	7.462457912542382	0.7114580651580781	1.9894047571880389
0.28954992413856184	2.684372172098941	7.205853958339187	0.7013893139041016	1.9861874147851286
0.28461166758353185	2.710042653005545	7.344331181109332	0.6949767192131506	1.9747629748784004
0.3084321204264123	2.6726658456147456	7.143142722315583	0.7116663807218067	1.9262252913648756
0.29318430320069944	2.6773449306365142	7.168175877605041	0.6934781806070833	1.9286826531810637
0.28691086570193947	2.6232227737828504	6.8812977208929915	0.7004000649272687	1.9453502030762169
0.277265705962369	2.67332144485266	7.146647547509113	0.6885906044417489	1.9527951716218774
0.2982967597977173	2.7435837535131102	7.5272518125410866	0.7091205230554756	1.9925003941237307
0.2714444018273242	2.808354738058751	7.886856334777036	0.6930692211540357	1.9924743134768905
0.3029752524813133	2.676182922342803	7.161955033839264	0.7047909725652594	1.972827665071422
