r2	rmse	mse	oob	mae
0.48870672926978287	2.2630626960282143	5.121452766154491	0.45057409059326603	1.6009478807109703
0.5236370973218971	2.193394578012065	4.810979774852724	0.4545435146747533	1.5421237259549851
0.5062811570388246	2.104160812504937	4.427492724881436	0.456379940665286	1.4965838989518672
0.5503765804558061	2.119018650220415	4.490240039981948	0.46076314254703976	1.5034288014908082
0.5493230690257246	2.1939712080091067	4.8135096615729385	0.45815317990098303	1.535150105518758
0.5558098584899144	2.1137781880314983	4.468058228197724	0.47596653373852127	1.5039615122219356
0.5780421770347843	2.1579584973448185	4.656784876262707	0.4851495106892343	1.5132044969285174
0.5801194333860205	2.1721119870698944	4.718070484372724	0.48252734959119636	1.5228097798831286
0.5202509657267405	2.18000172269585	4.752407510956875	0.4639332970686738	1.5497817239386416
0.5751740560106926	2.078862661858397	4.32166996686898	0.48118929823650247	1.4814267622494595
0.5689059178191206	2.147056839293212	4.609853071155757	0.4767092585004491	1.4906445958449814
0.5524566946782696	2.2209204853284588	4.932487802151598	0.4682595118456798	1.5696639639767083
0.5624982601364746	2.250582128664678	5.065119917864833	0.4660545097918475	1.5184162074630438
0.5427615416149992	2.1979276862529624	4.830886113997301	0.4574366107680543	1.5534644266152602
0.5402495357915593	2.1435718425871673	4.5949002443325435	0.46488816654570053	1.5304113676871918
0.5218059509531348	2.2935331236593073	5.26029418932242	0.45681101737618546	1.6047891797575022
0.5675634564649988	2.0784273300155247	4.319860166155463	0.4803119562503211	1.4963575883766596
0.5304169125914531	2.1786355270295763	4.7464527596354396	0.45361930586638555	1.5547852252141312
0.5236988724531675	2.064294655537393	4.261312424880245	0.46931515364972354	1.503738167591099
0.5422527492757869	2.236258015427234	5.00084991156255	0.46617823888333154	1.5784830219782562
0.5691575003365918	2.0255623967414444	4.102903023092945	0.47103490632165346	1.4731207924776035
0.5703565814529388	2.2398788601974418	5.017057308359391	0.4792082754745878	1.576666863991253
0.5311971017575835	2.177695568727906	4.742357990057157	0.456834802543712	1.539232761935192
0.558466442113914	2.1167129756705	4.480473821371864	0.46549554348201516	1.5317678112040747
0.5465010891750818	2.192842692493686	4.808559074022958	0.4706698979112427	1.5584372912035769
