r2	rmse	mse	oob	mae
0.566294662553249	2.0540705611221974	4.219205870068859	0.4755401149832351	1.4600475128140171
0.535944016343947	2.211231380302849	4.889544217236043	0.45859827703113876	1.5725577880389405
0.5431647245219301	2.124852291716502	4.514997261612869	0.4653897666656497	1.5135065935140988
0.518741266473145	2.2244039287697666	4.947972838326373	0.44855669603555404	1.5544374462396502
0.5669334325456186	2.0424876887460597	4.171755958679221	0.46591517308461616	1.4874993127565448
0.5522534591005622	2.193710203089545	4.812364455139173	0.463996775804701	1.5059756070255832
0.5566661354728331	2.046465741279921	4.188022030232377	0.46467787121253634	1.4730939755844854
0.5438015867303396	2.222316543055167	4.938690817536668	0.46374278475565367	1.581263906630433
0.5163513262320936	2.180078248401724	4.752741169154329	0.45591516230535667	1.5295588029668696
0.5398192304412581	2.1612790289841493	4.671127041126667	0.4527227812566408	1.5262216296648432
0.5965650376105058	2.035964732001407	4.145152389953561	0.48673717408399897	1.4710829146380215
0.556673081718638	2.041259436333567	4.166740086420832	0.4641336897962137	1.4699738101602136
0.5701983805696773	2.04980061806041	4.201682573800839	0.4777163216364766	1.4649042097469074
0.5461516007574662	2.209979421736446	4.884009044498556	0.4636567849912434	1.5390427168413496
0.5545767746365557	2.0468735930713593	4.189691506012856	0.47354288021826596	1.4645333964903415
0.5219415764621098	2.232482579642135	4.9839784684056	0.44581530063846775	1.5508675077834582
0.5337808547014864	2.224590361913377	4.94880227831789	0.45618043856194435	1.5491937601628412
0.5611009888421374	2.139711383465891	4.578364804533519	0.4766338669507484	1.5067759917641357
0.5484964099321399	2.2430141143746716	5.031112317283992	0.46201835588053086	1.5789937763032116
0.5425700421724804	2.1875458674857655	4.78535692235405	0.45985678448779443	1.5074377177673841
0.5438804347973285	2.1456339414605567	4.603745010747565	0.45064866211518595	1.5323766685551834
0.5431587116125944	2.2289360979755837	4.968156128858621	0.4563595223956487	1.542304785198854
0.5502007413651755	2.114933558463246	4.472943956714008	0.46857889495259	1.5041766180859866
0.5707038521813785	2.020424508834485	4.082115195899069	0.4745624090248094	1.4832796739325842
0.5485905732272676	2.1316238853035836	4.543820388396745	0.4676390350435029	1.5045966407062707
