r2	rmse	mse	oob	mae
0.46902207118199823	2.3611518306803516	5.575037967525176	0.5430740089328313	1.6842448082653947
0.44182920965768235	2.3498024603256757	5.5215716025526	0.5404035960855417	1.7202842495451178
0.44699836372550183	2.477803483334962	6.139510102026872	0.5474460634803334	1.719852808694721
0.46166861934171155	2.3551272269759838	5.546624255243588	0.5506389776952805	1.6784009251653371
0.46512354497461617	2.3716993180731474	5.624957655348633	0.5468003873790829	1.717896974438689
0.4503221070865101	2.4717271513526335	6.109435110733806	0.5451903157486447	1.7124890544014943
0.4439259138876953	2.4041430823546657	5.779903960433793	0.5401013057247022	1.7128138839678015
0.4662964315018112	2.3302733896945607	5.430174070718577	0.5552388511331164	1.6717642537765178
0.46009155635023413	2.366971162790534	5.602552485481973	0.542882633376091	1.721452013842219
0.4598926695696839	2.290559819395143	5.246664286227509	0.5375372408212568	1.6554732557565295
0.46012994120870676	2.3253472620759785	5.407239889244249	0.5448034543243655	1.6878382574906354
0.46245633642346795	2.318267593680062	5.374364635907146	0.5414824102150126	1.7090741236770097
0.44488231779782095	2.4350907286630714	5.929666856820849	0.5415063477725145	1.7154497208977215
0.4601887442884066	2.3086464643084454	5.329848497163887	0.5431353140487438	1.65976609182617
0.4579111576279641	2.3786626865252103	5.658036176267331	0.5460643416778117	1.704749943668274
0.43694262780727633	2.3821914711501413	5.6748362052204735	0.5323372323026446	1.699250670585434
0.43219406244273373	2.447887912203274	5.992155230710903	0.535013703803305	1.7338300580966923
0.4435743028508585	2.41407491290038	5.827757685094978	0.5376161920095944	1.7252468339046394
0.46356332215350016	2.3563749371060285	5.55250284422144	0.5440142863126596	1.6956136130823043
0.4629704987017259	2.431047941891397	5.909994095774397	0.566211680028268	1.6868137507948362
0.45914378581983173	2.3812103229756474	5.670162602245788	0.539638018705538	1.7164379042176217
0.43016345007099044	2.514870894076988	6.324575613875589	0.538436263450889	1.7605137661118002
0.44827562359149364	2.354361163025712	5.543016485963784	0.5349831353890214	1.6948851055926826
0.4577127808579948	2.425123757352324	5.881225238474655	0.5562873937285279	1.7116427473938018
0.43919266922666567	2.409795837908283	5.807115980400085	0.5525703653678131	1.7222031244671603
