r2	rmse	mse	oob	mae
0.49052081751434384	2.3588598324735304	5.564219709257051	0.517084266716828	1.6578107848285275
0.47359753601461785	2.4141502622126816	5.8281214885415595	0.5028319733148948	1.6884522216780808
0.49225624170110605	2.2937153573792846	5.261130140677579	0.5180599420190518	1.6481853706445697
0.45360939076076157	2.32605465687168	5.410530266754429	0.49991698253761563	1.6854648377165875
0.4809015859659014	2.274811125617903	5.17476565723499	0.5112674160960429	1.6162023428072885
0.502775832016231	2.2647724798438436	5.1291943854580335	0.5196123806705392	1.6112828713329652
0.48489132690971737	2.3947894475720353	5.7350164982023735	0.5056024421577666	1.666369479553669
0.49012444286729995	2.326125140123871	5.410858167516298	0.5237888948616942	1.664283660630072
0.4892854711472374	2.34234929322998	5.486600211494987	0.5044351010248811	1.6424116052931412
0.5030017459952774	2.1595679914557584	4.663733909720259	0.5074360452158505	1.5867999854649708
0.47220788493586763	2.3160828732225935	5.364239875635024	0.5034909975302336	1.6651570230543113
0.5161190028629132	2.2821462663204315	5.208191580880286	0.5262945182559207	1.6602355684419796
0.477176609684994	2.314612848466706	5.357432638287159	0.5028665017874896	1.6238468295245851
0.4996917200223333	2.2647109075155747	5.128915494620018	0.5076150994496843	1.640503946042048
0.5007965556973752	2.2562092478471123	5.090480170070832	0.5144207592774227	1.6127686320688257
0.48494452858453807	2.3759989659369474	5.6453710861334425	0.5114838253352475	1.6885480530876902
0.512730685834548	2.2351913925764073	4.996080561447659	0.5197113329016376	1.5993138507518279
0.44011944010209125	2.3632695200757396	5.585042824519016	0.4905430142100644	1.6645784893969098
0.4763810503441951	2.3166299313054313	5.3667742386202075	0.5015791234115232	1.6703404092619718
0.4954113327681029	2.342222947433438	5.486008335483781	0.5132619787604689	1.6622063534551599
0.49470435615568675	2.327884670496231	5.419047039131346	0.5133397465893906	1.60969748743067
0.4929672657008226	2.3705434852660963	5.61947641553753	0.5077865664483088	1.675449299228993
0.46217393420808484	2.43827846753165	5.945201885228491	0.5103770263074455	1.6817724101466915
0.4925941273533917	2.2975468977111997	5.278721747182357	0.5158742550351124	1.6135629666734634
0.4668959305372724	2.4444356352078462	5.975265574673988	0.5092754852897625	1.6876144946919376
