r2	rmse	mse	oob	mae
0.5486837877625454	2.133886107166864	4.553469918359754	0.45234014182475435	1.5160597728625287
0.5758896718093072	2.0773613357889467	4.315430119430836	0.463367898963303	1.4781222301304193
0.5404552610797917	2.1484583938552073	4.615873470126898	0.4572953130023034	1.5275191893122118
0.5189408724227402	2.23450266194108	4.993002146221774	0.442189739373389	1.5536698445303063
0.5532221127590773	2.1853158953704184	4.775605562558614	0.45703191131623444	1.5368262861665507
0.5780140156515595	2.1669085464442523	4.6954926486531425	0.4683425679578952	1.5342864127149516
0.5612358801528482	2.0327317085835035	4.13199819908081	0.45816472365501304	1.466757496714244
0.5672489989683913	2.110636774973255	4.454787595869503	0.45742784605316955	1.498079084553159
0.5639759335355751	2.086800256437999	4.354735310269699	0.4631434183259808	1.483942350376541
0.5649175944831819	2.1858766020902447	4.7780565195655935	0.46548899726846704	1.523272531983679
0.5609905572400362	2.22177330990422	4.936276640602753	0.459057738849985	1.542671561663813
0.5650420085079889	2.1328919074732515	4.549227888964886	0.46339029044720714	1.5196336378401014
0.5466832303520579	2.149309309746439	4.619530508962714	0.4564967159889981	1.5140447231955105
0.579922543313651	2.076923035588492	4.313609295758117	0.46824449920551814	1.4795202693687055
0.5460748300876703	2.0527581254798863	4.213815921723696	0.4584751360560704	1.5029063792962256
0.5410624577970888	2.1829069268616847	4.765082651340725	0.4477619755523232	1.5185010350461328
0.5308119931260121	2.279674682557031	5.1969166582915	0.45156333445415253	1.58807257864862
0.4931576906439319	2.252751646560352	5.074889981080376	0.4298124332159088	1.5990986945754706
0.5623777019027818	2.139301466974181	4.576610766597884	0.4663747176111618	1.5147067668471805
0.5463891738578212	2.14465277718745	4.599535534697844	0.44345060722826934	1.5106796085390592
0.546353472064613	2.1663902050565653	4.693246520565028	0.453140843011423	1.5316223836098473
0.5588945102694187	2.1977728451335405	4.830205478806378	0.46174040860906795	1.4952106233693894
0.5466090055401855	2.17055466774653	4.7113075656762495	0.4520443599392604	1.507860015455633
0.5317185014569783	2.2209671751745055	4.932695193202623	0.44367207707742184	1.5385900069204304
0.5458510267546568	2.2691033248560823	5.148829898872928	0.4563494767032167	1.5720403545948796
