r2	rmse	mse	oob	mae
0.5304065373206703	2.179545425538579	4.7504182619861455	0.45148824203149984	1.5285477070182605
0.5701693448484684	2.203077577418111	4.853550812122453	0.4694011376724365	1.5782286680036561
0.5720397481042567	2.1321063835803766	4.545877630904192	0.46237872259141843	1.5121996226116832
0.5754338363404872	2.120266870866197	4.495531603692735	0.4745990107119924	1.5043675830282077
0.5336437921462787	2.188654180362009	4.790207121216098	0.4513599339699659	1.5204294557260774
0.5621139834789095	2.2209402358475168	4.932575531206423	0.46138797621333283	1.5583658924809307
0.5536570115720719	2.146253102047949	4.606402378050444	0.458677275292942	1.5106764190241855
0.5603956893198024	2.0939809177591457	4.384756083939434	0.4566852737021878	1.4787094101528406
0.5524949011642526	2.1764619560951504	4.7369866463295285	0.4547262382629951	1.5234784999969782
0.561921049780516	2.1406234295727473	4.58226866723579	0.46110298297995467	1.4988187698888285
0.5678661901250222	2.079083958412977	4.322590106130175	0.46101501919097787	1.5048731792312282
0.5027999932077138	2.284908846044929	5.220808434734369	0.4346894286432834	1.5933175756081386
0.5332134484069655	2.130211970091258	4.537803037520079	0.44641938613601095	1.5136352716797945
0.5279063093505165	2.176627976142624	4.737709346526736	0.46033547235176575	1.5326616974423726
0.5659125863278526	2.0806777099963787	4.329219732875774	0.4576840446323843	1.4599013664678282
0.5449923453016057	2.135582874508294	4.560714213893108	0.449964625930261	1.5100092571056791
0.5384085100325551	2.1483626258664903	4.615461972219962	0.4643148366545625	1.5351995705131034
0.5586469160868237	2.1480521210149606	4.614127914596871	0.465324584768704	1.5172219637635183
0.5691852619843857	2.0394692773712015	4.159434933341011	0.46906133470048283	1.4774123806784702
0.535746709039637	2.1837685610837174	4.76884512837765	0.4499062672168255	1.5327229891674405
0.5540374846913299	2.2247866921594075	4.949675825609598	0.45485457173610067	1.5590319946142566
0.5572874044324203	2.2284963006534975	4.966195762026323	0.4580981214940316	1.5647731311422624
0.5553839195789472	2.0603288376156748	4.244954919110757	0.4617403035253824	1.5087243555050318
0.5641068957008097	2.161870414006964	4.673683686958642	0.467849486859657	1.5190917437603695
0.5608191484713866	2.1415042330147656	4.586040380020159	0.45719182588270224	1.5152974420436343
