r2	rmse	mse	oob	mae
0.5476716642914192	2.235351742935546	4.996797414644983	0.46267041882105764	1.5688022183370007
0.5560726234189093	2.1802211405598153	4.753364221743942	0.46506911732908884	1.5305006776681915
0.5462075767667388	2.0984291241668855	4.403404789151802	0.45458015664360707	1.4740604901086198
0.5385983122856761	2.1746657222723056	4.729171003626128	0.44876840555454534	1.5245689282359314
0.5537269136567513	2.1725602287214523	4.7200179474222095	0.4606438083996749	1.5473042155797876
0.5555228297912975	2.166084410133966	4.691921671825411	0.45883078574305025	1.5360326997231895
0.5529797439803029	2.131328218865557	4.542559976532629	0.45823263934132163	1.45663801749348
0.5333955400945808	2.1069211211546355	4.439116610767506	0.446261794036948	1.5007920265255392
0.5672652255502421	2.0422798144365064	4.170906840454812	0.4662481072709753	1.4519283371708869
0.5429768666901704	2.2471662915310513	5.049756341793419	0.4515892484182811	1.5362193013499685
0.5648441518069933	2.099053040399969	4.406023666412354	0.4610926322773776	1.5017556771335439
0.5379280288760035	2.2466323522487652	5.04735692617082	0.4579550507521445	1.5546007381572111
0.5672566655277801	2.1387093652317772	4.574077748930111	0.45911047256515713	1.51284258510399
0.5390900650714872	2.173693992836705	4.7249455744943765	0.4553087201167503	1.5406943744560484
0.5372016028130282	2.2556474180426056	5.087945274522273	0.45315250183978506	1.566098222317917
0.5619514062502733	2.095859008422495	4.3926249831857245	0.4636818703453608	1.4927548292687576
0.5422260945970875	2.1817918389029285	4.760215628303421	0.45109156851164434	1.5377481736047682
0.5312610891709795	2.1081660143667103	4.444363944130821	0.4466200823625701	1.4717147375554813
0.543643599825828	2.20750141308143	4.873062488756511	0.4529928844526365	1.5321308067440318
0.555538267153435	2.144051978941073	4.59695888840113	0.4561294029374139	1.5011189864925985
0.5342391241407334	2.0721756704241643	4.293912009097835	0.4494731738717932	1.4683871239663515
0.5390300702722798	2.157315869584569	4.654011761161424	0.4505389148096981	1.5242064502036718
0.5289025271007266	2.203339687745477	4.854705779594337	0.4434474930390194	1.5413500743184436
0.5739906649119426	2.10564377286227	4.4337356981936535	0.45630588855795995	1.4809864966685005
0.5518551459336513	2.166751958169885	4.694814048233031	0.45258519891053983	1.5341426308501378
