r2	rmse	mse	oob	mae
0.7790008286866499	0.5420715048123171	0.2938415163294899	0.31960867140386373	0.36296574297980116
0.7889734519514182	0.5391589816281843	0.2906924074703408	0.3115367524792847	0.3601773758337399
0.7925545677015767	0.5266929638270371	0.2774054781449086	0.31947598233697805	0.3594628796441645
0.7976906418933682	0.522083790496944	0.27257148429965694	0.31115906561097184	0.35370490394637066
0.7966167803484037	0.5215800277080582	0.2720457253039388	0.3065909194471137	0.35332161286696484
0.8070476939051126	0.505861267373352	0.25589562182857395	0.3078592191433609	0.3412882913956159
0.7931051315907267	0.5297956811224429	0.2806834637359932	0.30732324073177963	0.35701793339525895
0.7911566943007454	0.5259770202684697	0.2766518258504982	0.3035607881593634	0.3525726846786665
0.7880099982525597	0.5233463908008593	0.27389144476428573	0.3199845283940447	0.35769175082391236
0.803085769023294	0.5078588883246331	0.2579206504503322	0.30725048091529705	0.3443592413676825
0.7909895160698555	0.523372454331723	0.27391872595321143	0.2966020568383979	0.34917555659537053
0.7957197127822634	0.5223812500376993	0.2728821703909493	0.310503950288874	0.35410999833729767
0.8045251238516623	0.5096193913391494	0.25971192402888504	0.28404943919922676	0.341973332999394
0.7743915131782817	0.545659364605983	0.2977441421822051	0.31041249358386136	0.36873329518573533
0.7900960971605862	0.5200825021588453	0.2704858090518053	0.31499806979177336	0.35249847854248806
0.7766189558752238	0.5415517226497626	0.29327826830492537	0.31142692801531613	0.3659998853572835
0.7878414301785768	0.5250748374931141	0.27570358496842023	0.32868849351090557	0.35825753190232734
0.7734727700277181	0.5601316742154241	0.31374749245937394	0.3256607000017516	0.3791950900735087
0.7823649685833169	0.5387986328564381	0.2903039667679669	0.32166580741910333	0.36421122892483215
0.7838726390516092	0.5374511293312328	0.28885371641941754	0.3051468815144567	0.36113234707234826
0.7742346657365381	0.5417021608485164	0.29344123106795195	0.3219922473240088	0.3721732609633777
0.7789207319729029	0.5437611776530104	0.2956762183225887	0.3013175178649936	0.36337317294688315
0.7987967412668942	0.5180874243906792	0.2684145793117678	0.31414826423818387	0.3530350841311579
0.7946758757496468	0.526066809167529	0.2767462877077054	0.31666485391934796	0.35950191592160147
0.7917631915275305	0.5308927009781056	0.2818470599518283	0.3087444101583364	0.3598864137602971
