r2	rmse	mse	oob	mae
0.5663937583088252	0.7591139573889898	0.5762540003027731	0.42620697859831	0.5708657328238843
0.569910624060679	0.7589670102692702	0.5760309226770745	0.43952026425506563	0.5728013228733227
0.5612507812280996	0.7615275570130674	0.5799242200902907	0.4292150159944148	0.5749829552178943
0.5687498824826833	0.7654403973625665	0.5858990019145637	0.44088891851850176	0.5818086635582139
0.5805696441479435	0.7424553863163307	0.5512400006701319	0.42332571455564794	0.5626132721144746
0.5519784043035285	0.7746073135272991	0.6000164901699794	0.43607931111717635	0.5845268612014384
0.5652095678001031	0.7654264922508421	0.5858777150394284	0.43806052538985485	0.5785410637600248
0.5767041840004621	0.7320274839650838	0.5358642372802509	0.4411211403796583	0.556622940041862
0.5756364636701203	0.7473926225380685	0.5585957322243318	0.43412018182793644	0.5659944461053779
0.5565492729660566	0.7670895996433156	0.5884264538809422	0.4374924362268484	0.5806664778285089
0.5689709724089831	0.7654079523006938	0.5858493334451412	0.4414848883672531	0.5781134310368506
0.5651664614041398	0.758484000165432	0.5752979785069552	0.4421411430051567	0.5777303517543634
0.5746109490529829	0.7455040754000971	0.5557763264381537	0.43216365538198565	0.5627340878478282
0.5789227676091622	0.7569701572082991	0.573003818903957	0.42928800866019357	0.5710968800094184
0.5544087387009328	0.7618983945076245	0.5804891635532959	0.4533078496006684	0.5788801012208368
0.5647702399021602	0.7526101290845612	0.5664220064006799	0.4384583703812017	0.5707092931519461
0.5664386222003928	0.7564353141039549	0.572194384423549	0.44543886979172354	0.5735927610217487
0.5434232139593962	0.7907086234166515	0.625220127145456	0.4407297090804533	0.5963789000689933
0.5686068101301363	0.7591187117649761	0.576261218551717	0.4301722344377372	0.5757661863158611
0.5596801096117276	0.756144158170965	0.5717539879360775	0.4392935560497666	0.5746313009407062
0.5653787720518834	0.7679334807428251	0.5897218308457909	0.43450434975856456	0.5751999591046562
0.5486400318726439	0.7654111335881562	0.5858542034207062	0.4365397317613946	0.5797245909460932
0.581354568069846	0.7520486430140904	0.5655771614593347	0.43709644324129326	0.5680316473675274
0.5586114708347198	0.7676355723580652	0.5892643719494943	0.436019953019227	0.5766306366918442
0.5627623205834529	0.7653563364634148	0.5857703217646998	0.43311001675598604	0.5757705298761268
