r2	rmse	mse	oob	mae
0.8054055144543864	0.5093992861959253	0.2594876327769183	0.20141970364555783	0.3490803193476777
0.8072751175281742	0.5106287462724676	0.26074171651979205	0.2050984626826533	0.3540426152354621
0.8132246945438167	0.49503235283218017	0.24505703035056411	0.20421876101197345	0.34607580685708483
0.8016018225046855	0.5043002051921378	0.25431869695683235	0.19635767599390652	0.346790290024353
0.8038855068880186	0.5040369234780208	0.2540532202291882	0.20341201964277644	0.34837806745768074
0.8100704780021539	0.5056711758118062	0.2557033380468946	0.20061269324334896	0.3479130640919423
0.7921648798843204	0.5208944576992631	0.27133103606180947	0.19878944982082092	0.35483143713915494
0.8138626484184897	0.5009819578736139	0.2509829221148794	0.20353173134974045	0.3438618019244603
0.8069978986464188	0.5009159992168974	0.2509168382714628	0.1999784946235832	0.34595139877939823
0.8154806714163054	0.4998388959644457	0.249838921918956	0.2083584196212256	0.3505648301636738
0.8046934017561171	0.5116460458873962	0.26178167627220744	0.20330121644994903	0.35458329481483103
0.7998139497428515	0.5110796284133319	0.2612023865791094	0.2017197579384722	0.34799306448552536
0.8016225117256345	0.5118630950015864	0.2620038280246031	0.1988303510382251	0.34850066545254
0.8063456287279114	0.5041507431333304	0.25416797180188927	0.20063744311546505	0.3449325264065586
0.8093156481704655	0.5139834171711023	0.2641789531268834	0.2059671935403392	0.3530093921597886
0.805633393834002	0.5140898057749784	0.2642883284017551	0.19942859335528262	0.35007240582688787
0.7890058965929256	0.5243229523926614	0.27491455840575707	0.1992021326201423	0.35545784165527144
0.8046010752498967	0.5073892330335411	0.2574438337983651	0.19905967675822422	0.35085225489229577
0.8061244603036486	0.5080287921262469	0.2580932536292533	0.20225238116656374	0.35375224479101125
0.8011329420655393	0.514187254529082	0.26438853272015495	0.20214335981324738	0.3546251429718598
0.8177153079246269	0.49343047873020873	0.243473637339923	0.20544045322736415	0.34330990196023964
0.8117081011470456	0.5014290071562623	0.2514310492177149	0.2030437015025215	0.34429630885434703
0.8019844117624577	0.5122697964416758	0.26242034434639594	0.20153129927780156	0.3506679967670321
0.8051862330523194	0.5136955414417655	0.2638831092971487	0.19835202634923177	0.3504552453868865
0.8013564187042117	0.5147634988622793	0.2649814597609359	0.20305101258430003	0.35630792354602975
