r2	rmse	mse	oob	mae
0.8153883673709109	0.5002288885174305	0.2502289409073839	0.18848964463764473	0.3372833229682896
0.8113276349611265	0.4990203328966367	0.24902129264427011	0.18357628920117874	0.3342293063132372
0.8204938125957664	0.4853286994176672	0.23554394647844434	0.18797222454714235	0.3310346628548759
0.8273054516596385	0.4819651207405479	0.23229037761045093	0.19208985609251406	0.3291952759383215
0.8058978326193471	0.49972021662055877	0.24972029489929817	0.18152953008351602	0.3349819200463218
0.8142593936426596	0.49600511693899396	0.24602107602966505	0.18607691324519238	0.3304338434327903
0.818321667869599	0.49000449504542476	0.2401044051647217	0.1899203998630825	0.3350266638500031
0.822420931531882	0.485796057309276	0.23599780929723735	0.18803929108463757	0.3285239488505916
0.8139844501083646	0.500933592936578	0.25093446453234924	0.1898146023255537	0.34060978520307483
0.8074293646307815	0.5025392271069602	0.25254567478126094	0.1854887139579342	0.33901701958233754
0.8147826438127104	0.4989300951763809	0.24893123987271248	0.18927698452927388	0.33588835795088773
0.8199994692286852	0.4875623258170511	0.2377170215561323	0.19175811014467037	0.3315280549314503
0.8185575582072266	0.48842818857517184	0.23856209539482362	0.187755267517148	0.3315929591773439
0.8062815212614919	0.5073460713573579	0.2574000361217452	0.1865833155349319	0.33741725497998876
0.8102584301406617	0.5021834190150951	0.25218818633369056	0.18297855126673657	0.3312914774536213
0.8177462917409917	0.4863180317195596	0.23650522797558657	0.18891036574926834	0.3294679244930046
0.8146855490311518	0.49267802910810177	0.24273164036584355	0.18653015280930052	0.3333744891669898
0.8205434885556192	0.4853528325290646	0.2355673720439862	0.18980867019050085	0.33009746733810247
0.815371622913285	0.5004328921488419	0.25043307954445443	0.19060709741905923	0.33843675501845927
0.8111698940746195	0.49729129624421264	0.24729863332024923	0.18626655793176783	0.33579458477759183
0.8176951594404653	0.4890842385389896	0.23920339238726326	0.18498620860130477	0.32700374091683704
0.8114024153764635	0.4979586219375457	0.2479627891619396	0.1899390084002679	0.33465617397092373
0.8238357283102229	0.4844557768839135	0.23469739975619616	0.19650959570792648	0.32999088508696983
0.8129276254295121	0.5010281063060916	0.25102916330866826	0.18831693005825956	0.3375299596157168
0.8250523957798184	0.4822436929525001	0.2325589793924652	0.19349214661657832	0.32941221252407493
