r2	rmse	mse	oob	mae
0.8165165287437882	0.49693240433865793	0.24694181448179942	0.19352319219003267	0.3382291703361312
0.8170427377785865	0.4963605323174163	0.24637377804242885	0.1912724831945678	0.33349071794915064
0.8059068715145297	0.5140437909362344	0.26424101900009506	0.18791338104650523	0.34446890343909
0.8096560262930691	0.5002358394004817	0.2502358950207045	0.1907686359282046	0.3374804730797632
0.8100605098388423	0.5007316896288385	0.2507322249985514	0.18974261272653636	0.3412246028083691
0.8170988048814543	0.4873043405951038	0.23746552036282892	0.19342745142733853	0.3336866317524685
0.8172338064931729	0.49326181218713033	0.24330721536213182	0.19407576957920647	0.3351457926399855
0.8219841825727296	0.48874715735569135	0.23887378382326893	0.19575025303538907	0.3330519582017374
0.8185539437437198	0.4898729790251063	0.23997553557893225	0.19034725408762132	0.3348491317622699
0.8120478944151623	0.5006394672374079	0.25063987615575567	0.1916898587508803	0.33852190080474437
0.8135285326548217	0.5013421854114211	0.2513439868730997	0.19104356649805465	0.3361587110072904
0.8114367928482267	0.4986747634390754	0.2486765196910178	0.1878131251719044	0.3378056886648205
0.8117833236455759	0.5035122764620602	0.2535246125480061	0.1906867606075593	0.3378195627178091
0.8194494008013438	0.4873500630218053	0.23751008392735756	0.19164762794379286	0.3337878319816898
0.8107257001543703	0.5017764471514903	0.25177960291597234	0.18856993907833575	0.3406719250245247
0.8064805758420732	0.5048946805610016	0.2549186384587959	0.19018658537328337	0.3400021665425115
0.8267484656333894	0.48190873265801926	0.23223602661205825	0.19609095903894425	0.33302514939934524
0.8190880643154701	0.4948933270835407	0.24491940519181643	0.19200192032158747	0.3363836248106222
0.8093468502935839	0.5090527718163671	0.25913472449392627	0.1881807583242625	0.3405832698522494
0.8076446122777128	0.513562889773327	0.2637468417523304	0.19399219920008592	0.34490556824958646
0.7993100529281354	0.5092491604244119	0.25933470739296843	0.18169786142357114	0.3425994703546155
0.8210316851671249	0.49483364171140914	0.24486033296937523	0.19275795997671286	0.33189939626719117
0.8228868634995136	0.48797660115140695	0.2381211632712793	0.19470724656732785	0.3339609431623171
0.8097957217263203	0.5050213169961568	0.2550465306205327	0.19223053267811652	0.3434910643880692
0.8130203164399347	0.5004211369888562	0.2504213143452195	0.1894028411792198	0.3373633694440619
