r2	rmse	mse	oob	mae
0.6883430270844918	0.6444664176596049	0.4153369634910043	0.322901651343259	0.4815673590148992
0.676104929466041	0.6590774585872518	0.43438309641783057	0.3224640343741201	0.4837078827196
0.682847759248341	0.6488335220982759	0.4209849393984539	0.32516658071213533	0.4825055208636277
0.6752349852777104	0.657945729253993	0.43289258264356856	0.32406443965705933	0.4860066696112506
0.6725243657859553	0.6534113955762922	0.4269464518689578	0.32178371002820916	0.48991259513036994
0.6772773874178584	0.6512014445043565	0.4240633213245605	0.33077448762609696	0.48178013431797573
0.6774085031295135	0.66095962678402	0.4368676282384709	0.32666461647684364	0.4932830236056307
0.6899220031118849	0.6326875856767386	0.40029358106946034	0.32548809254968325	0.4710627317917544
0.6760840417728569	0.6653273983554244	0.4426605470023976	0.33352471404416295	0.4914211751311603
0.6883496083809482	0.6440193188777474	0.4147608830877577	0.3286685185964302	0.4798205791588225
0.6800501900597946	0.6496466844513846	0.42204081461867693	0.3338591734389962	0.48427318785309825
0.6726952019998728	0.6590591295406405	0.43435893623086674	0.32452548848061646	0.49149059006192763
0.6870393666057462	0.6473438794331924	0.4190540982396155	0.3246053082868561	0.4839314758593673
0.6766120805784334	0.6611994604697128	0.4371847265254393	0.32189278961456425	0.4885585924750247
0.6742443390301336	0.6515485660793817	0.4245155339600985	0.32267550583056215	0.4859093049448784
0.670320242309814	0.6686271253025519	0.4470622326903544	0.32539953115611864	0.49435904600399666
0.6853257040359007	0.6469144423412037	0.41849829570963054	0.3242683895738865	0.48261717750712885
0.67806095589717	0.6561530413451641	0.43053681366650864	0.3265432864104396	0.485955975463148
0.6686955258998616	0.6659898076691457	0.44354242391918575	0.33239925963948447	0.489849846280021
0.6873443130116061	0.6336318718189871	0.4014893489848333	0.3280178286064037	0.4722914012458814
0.6667809867927477	0.6567898232442613	0.43137287191722795	0.32742913405061436	0.4893483323219502
0.6745232564206525	0.6527940193015626	0.4261400316358888	0.32504434513692737	0.4861411130813866
0.6722638057824818	0.6598817047642874	0.43544386428262216	0.3197049736512668	0.4860541671868899
0.6772524363693009	0.6475136197795086	0.419273887799962	0.3318623179264619	0.4822278364498195
0.6668729851936132	0.6706930242621193	0.4498291327938677	0.326839464113023	0.4970598571315563
