r2	rmse	mse	oob	mae
0.8100172266553322	0.5002454337389991	0.2502454939767193	0.20041964243137067	0.34539359137285036
0.8005316492773484	0.5153860052575506	0.26562273441533596	0.19617404632809754	0.34792353748458044
0.8031758277196729	0.5125245212104793	0.262681384842031	0.19936958221429069	0.3494466463833694
0.794859758605814	0.5215944414593127	0.27206076136125235	0.1995616155626636	0.3553642189001532
0.7969971341536001	0.516271108911649	0.26653585789686374	0.19693618532761037	0.349865073722147
0.7993657821212271	0.5229643605683647	0.2734917224246786	0.20160517002449796	0.35861260124714206
0.7995050421538386	0.5081645765670031	0.25823123687752153	0.19767160465629718	0.3518084215495656
0.8038697912770747	0.5134062491980225	0.2635859767155819	0.20178549196937678	0.3516739340601874
0.809025940284836	0.505974136268295	0.25600982657244714	0.19987708711382268	0.3500706364087025
0.7995338991034711	0.5128161143990277	0.26298036718731665	0.1976330714976331	0.3487824075830104
0.8029866873725275	0.5123188400718937	0.26247059389261057	0.2027066045346504	0.354919809461996
0.8003822981884938	0.5142219860292987	0.26442425091591626	0.19789321427186968	0.3518924025843433
0.8021741872614676	0.5085556159042001	0.2586288144677003	0.19617755799156344	0.3553288769304934
0.8001032192471456	0.5171510885144884	0.2674452483517203	0.19881531861004276	0.3541847372043764
0.8080705354806708	0.501995807445256	0.25199979069261447	0.20106117383934896	0.3478362118234829
0.7926300044236207	0.5277408139342613	0.27851036669199664	0.1968518244979528	0.35964863493883437
0.8030157069626778	0.5185156546912425	0.26885848415988783	0.20097133737034079	0.3556392664804446
0.8004067381759307	0.5190480913002546	0.26941092108243747	0.19695424141055984	0.35281870009557564
0.7922114250969212	0.5231590235276751	0.27369536389843047	0.19595337719495554	0.3550122130352977
0.7999495860183851	0.522903375204298	0.2734279398000468	0.19736847085521636	0.355144855100272
0.8110799348167934	0.5035741209673676	0.25358689530805706	0.20435691380219656	0.35122936154281276
0.8059969213902909	0.508949191032888	0.2590292790530312	0.20157735364538532	0.3519784364365352
0.8012530569868297	0.5157820610053039	0.266031134454879	0.19758919545146336	0.3525327181046036
0.7973993003184601	0.5125407968747937	0.2626980684610485	0.19567765860678576	0.3432537743986379
0.8007329122382365	0.5213545085634386	0.2718105235994246	0.19960401586802878	0.3531842097972667
