r2	rmse	mse	oob	mae
0.8132742281616465	0.4983758976083912	0.24837853531696963	0.18428053851457793	0.3355022076766052
0.8146736968751138	0.4957941157330597	0.24581180519552662	0.18835392426493103	0.33233767284446186
0.8040104310966734	0.5122600539173111	0.26241036283936653	0.1826255074536357	0.3411584127005436
0.810336758227554	0.5001462059692212	0.25014622734540665	0.18603251939632248	0.3344712066361382
0.8122690498633622	0.5022753754582074	0.2522805527916832	0.18514332153153867	0.3366354408577368
0.8082796610190064	0.5098022235172003	0.2598983071030814	0.18421073845511482	0.3412137978657511
0.8128710343132682	0.49819214997394273	0.24819541829565944	0.1890338271659715	0.33390103551040246
0.8155309071440696	0.49460307402300085	0.24463220083300208	0.19018950329575257	0.3357090939744133
0.8171578945802487	0.4954169729668823	0.2454379771036686	0.18819652309034263	0.33235513536388755
0.8094334781517076	0.5074632023712126	0.2575189017608462	0.18539990091789438	0.3389092907197201
0.8104595056582176	0.496452734094878	0.24646531719027964	0.1864915127344675	0.3330933649343486
0.8196264883030829	0.49247468554846097	0.24253131590605553	0.1890096740235352	0.3315418039853974
0.8150345083903923	0.49047445360268527	0.24056518963685267	0.18632405933745655	0.3265672948223913
0.8208036162350605	0.4929438565964229	0.24299364575615479	0.19097060145115463	0.3295328276489808
0.8175898594073061	0.4911751759529201	0.241253053472382	0.18852805958711483	0.33219176730462185
0.8100047323113002	0.5113139749767978	0.2614419810065734	0.18916695244463544	0.3438962072657618
0.8151919294816985	0.4940990908332898	0.24413391156228353	0.1872319235154154	0.3350298736805759
0.8138000047779284	0.4893173645865061	0.23943148328588373	0.1861888527694915	0.3338634915237422
0.825208707474412	0.4778345250367432	0.22832583331708994	0.19492192196217295	0.3278360742169238
0.8176586621599982	0.4943343755246492	0.24436647482534488	0.18980314267547138	0.3316242917247482
0.8211235235541348	0.48890147108494997	0.23902464842902818	0.18929272429839206	0.332612647044991
0.8106470394517242	0.5038429229366334	0.2538576909933302	0.18530318534197665	0.337888967965079
0.8109450304324048	0.5065484613806137	0.25659134372706716	0.1897722468476588	0.34388548404198316
0.8165587438527067	0.4930824492354844	0.24313030174406405	0.19046496030633442	0.3368384258176339
0.8211059435170616	0.48948744100930275	0.23959795490583563	0.19135858827286545	0.32996534454661813
