r2	rmse	mse	oob	mae
0.8099117260678923	0.5028536173120707	0.2528617604438344	0.1866265627447622	0.340267380239365
0.815033700375465	0.5027795673229194	0.252787293317422	0.18886924702984986	0.33828719578869065
0.8184838495489015	0.49802078891203816	0.24802470618856887	0.19003617480942792	0.3338052206093686
0.8134919561837713	0.4935670073806452	0.24360839077468588	0.18651702960867755	0.3310770492254529
0.8150910042819335	0.49947204951106355	0.24947232824278232	0.18483779200225792	0.33253567256282696
0.8201998412622062	0.4941917283606884	0.24422546438012446	0.1913637813325384	0.3323340974150876
0.8050497448755615	0.5112414062701514	0.26136777548508194	0.1816912123805805	0.34149623246416294
0.8229720776400331	0.4887112009224669	0.23883863790707982	0.19206172714678527	0.3306687427248732
0.8173034558235373	0.49035458996555686	0.2404476239002894	0.18823962144023776	0.3332093866407944
0.8229590908000393	0.48506772843581364	0.23529070116988024	0.18895640322453022	0.33002949163469186
0.8162264199071187	0.4913426810780496	0.24141763024896598	0.1882074912891405	0.3339472152285808
0.810973819434758	0.5036429633371846	0.25365623451906066	0.18408894267730702	0.33780592626372463
0.8058859156979072	0.5065234399029914	0.2565659951711594	0.18164131872911937	0.34044927985092105
0.8256356576142472	0.47943468511965104	0.22985761729577894	0.190105344977905	0.3267969937077915
0.8173862222249287	0.4990065424268326	0.24900752938478232	0.1842685075509004	0.33456310239376663
0.8109487184860817	0.5011725404457718	0.2511739152968688	0.1853554085143494	0.33724859480839586
0.8118058511465391	0.5094284813565166	0.25951737761720683	0.18727771809087423	0.33925699139072907
0.8126563016509408	0.4985349027939106	0.24853704930373388	0.18328596575584866	0.3327697155633054
0.8168514440750207	0.49165792775935985	0.2417275179286279	0.1828436091989224	0.32830505889413786
0.8155858371108392	0.49438446040180023	0.24441599468677916	0.1858980907599077	0.3352424809038735
0.8219786501951625	0.4830661276592866	0.23335288369173815	0.18727873148186625	0.32907246179431654
0.8141622240739808	0.5030205206477526	0.25302964419273605	0.18545070215109694	0.3378462771842733
0.8196410836690753	0.49073486423434565	0.24082070697510166	0.18822889018011435	0.3295227854413701
0.8204540768889482	0.4863818091711152	0.23656726429256708	0.19075930468348568	0.32633008589469253
0.821904375520274	0.4819027490471045	0.2322302595391566	0.18678610046879363	0.3250371731460671
