r2	rmse	mse	oob	mae
0.7342980388742576	0.5994101237179335	0.3592924964155482	0.26307137958325555	0.4335793211807169
0.7244536301319657	0.6062296539694986	0.367514393351978	0.25851601888782405	0.4351355609490647
0.7412551568326862	0.5846963094542745	0.34186977428944876	0.2622603674399935	0.42576522034552455
0.7415625754482892	0.5974039589336407	0.35689149014958704	0.2654942978858763	0.4308908614747945
0.741424866697308	0.5919970584686877	0.35046051723557886	0.2634323610405078	0.42975629521740943
0.7418856536545162	0.5857726121568703	0.34312955315308313	0.2589101710829358	0.42306935827455705
0.7391668897031161	0.5833892829833045	0.34034305549977417	0.2606703254530648	0.4184712756593253
0.7371100446470396	0.5940235898028571	0.35286402524227295	0.25903326532804705	0.42807140689666584
0.7369380250778885	0.5923469893921687	0.35087495584196593	0.26259409362611263	0.42544142999173307
0.7386626422947578	0.5855765454126212	0.34289989053737957	0.26216688099970553	0.4239843770590628
0.7242113722029013	0.6031788861088404	0.36382476864750146	0.25605734018777515	0.43049276603442604
0.735082090722742	0.5858648579934823	0.3432376318317232	0.25970572970968975	0.42416760381896035
0.7398180868045827	0.5791916904711347	0.3354630143108107	0.25961819042036605	0.42002346255286577
0.7297302636745446	0.597280688630014	0.3567442210103438	0.2626063492276065	0.4327111189059713
0.7450538186622396	0.5867607111762569	0.3442881321800668	0.2670450896611474	0.4269752472715039
0.7326669475079949	0.5881443552551511	0.34591378261849737	0.2580640255536387	0.4262361606498277
0.7328506364239777	0.6081575725657509	0.36985563306906655	0.2647908442615503	0.4344771565572281
0.745396082903894	0.5794213969861507	0.33572915528538244	0.2646078449429312	0.42506090015528053
0.741214837644254	0.5864141352766642	0.34388153805227784	0.26054813981999814	0.4247415199036505
0.7370810264794097	0.6036865326288557	0.3644374296774506	0.26488894848697586	0.4308728744350033
0.7406899445765384	0.5865584572420524	0.3440508237621766	0.264901374275623	0.42596731157384676
0.7273944111143156	0.6079672143234678	0.3696241336922374	0.26268574541035994	0.4352014463666999
0.7437425845734288	0.5823208387081946	0.3390975591938152	0.2651880999946652	0.42316393229179544
0.7363123695808924	0.5935886697815898	0.3523475088930772	0.2594395339363147	0.43106998428109067
0.7391913492729145	0.5928638117950797	0.3514874993361918	0.2609069364957194	0.42687026713738996
