r2	rmse	mse	oob	mae
0.7940994874432561	0.5182414671438387	0.2685742182673984	0.22214143985117707	0.36020623476712077
0.78836564882106	0.530806388384725	0.28175542195003556	0.2236888972098966	0.3718816256435244
0.7842140013817723	0.5319197855574492	0.28293865826748277	0.21836113791285583	0.37234216449527796
0.7875472167363947	0.5322776589565145	0.2833195062242275	0.2233663152530404	0.36966342642411343
0.7919442744287617	0.5276132092716216	0.2783756985979	0.22728361642144723	0.3703544736237188
0.7834231683431859	0.5310956077085692	0.2820625445273344	0.22813211411673318	0.37256919009643136
0.7895150736487722	0.5360276088757001	0.2873255974770005	0.230567574477194	0.37360419281672724
0.7769511686494202	0.5457696069981411	0.2978644639229054	0.22372523189560822	0.38165003785180457
0.7872291104918931	0.5323301819925357	0.2833754226602061	0.22075786919505158	0.36576615094659604
0.7779359493281383	0.5421300691919752	0.2939050119220957	0.219179695646726	0.3727929594365303
0.7813711283756275	0.540160438308932	0.29177329911409755	0.22246597376759325	0.3770379685615714
0.7778992639986239	0.5372480507808762	0.288635468067851	0.22337833561663734	0.37314341577856114
0.776203530522575	0.5516982975620421	0.30437101153285556	0.22525228662753372	0.3851371992154406
0.788286699995135	0.5333558784341673	0.2844684930602823	0.22972590555546768	0.37586789480218935
0.7738840563682619	0.5435144215517625	0.295407926434747	0.22226992228736053	0.37643769011387485
0.7877813828524354	0.5318402332001152	0.2828540336503529	0.22511131008697927	0.372519956102075
0.790065217691571	0.5242495874688472	0.27483762996125644	0.22759576400862147	0.3693879597318111
0.7779570004954479	0.5461402409196707	0.29826916275179594	0.21837021876298823	0.37614131052492117
0.7827287547105908	0.5459544204488032	0.2980662292075886	0.2331593653245818	0.3826663501972839
0.7941451708886827	0.5220608918159338	0.2725475747636482	0.22538461888165873	0.3659630939382494
0.7862175392833117	0.5359253208205929	0.28721594949665535	0.22621444516379352	0.37236960681422127
0.7777665280998354	0.5474100975158709	0.2996578148623352	0.22534894202072775	0.3831369905226086
0.7857156330220573	0.5314232256689108	0.2824106447803501	0.2273965236157729	0.37399461683373836
0.7830144348613781	0.5371308552606514	0.2885095556730388	0.225954146987977	0.3755550703961812
0.7756859289623423	0.5372122332085816	0.2885969835089514	0.21944062584014223	0.37580449393738463
