r2	rmse	mse	oob	mae
0.7773520169964006	0.5379260615150911	0.28936444765713765	0.21890233175544227	0.37646322542535676
0.7882939960834758	0.5298545356257546	0.280745828923184	0.21929462077441786	0.3704329126019486
0.7919537294697281	0.5182626562176553	0.2685961808297796	0.2238222391349971	0.36508483409362946
0.7865353894712126	0.5342890299771113	0.28546476755388245	0.21854536256131218	0.3728990776848128
0.7846396347709295	0.5367843300803428	0.2881374170198024	0.2220207900723865	0.373051763440714
0.7772708454969222	0.5518216458045329	0.30450712877842334	0.22033595300560305	0.38239886105280807
0.7782455902481353	0.5390985628093027	0.2906272604230557	0.21903664477487006	0.3754490794291026
0.7834411747000625	0.5412358010873476	0.29293619237866286	0.21745944792287886	0.3689134191046278
0.7895131489488848	0.5245120454836846	0.27511288585747884	0.2132752644578969	0.36691887632577874
0.7839074409382313	0.5354187274567309	0.28667321371138504	0.22557395292444393	0.3784395456236953
0.7756111107675995	0.5465900719666517	0.2987607067725095	0.21638451361578137	0.3776088687105298
0.7937089892713967	0.5200091697388144	0.2704095366124511	0.2199209236521804	0.37090655475336437
0.7916426983045761	0.5365772564842161	0.2879151521761282	0.21558813133487265	0.36996581020197455
0.7911484601642984	0.5208921431166967	0.2713286247607053	0.21481327751389934	0.3668213624994135
0.7905753152311543	0.5297052626385267	0.2805876652669505	0.22324296517752806	0.3721451206817658
0.7797585830906263	0.5416824727521051	0.2934199012868351	0.22140995162472465	0.3813147140398094
0.7885878639591432	0.5243400157579412	0.274932452125038	0.21951057669453133	0.369755354458152
0.7789623263216482	0.5438131079245357	0.2957326963505427	0.2222209973111	0.3788063819901436
0.7756395399686722	0.5438207001990346	0.29574095396496825	0.2200086688102889	0.3812226209258727
0.7794067036931531	0.5397662353715003	0.2913475888471218	0.21949360918030436	0.37485639154128214
0.7850456646821743	0.539177029330856	0.29071186895804674	0.22573523878648083	0.37780307737233165
0.7774519408206279	0.5511872596272369	0.30380739517538313	0.2195121587521689	0.3802343672351763
0.7814215243521943	0.5330742006104933	0.28416810335651643	0.21775792592058119	0.36658689017455454
0.7777826145224995	0.5343019970371522	0.285478624037889	0.2166142802052874	0.3718838451906107
0.7751402575531422	0.542489864341245	0.2942952529129825	0.22042799485891196	0.37565826327144436
