r2	rmse	mse	oob	mae
0.8067599869251862	0.5114193398681964	0.2615497411912218	0.20290381725078	0.3481168694965753
0.8101366040202888	0.49908258831971164	0.24908342996390279	0.19601627767129703	0.33979352076086994
0.8139167480669754	0.49728299168184825	0.24729037381604915	0.19830847577189803	0.33865945155555566
0.8062817756903023	0.5048632048255438	0.25488685558671903	0.19670786013226427	0.34032082354042237
0.8027792454868464	0.507836066402446	0.2578974703391096	0.19484553107589453	0.3410441459747588
0.80032590313391	0.5079502538224011	0.25801346035824174	0.18893898745229742	0.3362871165671655
0.813841936895132	0.5041630868437208	0.2541804181357891	0.19694828948148468	0.34278978566071966
0.8123792197783534	0.4922386370921662	0.24229887584635332	0.19677524184109818	0.337553157248383
0.8019387666020048	0.5124424013647141	0.26259721471643477	0.1983458571296406	0.34986343317918017
0.81086424542316	0.49635138866955164	0.24636470103419233	0.20121903324628532	0.3385263867817941
0.8190866912204343	0.4893476844137783	0.23946115624112677	0.1981114105662687	0.336210575328736
0.8143380698610547	0.4963629563747319	0.24637618446106396	0.1957454860895005	0.3421616927984649
0.8054787535442395	0.505631125102503	0.255662834672423	0.19794437995328706	0.34170017810022046
0.8044448893366394	0.5089852453032894	0.25906597993644964	0.19300584962499912	0.34518326671036953
0.8066194862588805	0.5099810314035075	0.26008065239138534	0.19563790576518625	0.34752213649386277
0.8139585566279616	0.4983893689457175	0.2483919630781105	0.19879114141529752	0.33983740837739773
0.8090598543472185	0.5083965688158949	0.258467071183775	0.19981609156407576	0.34148864576793814
0.8026529241575031	0.5156415065676975	0.26588616329540476	0.1965764590581347	0.3458909742543163
0.8056397520488404	0.5111629122230832	0.2612875228323835	0.1949470616818969	0.3448659470659955
0.8054579041808624	0.509738569974324	0.25983340971946883	0.19335081428287848	0.34555502600121
0.806747486711487	0.5032618733602277	0.25327251317804583	0.19281125382241726	0.3420447615663232
0.8117165739999901	0.5066959000919387	0.25674073516997986	0.1958585917772815	0.3397931136269421
0.8171735825168749	0.48205434274181536	0.2323763893562436	0.19748527387173742	0.33044870747450833
0.8103175580730237	0.5046879991202535	0.25470997645600507	0.19789186945638026	0.3450164795921788
0.8069182161336189	0.504316106020655	0.25433473479183655	0.19447010265396958	0.34714887622868656
