r2	rmse	mse	oob	mae
0.8008069741109987	0.5172503848917955	0.26754796067071057	0.20112416356432583	0.35085833730464855
0.8051660051313961	0.5139687267306084	0.2641638520570828	0.20164114888367568	0.34877998835771157
0.7979639497328862	0.5038702550642858	0.2538852339385485	0.1935458202701732	0.3426240272599586
0.8113351628550312	0.5033935942188066	0.2534051107005285	0.2054992107538557	0.345253712055329
0.8110025770137824	0.4986098589062336	0.2486117913984942	0.1979605581847932	0.33739268405279405
0.8067602502641568	0.5002169201493561	0.2502169672037074	0.20322091894288696	0.34271941494586194
0.8055374848761422	0.5067323821960211	0.2567777071660544	0.1968328856003969	0.3450094283895385
0.7890645955273602	0.5255282345999001	0.27617992536168756	0.19587175108989774	0.3538599422804819
0.8096993179573582	0.5066751648769886	0.25671972270312354	0.20058847390156365	0.34788649599747856
0.8017301355650068	0.5113122220027736	0.26144018836941363	0.19876211354318285	0.34669216535175457
0.7995974813239726	0.5173142776543795	0.26761406186507253	0.20039135100899885	0.3544320235100315
0.801455316817732	0.5140572061918475	0.26425481123776756	0.19862165260925813	0.3505990916650299
0.8123461871211022	0.5061681966814853	0.25620624333178676	0.20130606909696658	0.3448930602912424
0.8058835596785637	0.5170104190486582	0.2672997734048691	0.19832841641726673	0.3495894304353831
0.8135860952241488	0.4979003299366432	0.24790473855101813	0.20260613927959448	0.33848277052920495
0.8017637446929784	0.5111010433499804	0.2612242765134386	0.1944262321735558	0.3476683139701491
0.796687716080474	0.5235094817213902	0.2740621774521986	0.19471775449378803	0.3537805104840267
0.8014405211694413	0.5122727034530821	0.26242332270312935	0.1979481214829395	0.34726235481459683
0.8052042336785464	0.5078512778030813	0.25791292036622243	0.19887882498863318	0.3472128876082032
0.8096095709892597	0.5062062727604637	0.256244790582041	0.1944540090351422	0.3398403321810242
0.8094638346790107	0.5064285205120749	0.2564698463880491	0.19873457860784605	0.34456996568985365
0.80122571336755	0.5146850157701618	0.26490066545833174	0.1982269637326377	0.3487817291678765
0.7989774276262722	0.5272129767475286	0.27795352285099023	0.1991665433939881	0.3596241491215018
0.8033675178002843	0.5156405635145891	0.265885190741643	0.19546481337478372	0.34835656248597835
0.7986156618371226	0.5133141520377881	0.26349141868227344	0.19944795154323258	0.3455715733607597
