r2	rmse	mse	oob	mae
0.3798615489503001	0.9103297532771757	0.8287002597016836	0.6225247643968608	0.6995256945323944
0.34574189877359796	0.9368100952444721	0.8776131545519569	0.6474562846266567	0.727381126060904
0.379451123555564	0.9186105194676119	0.8438452864765558	0.6282527230535597	0.7108015044340231
0.36389840729552625	0.9257776201735018	0.8570642020141127	0.6296884876224975	0.7098293411036275
0.3861671178960727	0.8978851197743124	0.8061976883121313	0.6184017899311534	0.6930470884885703
0.3759651569823541	0.901801695588935	0.8132462981670782	0.6161426721772784	0.6973096897027523
0.3642859065936144	0.9254116730906676	0.8563867646924687	0.6335480946710876	0.7156760728933995
0.3616827041889483	0.916232452068145	0.8394819062228056	0.6302404433491746	0.7051216545252872
0.36032818940223743	0.9300329527885269	0.8649612932725464	0.6553618410468377	0.7204602422225513
0.35324731478223714	0.9405331972283294	0.8846026950885435	0.6392669925212587	0.7211540768824971
0.3638927814220786	0.9313042223843551	0.8673275546309283	0.6248183359261097	0.714199683722582
0.3867991762107076	0.8993250239049706	0.808785498621676	0.6240124325750099	0.6982459499005373
0.3634864886424525	0.9120084554124721	0.8317594227438432	0.6384608210458127	0.7029830362054313
0.39123631601924036	0.899872203377888	0.809769982412175	0.6109230380543395	0.6876514174510011
0.38320311441419797	0.9038038121538136	0.8168613308637659	0.6174470064027504	0.6958245189955483
0.35863733514710816	0.9321571325759515	0.86891691981222	0.6400582289716237	0.7165485317540038
0.37137683886876516	0.914800853723389	0.8368606019730415	0.627250086141045	0.708240543299342
0.34801435240261114	0.9325016742348542	0.8695593724508062	0.6546618738169697	0.7244157883043654
0.3675941042455444	0.9163324942889784	0.8396652400898608	0.6297600719477137	0.705462651833962
0.3699142028287691	0.916952516697428	0.8408019178777472	0.6291236730046277	0.7049277587798253
0.38935931403717283	0.900964657583735	0.8117373142149769	0.6218361520231399	0.6963843526151338
0.36859129222821996	0.9264933688121341	0.8583899624528571	0.6378763400990612	0.7137936743365704
0.3794924022189581	0.912313856029458	0.8323165719033387	0.6245587754828801	0.702420969718895
0.3785199593943821	0.9115746420165342	0.8309683279675725	0.6237186502205805	0.6982538205019314
0.3569382224473254	0.9180949996212577	0.8428984283295572	0.6535188725843213	0.7160994777597166
