r2	rmse	mse	oob	mae
0.7882175415265715	0.5332765234973328	0.2843838505134013	0.2197571589167604	0.3742698550485448
0.7777289846105186	0.5435201883702174	0.29541419516599665	0.21476871139310083	0.3781439899105485
0.788442817051035	0.5317204063114412	0.2827265904880042	0.21914780772161047	0.3697510748168943
0.7891482962287653	0.5284266512689674	0.2792347257713349	0.21861706725889718	0.36917996710983964
0.7950181242329334	0.525852948600271	0.2765213235515992	0.22305108800626638	0.37198359539820125
0.7779709510357412	0.5369701350517849	0.28833692593753213	0.21326586342152443	0.37302637438688
0.788999292089335	0.5276678963711772	0.2784334088607833	0.21378361005016766	0.367184019267128
0.7858834494712835	0.5386586060052967	0.29015309382356946	0.2176736582721983	0.3766452750409019
0.7868726177495575	0.5315809245199166	0.2825782793134492	0.2202397388289702	0.36954786950567425
0.78113082196283	0.5422221631446422	0.29400487420525495	0.21799321818182538	0.37969619605486665
0.7831115501740475	0.5348519462498544	0.28606660440725723	0.21713003338489067	0.37229803398018363
0.7849154609721752	0.5341712267801655	0.28533889951982694	0.2157673808916114	0.37318480318175057
0.79150780065914	0.5278631643529275	0.27863952028068567	0.21622403905745835	0.3693391496680102
0.779693840210679	0.540255952279877	0.2918764939738367	0.21705866104053828	0.3750542081323576
0.7812269064181243	0.5491515118656018	0.30156738298427627	0.21247118109943042	0.37930683373599716
0.7802397222117456	0.5514112802931859	0.3040544000345704	0.21889688189210565	0.3800278464859268
0.793208008843179	0.5255510684800433	0.27620392558051515	0.21655674336494324	0.3690399429390074
0.7804159627446626	0.5434178311519349	0.2953029392138728	0.21634226782742538	0.3774844530660648
0.7788631760912235	0.5421129568733986	0.2938864580100192	0.2135995802404269	0.37827942860846864
0.7839399201239214	0.5306232829156362	0.28156106837216727	0.21686895500917358	0.3717167957372488
0.78172815229205	0.5278470470219063	0.2786225050497466	0.21899775337715965	0.3687112097044722
0.7793195220368563	0.540130162691299	0.2917405926489291	0.21777982734976475	0.3759873104573646
0.779214358837081	0.538089268620551	0.28954006100459945	0.212886060094587	0.3746482350023525
0.791596114213727	0.5301929515101137	0.2811045658310058	0.2178676429278148	0.3720180888087045
0.790927355322679	0.5276766196143554	0.2784426148876331	0.21632774278060063	0.37033526914687454
