accuracy	precision	recall	f1	oob	confMatrxVars
0.9542157751586582	0.9548076686140458	0.9542157751586582	0.9541952156706726	0.08511465215701519	377,0,0,0,0,2,0,377,33,0,0,0,0,21,378,0,0,0,0,0,0,357,1,6,0,0,0,11,290,15,0,0,0,8,4,326
0.9505893019038985	0.951358937501882	0.9505893019038985	0.9506293254344176	0.08394869801787797	404,0,0,0,0,1,0,334,39,0,0,1,0,18,406,0,0,0,0,0,0,366,6,11,0,0,0,3,278,15,0,0,0,2,13,309
0.9533091568449683	0.9534696640254852	0.9533091568449683	0.9533110281272106	0.08122813835989118	412,0,0,0,0,0,0,345,21,0,0,0,0,28,374,0,0,0,0,0,0,370,7,10,0,0,0,11,292,11,0,0,0,10,5,310
0.9546690843155031	0.9549585339673685	0.9546690843155031	0.954684043597311	0.08200544111931596	403,2,0,0,0,2,0,351,36,0,0,0,0,23,391,0,0,0,0,0,0,347,5,7,0,0,0,8,295,9,0,0,0,3,5,319
0.9524025385312783	0.9535258410990481	0.9524025385312783	0.9523745461711037	0.08317139525845318	407,1,0,0,0,1,1,357,54,0,0,1,0,22,364,0,0,0,0,0,0,357,1,10,0,0,0,6,320,3,0,0,0,1,4,296
0.957388939256573	0.9578421757592401	0.957388939256573	0.9574018672631516	0.07909055577147295	422,1,0,0,1,0,0,365,24,0,0,1,0,31,374,0,0,0,0,0,0,338,2,12,0,0,0,11,290,8,0,0,0,2,1,323
0.9474161378059837	0.9476253440466564	0.9474161378059837	0.947393265826835	0.07500971628449282	444,0,0,0,0,0,0,341,42,0,0,0,0,27,369,0,0,0,0,0,0,343,7,7,0,0,0,8,274,11,0,0,0,4,10,319
0.9496826835902086	0.9497744803696726	0.9496826835902086	0.9496583434011634	0.08511465215701519	405,0,0,0,0,0,0,389,31,0,0,0,0,33,366,0,0,0,0,0,0,340,4,6,0,0,0,11,273,9,0,0,0,10,7,322
0.9483227561196736	0.9485285723773635	0.9483227561196736	0.9483504016283142	0.0757870190439176	422,0,0,0,0,0,0,366,36,0,0,0,0,33,393,0,0,0,0,0,0,334,5,9,0,0,0,5,276,14,0,0,1,5,6,301
0.9505893019038985	0.9506071986077311	0.9505893019038985	0.9505934917622157	0.0862806062961523	455,0,0,0,0,0,0,347,33,0,0,0,0,31,351,0,0,0,0,0,0,348,8,8,0,0,0,9,295,6,0,0,0,5,9,301
0.9465095194922938	0.946626264180447	0.9465095194922938	0.9465069630610661	0.08453167508744652	443,0,0,0,0,0,0,327,31,0,0,1,0,37,396,0,0,0,0,0,0,342,6,10,0,0,0,14,295,8,0,0,0,3,8,285
0.9546690843155031	0.9548030119303103	0.9546690843155031	0.9546606317236953	0.08297706956859696	412,0,0,0,0,0,0,366,28,0,0,0,0,37,371,0,0,0,0,0,0,356,4,6,0,0,0,9,293,7,0,0,0,5,4,308
0.957388939256573	0.9576645774838155	0.957388939256573	0.9574107862976793	0.08258841818888452	433,0,0,0,0,2,2,357,29,0,0,1,0,22,396,0,0,0,0,0,0,360,2,14,0,0,0,4,262,7,0,0,0,4,7,304
0.9483227561196736	0.9482854896806043	0.9483227561196736	0.9482635142831571	0.08181111542945974	410,0,0,0,0,0,0,313,41,1,0,0,0,34,413,0,0,0,0,0,0,370,7,10,0,0,0,4,287,4,0,0,0,8,5,299
0.9551223934723482	0.9555721670512807	0.9551223934723482	0.9550911954741943	0.08589195491643997	422,0,0,0,0,0,0,350,39,0,0,0,0,18,392,0,0,0,0,0,0,357,7,6,0,0,0,9,270,4,0,0,0,10,6,316
0.9601087941976428	0.9605037743750783	0.9601087941976428	0.9600991596849133	0.08297706956859696	399,0,0,0,0,1,0,364,36,0,0,1,0,17,379,0,0,0,0,0,0,362,7,4,0,0,0,4,276,7,0,0,0,5,6,338
0.956482320942883	0.9570322332484863	0.956482320942883	0.9565320626382408	0.0804508356004664	432,0,0,0,0,0,0,349,20,0,0,0,0,38,374,0,0,0,0,0,0,359,4,13,0,0,0,3,292,7,0,0,0,5,6,304
0.9474161378059837	0.9476921543831123	0.9474161378059837	0.947461856461916	0.08006218422075395	410,0,0,0,1,1,0,335,30,0,0,0,0,39,379,0,0,0,0,0,0,338,4,8,0,0,0,11,283,6,0,0,0,11,5,345
0.9587488667271079	0.9588794843945918	0.9587488667271079	0.9587094442504004	0.07656432180334238	435,0,0,0,0,0,0,347,30,0,0,0,0,24,389,0,0,0,0,0,0,349,4,8,0,0,0,10,276,9,0,0,0,2,4,319
0.9496826835902086	0.9498952456333699	0.9496826835902086	0.949697708027595	0.08511465215701519	412,0,0,0,0,0,0,369,33,0,0,0,0,31,373,0,0,0,0,0,0,382,5,12,0,0,0,9,269,11,0,0,0,3,7,290
0.9537624660018132	0.9541126114654825	0.9537624660018132	0.9536772061519593	0.0853089778468713	412,0,0,0,0,0,0,343,43,0,0,0,0,24,394,0,0,0,0,0,0,358,5,4,0,0,0,9,289,11,0,0,0,2,4,308
0.956935630099728	0.9570318113195535	0.956935630099728	0.9569080394440364	0.08764088612514576	457,0,0,0,0,1,0,350,30,0,0,0,0,26,399,0,0,0,0,0,0,331,2,5,0,0,0,9,261,9,0,0,0,7,6,313
0.956935630099728	0.957141691743745	0.956935630099728	0.9568573514206165	0.07792460163233583	415,0,0,0,0,0,0,374,33,0,0,0,0,23,406,0,0,0,0,0,0,338,4,4,0,0,0,10,276,14,0,0,0,2,5,302
0.9505893019038985	0.9509079879012009	0.9505893019038985	0.9505906952749046	0.0804508356004664	424,0,0,1,0,1,0,364,40,0,0,0,0,23,375,0,0,0,0,0,0,349,7,4,0,0,0,8,288,9,0,0,0,6,10,297
0.9596554850407978	0.9597290103478187	0.9596554850407978	0.9596579862556766	0.08200544111931596	414,0,0,0,0,0,0,362,26,0,0,0,0,32,383,0,0,0,0,0,0,372,2,5,0,0,0,3,268,10,0,0,0,5,6,318
