accuracy	precision	recall	f1	oob	confMatrxVars
0.9474161378059837	0.947557925468609	0.9474161378059837	0.947429279940692	0.07326078507578704	438,0,0,0,0,0,0,333,33,0,0,0,0,39,352,0,0,0,0,0,0,356,4,11,0,0,0,8,290,9,0,0,0,6,6,321
0.9637352674524026	0.964042979874562	0.9637352674524026	0.9637050029468429	0.07695297318305483	406,0,0,0,0,0,0,364,32,0,0,1,0,20,385,0,0,0,0,0,0,358,2,9,0,0,0,9,289,5,0,0,0,1,1,324
0.9587488667271079	0.9589747237963079	0.9587488667271079	0.9587149831669064	0.0804508356004664	423,0,0,0,0,0,0,365,33,0,0,0,0,19,404,0,0,0,0,0,0,351,6,3,0,0,0,6,278,6,0,0,0,10,8,294
0.9650951949229375	0.9651577693229237	0.9650951949229375	0.9651124382628895	0.06956859696851925	416,0,0,0,0,0,0,398,22,0,0,0,0,19,380,0,0,0,0,0,0,365,7,5,0,0,0,4,258,7,0,0,0,5,8,312
0.956935630099728	0.9570018702643617	0.956935630099728	0.9569267452611753	0.0804508356004664	415,0,0,0,0,0,0,336,33,0,0,0,0,29,382,0,0,0,0,0,0,360,3,7,0,0,0,7,308,8,0,0,0,3,5,310
0.9546690843155031	0.954632992980191	0.9546690843155031	0.954628775135023	0.0757870190439176	428,0,0,0,0,0,0,337,33,0,0,0,0,29,393,0,0,0,0,0,0,357,3,3,0,0,0,6,277,11,0,0,0,5,10,314
0.9610154125113327	0.9610630929287677	0.9610154125113327	0.9610013495974827	0.07753595025262339	438,0,0,0,0,0,0,347,26,1,0,0,0,23,386,0,0,0,0,0,0,359,7,8,0,0,0,7,289,7,0,0,0,2,5,301
0.9546690843155031	0.9547628184466065	0.9546690843155031	0.954662187428707	0.07345511076564326	412,0,0,0,0,0,0,352,36,0,0,0,0,30,390,0,0,0,0,0,0,369,2,8,0,0,0,7,288,8,0,0,0,3,6,295
0.9546690843155031	0.954841490093907	0.9546690843155031	0.9546269232793699	0.07636999611348616	407,0,0,0,0,0,0,349,38,0,0,1,0,26,381,0,0,0,0,0,0,369,4,6,0,0,0,10,286,6,0,0,0,6,3,314
0.9619220308250227	0.9622642016351839	0.9619220308250227	0.9618853982389615	0.0757870190439176	439,0,0,0,0,0,0,350,33,0,0,0,0,21,390,0,0,0,0,0,0,346,1,7,0,0,0,8,283,10,0,0,0,1,3,314
0.957388939256573	0.9574245894332685	0.957388939256573	0.9573222457690561	0.07986785853089784	411,0,0,0,0,0,2,368,34,0,0,0,0,25,385,0,0,0,0,0,0,345,3,6,0,0,0,8,266,8,0,0,0,2,6,337
0.9619220308250227	0.9622038280352275	0.9619220308250227	0.9619009760487345	0.07442673921492426	448,1,0,0,0,0,0,349,35,0,0,0,0,22,363,0,0,0,0,0,0,368,2,4,0,0,0,11,291,5,0,0,0,2,2,303
0.958295557570263	0.9583438564662051	0.958295557570263	0.9583081113582422	0.07714729887291105	435,0,0,0,0,1,0,371,30,0,0,0,0,34,374,0,0,0,0,0,0,343,2,7,0,0,0,3,295,4,0,0,0,8,3,296
0.9546690843155031	0.9549577840175001	0.9546690843155031	0.9546310522148699	0.07442673921492426	430,0,0,0,0,0,0,343,33,0,0,0,0,22,381,0,0,0,0,0,0,367,5,3,0,0,0,18,282,4,0,0,0,6,9,303
0.9610154125113327	0.9615422401222986	0.9610154125113327	0.9610172064753402	0.08181111542945974	423,0,0,0,1,2,0,360,39,0,0,0,0,19,402,0,0,0,0,0,0,337,0,6,0,0,0,4,298,8,0,0,0,4,3,300
0.958295557570263	0.958772312184415	0.958295557570263	0.9582628677074276	0.07423241352506804	428,0,0,0,0,0,0,341,39,0,0,0,0,19,396,0,0,0,0,0,0,357,9,8,0,0,0,3,275,6,0,0,0,3,5,317
0.9592021758839528	0.9593034436240039	0.9592021758839528	0.9591088183850518	0.08025650991061017	406,0,0,0,0,0,3,342,37,0,0,0,0,23,405,0,0,0,0,0,0,346,3,7,0,0,0,2,282,5,0,0,0,3,7,335
0.9623753399818676	0.9624410661316445	0.9623753399818676	0.9623873626109755	0.0804508356004664	439,1,0,0,0,0,0,349,24,0,0,0,0,26,376,0,0,0,0,0,0,335,3,6,0,0,0,11,289,3,0,0,0,3,6,335
0.958295557570263	0.9588441853184322	0.958295557570263	0.9582160634995343	0.0767586474931986	421,0,0,0,0,0,0,364,42,0,0,0,0,17,403,0,0,0,0,0,0,369,4,1,0,0,0,11,275,7,0,0,0,2,8,282
0.9619220308250227	0.9622654699791746	0.9619220308250227	0.9619176814081938	0.07986785853089784	406,0,0,0,0,1,0,364,35,0,0,0,0,17,379,0,0,0,0,0,0,369,5,6,0,0,0,5,281,3,0,0,0,8,4,323
0.9551223934723482	0.9554456059418786	0.9551223934723482	0.9550918602648614	0.0748153905946366	444,0,0,0,0,1,0,348,39,1,0,0,0,25,391,0,0,0,0,0,0,346,4,3,0,0,0,8,279,7,0,0,0,10,1,299
0.9605621033544878	0.9606655278035613	0.9605621033544878	0.960602744638053	0.07073455110765647	415,2,0,0,0,1,0,341,26,0,0,0,0,28,398,0,0,0,0,0,0,366,2,5,0,0,0,7,299,6,0,0,0,1,9,300
0.9546690843155031	0.9549910871504154	0.9546690843155031	0.9546261701280205	0.06995724834823158	398,0,0,0,1,0,0,351,40,0,0,0,0,23,404,0,0,0,0,0,0,347,3,5,0,0,0,7,303,11,0,0,0,6,4,303
0.9587488667271079	0.9589212037170496	0.9587488667271079	0.9587556299737793	0.07287213369607459	439,0,0,0,0,0,0,369,31,0,0,1,0,27,385,0,0,0,0,0,0,331,2,10,0,0,0,5,273,8,0,0,0,2,5,318
0.9660018132366274	0.9664276276887156	0.9660018132366274	0.9660190273459526	0.07811892732219194	424,0,0,0,0,1,0,363,15,0,0,0,0,32,376,0,0,0,0,0,0,362,5,7,0,0,0,4,283,6,0,0,0,5,0,323
