accuracy	precision	recall	f1	oob	confMatrxVars
0.9682683590208522	0.9684496106339601	0.9682683590208522	0.9682463948506002	0.07520404197434905	397,0,0,0,0,0,0,373,30,0,0,1,0,16,398,0,0,0,0,0,0,375,6,4,0,0,0,5,285,1,0,0,0,5,2,308
0.9650951949229375	0.9651635684489015	0.9650951949229375	0.9650926010490833	0.07248348231636226	431,0,0,0,0,0,0,359,26,0,0,0,0,26,386,0,0,0,0,0,0,364,2,3,0,0,0,3,266,3,0,0,0,4,10,323
0.9646418857660924	0.9649545025439011	0.9646418857660924	0.9646245818934829	0.06995724834823158	400,0,0,0,0,1,0,356,31,0,0,1,0,14,363,0,0,0,0,0,0,364,9,0,0,0,0,9,283,6,0,0,0,2,5,362
0.9678150498640072	0.9678925468437622	0.9678150498640072	0.9678378844072362	0.07831325301204817	446,0,0,0,0,2,0,384,22,0,0,0,0,21,383,0,0,0,0,0,0,358,5,5,0,0,0,4,275,5,0,0,0,2,5,289
0.9673617407071623	0.9674972047953524	0.9673617407071623	0.9673688469746168	0.07539836766420516	435,0,0,0,0,0,0,355,21,0,0,0,0,19,374,0,0,0,0,0,0,352,4,2,0,0,0,7,267,3,0,0,0,6,10,351
0.971441523118767	0.9715117039323247	0.971441523118767	0.9714388873862548	0.0767586474931986	446,0,0,0,0,0,0,361,25,0,0,0,0,20,372,0,0,0,0,0,0,350,1,2,0,0,0,3,296,3,0,0,0,7,2,318
0.972348141432457	0.972628701369014	0.972348141432457	0.9723471832581451	0.0748153905946366	443,0,0,0,1,0,0,361,11,0,0,0,0,26,396,0,0,2,0,0,0,352,2,5,0,0,0,3,283,2,0,0,0,6,3,310
0.9619220308250227	0.9620595657452591	0.9619220308250227	0.9619134343821754	0.07539836766420516	440,0,0,0,0,0,0,375,31,0,1,0,0,23,368,0,0,0,0,0,0,341,4,8,0,0,0,6,291,6,0,0,0,1,4,307
0.9623753399818676	0.9628949275326225	0.9623753399818676	0.9623354889989582	0.07559269335406138	432,0,0,0,0,0,0,342,35,0,0,0,0,13,375,0,0,0,0,0,0,366,4,8,0,0,0,10,295,6,0,0,0,1,6,313
0.9705349048050771	0.9705640757889762	0.9705349048050771	0.9705415118792593	0.07967353284104162	416,1,0,0,0,0,0,356,18,0,0,1,0,20,382,0,0,0,0,0,0,354,3,8,0,0,0,3,287,2,0,0,0,5,4,346
0.9655485040797824	0.965555521249393	0.9655485040797824	0.9655456669212314	0.07462106490478038	405,0,0,0,0,0,0,363,26,0,1,0,0,27,396,0,0,0,0,0,0,351,4,4,0,0,0,5,300,4,0,0,1,3,1,315
0.9669084315503174	0.9670658028788915	0.9669084315503174	0.9669267886203843	0.06335017489312089	442,0,0,0,0,1,0,347,16,0,0,0,0,26,386,0,0,0,0,0,0,352,5,4,0,0,0,2,280,6,0,0,0,7,6,326
0.9687216681776972	0.968775613338946	0.9687216681776972	0.9686964208152803	0.06801399144966969	423,0,0,0,0,0,0,341,27,0,1,0,0,21,384,0,0,0,0,0,0,340,3,3,0,0,0,3,304,8,0,0,0,0,3,345
0.9732547597461468	0.9733299566886698	0.9732547597461468	0.9732440890575429	0.07423241352506804	424,0,0,0,0,0,0,342,15,0,0,1,0,15,387,0,0,0,0,0,0,357,1,3,0,0,0,6,316,6,0,0,0,8,4,321
0.9660018132366274	0.9661672798286062	0.9660018132366274	0.965966497738744	0.06879129420909447	440,0,0,0,0,0,0,348,30,0,0,1,0,19,416,0,0,0,0,0,0,347,3,9,0,0,0,5,261,4,0,0,0,2,2,319
0.9632819582955575	0.9633597522585193	0.9632819582955575	0.9632450177913118	0.08025650991061017	410,0,0,0,0,1,2,388,27,0,0,1,0,17,366,0,0,1,0,0,0,369,3,3,0,0,0,5,291,6,0,0,0,4,11,301
0.9664551223934723	0.9664966864786081	0.9664551223934723	0.9664686266715972	0.07403808783521182	430,0,0,0,1,1,0,353,24,0,0,0,0,26,396,0,0,0,0,0,0,342,4,5,0,0,0,5,289,2,0,0,0,2,4,322
0.9673617407071623	0.9673842858134767	0.9673617407071623	0.9673690464100329	0.07598134473377383	418,0,0,0,1,0,0,360,21,0,0,0,0,23,394,0,0,0,0,0,0,353,6,2,0,0,0,5,260,7,0,0,0,2,5,349
0.9728014505893019	0.9728338039649977	0.9728014505893019	0.9728087724825785	0.06937427127866302	426,0,0,0,0,1,0,372,22,0,0,0,0,20,384,0,0,0,0,0,0,357,3,4,0,0,0,2,313,3,0,0,0,2,3,294
0.970081595648232	0.9701037936521244	0.970081595648232	0.9700757877378973	0.07598134473377383	435,0,0,0,0,0,0,378,24,0,0,1,0,19,368,0,0,0,0,0,0,359,3,4,0,0,0,6,291,2,0,0,0,1,6,309
0.9682683590208522	0.968346573888107	0.9682683590208522	0.9682763125653883	0.06801399144966969	435,0,0,0,0,0,1,361,21,0,0,0,0,27,377,0,0,0,0,0,0,374,4,2,0,0,0,0,285,6,0,0,0,2,7,304
0.9678150498640072	0.9678768396771247	0.9678150498640072	0.9678282350839055	0.07112320248736881	408,0,0,0,0,0,0,352,20,0,0,0,0,25,404,0,0,0,0,0,0,378,3,7,0,0,0,3,275,4,0,0,0,4,5,318
0.9641885766092475	0.964762985142887	0.9641885766092475	0.9642174131290878	0.07054022541780025	399,0,0,0,0,1,0,364,13,0,0,0,0,34,418,0,0,0,0,0,0,363,5,6,0,0,0,10,272,4,0,0,0,4,2,311
0.9687216681776972	0.9687670539517625	0.9687216681776972	0.9687381660773919	0.0767586474931986	415,2,0,0,0,0,0,363,22,0,0,0,0,19,423,0,0,0,0,0,0,360,3,6,0,0,0,5,281,2,0,0,0,6,4,295
0.9646418857660924	0.9647892234049501	0.9646418857660924	0.9646424342060171	0.06471045472211423	428,0,0,0,0,0,0,382,20,0,0,0,0,25,385,0,0,0,0,0,0,355,4,5,0,0,0,5,285,12,0,0,0,2,5,293
