numTrees	treeDepth	f1	accuracy	precision	recall	buildTime
11	21	0.9619001978488996	0.9619220308250227	0.962239060788989	0.9619220308250227	0.6412441730499268
11	21	0.9714396353329376	0.971441523118767	0.971464771448668	0.971441523118767	0.6503539085388184
11	21	0.9682725682491454	0.9682683590208522	0.9683198644327428	0.9682683590208522	0.6464991569519043
11	21	0.9746238342298981	0.9746146872166818	0.9746519569230759	0.9746146872166818	0.6788370609283447
11	21	0.9723112068690264	0.972348141432457	0.9723197120166525	0.972348141432457	0.6479971408843994
11	21	0.9678106823550561	0.9678150498640072	0.9678210923871163	0.9678150498640072	0.6246337890625
11	21	0.9714673779223373	0.971441523118767	0.9715328597105486	0.971441523118767	0.6511390209197998
11	21	0.9659967801844319	0.9660018132366274	0.9659973774168867	0.9660018132366274	0.6466748714447021
11	21	0.9664575407406049	0.9664551223934723	0.9664945173701728	0.9664551223934723	0.6061251163482666
11	21	0.9732566990875706	0.9732547597461468	0.9733909566136669	0.9732547597461468	0.627108097076416
