numTrees	treeDepth	f1	accuracy	precision	recall	buildTime
11	27	0.971868217291573	0.971894832275612	0.9719573982246515	0.971894832275612	0.6155428886413574
11	27	0.9646386060881581	0.9646418857660924	0.964850114861183	0.9646418857660924	0.6358857154846191
11	27	0.9737139829159154	0.9737080689029919	0.9737783228218151	0.9737080689029919	0.6363677978515625
11	27	0.9691624758181148	0.9691749773345422	0.9692318527138608	0.9691749773345422	0.6603481769561768
11	27	0.9655474810465695	0.9655485040797824	0.9656422486291925	0.9655485040797824	0.6747322082519531
11	27	0.9764196845705281	0.9764279238440616	0.9764709716472594	0.9764279238440616	0.6256499290466309
11	27	0.9705123250944653	0.9705349048050771	0.9705345561462557	0.9705349048050771	0.6209163665771484
11	27	0.9660193676639104	0.9660018132366274	0.966118191271952	0.9660018132366274	0.65096116065979
11	27	0.9678263533843352	0.9678150498640072	0.9679007608272174	0.9678150498640072	0.668809175491333
11	27	0.9696303505401971	0.9696282864913871	0.9696547134197971	0.9696282864913871	0.7646820545196533
