numTrees	treeDepth	f1	accuracy	precision	recall	buildTime
11	25	0.9746169154896631	0.9746146872166818	0.9746910002073149	0.9746146872166818	0.6172349452972412
11	25	0.9691707771690583	0.9691749773345422	0.9692866447760169	0.9691749773345422	0.6062378883361816
11	25	0.970989117637548	0.970988213961922	0.9711035150591277	0.970988213961922	0.6376547813415527
11	25	0.9746246737885372	0.9746146872166818	0.9746469972213658	0.9746146872166818	0.6355609893798828
11	25	0.9650943079138521	0.9650951949229375	0.9651176816862618	0.9650951949229375	0.6083908081054688
11	25	0.9705378450277266	0.9705349048050771	0.9707330287347616	0.9705349048050771	0.6637148857116699
11	25	0.9664579029608602	0.9664551223934723	0.9665176203738958	0.9664551223934723	0.616671085357666
11	25	0.9687355944714804	0.9687216681776972	0.9691316673865973	0.9687216681776972	0.6240193843841553
11	25	0.9700601900681336	0.970081595648232	0.9702031148345375	0.970081595648232	0.6567869186401367
11	25	0.9642389617990967	0.9641885766092475	0.964390292750333	0.9641885766092475	0.6342740058898926
