numTrees	treeDepth	f1	accuracy	precision	recall	buildTime
11	5	0.9265107575879603	0.9270172257479601	0.9313187863607071	0.9270172257479601	0.3810281753540039
11	5	0.9099162430685168	0.9102447869446962	0.9124627023705646	0.9102447869446962	0.3750898838043213
11	5	0.9369524331162872	0.9369900271985494	0.9377023438273756	0.9369900271985494	0.38000917434692383
11	5	0.9216189564382016	0.9215775158658205	0.9223619613287878	0.9215775158658205	0.372481107711792
11	5	0.9132518313326781	0.913417951042611	0.9148490954358893	0.913417951042611	0.3757362365722656
11	5	0.9339478248816454	0.9342701722574795	0.9351228168935729	0.9342701722574795	0.34520602226257324
11	5	0.9013721889942946	0.9020852221214869	0.9058133219210527	0.9020852221214869	0.33475399017333984
11	5	0.9252098545889674	0.9252039891205802	0.9264859063454267	0.9252039891205802	0.34151411056518555
11	5	0.9083797048876942	0.9088848594741614	0.9121110996791985	0.9088848594741614	0.33751821517944336
11	5	0.9212858394493614	0.9215775158658205	0.9235894866078909	0.9215775158658205	0.32676100730895996
