numTrees	treeDepth	f1	accuracy	precision	recall	buildTime
11	1	0.4008531975061985	0.5371713508612874	0.3428865858562784	0.5371713508612874	0.12088871002197266
11	1	0.19212382631880542	0.3612873980054397	0.13097380230554181	0.3612873980054397	0.12144613265991211
11	1	0.4104022702179901	0.5453309156844969	0.3519749076688111	0.5453309156844969	0.12709403038024902
11	1	0.39665965486539256	0.5321849501359928	0.33969869974870653	0.5321849501359928	0.12555289268493652
11	1	0.39263967890168944	0.528105167724388	0.33646854662751424	0.528105167724388	0.1268320083618164
11	1	0.40340662987769904	0.5398912058023572	0.3443609195211561	0.5398912058023572	0.09901022911071777
11	1	0.41142203530725907	0.5489573889392566	0.3489869553030924	0.5489573889392566	0.09877395629882812
11	1	0.40151570974308715	0.5353581142339076	0.34556473508205937	0.5353581142339076	0.10053801536560059
11	1	0.39712165306017877	0.5344514959202176	0.33825819656378453	0.5344514959202176	0.10259008407592773
11	1	0.18284074978842516	0.3513145965548504	0.12363368926944321	0.3513145965548504	0.10018301010131836
