accuracy	precision	recall	f1	oob	confMatrxVars
0.9782411604714415	0.9783733377982167	0.9782411604714415	0.9782578142242335	0.02467936261173731	434,1,0,0,0,1,0,363,20,0,0,0,0,13,385,0,0,0,0,0,0,369,2,4,0,0,0,1,294,4,0,0,0,0,2,313
0.9777878513145966	0.9778991206594934	0.9777878513145966	0.9777841025703488	0.02098717450446952	432,0,0,0,0,0,0,390,22,0,0,0,0,13,397,0,0,0,0,0,0,342,3,5,0,0,0,2,275,2,0,0,0,1,1,321
0.9814143245693563	0.9814994102244085	0.9814143245693563	0.9814064698321011	0.02331908278274386	404,0,0,0,0,0,0,333,15,0,0,0,0,6,400,0,0,0,0,0,0,384,3,5,0,0,0,5,297,1,0,0,0,1,5,347
0.9768812330009066	0.976955525002156	0.9768812330009066	0.9768809071853857	0.02098717450446952	427,0,0,0,0,0,0,366,22,0,0,0,0,14,381,0,0,0,0,0,0,356,2,2,0,0,0,2,301,3,0,0,0,1,5,324
0.9827742520398912	0.9828295058667292	0.9827742520398912	0.9827756699028585	0.024290711232024864	425,0,0,0,0,0,0,382,15,0,0,0,0,13,395,0,0,0,0,0,0,368,4,3,0,0,0,0,278,2,0,0,0,0,1,320
0.9773345421577516	0.9773888987350385	0.9773345421577516	0.9773379727310916	0.023707734162456306	387,0,0,0,0,0,0,367,12,0,0,1,0,14,396,0,0,0,0,0,0,355,2,7,0,0,0,5,317,4,0,0,0,2,3,334
0.9764279238440616	0.9764673973499739	0.9764279238440616	0.9764234083868046	0.02254178002331908	384,0,0,0,0,0,0,398,19,0,0,1,0,14,379,0,0,0,0,0,0,341,6,0,0,0,0,3,302,6,0,0,0,0,3,350
0.9746146872166818	0.9746726984430889	0.9746146872166818	0.9746183941913754	0.020598523124757073	436,0,0,0,0,1,0,374,20,0,0,0,0,16,405,0,0,0,0,0,0,346,4,2,0,0,0,2,267,7,0,0,0,1,3,322
0.9777878513145966	0.9778351845037033	0.9777878513145966	0.9777632173280405	0.02098717450446952	418,0,0,0,0,0,0,351,15,0,0,0,0,13,406,0,0,0,0,0,0,346,4,3,0,0,0,8,311,5,0,0,0,1,0,325
0.9777878513145966	0.9778464394267933	0.9777878513145966	0.9777852049559591	0.023513408472600084	416,0,0,0,0,0,0,372,23,0,0,0,0,16,401,0,0,0,0,0,0,369,3,1,0,0,0,0,280,4,0,0,0,1,1,319
0.9786944696282865	0.978707920849511	0.9786944696282865	0.9786952534990336	0.022153128643606634	425,0,0,0,0,0,0,359,16,0,0,1,0,16,416,0,0,0,0,0,0,380,2,3,0,0,0,1,297,3,0,0,0,1,4,282
0.9814143245693563	0.981460615644733	0.9814143245693563	0.9814157081682102	0.023124757092887638	420,0,0,0,0,0,0,365,13,0,0,0,0,17,378,0,0,0,0,0,0,375,2,3,0,0,0,2,308,3,0,0,0,0,1,319
0.9759746146872167	0.9761912353597764	0.9759746146872167	0.9759721522662969	0.022930431403031526	426,0,0,0,0,1,0,378,23,0,0,1,0,10,419,0,0,0,0,0,0,354,4,2,0,0,0,1,264,6,0,0,0,1,4,312
0.9737080689029919	0.9738353363228016	0.9737080689029919	0.9736966831712971	0.022347454333462857	431,0,0,0,0,2,0,374,24,0,0,1,0,14,389,0,0,0,0,0,0,345,5,3,0,0,0,5,298,2,0,0,0,1,1,311
0.9796010879419764	0.9797615815117929	0.9796010879419764	0.979599140641224	0.022930431403031526	423,0,0,0,0,0,0,405,23,0,0,1,0,12,380,0,0,0,0,0,0,356,0,2,0,0,0,2,291,3,0,0,0,1,1,306
0.9768812330009066	0.976975965183494	0.9768812330009066	0.976881247037797	0.021570151574038077	402,0,0,0,0,0,0,375,11,0,0,1,0,19,412,0,0,0,0,0,0,370,5,3,0,0,0,4,291,5,0,0,0,2,1,305
0.9786944696282865	0.9787393157643454	0.9786944696282865	0.9787042349286614	0.022736105713175303	404,0,0,0,0,0,0,364,16,0,0,0,0,14,379,0,0,0,0,0,0,402,4,3,0,0,0,3,287,2,0,0,0,0,5,323
0.9759746146872167	0.9762817855117019	0.9759746146872167	0.9759774944824094	0.02098717450446952	419,0,0,0,0,1,0,367,28,0,0,0,0,12,355,0,0,0,0,0,0,374,2,0,0,0,0,4,317,3,0,0,0,1,2,321
0.9768812330009066	0.9769420939709981	0.9768812330009066	0.9768640203728522	0.021375825884181854	420,0,0,0,0,1,0,354,21,0,0,0,0,13,409,0,0,0,0,0,0,360,5,2,0,0,0,5,296,3,0,0,0,1,0,316
0.9755213055303718	0.9755681586445007	0.9755213055303718	0.9755150364149897	0.0217644772638943	423,0,0,0,0,0,0,360,21,0,0,1,0,19,384,0,0,0,0,0,0,376,5,3,0,0,0,1,285,2,0,0,0,0,2,324
0.9728014505893019	0.9728362069012954	0.9728014505893019	0.9728015063600413	0.021375825884181854	419,0,0,0,0,1,0,367,19,0,0,0,0,22,378,0,0,0,0,0,0,366,3,3,0,0,0,5,299,4,0,0,0,0,3,317
0.9750679963735267	0.9752206861982046	0.9750679963735267	0.9750906590712047	0.022347454333462857	431,0,0,0,0,0,0,404,23,0,0,0,0,15,384,0,0,0,0,0,0,341,6,1,0,0,0,3,282,2,0,0,0,0,5,309
0.9705349048050771	0.9705407049936698	0.9705349048050771	0.9705323948565264	0.023124757092887638	417,0,0,0,0,0,0,393,22,0,0,0,0,23,375,0,0,0,0,0,0,350,6,2,0,0,0,3,308,5,0,0,0,3,1,298
0.9759746146872167	0.9762906134479996	0.9759746146872167	0.9760227031732145	0.02331908278274386	410,0,0,0,0,0,0,380,19,0,0,0,0,9,403,0,0,0,0,0,0,343,8,0,0,0,0,4,275,3,0,0,0,1,9,342
0.9809610154125114	0.9809904671925247	0.9809610154125114	0.980952420320376	0.022153128643606634	435,0,0,0,0,0,0,354,13,0,0,0,0,7,405,0,0,0,0,0,0,359,2,2,0,0,0,4,291,7,0,0,0,0,7,320
