accuracy	precision	recall	f1	oob	confMatrxVars
0.957388939256573	0.9574995159748091	0.957388939256573	0.9573985971614858	0.039642440730664585	384,2,0,0,0,0,0,363,31,0,0,0,0,25,418,0,0,0,0,0,0,367,3,6,0,0,0,7,256,4,0,0,0,10,6,324
0.9664551223934723	0.9664867279813611	0.9664551223934723	0.9664373821422729	0.03983676642052081	411,0,0,0,0,0,0,353,22,0,0,0,0,25,396,0,0,0,0,0,0,361,5,1,0,0,0,9,294,6,0,0,0,3,3,317
0.9641885766092475	0.9644016924070288	0.9641885766092475	0.9641738440226812	0.04022541780023314	405,0,0,0,0,0,0,370,31,0,0,0,0,20,415,0,0,0,0,0,0,356,7,8,0,0,0,4,281,5,0,0,0,1,3,300
0.9619220308250227	0.961904554230158	0.9619220308250227	0.9619031111387534	0.03769918383210258	430,0,0,0,0,0,0,369,32,0,0,1,0,29,388,0,0,0,0,0,0,323,2,3,0,0,0,6,288,3,0,0,0,2,6,324
0.9646418857660924	0.9648446339827458	0.9646418857660924	0.964611142586896	0.038865137971239805	437,0,0,0,0,0,0,349,29,0,0,0,0,22,363,0,0,0,0,0,0,370,3,3,0,0,0,11,290,6,0,0,0,4,0,319
0.9628286491387126	0.9632021668185593	0.9628286491387126	0.9627806475481111	0.0378935095219588	438,0,0,0,0,0,0,356,41,0,0,1,0,21,380,0,0,0,0,0,0,374,4,1,0,0,0,8,279,2,0,0,0,2,2,297
0.9678150498640072	0.9682168801551706	0.9678150498640072	0.9677736436963214	0.04216867469879515	427,0,0,0,0,0,0,350,35,0,0,1,0,15,413,0,0,0,0,0,0,333,7,1,0,0,0,3,277,3,0,0,0,1,5,335
0.9623753399818676	0.9625204506090858	0.9623753399818676	0.9623716840354621	0.03905946366109603	438,0,0,0,0,0,0,363,32,0,0,0,0,23,378,0,0,0,0,0,0,361,5,6,0,0,0,5,280,7,0,0,0,1,4,303
0.9673617407071623	0.9679733266532717	0.9673617407071623	0.9673387885492043	0.039642440730664585	421,2,0,0,0,0,0,347,38,0,0,0,0,14,402,0,0,0,0,0,0,363,1,6,0,0,0,4,302,5,0,0,0,1,1,299
0.9664551223934723	0.9665293546995416	0.9664551223934723	0.9664156282239659	0.03828216090167125	424,0,0,0,0,0,0,352,30,0,0,1,0,23,406,0,0,0,0,0,0,352,2,3,0,0,0,5,281,7,0,0,0,1,2,317
0.9660018132366274	0.9659927650108643	0.9660018132366274	0.9659899421321099	0.041197046249514147	423,0,0,0,0,0,0,381,28,0,0,1,0,28,372,0,0,0,0,0,0,365,4,4,0,0,0,3,274,3,0,0,0,3,1,316
0.9660018132366274	0.9661890938307852	0.9660018132366274	0.9660102556360803	0.04022541780023314	444,0,0,0,0,0,0,349,21,0,0,1,0,34,384,0,0,0,0,0,0,340,3,2,0,0,0,4,294,3,0,0,0,3,4,320
0.9673617407071623	0.9675223099076905	0.9673617407071623	0.9673601599595891	0.03633890400310924	431,0,0,0,0,2,0,376,29,0,0,0,0,17,391,0,0,0,0,0,0,352,4,3,0,0,0,7,277,4,0,0,0,1,5,307
0.9632819582955575	0.9634225759389818	0.9632819582955575	0.9632567142126058	0.0378935095219588	450,0,0,0,0,0,0,343,29,0,0,0,0,17,372,0,0,0,0,0,0,373,6,5,0,0,0,8,277,8,0,0,0,2,6,310
0.9592021758839528	0.9592261264722828	0.9592021758839528	0.9592042261606106	0.04372328021764482	453,0,0,0,0,0,0,356,32,0,0,0,0,35,376,0,0,0,0,0,0,359,1,5,0,0,0,3,265,5,0,0,0,5,4,307
0.9637352674524026	0.9639255742309742	0.9637352674524026	0.9637560154419776	0.0378935095219588	432,0,0,0,0,2,0,354,28,0,0,0,0,18,358,0,0,0,0,0,0,355,3,7,0,0,0,5,302,7,0,0,0,5,5,325
0.9660018132366274	0.9660873848621577	0.9660018132366274	0.9660209749296259	0.038087835211815024	407,0,0,0,0,0,0,372,23,0,0,0,0,22,361,0,0,0,0,0,0,387,6,6,0,0,0,4,290,4,0,0,0,2,8,314
0.9596554850407978	0.9601397431192646	0.9596554850407978	0.9596183074430767	0.039642440730664585	449,1,0,0,0,0,0,341,39,0,0,1,0,17,376,0,0,0,0,0,0,358,4,5,0,0,0,9,291,2,0,0,0,6,5,302
0.9610154125113327	0.9610138489711062	0.9610154125113327	0.9610119993892613	0.04158569762922659	409,0,0,0,0,0,0,363,27,0,0,0,0,28,412,0,0,0,0,0,0,343,3,5,0,0,0,7,287,6,0,0,0,2,8,306
0.9641885766092475	0.964416244028423	0.9641885766092475	0.9641365236175182	0.0369218810726778	429,0,0,0,0,0,0,343,34,0,0,1,0,17,401,0,0,0,0,0,0,374,5,3,0,0,0,5,284,5,0,0,0,4,5,296
0.9619220308250227	0.9619331469387246	0.9619220308250227	0.9618568961640447	0.03828216090167125	415,0,0,0,0,0,0,341,28,0,0,1,0,22,388,0,0,0,0,0,0,351,5,4,0,0,0,12,293,7,0,0,0,0,5,334
0.9678150498640072	0.9678433723894491	0.9678150498640072	0.9678011020757605	0.04022541780023314	414,0,0,0,0,0,0,374,22,0,0,0,0,19,347,0,0,0,0,0,0,363,1,4,0,0,0,8,295,5,0,0,0,4,8,342
0.9614687216681777	0.9618000733716471	0.9614687216681777	0.9614592092826757	0.03342401865526623	433,0,0,0,0,0,0,385,38,0,0,0,0,20,395,0,0,0,0,0,0,336,4,4,0,0,0,5,287,7,0,0,0,3,4,285
0.9669084315503174	0.9669251494739763	0.9669084315503174	0.9669019963043148	0.043334628837932376	430,0,0,0,0,0,0,340,23,0,0,0,0,25,390,0,0,0,0,0,0,347,5,7,0,0,0,7,286,2,0,0,0,3,1,340
0.9655485040797824	0.9656294809578018	0.9655485040797824	0.9655116807222036	0.0369218810726778	421,0,0,0,0,0,0,349,29,0,0,0,0,21,387,0,0,0,0,0,0,363,3,3,0,0,0,9,291,6,0,0,0,2,3,319
