accuracy	precision	recall	f1	oob	confMatrxVars
0.9628286491387126	0.9629208826292434	0.9628286491387126	0.9628353828241938	0.03050913330742322	414,2,0,0,0,1,0,366,28,0,0,0,0,26,416,0,0,0,0,0,0,333,5,5,0,0,0,10,278,3,0,0,0,1,1,317
0.9669084315503174	0.9669752424946165	0.9669084315503174	0.9669090042731983	0.031286436066848	440,0,0,0,0,0,0,352,28,0,0,0,0,25,381,0,0,0,0,0,0,369,8,3,0,0,0,1,296,3,0,0,0,3,2,295
0.9705349048050771	0.9705863907289445	0.9705349048050771	0.9705304357653267	0.030703458997279442	444,0,0,0,0,0,0,336,25,0,0,0,0,19,409,0,0,0,0,0,0,350,2,5,0,0,0,3,287,5,0,0,0,0,6,315
0.9705349048050771	0.9708719073682616	0.9705349048050771	0.9704983304719285	0.032452390205985227	446,0,0,0,0,0,0,352,31,0,0,0,0,12,401,0,0,0,0,0,0,342,5,2,0,0,0,5,296,6,0,0,0,1,3,304
0.9705349048050771	0.9707171001108741	0.9705349048050771	0.9705129894592466	0.03361834434512245	427,0,0,0,0,0,0,344,27,0,0,0,0,14,400,0,0,0,0,0,0,359,6,3,0,0,0,4,283,7,0,0,0,0,4,328
0.9655485040797824	0.965655535232759	0.9655485040797824	0.9655268918867362	0.03653322969296546	439,0,0,0,0,0,0,343,30,0,0,0,0,22,430,0,0,0,0,0,0,329,5,3,0,0,0,2,273,10,0,0,0,1,3,316
0.970081595648232	0.970317391285353	0.970081595648232	0.9700373904912046	0.033035367275553784	411,0,0,0,0,0,0,356,29,0,0,0,0,12,420,0,0,0,0,0,0,342,3,2,0,0,0,6,294,7,0,0,0,1,6,317
0.9678150498640072	0.9680141937265501	0.9678150498640072	0.9677771450155137	0.03050913330742322	420,0,0,0,0,0,0,351,31,0,0,1,0,16,410,0,0,0,0,0,0,365,6,4,0,0,0,4,278,2,0,0,0,3,4,311
0.9678150498640072	0.9678545257965402	0.9678150498640072	0.9677870884836777	0.03342401865526623	421,0,0,0,0,0,0,371,24,0,0,1,0,24,391,0,0,0,0,0,0,366,3,3,0,0,0,6,274,7,0,0,0,1,2,312
0.9687216681776972	0.968891332837138	0.9687216681776972	0.968703668170761	0.031286436066848	448,0,0,0,0,0,0,347,25,0,0,0,0,12,391,0,0,0,0,0,0,350,6,5,0,0,0,6,265,7,0,0,0,2,6,336
0.970988213961922	0.9711185115752029	0.970988213961922	0.9709711299725763	0.032258064516129004	427,0,0,0,0,0,0,369,26,0,0,0,0,14,399,0,0,0,0,0,0,365,5,5,0,0,0,9,272,1,0,0,0,2,2,310
0.9682683590208522	0.9683769958194822	0.9682683590208522	0.9682477711521796	0.031286436066848	398,0,0,0,0,0,0,383,28,0,0,1,0,17,412,0,0,0,0,0,0,350,4,5,0,0,0,6,282,3,0,0,0,4,2,311
0.9682683590208522	0.9689665549630039	0.9682683590208522	0.9682633001095182	0.031286436066848	418,0,0,0,0,2,0,393,34,0,0,0,0,11,371,0,0,0,0,0,0,356,3,3,0,0,0,8,282,7,0,0,0,0,2,316
0.9682683590208522	0.9685016855820806	0.9682683590208522	0.9682506758690919	0.03186941313641667	415,0,0,0,0,1,0,365,30,0,0,1,0,15,389,0,0,0,0,0,0,369,6,3,0,0,0,6,292,3,0,0,0,1,4,306
0.9732547597461468	0.9735773503884458	0.9732547597461468	0.9732338292374503	0.03536727555382824	424,0,0,0,0,0,0,356,29,0,0,0,0,11,393,0,0,0,0,0,0,359,2,3,0,0,0,4,300,2,0,0,0,3,5,315
0.9614687216681777	0.9616683935586927	0.9614687216681777	0.9614128085855372	0.029343179168285993	411,0,0,0,0,0,0,356,35,0,0,1,0,20,406,0,0,0,0,0,0,349,3,8,0,0,0,10,275,3,0,0,0,1,4,324
0.9646418857660924	0.9646209785173671	0.9646418857660924	0.964623072488409	0.033035367275553784	399,0,0,0,0,0,0,353,31,0,0,1,0,30,389,0,0,0,0,0,0,348,4,2,0,0,0,3,308,4,0,0,0,2,1,331
0.9728014505893019	0.9731455171057396	0.9728014505893019	0.9727821890882076	0.03322969296541001	434,0,0,0,0,0,0,348,27,0,0,0,0,11,367,0,0,0,0,0,0,351,5,7,0,0,0,4,286,4,0,0,0,0,2,360
0.970081595648232	0.9701540476038022	0.970081595648232	0.9700802174074337	0.03575592693354057	425,0,0,0,0,0,0,366,24,0,0,1,0,19,384,0,0,0,0,0,0,365,6,4,0,0,0,3,305,3,0,0,0,1,5,295
0.9741613780598368	0.9743035193502914	0.9741613780598368	0.9741519905315341	0.031286436066848	423,0,0,0,0,1,0,355,26,0,0,0,0,14,390,0,0,0,0,0,0,354,4,2,0,0,0,2,319,2,0,0,0,5,1,308
0.971441523118767	0.9715692723431708	0.971441523118767	0.971421442284043	0.03109211037699189	400,0,0,0,0,1,0,381,27,0,0,1,0,17,397,0,0,0,0,0,0,354,3,3,0,0,0,5,280,4,0,0,0,1,1,331
0.9655485040797824	0.9656855311323209	0.9655485040797824	0.9655336068452117	0.030897784687135665	457,0,0,0,0,0,0,360,29,0,0,1,0,20,394,0,0,0,0,0,0,348,4,4,0,0,0,8,267,3,0,0,0,7,0,304
0.9641885766092475	0.9643446721029016	0.9641885766092475	0.9641585207464001	0.02914885347842988	397,0,0,0,0,1,0,346,34,0,0,1,0,23,400,0,0,0,0,0,0,365,2,6,0,0,0,5,302,4,0,0,0,1,2,317
0.9705349048050771	0.970629254665765	0.9705349048050771	0.9705273347841162	0.033035367275553784	400,0,0,0,0,0,0,366,25,0,0,0,0,24,396,0,0,0,0,0,0,385,1,4,0,0,0,5,285,5,0,0,0,1,0,309
0.9678150498640072	0.9684269229747714	0.9678150498640072	0.9677810610306992	0.031675087446560446	416,0,0,0,0,0,0,370,35,0,0,1,0,12,415,0,0,0,0,0,0,367,6,7,0,0,0,1,256,4,0,0,0,2,3,311
