accuracy	precision	recall	f1	oob	confMatrxVars
0.9755213055303718	0.9759312067275056	0.9755213055303718	0.9754875120466964	0.027982899339292655	422,0,0,0,0,0,0,367,28,0,0,0,0,8,411,0,0,0,0,0,0,346,8,4,0,0,0,3,286,1,0,0,0,2,0,320
0.9737080689029919	0.973805320410299	0.9737080689029919	0.9736836702767528	0.031286436066848	414,0,0,0,0,0,0,361,25,0,0,1,0,14,400,0,0,0,0,0,0,383,3,4,0,0,0,7,281,0,0,0,0,1,3,309
0.9764279238440616	0.976632586679589	0.9764279238440616	0.9764209853026052	0.02914885347842988	435,0,0,0,0,0,0,368,23,0,0,1,0,12,396,0,0,0,0,0,0,340,7,2,0,0,0,1,299,3,0,0,0,0,3,316
0.9610154125113327	0.9610199047989518	0.9610154125113327	0.9610094035184589	0.02759424795958021	390,0,0,0,0,0,0,360,28,0,0,0,0,26,387,0,0,0,0,0,0,358,5,7,0,0,0,8,298,4,0,0,0,4,4,327
0.9746146872166818	0.9747492144573534	0.9746146872166818	0.9745967120210757	0.028565876408861213	414,0,0,0,0,0,0,344,24,0,0,0,0,13,428,0,0,0,0,0,0,353,4,3,0,0,0,3,302,1,0,0,0,2,6,309
0.972348141432457	0.9723798525873487	0.972348141432457	0.9723220709965938	0.029343179168285993	392,0,0,0,0,0,0,381,25,0,0,1,0,18,427,0,0,0,0,0,0,364,4,2,0,0,0,5,291,4,0,0,0,0,2,290
0.971441523118767	0.9722571496107152	0.971441523118767	0.9714209219861139	0.02623396813058687	395,0,0,0,0,0,0,375,36,0,0,0,0,8,396,0,0,0,0,0,0,346,3,5,0,0,0,5,310,3,0,0,0,2,1,321
0.9655485040797824	0.9658729932465978	0.9655485040797824	0.9655631262006289	0.027982899339292655	413,0,0,0,0,1,0,372,31,0,0,1,0,18,353,0,0,0,0,0,0,359,8,5,0,0,0,3,293,3,0,0,0,1,5,340
0.971894832275612	0.972200614418601	0.971894832275612	0.9718960968118757	0.02759424795958021	442,0,0,0,0,0,0,355,28,0,0,0,0,14,378,0,0,0,0,0,0,353,7,3,0,0,0,2,301,1,0,0,0,2,5,315
0.9705349048050771	0.9707991642679782	0.9705349048050771	0.9705426315044267	0.02701127089001165	427,0,0,0,0,1,0,384,31,0,0,0,0,16,370,0,0,0,0,0,0,333,6,1,0,0,0,3,293,4,0,0,0,2,1,334
0.9759746146872167	0.9759867865202169	0.9759746146872167	0.9759742072498758	0.030703458997279442	417,0,0,0,0,0,0,360,21,0,0,0,0,22,391,0,0,0,0,0,0,355,3,2,0,0,0,2,310,2,0,0,0,0,1,320
0.9741613780598368	0.9742970044404073	0.9741613780598368	0.9741582786894748	0.0283715507190051	432,0,0,0,0,2,0,366,22,0,0,0,0,11,413,0,0,0,0,0,0,371,5,5,0,0,0,6,260,1,0,0,0,2,3,307
0.9696282864913871	0.9696903312021363	0.9696282864913871	0.9696093206605275	0.026622619510299317	425,0,0,0,0,0,0,351,24,0,0,0,0,20,400,0,0,0,0,0,0,350,5,4,0,0,0,5,293,7,0,0,0,0,2,320
0.9732547597461468	0.9735374750866918	0.9732547597461468	0.9731650319589109	0.03050913330742322	423,0,0,0,0,0,0,327,31,0,0,1,0,11,447,0,0,0,0,0,0,349,4,2,0,0,0,5,282,2,0,0,0,1,2,319
0.9750679963735267	0.9750988622925111	0.9750679963735267	0.9750581475451446	0.02681694520015543	398,0,0,0,0,1,0,358,25,0,0,0,0,19,417,0,0,0,0,0,0,370,1,2,0,0,0,4,291,1,0,0,0,1,1,317
0.9755213055303718	0.9755591193901572	0.9755213055303718	0.9755128429935221	0.02759424795958021	413,0,0,0,0,0,0,359,24,0,0,0,0,19,398,0,0,0,0,0,0,374,5,0,0,0,0,1,292,5,0,0,0,0,0,316
0.9623753399818676	0.9630766864973074	0.9623753399818676	0.9623059564325364	0.025068013991449645	411,0,0,0,0,0,0,346,41,0,0,1,0,14,410,0,0,0,0,0,0,356,5,6,0,0,0,4,278,4,0,0,0,1,7,322
0.971894832275612	0.9721059100862885	0.971894832275612	0.9719202286133373	0.030897784687135665	431,0,0,0,0,0,0,336,19,0,0,0,0,24,393,0,0,0,0,0,0,379,8,4,0,0,0,1,293,2,0,0,0,0,4,312
0.9737080689029919	0.9737847591030834	0.9737080689029919	0.9737006475973246	0.028760202098717436	396,0,0,0,0,0,0,369,22,0,0,0,0,14,425,0,0,0,0,0,0,361,5,5,0,0,0,4,269,3,0,0,0,1,4,328
0.9646418857660924	0.9651123764126879	0.9646418857660924	0.9646124267516226	0.025262339681305868	414,1,0,0,0,0,0,345,38,0,0,1,0,18,395,0,0,0,0,0,0,381,8,3,0,0,0,0,268,6,0,0,0,1,2,325
0.9777878513145966	0.9779482180030358	0.9777878513145966	0.9777864783287441	0.027982899339292655	423,0,0,0,0,0,0,346,20,0,0,0,0,13,412,0,0,0,0,0,0,370,3,6,0,0,0,1,286,5,0,0,0,0,1,320
0.9696282864913871	0.9696646274990202	0.9696282864913871	0.9696071329850698	0.028565876408861213	396,0,0,0,0,0,0,372,27,0,0,0,0,21,395,0,0,0,0,0,0,372,2,3,0,0,0,7,281,4,0,0,0,0,3,323
0.9678150498640072	0.967812115007852	0.9678150498640072	0.9677904347678751	0.027205596579867874	444,0,0,0,0,0,0,370,23,0,0,1,0,27,407,0,0,0,0,0,0,332,4,1,0,0,0,7,271,5,0,0,0,0,3,311
0.9664551223934723	0.9665027372336695	0.9664551223934723	0.9664443166621074	0.028565876408861213	418,0,0,0,0,0,0,365,27,0,0,1,0,26,391,0,0,0,0,0,0,364,3,4,0,0,0,4,295,6,0,0,0,1,2,299
0.9750679963735267	0.9750953680075488	0.9750679963735267	0.9750583095944272	0.029926156237854662	405,0,0,0,0,0,0,353,19,0,0,0,0,16,433,0,0,0,0,0,0,365,3,7,0,0,0,5,276,2,0,0,0,1,2,319
