accuracy	precision	recall	f1	oob	confMatrxVars
0.9628286491387126	0.9628072107933036	0.9628286491387126	0.9628106659019202	0.038087835211815024	460,0,0,0,0,0,0,337,28,0,0,1,0,25,388,0,0,0,0,0,0,324,7,3,0,0,0,5,291,5,0,0,0,5,3,324
0.9628286491387126	0.9628666311052557	0.9628286491387126	0.9627894494369557	0.03439564710454723	417,0,0,0,0,0,0,347,27,0,0,0,0,26,384,0,0,0,0,0,0,369,5,5,0,0,0,11,271,5,0,0,0,2,1,336
0.9641885766092475	0.9641847284082528	0.9641885766092475	0.9641647354817932	0.03925378935095225	443,0,0,0,0,0,0,356,20,0,0,0,0,22,376,0,0,0,0,0,0,346,4,5,0,0,0,8,262,9,0,0,0,4,7,344
0.9691749773345422	0.9694334386079566	0.9691749773345422	0.9691664189978352	0.03847648659152736	428,0,0,0,0,0,0,344,20,0,0,1,0,20,376,0,0,0,0,0,0,377,2,9,0,0,0,9,303,6,0,0,0,1,0,310
0.9673617407071623	0.9674283383627474	0.9673617407071623	0.9673660378721957	0.0378935095219588	427,0,0,0,0,0,0,338,23,0,0,0,0,26,399,0,0,0,0,0,0,375,4,3,0,0,0,9,281,2,0,0,0,4,1,314
0.9610154125113327	0.9610761561218653	0.9610154125113327	0.9610056716417658	0.03420132141469101	390,0,0,0,0,0,0,373,26,0,0,0,0,31,429,0,0,0,0,0,0,342,6,5,0,0,0,11,266,3,0,0,0,3,1,320
0.9637352674524026	0.9638935647450174	0.9637352674524026	0.9636908190753919	0.0369218810726778	419,0,0,0,0,0,0,339,32,0,0,0,0,21,394,0,0,0,0,0,0,391,3,4,0,0,0,7,279,8,0,0,0,3,2,304
0.970081595648232	0.9702564482793014	0.970081595648232	0.9700626799261899	0.039642440730664585	413,0,0,0,0,0,0,335,24,0,0,1,0,13,385,0,0,0,0,0,0,382,6,7,0,0,0,4,293,5,0,0,0,2,4,332
0.9610154125113327	0.9613001067166803	0.9610154125113327	0.9609845854936367	0.037504858142246356	417,0,0,0,0,0,0,386,31,0,0,0,0,16,393,0,0,0,0,0,0,350,9,7,0,0,0,10,286,8,0,0,0,3,2,288
0.9578422484134179	0.9579146418776322	0.9578422484134179	0.9577883719463022	0.03769918383210258	397,0,0,0,0,0,0,353,37,0,0,1,0,31,392,0,0,0,0,0,0,346,4,3,0,0,0,10,296,5,0,0,0,2,0,329
0.9660018132366274	0.9662232854663714	0.9660018132366274	0.9659828406915932	0.03711620676253402	435,0,0,0,0,0,0,372,28,0,0,0,0,13,394,0,0,0,0,0,0,361,6,4,0,0,0,7,282,8,0,0,0,4,5,287
0.9605621033544878	0.9605914904707564	0.9605621033544878	0.9605283103971431	0.03653322969296546	425,0,0,0,0,0,0,352,24,0,0,1,0,27,390,0,0,0,0,0,0,337,5,4,0,0,0,13,297,6,0,0,0,2,5,318
0.9687216681776972	0.969034722830383	0.9687216681776972	0.9687130630431297	0.03828216090167125	417,0,0,0,0,0,0,388,25,0,0,1,0,13,395,0,0,0,0,0,0,355,1,8,0,0,0,8,275,7,0,0,0,3,3,307
0.956482320942883	0.9566450150912922	0.956482320942883	0.9564526717813213	0.03478429848425957	382,0,0,0,0,0,0,375,35,0,0,0,0,23,374,0,0,0,0,0,0,369,5,6,0,0,0,11,289,8,0,0,0,2,6,321
0.9673617407071623	0.9674752801279439	0.9673617407071623	0.9673465412937088	0.0378935095219588	441,0,0,0,0,0,0,321,28,0,0,0,0,21,408,0,0,0,0,0,0,356,5,5,0,0,0,3,303,7,0,0,0,0,3,305
0.9669084315503174	0.967313458974255	0.9669084315503174	0.9668956116583172	0.03478429848425957	423,0,0,0,0,0,0,350,30,0,0,0,0,12,374,0,0,0,0,0,0,377,3,7,0,0,0,8,291,5,0,0,0,6,2,318
0.9619220308250227	0.9619402744431826	0.9619220308250227	0.96191635749302	0.03905946366109603	425,0,0,0,0,0,0,342,28,0,0,1,0,27,416,0,0,0,0,0,0,362,5,5,0,0,0,5,259,2,0,0,0,4,7,318
0.9601087941976428	0.9602088389129251	0.9601087941976428	0.9601180239305919	0.03556160124368446	444,0,0,0,0,0,0,358,29,0,0,0,0,31,395,0,0,0,0,0,0,309,4,4,0,0,0,4,296,2,0,0,0,11,3,316
0.9555757026291931	0.9556431125827943	0.9555757026291931	0.9555746278414808	0.03925378935095225	432,0,0,0,0,0,0,363,29,0,0,0,0,36,355,0,0,0,0,0,0,343,3,8,0,0,0,6,289,6,0,0,0,4,6,326
0.956482320942883	0.9565782034182327	0.956482320942883	0.9565065254613504	0.03478429848425957	423,0,0,0,0,2,0,343,30,0,0,0,0,30,375,0,0,0,0,0,0,361,8,7,0,0,0,7,285,3,0,0,0,2,7,323
0.9650951949229375	0.9652452451049625	0.9650951949229375	0.9650775661941614	0.036727555382821575	381,0,0,0,0,2,0,342,28,0,0,0,0,24,395,0,0,0,0,0,0,381,4,4,0,0,0,7,303,7,0,0,0,1,0,327
0.9650951949229375	0.9657742430181758	0.9650951949229375	0.9650618332630146	0.03322969296541001	432,0,0,0,0,0,0,356,41,0,0,0,0,15,386,0,0,0,0,0,0,355,5,1,0,0,0,7,275,3,0,0,0,4,1,325
0.9660018132366274	0.9660260317556273	0.9660018132366274	0.9659996905707103	0.03497862417411579	437,0,0,0,0,0,0,370,21,0,0,0,0,26,373,0,0,0,0,0,0,379,6,2,0,0,0,5,278,7,0,0,0,3,5,294
0.9682683590208522	0.9682649294081496	0.9682683590208522	0.9682494599375023	0.040419743490089366	435,0,0,0,0,0,0,354,20,0,0,0,0,22,378,0,0,0,0,0,0,373,8,4,0,0,0,9,287,4,0,0,0,2,1,309
0.9619220308250227	0.9621447415937792	0.9619220308250227	0.9619217778320447	0.03944811504080836	424,0,0,0,0,2,0,360,30,0,0,0,0,20,392,0,0,0,0,0,0,375,6,5,0,0,0,5,260,10,0,0,0,3,3,311
