accuracy	precision	recall	f1	oob	confMatrxVars
0.9505893019038985	0.9508983773082479	0.9505893019038985	0.9505453966426565	0.04780411970462495	406,0,0,0,0,1,0,350,40,0,0,0,0,22,388,0,0,0,0,0,0,354,7,5,0,0,0,8,273,12,0,0,0,8,6,326
0.9551223934723482	0.9552390539403601	0.9551223934723482	0.9551350432113843	0.048970073843762174	424,0,0,0,0,1,0,335,25,0,0,0,0,33,382,0,0,0,0,0,0,359,8,3,0,0,0,14,296,5,0,0,0,2,8,311
0.9614687216681777	0.9621631994348593	0.9614687216681777	0.9613969389999265	0.05033035367275551	428,0,0,0,0,0,0,360,38,0,0,0,0,13,386,0,0,0,0,0,0,365,6,1,0,0,0,12,275,8,0,0,0,5,2,307
0.9519492293744334	0.9521652622161004	0.9519492293744334	0.9518649000370145	0.041197046249514147	433,0,0,0,0,1,0,330,35,0,0,1,0,18,408,0,0,0,0,0,0,361,8,4,0,0,0,9,267,13,0,0,0,9,8,301
0.9546690843155031	0.9550583571553041	0.9546690843155031	0.9546123957368863	0.0474154683249125	403,0,0,0,0,0,0,378,34,0,0,1,0,20,400,0,0,0,0,0,0,331,2,6,0,0,0,9,285,16,0,0,0,5,7,309
0.9487760652765186	0.9489371685295366	0.9487760652765186	0.9487576474133562	0.047609794014768725	412,0,0,0,0,1,0,361,34,0,0,0,0,28,397,0,0,0,0,0,0,348,4,10,0,0,0,14,279,9,0,0,0,6,7,296
0.9546690843155031	0.9553311997890084	0.9546690843155031	0.9545757359753341	0.047609794014768725	397,0,0,0,0,0,0,356,36,0,0,0,0,16,389,0,0,0,0,0,0,367,4,12,0,0,0,14,267,12,0,0,0,1,5,330
0.957388939256573	0.9575954569165013	0.957388939256573	0.9573419071851733	0.04722114263505639	425,0,0,0,0,0,0,336,37,0,0,1,0,24,371,0,0,0,0,0,0,375,3,7,0,0,0,7,271,8,0,0,0,3,4,334
0.9578422484134179	0.9578471725463195	0.9578422484134179	0.9578232895381923	0.04663816556548772	413,0,0,0,0,0,0,368,31,0,0,0,0,26,413,0,0,0,0,0,0,343,5,5,0,0,0,7,269,8,0,0,0,5,6,307
0.9551223934723482	0.9551497278365594	0.9551223934723482	0.9550532385088655	0.04430625728721338	395,0,0,0,0,0,0,339,31,0,0,1,0,32,388,0,0,0,0,0,0,361,7,5,0,0,0,12,285,8,0,0,0,1,2,339
0.9587488667271079	0.9590012500760098	0.9587488667271079	0.9587245386177846	0.0491643995336184	451,1,0,0,0,1,0,342,30,0,0,0,0,17,384,0,0,0,0,0,0,355,5,7,0,0,0,8,259,12,0,0,0,4,6,324
0.9551223934723482	0.9553154969367964	0.9551223934723482	0.9550805711622194	0.045472211426350606	402,0,0,0,0,0,0,346,35,0,0,0,0,20,388,0,0,0,0,0,0,345,7,6,0,0,0,12,313,8,0,0,0,4,7,313
0.9537624660018132	0.9539101133503424	0.9537624660018132	0.9537448729442023	0.05033035367275551	402,0,0,0,0,0,0,328,27,0,0,1,0,26,402,0,0,0,0,0,0,363,5,8,0,0,0,9,298,14,0,0,0,6,6,311
0.9578422484134179	0.9582201298106767	0.9578422484134179	0.9578316672223931	0.04624951418577539	413,0,0,0,0,1,0,353,35,0,0,1,0,18,363,0,0,0,0,0,0,381,5,8,0,0,0,9,297,7,0,0,0,3,6,306
0.9587488667271079	0.9588552679786736	0.9587488667271079	0.9586869070963471	0.04858142246404973	416,0,0,0,0,0,0,358,31,0,0,0,0,21,388,0,0,0,0,0,0,348,5,2,0,0,0,11,277,10,0,0,0,5,6,328
0.9551223934723482	0.9564062307843212	0.9551223934723482	0.9550540180819279	0.0474154683249125	389,0,0,0,0,1,0,367,42,0,0,1,0,8,399,0,0,0,0,0,0,365,7,5,0,0,0,14,293,9,0,0,0,8,4,294
0.9519492293744334	0.9521687815676544	0.9519492293744334	0.9519339354662455	0.04624951418577539	434,0,0,0,0,0,0,356,39,0,0,0,0,24,367,0,0,0,0,0,0,351,11,6,0,0,0,11,264,6,0,0,0,3,6,328
0.956029011786038	0.9560743326668412	0.956029011786038	0.9559861862835578	0.04935872522347451	419,0,0,0,0,1,0,330,30,0,0,0,0,27,387,0,0,0,0,0,0,372,6,3,0,0,0,14,285,7,0,0,0,4,5,316
0.9546690843155031	0.9549478065094528	0.9546690843155031	0.9546040486501952	0.04780411970462495	424,1,0,0,0,0,0,346,40,0,0,0,0,22,400,0,0,0,0,0,0,363,5,3,0,0,0,8,279,12,0,0,0,3,6,294
0.9528558476881233	0.9541556479353398	0.9528558476881233	0.9527262181455749	0.0445005829770696	424,0,0,0,0,0,0,342,47,0,0,0,0,11,388,0,0,0,0,0,0,347,3,4,0,0,0,11,293,13,0,0,0,6,9,308
0.9514959202175884	0.951584606614555	0.9514959202175884	0.9514462425683448	0.046055188495919164	413,0,0,0,0,0,0,352,32,0,0,0,0,32,402,0,0,0,0,0,0,339,7,5,0,0,0,11,280,12,0,0,0,5,3,313
0.9551223934723482	0.9556995424858977	0.9551223934723482	0.955047544591127	0.046832491255343944	418,0,0,0,0,2,0,347,36,0,0,0,0,14,380,0,0,0,0,0,0,364,6,4,0,0,0,12,284,14,0,0,0,4,7,314
0.9555757026291931	0.9557696381624814	0.9555757026291931	0.9555889639119399	0.048970073843762174	431,0,0,0,0,2,0,358,32,0,0,0,0,27,365,0,0,0,0,0,0,353,5,7,0,0,0,7,284,10,0,0,0,5,3,317
0.9551223934723482	0.9551200522197317	0.9551223934723482	0.955087796642933	0.046832491255343944	409,0,0,0,0,0,0,335,29,0,0,0,0,26,390,0,0,0,0,0,0,359,6,5,0,0,0,11,282,9,0,0,0,6,7,332
0.9542157751586582	0.954823862985948	0.9542157751586582	0.9541350475269874	0.043917605907500934	401,0,0,0,0,0,0,360,39,0,0,0,0,22,386,0,0,0,0,0,0,362,2,6,0,0,0,13,295,13,0,0,0,3,3,301
