numTrees	treeDepth	f1	accuracy	precision	recall	buildTime
1	19	0.8849725386927393	0.8848594741613781	0.8853332291218896	0.8848594741613781	0.09770393371582031
1	19	0.8956497817375637	0.8957388939256573	0.8959517907630067	0.8957388939256573	0.09261488914489746
1	19	0.8930744922732737	0.8930190389845875	0.8931968367023054	0.8930190389845875	0.0943448543548584
1	19	0.88582976573112	0.885766092475068	0.8860453421135528	0.885766092475068	0.09899187088012695
1	19	0.8970973452316481	0.8970988213961922	0.8974785239408385	0.8970988213961922	0.09610319137573242
1	19	0.9001189501555709	0.900271985494107	0.9004685545926234	0.900271985494107	0.06976199150085449
1	19	0.876920118241733	0.8771532184950136	0.8770657292836156	0.8771532184950136	0.08220505714416504
1	19	0.885450448987293	0.885766092475068	0.8856792853060244	0.885766092475068	0.07499194145202637
1	19	0.8795038889863801	0.8794197642792384	0.8797213954151609	0.8794197642792384	0.07240986824035645
1	19	0.9007172870655503	0.9011786038077969	0.9006559936107295	0.9011786038077969	0.07082319259643555
