numTrees	treeDepth	f1	accuracy	precision	recall	buildTime
1	15	0.8802617065374864	0.8803263825929284	0.8808655759965585	0.8803263825929284	0.10126113891601562
1	15	0.8942911015573579	0.8943789664551224	0.8942329354494745	0.8943789664551224	0.09251809120178223
1	15	0.9007866978612525	0.900725294650952	0.9014102982457485	0.900725294650952	0.0906219482421875
1	15	0.8997864975700057	0.899818676337262	0.9004193983015286	0.899818676337262	0.09102916717529297
1	15	0.8984797498888538	0.898458748866727	0.8985643285170882	0.898458748866727	0.09420180320739746
1	15	0.8796118508463573	0.8794197642792384	0.879892015847712	0.8794197642792384	0.07201790809631348
1	15	0.8709148880115385	0.870806890299184	0.8715260744423404	0.870806890299184	0.07297015190124512
1	15	0.8930452657379035	0.8930190389845875	0.8940233470363376	0.8930190389845875	0.0691232681274414
1	15	0.8767106970398937	0.8766999093381687	0.8775075758085156	0.8766999093381687	0.0687570571899414
1	15	0.8862631181512352	0.8862194016319129	0.8865886930085903	0.8862194016319129	0.07074689865112305
