numTrees	treeDepth	f1	accuracy	precision	recall	buildTime
1	29	0.9089354753493577	0.9088848594741614	0.9090769165967016	0.9088848594741614	0.09280776977539062
1	29	0.8780367703171669	0.8780598368087036	0.8784523201865772	0.8780598368087036	0.10029292106628418
1	29	0.8635078206160831	0.8631006346328196	0.864266784106165	0.8631006346328196	0.09855484962463379
1	29	0.892574426139933	0.8925657298277425	0.8931133542686363	0.8925657298277425	0.09623289108276367
1	29	0.9184429076550255	0.9184043517679057	0.9186095347479819	0.9184043517679057	0.08822989463806152
1	29	0.8880748887660084	0.8880326382592928	0.8883032495273964	0.8880326382592928	0.07396602630615234
1	29	0.894487369239733	0.8943789664551224	0.8947550269118343	0.8943789664551224	0.07399296760559082
1	29	0.9134526174914672	0.913417951042611	0.9137238386311822	0.913417951042611	0.07182908058166504
1	29	0.8880807950850641	0.8880326382592928	0.8881882941081531	0.8880326382592928	0.07200479507446289
1	29	0.9002050535119693	0.900271985494107	0.9004736236246459	0.900271985494107	0.0700373649597168
