numTrees	treeDepth	f1	accuracy	precision	recall	buildTime
1	21	0.8955617946206819	0.8957388939256573	0.8956542505083657	0.8957388939256573	0.10098409652709961
1	21	0.8860169447430809	0.885766092475068	0.8865600565922602	0.885766092475068	0.1002957820892334
1	21	0.9030065378299463	0.9029918404351768	0.9031447430049365	0.9029918404351768	0.09787297248840332
1	21	0.8738605570883686	0.8739800543970988	0.8741301549519555	0.8739800543970988	0.10564684867858887
1	21	0.8607762416779726	0.8603807796917498	0.8616673978928637	0.8603807796917498	0.09691286087036133
1	21	0.8971494989191489	0.8970988213961922	0.8974770955095512	0.8970988213961922	0.06332516670227051
1	21	0.8651782837459028	0.8644605621033545	0.8669313764503436	0.8644605621033545	0.07761621475219727
1	21	0.8737971649700954	0.8739800543970988	0.8740796398943023	0.8739800543970988	0.08986210823059082
1	21	0.8964300813027347	0.8966455122393472	0.8973662598996904	0.8966455122393472	0.07737994194030762
1	21	0.9047526552933047	0.9048050770625566	0.9049419549394452	0.9048050770625566	0.06946992874145508
