numTrees	treeDepth	f1	accuracy	precision	recall	buildTime
1	3	0.7392967868062255	0.7543064369900272	0.7877756933357644	0.7543064369900272	0.06622815132141113
1	3	0.6326118231879883	0.6944696282864914	0.6100779024421635	0.6944696282864914	0.06412577629089355
1	3	0.7629579243579988	0.771078875793291	0.7838027850829945	0.771078875793291	0.0641489028930664
1	3	0.7504442920346714	0.7674524025385313	0.8069665720425453	0.7674524025385313	0.06468510627746582
1	3	0.7274010807163598	0.757026291931097	0.7936190577671804	0.757026291931097	0.06676602363586426
1	3	0.7093939143771685	0.7271078875793291	0.7689580452391642	0.7271078875793291	0.0369257926940918
1	3	0.7129635146802353	0.714868540344515	0.739120390848119	0.714868540344515	0.03894615173339844
1	3	0.6751167346980772	0.6786038077969175	0.6852240734632655	0.6786038077969175	0.03741621971130371
1	3	0.7222955158170816	0.7343608340888486	0.757366440424603	0.7343608340888486	0.03513503074645996
1	3	0.6466036733422691	0.6595648232094289	0.6708224642738247	0.6595648232094289	0.03831791877746582
