accuracy	precision	recall	f1	oob	confMatrxVars
0.9070716228467816	0.9071466711444615	0.9070716228467816	0.9070697739808347	0.540031092110377	389,0,0,0,0,0,0,351,46,0,0,0,0,50,378,0,0,0,0,0,0,327,9,24,0,0,0,14,263,18,0,0,0,27,17,293
0.8676337262012692	0.8670863025233623	0.8676337262012692	0.8669165705613475	0.5549941702293043	375,14,4,0,1,0,25,281,79,0,0,0,2,57,357,0,0,0,0,0,0,341,13,18,0,0,0,16,253,18,0,1,2,20,22,307
0.8776065276518585	0.8785446870070127	0.8776065276518585	0.8778625847969336	0.5606296152351341	409,9,4,0,2,1,8,281,63,0,0,0,5,75,355,0,0,0,0,0,0,321,20,20,0,1,0,13,264,20,1,0,0,11,17,306
0.9120580235720761	0.9123800181778161	0.9120580235720761	0.9119646568550919	0.543917605907501	405,2,0,1,1,1,3,316,44,0,1,0,0,33,376,0,0,0,0,0,0,359,12,22,0,0,0,11,277,13,0,0,0,21,29,279
0.8694469628286491	0.8713109658607047	0.8694469628286491	0.8701018766149662	0.5635445005829771	417,15,0,1,0,1,2,304,55,0,0,0,1,69,360,1,0,0,0,0,0,320,24,26,0,0,0,22,261,24,0,0,2,23,22,256
0.9075249320036265	0.9075700086878267	0.9075249320036265	0.9074341555050579	0.5373105324523901	418,0,1,0,0,0,0,338,52,1,0,0,0,55,356,3,0,0,0,0,0,343,10,18,0,0,0,12,290,11,0,0,0,15,26,257
0.8766999093381687	0.8769143867253227	0.8766999093381687	0.8766966068382974	0.5499417022930431	377,13,2,0,1,1,12,312,67,0,0,0,8,64,338,0,0,0,2,0,0,330,16,24,0,1,4,10,269,14,0,0,1,15,17,308
0.8961922030825022	0.8971677086245022	0.8961922030825022	0.8963644361891511	0.5472211426350564	424,0,1,0,0,2,0,338,48,0,0,0,0,64,372,0,0,1,0,0,0,313,25,22,0,0,0,15,260,13,0,0,0,16,22,270
0.8839528558476881	0.8849415847345542	0.8839528558476881	0.8842534746072365	0.5528565876408862	422,8,3,1,0,0,5,339,43,0,0,0,0,59,363,2,0,1,0,0,0,311,25,23,0,0,0,22,264,23,0,0,0,16,25,251
0.8898458748866727	0.8914124799828504	0.8898458748866727	0.8900413259687464	0.5514963078118927	410,4,3,1,0,1,8,314,43,0,0,0,0,74,344,0,0,1,0,1,0,337,9,26,0,0,0,18,262,21,1,0,0,20,12,296
0.9097914777878513	0.9100142300307251	0.9097914777878513	0.9098260920134666	0.550719005052468	425,1,0,0,0,1,0,345,42,0,0,2,0,54,350,0,0,1,1,0,0,340,7,20,0,0,0,11,273,18,0,0,0,16,25,274
0.8948322756119673	0.895637838223566	0.8948322756119673	0.8950930380519607	0.5528565876408862	415,8,3,0,0,1,3,318,59,0,0,1,1,72,336,2,0,0,0,0,0,332,9,13,0,0,0,10,270,21,0,0,0,10,19,303
0.9093381686310064	0.90948935616358	0.9093381686310064	0.9093260935962005	0.5476097940147687	410,0,0,0,0,0,0,335,55,0,0,0,0,43,366,0,0,0,0,1,0,331,15,24,0,0,0,17,281,13,0,0,0,16,16,283
0.8612873980054397	0.8624108045535248	0.8612873980054397	0.8612278180913936	0.5516906335017489	373,7,5,0,0,0,6,297,78,0,0,0,1,60,373,0,0,0,0,0,0,329,26,31,0,0,0,7,260,21,2,0,1,29,32,268
0.8834995466908432	0.8834870831721818	0.8834995466908432	0.8832688488904693	0.5596579867858531	404,20,0,1,1,1,19,337,62,0,0,0,2,46,350,0,0,0,0,0,0,327,12,19,0,0,0,15,267,12,0,0,0,26,21,264
0.8875793291024479	0.8871956338065061	0.8875793291024479	0.8873095082705384	0.548775748153906	392,10,0,0,0,1,14,320,59,0,0,0,3,49,354,3,0,0,0,0,0,337,18,20,0,0,0,11,270,17,0,2,0,23,18,285
0.8902991840435177	0.8915495226464394	0.8902991840435177	0.8906211306019292	0.5542168674698795	431,0,0,0,0,1,0,333,61,0,0,0,0,62,367,0,0,0,0,0,0,320,27,17,0,0,0,7,250,26,0,0,0,14,27,263
0.9029918404351768	0.9034559534353798	0.9029918404351768	0.9029042691110573	0.5513019821220365	430,1,0,0,0,0,1,341,37,0,0,0,0,58,347,1,0,0,0,0,0,348,10,21,0,0,0,17,262,17,0,0,0,19,32,264
0.8617407071622847	0.8617582025897527	0.8617407071622847	0.861584306505155	0.5594636610959969	375,15,7,0,2,0,20,293,64,0,1,2,3,70,328,1,0,0,0,0,2,366,12,17,0,0,0,15,242,19,0,1,1,33,20,297
0.8821396192203083	0.8820032290362405	0.8821396192203083	0.8819172501474819	0.5575204041974349	395,13,5,0,0,2,17,282,46,0,0,0,10,51,359,0,1,0,0,0,1,364,15,14,0,0,0,16,242,29,0,1,2,24,13,304
0.8726201269265639	0.8722741701853723	0.8726201269265639	0.8724306937653279	0.55266226195103	411,6,4,0,0,1,12,296,75,0,0,0,3,76,321,0,0,0,0,0,0,340,9,14,0,0,0,8,274,29,2,0,1,13,28,283
0.899818676337262	0.9001415478141291	0.899818676337262	0.8999639556311614	0.5571317528177224	449,0,1,0,0,0,0,317,64,0,0,0,0,65,307,0,0,0,0,1,0,337,6,24,0,0,0,6,291,17,0,1,1,20,15,284
0.8830462375339981	0.8830704133585854	0.8830462375339981	0.8829074038103852	0.5530509133307423	409,0,0,0,0,2,1,324,70,0,0,0,0,57,359,1,0,0,0,0,0,322,15,19,0,0,0,13,276,24,0,0,0,25,31,258
0.9125113327289212	0.9128119371969304	0.9125113327289212	0.9124479841714688	0.5445005829770695	433,1,0,2,2,0,0,329,53,0,0,0,0,38,383,0,0,0,1,0,0,343,7,18,0,0,0,16,256,13,1,1,1,23,16,269
0.8844061650045331	0.8855238667669662	0.8844061650045331	0.8844480967742182	0.5538282160901671	412,2,0,0,0,0,0,330,48,0,0,0,0,78,329,2,0,1,0,0,0,309,17,24,0,0,0,21,291,20,0,0,0,20,22,280
