accuracy	precision	recall	f1	oob	confMatrxVars
0.8961922030825022	0.8964344546973891	0.8961922030825022	0.8962407463529419	0.5423630003886514	415,0,0,0,0,1,0,330,51,0,0,0,0,62,371,4,0,0,0,0,4,331,15,22,0,0,0,15,240,19,0,0,0,19,17,290
0.8934723481414325	0.8941341071645544	0.8934723481414325	0.8934624748759755	0.5489700738437622	407,16,0,0,0,1,12,318,48,0,0,0,0,40,378,0,0,0,0,0,0,325,21,24,0,0,0,21,245,27,0,0,0,9,16,298
0.7978241160471442	0.8050639156241174	0.7978241160471442	0.799773144275891	0.5847260007773027	335,74,22,1,0,4,44,271,55,0,0,1,19,92,298,1,0,0,0,0,0,319,9,33,0,0,0,15,263,28,0,3,0,31,14,274
0.8558476881233001	0.8597121714052424	0.8558476881233001	0.8543803306285414	0.5621842207539837	419,7,5,2,0,1,15,258,118,0,0,0,0,46,364,4,0,0,0,0,0,315,17,19,0,0,0,13,245,45,0,0,0,12,14,287
0.8816863100634633	0.8831399417582091	0.8816863100634633	0.8815993016835787	0.5584920326467159	425,2,0,0,0,0,0,305,83,0,0,1,0,54,361,0,0,0,0,0,0,326,7,21,0,0,0,18,260,28,0,0,0,35,12,268
0.9029918404351768	0.9032181077423587	0.9029918404351768	0.9030876136563057	0.5466381655654877	424,0,0,0,0,3,1,334,52,0,0,0,0,53,352,0,0,0,0,1,1,312,9,23,0,0,0,12,285,19,0,0,0,23,17,285
0.828649138712602	0.8321187224690272	0.828649138712602	0.8298769149463285	0.5619898950641276	354,22,21,0,1,1,12,295,70,0,0,0,5,85,332,0,0,0,0,0,0,324,24,32,0,0,0,14,257,36,0,0,0,24,31,266
0.8726201269265639	0.873240136874116	0.8726201269265639	0.8725221735241512	0.5668480373105325	398,15,14,0,0,0,20,315,53,0,0,0,6,51,379,0,1,0,0,0,3,309,13,22,0,0,0,23,232,28,0,0,1,20,11,292
0.9029918404351768	0.9033394706546956	0.9029918404351768	0.9028997076837733	0.5530509133307423	427,2,0,0,0,0,0,341,43,0,0,0,0,57,373,0,0,0,0,0,0,326,9,16,0,0,0,12,251,23,1,0,0,31,20,274
0.8830462375339981	0.8846726317965249	0.8830462375339981	0.8830972001544359	0.5579090555771473	431,0,0,0,0,1,0,298,92,0,0,0,0,56,354,0,0,1,0,0,0,328,13,21,0,0,0,11,269,28,0,0,3,11,21,268
0.8585675430643699	0.8620160013067566	0.8585675430643699	0.858895762564688	0.5614069179945589	377,1,21,0,1,1,0,272,98,0,0,0,8,51,365,0,0,0,0,0,0,311,14,30,0,0,0,11,282,20,0,2,0,22,32,287
0.857207615593835	0.860872541401557	0.857207615593835	0.8551822332990355	0.5656820831713952	407,7,11,0,0,0,24,252,109,0,0,0,8,32,371,0,0,0,0,0,0,326,21,30,0,0,0,23,257,10,0,0,0,21,19,278
0.8789664551223935	0.8806838175688025	0.8789664551223935	0.8789046588631529	0.5705402254178003	451,1,0,0,0,0,0,350,63,0,0,0,0,51,334,0,0,0,0,0,0,326,10,23,0,0,0,25,238,34,0,0,0,47,13,240
0.899818676337262	0.9008086291613204	0.899818676337262	0.9000710227981554	0.5528565876408862	433,12,1,0,0,0,5,344,42,1,0,0,1,61,338,0,0,0,0,0,0,327,11,26,0,0,0,17,258,8,0,0,1,19,16,285
0.8893925657298277	0.8916677275648336	0.8893925657298277	0.8897953047448516	0.5538282160901671	390,29,0,0,0,1,9,346,42,0,0,0,0,50,358,0,0,0,0,0,0,345,9,14,0,0,0,17,243,36,0,0,1,21,15,280
0.8685403445149592	0.8694388685958144	0.8685403445149592	0.8681620999178398	0.5596579867858531	370,23,8,0,0,1,18,295,79,0,0,0,2,38,388,0,1,0,0,0,0,331,21,17,0,0,0,17,257,20,0,0,0,24,21,275
0.8785131459655485	0.8797645061233761	0.8785131459655485	0.8781548701394204	0.5623785464438399	428,12,1,0,0,0,46,284,27,0,0,0,8,50,348,1,0,0,0,0,0,338,8,30,0,0,0,10,250,32,0,0,1,33,9,290
0.9106980961015413	0.9118597203093906	0.9106980961015413	0.9108292638073553	0.5443062572872134	431,0,0,1,0,0,0,334,42,0,0,0,0,36,347,2,0,0,0,0,1,353,11,25,0,0,1,27,253,15,0,1,1,30,4,291
0.9016319129646418	0.9044244435690091	0.9016319129646418	0.9021499545018428	0.5501360279828993	429,2,0,0,0,0,0,361,31,0,0,0,0,57,366,0,0,0,0,0,0,335,3,42,0,0,0,12,231,31,0,0,1,17,21,267
0.8907524932003626	0.8919190271469407	0.8907524932003626	0.890735873454343	0.554605518849592	421,0,0,0,1,0,0,320,49,0,0,0,0,64,370,0,0,0,0,0,0,343,8,22,0,0,0,16,229,42,0,0,0,19,20,282
0.8617407071622847	0.8656377624097966	0.8617407071622847	0.8621005597740224	0.5547998445394482	392,25,1,0,0,0,20,336,41,0,0,0,0,90,326,0,0,1,0,0,0,336,11,24,0,0,0,17,251,11,0,0,1,43,20,260
0.8531278331822303	0.8531781724066893	0.8531278331822303	0.8528647512827477	0.5715118538670813	376,48,0,1,0,1,34,262,74,0,0,0,9,44,347,0,0,0,0,0,0,340,16,27,0,0,0,10,278,20,0,0,2,17,21,279
0.8436083408884859	0.8438970584695631	0.8436083408884859	0.8426993086225598	0.571317528177225	373,27,6,0,1,0,20,249,99,0,0,1,7,54,356,0,0,0,3,0,0,334,14,15,0,0,0,17,280,23,1,0,0,40,17,269
0.8785131459655485	0.8827471018215515	0.8785131459655485	0.8792265603673751	0.5579090555771473	394,22,10,2,4,0,7,324,32,1,0,0,0,74,315,3,0,0,0,0,0,335,16,16,0,0,0,21,270,29,0,0,0,13,18,300
0.9066183136899365	0.9070121312354058	0.9066183136899365	0.9066888221588362	0.5415856976292266	412,9,1,0,0,0,11,337,30,0,0,0,0,44,355,0,0,0,0,0,0,345,20,27,0,0,0,14,268,15,0,0,0,23,12,283
