accuracy	precision	recall	f1	oob	confMatrxVars
0.9660018132366274	0.9661853054018201	0.9660018132366274	0.9660102027313221	0.03905946366109603	429,0,0,0,0,0,0,368,29,0,0,0,0,17,363,0,0,0,0,0,0,382,6,4,0,0,0,7,276,5,0,0,0,0,7,313
0.970081595648232	0.9703272163738292	0.970081595648232	0.9700777956953501	0.035950252623396795	434,0,0,0,0,0,0,380,27,0,0,1,0,16,403,0,0,0,0,0,0,336,6,6,0,0,0,1,272,3,0,0,0,1,5,315
0.9682683590208522	0.9682997513708841	0.9682683590208522	0.9682682840099099	0.035950252623396795	435,0,0,0,0,0,0,361,25,0,0,0,0,23,381,0,0,0,0,0,0,349,5,5,0,0,0,3,291,4,0,0,0,2,3,319
0.9728014505893019	0.9728054645735673	0.9728014505893019	0.9727980578101246	0.036727555382821575	422,0,0,0,0,0,0,346,19,0,0,0,0,20,396,0,0,0,0,0,0,369,4,4,0,0,0,6,296,3,0,0,0,1,3,317
0.9637352674524026	0.9638432718606764	0.9637352674524026	0.9637231267464564	0.03536727555382824	465,0,0,0,0,0,0,358,31,0,0,1,0,24,386,0,0,0,0,0,0,336,6,6,0,0,0,4,308,3,0,0,0,0,5,273
0.9737080689029919	0.9737451397889876	0.9737080689029919	0.973706276802122	0.03944811504080836	407,0,0,0,0,0,0,350,22,0,0,0,0,21,406,0,0,0,0,0,0,385,1,5,0,0,0,4,286,3,0,0,0,0,2,314
0.9641885766092475	0.9644211594085975	0.9641885766092475	0.9641242232773513	0.03264671589584145	394,0,0,0,0,0,0,360,33,0,0,1,0,19,389,0,0,0,0,0,0,363,1,3,0,0,0,9,281,7,0,0,0,2,4,340
0.9691749773345422	0.970046738611829	0.9691749773345422	0.969127748653705	0.03769918383210258	412,0,0,0,0,0,0,357,39,0,0,0,0,10,415,0,0,0,0,0,0,324,2,8,0,0,0,1,288,4,0,0,0,1,3,342
0.9687216681776972	0.9690484559973628	0.9687216681776972	0.968709785826931	0.037504858142246356	424,0,0,0,0,0,0,376,33,0,0,0,0,16,402,0,0,0,0,0,0,362,5,6,0,0,0,3,282,1,0,0,0,1,4,291
0.9728014505893019	0.9730313620355359	0.9728014505893019	0.9727915872131311	0.037310532452390244	448,0,0,0,0,0,0,368,27,0,0,1,0,14,377,0,0,0,0,0,0,357,7,3,0,0,0,3,287,1,0,0,0,1,3,309
0.9664551223934723	0.9664582330305325	0.9664551223934723	0.9664343668745163	0.03847648659152736	399,0,0,0,0,0,0,364,26,0,0,1,0,22,388,0,0,0,0,0,0,393,7,5,0,0,0,6,268,3,0,0,0,3,1,320
0.9678150498640072	0.9680257358999028	0.9678150498640072	0.967770523611361	0.03439564710454723	393,0,0,0,0,0,0,362,27,0,0,0,0,15,385,0,0,0,0,0,0,372,3,6,0,0,0,11,295,6,0,0,0,0,3,328
0.9732547597461468	0.9733167849026546	0.9732547597461468	0.9732584958013266	0.03828216090167125	436,0,0,0,0,0,0,379,23,0,0,0,0,28,394,0,0,0,0,0,0,358,2,2,0,0,0,0,273,0,0,0,0,1,3,307
0.9637352674524026	0.9637559278887647	0.9637352674524026	0.9637373656424867	0.03614457831325302	434,0,0,0,0,1,0,353,28,0,0,0,0,25,343,0,0,0,0,0,0,367,4,3,0,0,0,6,305,5,0,0,0,3,5,324
0.9696282864913871	0.9696786645124054	0.9696282864913871	0.969638149935813	0.03653322969296546	426,0,0,0,0,0,0,363,21,0,0,0,0,24,403,0,0,0,0,0,0,359,2,7,0,0,0,4,287,3,0,0,0,1,5,301
0.9732547597461468	0.973383326177149	0.9732547597461468	0.9732718942839641	0.035950252623396795	413,0,0,0,0,1,0,370,18,0,0,0,0,17,378,0,0,0,0,0,0,373,7,1,0,0,0,2,290,2,0,0,0,5,6,323
0.9773345421577516	0.9776033026400424	0.9773345421577516	0.9773274076516844	0.03905946366109603	378,0,0,0,0,0,0,365,25,0,0,0,0,11,400,0,0,0,0,0,0,366,1,5,0,0,0,3,327,4,0,0,0,1,0,320
0.9696282864913871	0.9697760234157536	0.9696282864913871	0.9696069270456351	0.035172949863972014	440,0,0,0,0,0,0,370,28,0,0,1,0,18,410,0,0,0,0,0,0,345,1,7,0,0,0,6,273,3,0,0,0,1,2,301
0.9650951949229375	0.9651222192683281	0.9650951949229375	0.9650788951191321	0.03653322969296546	446,0,0,0,0,1,0,342,27,0,0,0,0,27,414,0,0,0,0,0,0,343,1,2,0,0,0,6,279,7,0,0,0,1,5,305
0.9705349048050771	0.970652526827685	0.9705349048050771	0.9705326734370453	0.03711620676253402	431,0,0,0,0,1,0,360,27,0,0,0,0,18,412,0,0,0,0,0,0,360,3,4,0,0,0,3,276,5,0,0,0,0,4,302
0.9660018132366274	0.9660011416988403	0.9660018132366274	0.965980936951928	0.03497862417411579	415,0,0,0,0,0,0,372,28,0,0,1,0,26,414,0,0,0,0,0,0,331,5,2,0,0,0,4,288,6,0,0,0,1,2,311
0.9696282864913871	0.9699242164158886	0.9696282864913871	0.9695698865781025	0.03925378935095225	417,0,0,0,0,0,0,344,32,0,0,1,0,15,410,0,0,0,0,0,0,340,2,5,0,0,0,5,291,5,0,0,0,0,2,337
0.9759746146872167	0.9759747630756448	0.9759746146872167	0.9759562627909151	0.039642440730664585	403,0,0,0,0,0,0,362,21,0,0,1,0,18,418,0,0,0,0,0,0,373,4,3,0,0,0,3,278,2,0,0,0,1,0,319
0.9777878513145966	0.9780382491229105	0.9777878513145966	0.9777856544580238	0.038865137971239805	415,1,0,0,0,0,0,382,26,0,0,0,0,11,393,0,0,0,0,0,0,355,0,2,0,0,0,3,292,4,0,0,0,0,2,320
0.9732547597461468	0.9734068492497541	0.9732547597461468	0.9732564236000437	0.03400699572483479	434,0,0,0,0,0,0,361,15,0,0,0,0,26,383,0,0,0,0,0,0,387,3,4,0,0,0,5,252,3,0,0,0,0,3,330
