accuracy	precision	recall	f1	oob	confMatrxVars
0.970988213961922	0.9713025278076484	0.970988213961922	0.9709656639463335	0.034589972794403456	427,0,0,0,0,0,0,358,30,0,0,0,0,12,399,0,0,0,0,0,0,333,5,4,0,0,0,5,306,3,0,0,0,1,4,319
0.970081595648232	0.9702040160678186	0.970081595648232	0.9700767765284365	0.03478429848425957	412,0,0,0,0,0,0,342,22,0,0,1,0,15,378,0,0,0,0,0,0,361,7,6,0,0,0,0,303,7,0,0,0,5,3,344
0.9737080689029919	0.9737530967683324	0.9737080689029919	0.9737059828539885	0.032452390205985227	426,0,0,0,0,2,0,348,20,0,0,0,0,16,389,0,0,0,0,0,0,373,3,2,0,0,0,4,282,6,0,0,0,2,3,330
0.9732547597461468	0.973360343134553	0.9732547597461468	0.9732586697123939	0.034589972794403456	433,0,0,0,0,0,0,378,26,0,0,0,0,17,363,0,0,0,0,0,0,334,2,5,0,0,0,4,295,1,0,0,0,0,4,344
0.9673617407071623	0.9674446112451923	0.9673617407071623	0.96734499935729	0.03653322969296546	413,0,0,0,0,0,0,348,29,0,0,0,0,19,406,0,0,0,0,0,0,347,4,4,0,0,0,3,312,4,0,0,0,3,6,308
0.9777878513145966	0.9778286202608094	0.9777878513145966	0.9778021430390981	0.0369218810726778	419,2,0,0,0,0,0,370,17,0,0,0,0,16,375,0,0,0,0,0,0,365,5,3,0,0,0,3,310,1,0,0,0,2,0,318
0.9741613780598368	0.9741586224657596	0.9741613780598368	0.9741461048466205	0.033812670034978676	438,0,0,0,0,0,0,373,22,0,0,0,0,19,367,0,0,0,0,0,0,383,1,0,0,0,0,4,290,6,0,0,0,0,5,298
0.9696282864913871	0.9698030369284114	0.9696282864913871	0.969591344995087	0.03769918383210258	441,0,0,0,0,0,0,351,31,0,0,0,0,16,412,0,0,0,0,0,0,340,5,4,0,0,0,6,274,2,0,0,0,1,2,321
0.9746146872166818	0.9746833150115486	0.9746146872166818	0.9745838647844899	0.034589972794403456	403,0,0,0,0,0,0,340,27,0,0,0,0,16,437,0,0,0,0,0,0,373,2,2,0,0,0,2,274,2,0,0,0,2,3,323
0.971894832275612	0.9720142516015534	0.971894832275612	0.9718806356582975	0.03148076175670422	414,1,0,0,0,0,0,360,29,0,0,0,0,17,420,0,0,0,0,0,0,369,3,2,0,0,0,3,278,4,0,0,0,1,2,303
0.9746146872166818	0.9747321021128657	0.9746146872166818	0.9746084060263389	0.03653322969296546	433,0,0,0,0,0,0,388,22,0,0,0,0,13,372,0,0,0,0,0,0,358,5,6,0,0,0,1,304,1,0,0,0,5,3,295
0.970988213961922	0.9710260270550749	0.970988213961922	0.9709931204200984	0.03847648659152736	412,0,0,0,0,0,0,358,20,0,0,0,0,17,395,0,0,0,0,0,0,369,3,6,0,0,0,3,278,4,0,0,0,3,8,330
0.9759746146872167	0.9764497286883996	0.9759746146872167	0.9759527440889871	0.036727555382821575	438,0,0,0,0,0,0,369,32,0,0,0,0,10,403,0,0,0,0,0,0,375,2,3,0,0,0,3,265,1,0,0,0,0,2,303
0.9682683590208522	0.9683189105160336	0.9682683590208522	0.968257766991296	0.034589972794403456	427,0,0,0,0,0,0,346,26,0,0,0,0,23,395,0,0,0,0,0,0,361,1,2,0,0,0,7,281,2,0,0,0,4,5,326
0.9741613780598368	0.9742698760327835	0.9741613780598368	0.9741427179424099	0.035172949863972014	415,0,0,0,0,1,0,380,23,0,0,0,0,14,393,0,0,0,0,0,0,341,2,2,0,0,0,7,292,5,0,0,0,0,3,328
0.9786944696282865	0.9789391554803043	0.9786944696282865	0.9786581502274186	0.03653322969296546	445,0,0,0,1,0,0,351,23,0,0,1,0,7,417,0,0,0,0,0,0,343,3,2,0,0,0,5,293,3,0,0,0,0,2,310
0.9764279238440616	0.9765636347128769	0.9764279238440616	0.9764360536060839	0.031286436066848	437,0,0,0,0,0,0,375,22,0,0,0,0,14,374,0,0,0,0,0,0,346,5,3,0,0,0,1,299,4,0,0,0,0,3,323
0.972348141432457	0.9725311016450507	0.972348141432457	0.9723548580209765	0.03653322969296546	421,0,0,0,0,0,0,356,17,0,0,1,0,30,386,0,0,0,0,0,0,329,2,2,0,0,0,4,304,1,0,0,0,0,4,349
0.9741613780598368	0.9743910061387819	0.9741613780598368	0.9741452608009149	0.030703458997279442	411,0,0,0,0,0,0,371,29,0,0,1,0,14,377,0,0,0,0,0,0,386,2,2,0,0,0,2,290,2,0,0,0,2,3,314
0.972348141432457	0.9725025177146294	0.972348141432457	0.9723612968751079	0.03284104158569767	414,0,0,0,0,0,0,362,25,0,0,0,0,16,380,0,0,0,0,0,0,365,0,8,0,0,0,1,301,4,0,0,0,1,6,323
0.971441523118767	0.971469681279584	0.971441523118767	0.9714375233405511	0.031286436066848	427,0,0,0,0,0,0,362,24,0,0,0,0,19,385,0,0,0,0,0,0,361,4,2,0,0,0,3,268,6,0,0,0,1,4,340
0.9682683590208522	0.9684424675019181	0.9682683590208522	0.9682481811145897	0.03361834434512245	411,0,0,0,0,0,0,357,28,0,0,1,0,18,393,0,0,0,0,0,0,370,3,9,0,0,0,5,288,3,0,0,0,1,2,317
0.9705349048050771	0.9705558719353188	0.9705349048050771	0.9705318575912694	0.035950252623396795	403,0,0,0,0,0,0,389,25,0,0,0,0,20,403,0,0,0,0,0,0,338,2,4,0,0,0,5,295,3,0,0,0,1,5,313
0.9682683590208522	0.9684071811476577	0.9682683590208522	0.968248270037722	0.03361834434512245	428,0,0,0,0,0,0,368,29,0,0,1,0,17,410,0,0,0,0,0,0,338,1,8,0,0,0,5,297,2,0,0,0,3,4,295
0.9673617407071623	0.9675325827702235	0.9673617407071623	0.9673360245056147	0.03536727555382824	404,0,0,0,0,0,0,340,28,0,0,1,0,17,385,0,0,0,0,0,0,360,6,7,0,0,0,4,324,4,0,0,0,1,4,321
