accuracy	precision	recall	f1	oob	confMatrxVars
0.7243880326382592	0.8162178266420628	0.7243880326382592	0.6666752106227849	0.2681694520015546	433,0,0,1,1,0,35,30,325,0,0,0,0,0,424,0,0,0,0,0,0,335,6,1,0,0,0,40,241,5,0,0,0,148,46,135
0.8055303717135086	0.8481153505461821	0.8055303717135086	0.7876240653395511	0.2273610571317528	426,0,0,0,0,0,4,117,255,0,0,0,0,7,431,0,0,0,0,0,0,339,10,8,0,0,0,39,243,11,0,0,0,75,20,221
0.8145965548504079	0.8375741230311358	0.8145965548504079	0.796118448550881	0.21706179556937422	437,0,0,0,1,1,38,123,217,0,0,0,0,18,413,0,0,0,0,0,0,353,5,10,0,0,0,35,234,4,0,0,0,51,29,237
0.7946509519492294	0.8368520476263491	0.7946509519492294	0.7722132916533112	0.23163622230858916	426,0,0,0,0,0,5,100,286,0,0,0,0,14,425,0,0,0,0,0,0,335,5,4,0,0,0,41,241,8,0,0,0,66,24,226
0.7456935630099728	0.830230296973234	0.7456935630099728	0.6879617927096624	0.2842984842596191	443,0,0,0,1,0,33,16,346,0,0,0,0,0,403,0,0,0,0,0,0,344,10,3,0,0,0,38,244,6,0,0,0,83,41,195
0.8073436083408885	0.8348995315336734	0.8073436083408885	0.7890966677512852	0.21453556160124365	402,0,0,0,0,0,32,126,229,0,0,0,0,12,394,0,0,0,0,0,0,359,8,18,0,0,0,16,262,31,0,0,0,53,26,238
0.7484134179510427	0.7907597055991219	0.7484134179510427	0.7041973935953919	0.27710843373493976	419,0,0,0,0,0,22,177,177,0,0,0,0,25,411,0,0,0,0,0,0,365,9,0,0,0,0,30,252,6,0,0,0,250,36,27
0.7561196736174071	0.812624862365899	0.7561196736174071	0.7345318156074001	0.25514963078118924	414,0,0,0,0,1,4,153,232,0,0,1,0,25,388,0,0,0,0,0,0,358,9,0,0,0,0,48,233,1,0,0,0,174,43,122
0.800090661831369	0.8486193303605436	0.800090661831369	0.7763615951308194	0.21375825884181887	404,0,0,0,0,2,27,97,256,0,0,0,0,1,408,0,0,0,0,0,0,341,7,20,0,0,0,48,262,13,0,0,0,53,14,253
0.7842248413417952	0.8458677426129645	0.7842248413417952	0.7677196089076109	0.220753983676642	385,0,0,0,0,0,1,137,252,0,0,0,0,2,399,0,0,0,0,0,0,368,12,2,0,0,0,58,245,1,0,0,0,105,43,196
0.78558476881233	0.8442203303595508	0.78558476881233	0.7429456776424989	0.22405752040419746	445,0,0,0,0,2,37,40,294,0,0,0,0,0,408,0,0,0,0,0,0,343,7,18,0,0,0,34,256,21,0,0,0,41,19,241
0.6563916591115141	0.8025317914585196	0.6563916591115141	0.5510623933135871	0.31694520015546057	408,0,0,0,0,0,28,11,364,0,0,0,0,0,430,0,0,0,0,0,0,325,6,0,0,0,0,48,271,0,0,0,0,269,43,3
0.771078875793291	0.8431080284982573	0.771078875793291	0.7337724853913129	0.22774970851146525	429,0,0,0,0,1,12,51,324,0,0,1,0,1,397,0,0,0,0,0,0,348,5,8,0,0,0,55,232,15,0,0,0,69,14,244
0.8050770625566637	0.8398422483965113	0.8050770625566637	0.7864045897910381	0.2234745433346288	425,0,0,0,0,1,15,114,258,0,0,0,0,17,391,0,0,0,0,0,0,364,6,5,0,0,0,45,257,6,0,0,0,55,22,225
0.8136899365367181	0.8415029325523382	0.8136899365367181	0.7972773332730174	0.21706179556937422	417,0,0,0,0,2,26,126,233,0,0,0,0,16,372,0,0,0,0,0,0,364,4,18,0,0,0,26,253,31,0,0,0,41,14,263
0.7810516772438804	0.8306556810516267	0.7810516772438804	0.7613586535531769	0.25320637388262723	412,0,0,0,1,1,20,121,243,0,0,0,0,11,393,0,0,0,0,0,0,349,10,2,0,0,0,46,261,6,0,0,0,119,24,187
0.8168631006346329	0.8630841373165973	0.8168631006346329	0.8019877159705695	0.219782355227361	410,0,0,0,0,0,0,137,264,0,0,0,0,7,430,0,0,0,0,0,0,333,7,6,0,0,0,41,248,3,0,0,0,61,15,244
0.8082502266545785	0.8559653043720233	0.8082502266545785	0.7891414725379845	0.21356393315196265	418,0,0,0,0,0,9,107,253,0,0,0,0,1,380,0,0,0,0,0,0,376,6,21,0,0,0,32,264,9,0,0,0,66,26,238
0.7760652765185857	0.8401076157442213	0.7760652765185857	0.74570175916453	0.2481539059463661	411,0,0,0,0,0,33,92,270,0,0,1,0,0,425,0,0,0,0,0,0,357,6,4,0,0,0,49,249,2,0,0,0,99,30,178
0.815049864007253	0.8444961951928126	0.815049864007253	0.8037927880011382	0.20909444228527008	412,0,0,0,0,0,7,151,224,0,0,0,0,18,399,0,0,0,0,0,0,339,4,11,0,0,0,43,236,15,0,0,0,64,22,261
0.8087035358114234	0.8410820033365611	0.8087035358114234	0.7958833354750222	0.22094830936649823	387,0,2,0,0,0,0,140,246,0,0,1,0,19,394,0,0,0,0,0,0,369,5,8,0,0,0,41,249,14,0,0,0,58,28,245
0.7978241160471442	0.8579069902302765	0.7978241160471442	0.7649726083023186	0.219782355227361	418,0,0,0,0,0,21,69,302,0,0,1,0,0,406,0,0,0,0,0,0,353,9,19,0,0,0,26,247,22,0,0,0,37,9,267
0.7910244786944697	0.8386091601722364	0.7910244786944697	0.7602226212668106	0.23455110765643217	437,0,0,0,1,0,23,69,276,0,0,0,0,5,396,0,0,0,0,0,0,386,8,8,0,0,0,41,238,5,0,0,0,59,35,219
0.7071622846781505	0.8155315479905769	0.7071622846781505	0.6411091223010447	0.2800233190827828	399,0,0,0,0,0,24,17,372,0,0,1,0,0,441,0,0,0,0,0,0,352,6,1,0,0,0,49,226,2,0,0,0,160,31,125
0.7601994560290117	0.836027683572228	0.7601994560290117	0.7179919591840264	0.23319082782743883	403,0,0,0,0,0,38,55,323,0,0,1,0,0,392,0,0,0,0,0,0,359,12,0,0,0,0,49,251,9,0,0,0,63,34,217
