accuracy	precision	recall	f1	oob	confMatrxVars
0.9773345421577516	0.9776013147853755	0.9773345421577516	0.9773755673963086	0.02545666537116209	429,0,0,0,0,2,0,338,12,0,0,0,0,21,403,0,0,0,0,0,0,391,2,5,0,0,0,1,279,5,0,0,0,0,2,316
0.9823209428830463	0.9823382675455093	0.9823209428830463	0.9823239825996256	0.025068013991449645	429,0,0,0,0,0,0,356,12,0,0,0,0,15,415,0,0,0,0,0,0,357,1,3,0,0,0,2,296,1,0,0,0,3,2,314
0.9836808703535811	0.983704402955999	0.9836808703535811	0.983676835148857	0.027205596579867874	416,0,0,0,0,0,0,385,11,0,0,0,0,12,399,0,0,0,0,0,0,363,1,4,0,0,0,6,304,1,0,0,0,0,1,303
0.971894832275612	0.9719499310743873	0.971894832275612	0.971895252647521	0.02681694520015543	429,0,0,0,0,0,0,353,23,0,0,0,0,19,400,0,0,0,0,0,0,350,4,5,0,0,0,0,304,4,0,0,0,3,4,308
0.9786944696282865	0.9787249228458365	0.9786944696282865	0.9786960571533166	0.02409638554216864	423,0,0,0,0,0,0,354,15,0,0,0,0,16,386,0,0,0,0,0,0,369,4,4,0,0,0,2,290,3,0,0,0,1,2,337
0.9741613780598368	0.9741805329612653	0.9741613780598368	0.9741440924584738	0.02390205985231253	416,0,0,0,0,2,0,365,20,0,0,1,0,18,397,0,0,0,0,0,0,336,4,1,0,0,0,7,309,3,0,0,0,0,1,326
0.9746146872166818	0.9746406169381728	0.9746146872166818	0.9746052779002267	0.02623396813058687	442,0,0,0,0,0,0,359,20,0,0,1,0,20,389,0,0,0,0,0,0,354,2,3,0,0,0,4,310,4,0,0,0,1,1,296
0.972348141432457	0.9728912925621099	0.972348141432457	0.9723132270741961	0.02681694520015543	437,0,0,0,0,0,0,351,34,0,0,0,0,11,395,0,0,0,0,0,0,363,3,4,0,0,0,3,284,4,0,0,0,1,1,315
0.9791477787851315	0.9791948588770246	0.9791477787851315	0.979147199354286	0.021958802953750522	413,0,0,0,0,0,0,353,17,0,0,0,0,14,406,0,0,0,0,0,0,390,3,3,0,0,0,2,305,5,0,0,0,1,1,293
0.9823209428830463	0.9823437249832772	0.9823209428830463	0.9823143056094749	0.025650991061018313	416,0,0,0,0,0,0,390,13,0,0,0,0,13,419,0,0,0,0,0,0,352,6,3,0,0,0,2,282,1,0,0,0,1,0,308
0.9728014505893019	0.9728583544986926	0.9728014505893019	0.9727887825997843	0.026039642440730648	429,0,0,0,0,0,0,377,19,0,0,0,0,24,370,0,0,0,0,0,0,371,0,3,0,0,0,7,286,3,0,0,0,1,3,313
0.9691749773345422	0.9692416896799353	0.9691749773345422	0.9691795002182854	0.0217644772638943	417,0,0,0,0,0,0,349,24,0,0,0,0,27,389,0,0,0,0,0,0,358,7,3,0,0,0,3,291,2,0,0,0,0,2,334
0.9786944696282865	0.9787802711159218	0.9786944696282865	0.9786944373686698	0.026622619510299317	393,0,0,0,0,0,0,358,21,0,0,0,0,14,400,0,0,0,0,0,0,361,3,2,0,0,0,0,316,5,0,0,0,0,2,331
0.9814143245693563	0.9815500401095358	0.9814143245693563	0.9814228158219993	0.02701127089001165	444,0,0,0,0,0,0,393,19,0,0,0,0,11,382,0,0,0,0,0,0,354,3,3,0,0,0,0,297,1,0,0,0,0,4,295
0.9809610154125114	0.981074510378098	0.9809610154125114	0.9809608843497394	0.0283715507190051	430,0,0,0,0,0,0,373,20,0,0,0,0,11,417,0,0,0,0,0,0,350,2,0,0,0,0,4,278,0,0,0,0,0,5,316
0.9805077062556664	0.9806404594701098	0.9805077062556664	0.9804933925702219	0.027399922269724097	422,0,0,0,0,0,0,391,20,0,0,1,0,9,397,0,0,0,0,0,0,358,5,3,0,0,0,4,284,0,0,0,0,0,1,311
0.9728014505893019	0.972824430091567	0.9728014505893019	0.972781143580893	0.023124757092887638	416,0,0,0,0,0,0,375,21,0,0,1,0,17,391,0,0,0,0,0,0,373,7,6,0,0,0,4,280,1,0,0,0,3,0,311
0.9755213055303718	0.9755528043161819	0.9755213055303718	0.9755083257950946	0.023124757092887638	417,0,0,0,0,0,0,354,19,0,0,0,0,15,410,0,0,0,0,0,0,371,6,4,0,0,0,4,279,4,0,0,0,1,1,321
0.9800543970988214	0.9800686866295467	0.9800543970988214	0.980054175236977	0.022736105713175303	412,0,0,0,0,0,0,372,17,0,0,0,0,14,415,0,0,0,0,0,0,349,3,1,0,0,0,4,269,1,0,0,0,2,2,345
0.9764279238440616	0.976534209262683	0.9764279238440616	0.9764263270450156	0.026039642440730648	413,0,0,0,0,0,0,378,15,0,0,0,0,25,378,0,0,0,0,0,0,368,4,2,0,0,0,3,294,1,0,0,0,2,0,323
0.9823209428830463	0.9824574087360758	0.9823209428830463	0.9823091789955621	0.026039642440730648	403,0,0,0,0,0,0,369,18,0,0,0,0,7,400,0,0,0,0,0,0,342,1,3,0,0,0,6,319,2,0,0,0,0,2,334
0.9750679963735267	0.975459297905337	0.9750679963735267	0.9751006666129407	0.027205596579867874	429,0,0,0,0,1,0,367,10,0,0,1,0,25,397,0,0,0,0,0,0,366,7,3,0,0,0,1,282,3,0,0,0,0,4,310
0.9805077062556664	0.9805337044530424	0.9805077062556664	0.9805129011305379	0.025068013991449645	424,0,0,0,0,1,0,371,13,0,0,1,0,13,387,0,0,0,0,0,0,377,2,4,0,0,0,2,288,2,0,0,0,1,4,316
0.9809610154125114	0.9810800995841676	0.9809610154125114	0.9809597831013117	0.027982899339292655	425,0,0,0,0,0,0,373,20,0,0,0,0,10,394,0,0,0,0,0,0,363,2,3,0,0,0,1,300,3,0,0,0,1,2,309
0.9782411604714415	0.978483083096253	0.9782411604714415	0.9782631929341432	0.02467936261173731	430,0,0,0,0,0,0,350,13,0,0,0,0,21,402,0,0,0,0,0,0,364,3,5,0,0,0,0,289,6,0,0,0,0,0,323
