accuracy	precision	recall	f1	oob	confMatrxVars
0.9202175883952856	0.9215799500152414	0.9202175883952856	0.9198679346862018	0.0862806062961523	435,0,0,0,0,1,0,313,67,0,0,0,0,29,368,0,0,0,0,0,0,346,7,6,0,0,0,14,250,28,0,0,0,12,12,318
0.9061650045330916	0.9074820937635082	0.9061650045330916	0.9056376279097758	0.08511465215701519	417,0,0,0,0,2,0,317,63,0,0,0,0,40,375,0,0,0,0,0,0,359,5,8,0,0,0,21,216,32,0,0,0,26,10,315
0.9179510426110608	0.9212668911700361	0.9179510426110608	0.9173910154897299	0.09424795958025656	436,0,0,0,0,0,0,303,77,0,0,1,0,20,399,0,0,0,0,0,0,339,7,9,0,0,0,25,252,18,0,0,0,17,7,296
0.9301903898458749	0.9306897070538309	0.9301903898458749	0.930042041350229	0.0870579090555772	409,0,0,0,0,1,0,335,52,0,0,0,0,29,381,0,0,0,0,0,0,369,5,10,0,0,0,15,255,18,0,0,0,11,13,303
0.9174977334542158	0.9188826314391787	0.9174977334542158	0.9173049390530167	0.07928488146132917	418,0,0,0,0,1,0,336,41,0,0,0,0,44,383,0,0,0,0,0,0,329,6,6,0,0,0,34,248,17,0,0,0,20,13,310
0.9152311876699909	0.9176968064102924	0.9152311876699909	0.9149146243561335	0.08550330353672753	415,0,0,0,0,1,0,310,70,0,0,1,0,24,376,0,0,0,0,0,0,356,3,16,0,0,0,18,255,25,0,0,0,17,12,307
0.9215775158658205	0.9225689681242406	0.9215775158658205	0.9213174794962554	0.08083948698017873	433,0,0,0,0,1,0,322,47,0,0,0,0,40,397,0,0,0,0,0,0,331,5,6,0,0,0,20,248,27,0,0,0,20,7,302
0.9179510426110608	0.9193026907349112	0.9179510426110608	0.9176610646402467	0.07909055577147295	418,0,0,0,0,1,0,348,37,0,0,0,0,52,354,0,0,0,0,0,0,346,5,6,0,0,0,26,258,26,0,0,0,19,9,301
0.9138712601994561	0.9164528872051183	0.9138712601994561	0.9136201741065993	0.08375437232802174	428,0,0,0,0,0,0,343,66,0,0,0,0,26,394,0,0,0,0,0,0,339,4,13,0,0,0,31,250,16,0,0,0,23,11,262
0.9220308250226654	0.9232220385348928	0.9220308250226654	0.9217125664950603	0.0823940924990284	419,0,0,0,0,0,0,347,55,0,0,0,0,29,394,0,0,0,0,0,0,340,2,10,0,0,0,21,252,26,0,0,0,16,13,282
0.928377153218495	0.9292931390256433	0.928377153218495	0.9282479883049984	0.0853089778468713	435,0,0,0,0,0,0,342,48,0,0,1,0,25,380,0,0,0,0,0,0,337,7,14,0,0,0,24,258,15,0,0,0,15,9,296
0.928377153218495	0.9292925685411326	0.928377153218495	0.9281226152544992	0.07792460163233583	416,0,0,0,0,1,0,345,32,0,0,1,0,46,365,0,0,0,0,0,0,369,6,8,0,0,0,17,240,29,0,0,0,11,7,313
0.9220308250226654	0.9234734411099554	0.9220308250226654	0.9217862054737597	0.08278274387874074	415,0,0,0,0,0,0,320,64,0,0,0,0,25,384,0,0,0,0,0,0,347,7,13,0,0,0,18,268,20,0,0,0,13,12,300
0.9152311876699909	0.921157335408532	0.9152311876699909	0.9149860582346361	0.09269335406140689	420,0,0,0,0,1,0,337,91,0,0,0,0,17,359,0,0,0,0,0,0,346,2,11,0,0,0,13,246,28,0,0,0,15,9,311
0.9061650045330916	0.9099777757321771	0.9061650045330916	0.9053352124758899	0.09366498251068789	411,0,0,0,0,0,0,304,93,0,0,1,0,28,399,0,0,0,0,0,0,356,7,13,0,0,0,27,230,20,0,0,0,12,6,299
0.914777878513146	0.9165602146272809	0.914777878513146	0.9144718082921578	0.08317139525845318	403,0,0,0,0,1,0,321,63,0,0,0,0,26,380,0,0,0,0,0,0,336,8,7,0,0,0,18,264,28,0,0,0,26,11,314
0.9152311876699909	0.9166377203154507	0.9152311876699909	0.9147948901319631	0.08511465215701519	406,0,0,0,0,1,0,301,58,0,0,0,0,37,374,0,0,0,0,0,0,368,3,9,0,0,0,28,271,27,0,0,0,14,10,299
0.9297370806890299	0.930494443728464	0.9297370806890299	0.9297244277536142	0.08511465215701519	420,0,0,0,0,1,0,358,44,0,0,1,0,28,379,0,0,0,0,0,0,346,6,17,0,0,0,17,250,17,0,0,0,17,7,298
0.9229374433363554	0.9250850345876428	0.9229374433363554	0.9226979071500849	0.07909055577147295	434,0,0,0,0,1,0,334,61,0,0,1,0,18,398,0,0,0,0,0,0,330,6,13,0,0,0,17,256,26,0,0,0,15,12,284
0.9220308250226654	0.9247632958633426	0.9220308250226654	0.9216606975528084	0.08725223474543331	438,0,0,0,0,0,0,332,62,0,0,0,0,16,376,0,0,0,0,0,0,355,6,14,0,0,0,24,237,25,0,0,0,16,9,296
0.9184043517679057	0.9189474806879091	0.9184043517679057	0.9179908337392353	0.08569762922658375	419,0,0,0,0,1,0,328,46,0,0,0,0,37,397,0,0,0,0,0,0,372,5,9,0,0,0,21,231,31,0,0,0,17,13,279
0.9202175883952856	0.9246567731850627	0.9202175883952856	0.9195703634449719	0.08977846871356399	404,0,0,0,0,1,0,314,86,0,0,1,0,16,402,0,0,0,0,0,0,362,5,8,0,0,0,22,246,17,0,0,0,11,9,302
0.927470534904805	0.9285778446498842	0.927470534904805	0.927109845322842	0.08161678973960362	430,0,0,0,0,0,1,319,46,0,0,0,0,26,398,0,0,0,0,0,0,369,4,10,0,0,0,25,235,20,0,0,0,20,8,295
0.9261106074342702	0.9274827594187317	0.9261106074342702	0.9258652854598735	0.0860862806062962	434,0,0,0,0,2,0,360,46,0,0,0,0,25,391,0,0,0,0,0,0,326,6,8,0,0,0,23,230,24,0,0,0,21,8,302
0.9233907524932004	0.9251689268631357	0.9233907524932004	0.9230025309382528	0.08200544111931596	428,1,0,0,0,1,0,313,65,0,0,1,0,24,377,0,0,0,0,0,0,364,5,9,0,0,0,23,243,18,0,0,0,12,10,312
