accuracy	precision	recall	f1	oob	confMatrxVars
0.9746146872166818	0.9747199955757688	0.9746146872166818	0.9746010133759712	0.03264671589584145	440,0,0,0,0,0,0,356,24,0,0,0,0,13,409,0,0,0,0,0,0,338,4,3,0,0,0,5,282,2,0,0,0,1,4,325
0.9732547597461468	0.973384461375846	0.9732547597461468	0.9732390872880858	0.03206373882627278	413,0,0,0,0,0,0,377,21,0,0,0,0,12,404,0,0,0,0,0,0,352,7,7,0,0,0,6,293,3,0,0,0,0,3,308
0.9737080689029919	0.973697555350094	0.9737080689029919	0.9736855048846845	0.035950252623396795	418,0,0,0,0,0,0,356,18,0,0,1,0,17,402,0,0,0,0,0,0,366,4,2,0,0,0,7,292,5,0,0,0,1,3,314
0.9655485040797824	0.965668080672112	0.9655485040797824	0.9655328417520765	0.033035367275553784	396,0,0,0,0,1,0,370,32,0,0,0,0,21,382,0,0,0,0,0,0,362,5,1,0,0,0,6,287,6,0,0,0,1,3,333
0.9655485040797824	0.9658354205242239	0.9655485040797824	0.9655286721657955	0.03186941313641667	430,0,0,0,0,0,0,344,33,0,0,0,0,17,394,0,0,0,0,0,0,366,4,8,0,0,0,3,277,4,0,0,0,2,5,319
0.9669084315503174	0.9669679470923829	0.9669084315503174	0.9669075154556137	0.035950252623396795	446,0,0,0,0,1,0,329,28,0,0,0,0,23,384,0,0,0,0,0,0,381,9,2,0,0,0,4,296,2,0,0,0,2,2,297
0.9691749773345422	0.9693391800952126	0.9691749773345422	0.9691783501719569	0.03109211037699189	421,0,0,0,0,0,0,364,31,0,0,0,0,20,375,0,0,0,0,0,0,352,7,1,0,0,0,3,310,3,0,0,0,0,3,316
0.9650951949229375	0.9651781837211816	0.9650951949229375	0.9650913379474296	0.03109211037699189	397,0,0,0,0,0,0,355,29,0,0,0,0,22,399,0,0,0,0,0,0,339,6,5,0,0,0,4,291,2,0,0,0,3,6,348
0.9809610154125114	0.9809705318661323	0.9809610154125114	0.9809605892571993	0.03400699572483479	431,0,0,0,0,0,0,383,13,0,0,0,0,14,378,0,0,0,0,0,0,345,4,3,0,0,0,2,312,2,0,0,0,2,2,315
0.9691749773345422	0.9695953650310364	0.9691749773345422	0.969183473790277	0.03361834434512245	427,0,0,0,0,0,0,373,32,0,0,0,0,13,386,0,0,0,0,0,0,371,5,3,0,0,0,5,268,3,0,0,0,0,7,313
0.971894832275612	0.9720330503805605	0.971894832275612	0.9718880327884614	0.03497862417411579	443,0,0,0,0,0,0,363,23,0,0,0,0,15,381,0,0,0,0,0,0,353,6,6,0,0,0,4,272,5,0,0,0,0,3,332
0.9637352674524026	0.9637391817403955	0.9637352674524026	0.9637330676066383	0.03206373882627278	409,0,0,0,0,0,0,341,28,0,0,1,0,30,391,0,0,0,0,0,0,355,1,5,0,0,0,3,286,4,0,0,0,1,7,344
0.9705349048050771	0.9705972736866152	0.9705349048050771	0.9705061975767681	0.03264671589584145	406,0,0,0,0,0,0,395,26,0,0,1,0,19,397,0,0,0,0,0,0,348,4,3,0,0,0,7,287,4,0,0,0,0,1,308
0.9646418857660924	0.9647631372070683	0.9646418857660924	0.964653287323616	0.03148076175670422	431,0,0,0,0,0,0,369,33,0,0,0,0,27,364,0,0,0,0,0,0,393,5,5,0,0,0,1,275,3,0,0,0,1,3,296
0.9673617407071623	0.9674446283096098	0.9673617407071623	0.9673225530519506	0.03497862417411579	457,0,0,0,0,0,0,334,30,0,0,1,0,19,381,0,0,0,0,0,0,353,6,5,0,0,0,6,299,1,0,0,0,2,2,310
0.9673617407071623	0.9675149780701429	0.9673617407071623	0.9673279249939586	0.03420132141469101	440,0,0,0,0,0,0,339,31,0,0,0,0,18,400,0,0,0,0,0,0,355,3,2,0,0,0,6,274,4,0,0,0,5,3,326
0.9682683590208522	0.9685379941245515	0.9682683590208522	0.9682605645667958	0.0369218810726778	393,0,0,0,0,0,0,390,27,0,0,0,0,13,404,0,0,0,0,0,0,365,4,6,0,0,0,6,287,8,0,0,0,3,3,297
0.972348141432457	0.9725736863588719	0.972348141432457	0.9723210098912222	0.030897784687135665	465,0,0,0,0,0,0,348,29,0,0,0,0,14,386,0,0,0,0,0,0,356,2,3,0,0,0,6,301,4,0,0,0,0,3,289
0.9637352674524026	0.9638207371172405	0.9637352674524026	0.9637221269125599	0.03050913330742322	414,0,0,0,0,0,0,353,28,0,0,0,0,25,378,0,0,0,0,0,0,373,3,6,0,0,0,7,296,7,0,0,0,1,3,312
0.971894832275612	0.9721631471540908	0.971894832275612	0.9719016990103819	0.036727555382821575	412,0,0,0,0,2,0,379,25,0,0,0,0,11,397,0,0,0,0,0,0,341,2,6,0,0,0,6,293,4,0,0,0,3,3,322
0.9673617407071623	0.9674794065704615	0.9673617407071623	0.9673302439350963	0.033035367275553784	420,0,0,0,0,0,0,345,30,0,0,1,0,19,399,0,0,0,0,0,0,360,3,5,0,0,0,4,295,5,0,0,0,3,2,315
0.9623753399818676	0.9625555411183981	0.9623753399818676	0.9623605412121518	0.028760202098717436	431,0,0,0,0,0,0,330,37,0,0,0,0,24,370,0,0,0,0,0,0,381,4,5,0,0,0,4,288,3,0,0,0,0,6,323
0.970081595648232	0.9702593533316763	0.970081595648232	0.9700853121645422	0.03342401865526623	450,0,0,0,0,0,0,343,17,0,0,0,0,27,396,0,0,0,0,0,0,379,1,2,0,0,0,9,280,2,0,0,0,2,6,292
0.9682683590208522	0.9682961858349964	0.9682683590208522	0.9682615490612717	0.03342401865526623	437,0,0,0,0,0,0,325,24,0,0,0,0,23,413,0,0,0,0,0,0,351,1,5,0,0,0,5,269,5,0,0,0,4,3,341
0.972348141432457	0.9724546804019516	0.972348141432457	0.9723616190500476	0.035172949863972014	417,0,0,0,0,0,0,357,14,0,0,0,0,22,400,0,0,0,0,0,0,363,3,4,0,0,0,7,285,2,0,0,0,1,8,323
