r2	rmse	mse	oob	mae
0.8196024826786205	108.15534720219641	11697.579128427655	0.18508717595913105	72.37190562629125
0.8213816484642872	108.81468119061914	11840.634842616082	0.1876840465179096	72.57170282759901
0.8319755215031543	106.15348705715424	11268.562814393412	0.19241180812925396	71.10794378295853
0.7978689287065608	113.91556798051259	12976.756628322786	0.17921496516744007	74.37521527414607
0.8323088590469712	106.51619962433874	11345.70078241198	0.19335038345071098	71.52833192301112
0.8142187481389663	110.63923145720193	12241.039537440302	0.18369852234302597	72.8758397864155
0.8077162727712079	111.76447744301038	12491.298418109176	0.18718583636991848	74.3112073185499
0.8242313005222373	107.41054611706757	11537.025417166698	0.18926047469262142	72.33284328896048
0.8087480347428118	111.7079985217384	12478.67693373271	0.18115327938847425	72.74626536641668
0.8013684800001108	112.72953789784805	12707.94871466236	0.17709641745627347	73.62759956853272
0.8028926480771846	112.86826782959686	12739.24588285361	0.1783975659482735	73.16226721424579
0.8017895768608072	112.66107341905031	12692.517463932645	0.1767809798796891	74.01726241853166
0.823307580881508	109.24435637042062	11934.32939878746	0.19118649650246966	72.86561364462996
0.811948291815811	111.50433234218491	12433.216131076424	0.18388000525373882	73.43024927536315
0.8109371989442302	110.34287739562771	12175.550591946529	0.18194513576573224	72.49181176487494
0.8085098607355075	112.48198603392514	12652.19718213613	0.18142617192879806	72.67932541999768
0.836126089600719	103.7677861845473	10767.753449641927	0.19326472424118335	70.82462994109132
0.8109466652143624	113.70052310503503	12927.808954358605	0.1822162042445079	75.03459289703635
0.8362429168708118	104.21733244204204	10861.252381335107	0.19517093250163264	70.53152240511032
0.821902630419469	110.09732972295674	12121.422012125453	0.1897261340900145	73.99260979253299
0.8137049159033787	108.98915337464383	11878.635553321637	0.18463125454462026	73.00935311306267
0.8163688709872127	111.75137060484404	12488.368832061202	0.18386104908737322	74.96051377254412
0.8222961490245504	109.20275708486622	11925.242154936299	0.18517960598625383	73.24680428196422
0.8256353987626947	107.40131771899469	11535.043047776444	0.1878434160385658	70.94678130104506
0.7941476857531604	116.30273915021817	13526.327133843692	0.17632559267572467	74.00485985431807
