r2	rmse	mse	oob	mae
0.8044084096016758	111.14677979180117	12353.606658087141	0.1806503815117828	72.63440412235717
0.8320727611844387	106.782585545202	11402.520575718383	0.19299440234657994	72.05626985081986
0.8190337280528549	110.84815030266815	12287.312425522909	0.1852591695807404	72.71575565826663
0.8031890173975615	115.47943936561217	13335.500916196095	0.17549480735046563	72.74734551725096
0.822444829332233	110.93079499800156	12305.641278888648	0.18724810509819267	72.78744373501583
0.8089099046656721	113.90581721900243	12974.53519632879	0.17840547819570596	74.11403050122624
0.8248796648505494	109.20771898811185	11926.325886586405	0.18804815565294342	71.93471348899318
0.8112806455786574	112.3943319430096	12632.485852915428	0.17936351313932042	72.7337918568515
0.8162945600215917	109.29882472021367	11946.233085219992	0.18662514614163195	71.88253225706706
0.8180421716519602	106.87578375675974	11422.43315362167	0.18455010981708897	70.63555547734674
0.8212176604548851	110.4487709240107	12198.930998624593	0.1854171111210947	73.49351440539364
0.8211239121365468	107.91195114877219	11644.989200734995	0.18638696360374452	71.01750286377818
0.8278527724692151	106.5616814858435	11355.39196109036	0.18590634518890337	70.17058327670685
0.8248624494601129	108.41872246465891	11754.619380868735	0.18859161210269637	70.35431389309085
0.8196991302650077	109.43556484643229	11976.142853257685	0.18683280870116414	71.49766718410258
0.8109507543826189	109.95523843978478	12090.154460349924	0.17909051458385616	72.66740145788083
0.8119916116464917	109.68236597677345	12030.22140626287	0.1833472588411056	72.20677810941888
0.8223881256347245	111.49408891874651	12430.931863821354	0.18653106872712366	74.02008521594757
0.8220497509935973	109.82929964200666	12062.475059853683	0.1858146112858038	72.78952998028718
0.8285213288743544	106.43434633938323	11328.27008069178	0.19044554619328913	71.21985158254938
0.8228206164932927	111.12965059973045	12349.799242418172	0.18696196231715279	73.28824755442825
0.8087787864132631	109.86205145906756	12069.67035079481	0.1806188531052909	72.44936791782595
0.8152392784080866	110.00507685024506	12101.116932828321	0.18573158700433956	72.16056287507983
0.8143844278805329	113.01899552483339	12773.293349442309	0.18366823459420756	73.75037731805463
0.8154575309378852	110.48135724610324	12206.13029894109	0.181061351313197	71.4562411269997
