r2	rmse	mse	oob	mae
0.7451386385136882	128.3573484166012	16475.608892540757	0.26676289797987796	93.14965409733718
0.7637442951593562	125.17289710722751	15668.254170216567	0.24709126568187856	87.4998433906546
0.7737300826990197	122.55478625881648	15019.675634944191	0.25702998930145204	88.34816031845588
0.7571375594226634	125.91339737768568	15854.183639190986	0.2748960373092837	88.41385435804334
0.768633051812587	125.53761974599183	15759.69397148924	0.26843316377637405	90.04393752425229
0.7841257521472167	120.15005939086117	14436.036771627467	0.25685118440955557	86.15240605318523
0.7845198975556783	119.64603682898475	14315.174128882776	0.28668970363167623	87.25400803761916
0.7748495023646758	123.45517670767582	15241.180655923463	0.25721770316414805	89.12200318563438
0.7651841184715961	126.30333078347037	15952.531366998734	0.28242503413223297	93.81098637081251
0.7640791035325178	124.74122916792058	15560.37425432368	0.2653095190365313	91.90678300149452
0.7710423649243936	122.0985265102379	14908.05017597127	0.2669924510052235	88.94835999180322
0.7466611569440287	128.78897256871772	16586.599455305928	0.28964940431150477	94.74853131244444
0.7739538469276577	121.7184587811419	14815.38320805654	0.2618169053271864	87.3314004497741
0.7701783821972242	122.91245394172006	15107.471333975454	0.26110749939502964	88.10694176361098
0.761258097667812	122.70220550545424	15055.831235902726	0.26912660236886254	87.48807656199895
0.7689410995758491	124.19606757714735	15424.663201627349	0.2691244116690037	91.88660773121975
0.7736061267204088	123.1949501415374	15176.995740375885	0.2595339504388521	88.71302637018712
0.7613681696436254	124.7750307170916	15568.808290451152	0.26090998064194704	90.52815069796503
0.78119958913256	118.15136483341067	13959.745011997711	0.26702390290152	86.99098888035566
0.7810151058874225	120.00797061391307	14401.913010869823	0.2764559565771163	87.34602656879946
0.7705443924574709	123.7450403498292	15312.835011180856	0.2640386931750327	88.95516874389959
0.7601683022061166	127.41727618494507	16235.162270390569	0.24707902367091772	89.28546314795699
0.7746912784532584	122.43354570259146	14989.973113308552	0.2704044605073658	88.45949924929643
0.7832522872772023	118.80766381300612	14115.260980704285	0.25970945888766583	87.11762643096733
0.7841455670547759	123.08730789934847	15150.485365909015	0.2615794208862898	87.97224155650622
