r2	rmse	mse	oob	mae
0.8015278761002187	114.47066406305045	13103.53293103575	0.26819652268933236	75.5501737439303
0.8054638696227527	111.57633945473715	12449.279526118735	0.2556062602120186	74.55435520408395
0.7939391892188367	118.02977241484032	13931.027176299003	0.26439441684307474	75.76450170633342
0.797516896696803	116.02651995473573	13462.153332806689	0.2562892371362153	75.9101281423974
0.777597718622689	118.34997631141647	14006.71689291284	0.25513640609428345	76.36695149137357
0.7638183071776542	123.3912388397935	15225.397822418963	0.25270405086336634	78.48913397676893
0.8055411825348864	112.9425107347081	12756.010731059654	0.2566278698307416	73.5228192526906
0.8127589729938745	114.83155455395408	13186.285921277733	0.27186481580601685	75.81323263822668
0.807274122062543	114.35014305932212	13075.955217687435	0.2547780093714016	76.43849039362439
0.8018694587823314	115.44065901488423	13326.545753790773	0.2509050796003597	74.49971047395549
0.7830631796264802	116.27514341510644	13519.908976203571	0.25773284619949	75.32072102901662
0.7977701615101197	114.00644705387928	12997.469969848982	0.2532208417157611	74.5327242241174
0.8074743899594932	111.12888808986465	12349.629768089659	0.25346034624774016	73.28208500979606
0.796929203208733	117.2623256508352	13750.45301704252	0.2722553257882948	76.98509613681699
0.8024099060283161	115.77580184943695	13404.036293880088	0.25547709453680967	74.3266927803762
0.8018803894803063	114.12883461032695	13025.390889511362	0.26944964494367785	76.5330442107647
0.7867707199292562	116.66909343894584	13611.677363865476	0.24277295742287353	76.13210431747954
0.8114737071612002	112.62832264229428	12685.139061216738	0.25960283310332943	76.23418970766025
0.7887965593634203	116.84251091412354	13652.17235671708	0.24258004450223436	74.7859327703903
0.798346920307508	114.46116089788704	13101.357354091984	0.25670961354727195	74.0466327977274
0.8028448175192143	115.58633351927051	13360.200496428039	0.25430258856527854	75.22936874957554
0.7971407543754261	115.77353038200624	13403.510337113323	0.2571059929468382	75.76927144817695
0.8027416245811465	113.62862758043582	12911.465005813381	0.25305419928010353	74.23077586663607
0.8081998607322679	115.80466780188209	13410.721084704268	0.26082002887090594	75.57656483266473
0.8008431675921792	115.39918135257584	13316.971056844688	0.24753260942560495	75.12062425381164
