r2	rmse	mse	oob	mae
0.7850627552801768	117.45394246696839	13795.42860103392	0.19967238246603802	82.0425936435585
0.7971592002463657	117.75375971224486	13865.947926369101	0.20904205939088927	82.81851921920843
0.8003410382753181	116.58176662746688	13591.30830998115	0.20677323882327203	81.20170498014089
0.8025305939486578	113.45198699343585	12871.353352758737	0.20797717572706764	79.79038321603437
0.8099881343526506	111.96446583362759	12536.04160940956	0.21220203278460237	81.55799837092682
0.7942661575426919	115.95706844087815	13446.0417214025	0.2042871930521578	82.20092834780162
0.794346956557594	115.61714694170414	13367.324666939605	0.20432212971193342	82.23579197256969
0.7810073961945414	120.86004013013772	14607.149300258501	0.1993134599174009	85.40119900253873
0.8084513909492111	112.94563579734982	12756.71664566759	0.2097895768329514	81.22597769923826
0.7996700210303022	113.57415368831549	12899.088386017107	0.20783740162112507	80.38457543792774
0.7780352163492105	120.26789387221382	14464.366296458087	0.1974119266605172	84.27777099960343
0.7861645690629693	116.64153098965544	13605.24675161075	0.20117070636381962	83.03781370417701
0.8074734648414715	111.66483848839351	12469.03615463901	0.21109533604975994	80.13838175399994
0.7962063948186127	114.69658255991735	13155.306050923935	0.2059438204904115	82.53899709840523
0.7961916004402323	117.7495525043198	13864.957114967563	0.20254007712074418	83.20920353664955
0.7777738018095111	121.65139079864272	14799.060883244096	0.19675071220463347	83.52168355157461
0.7936466116566341	117.681753911684	13848.995203730154	0.2028220204338148	82.89329957179729
0.8077389788699344	116.16785292617433	13494.970053477271	0.207741923852219	82.23450059416909
0.8053952566417302	114.19552920097948	13040.618889491756	0.2095859780565411	80.49962524589859
0.7936640530006169	116.96498311466176	13680.807275013112	0.202631298212673	81.91408786218588
0.7982641962131904	116.48567541503026	13568.912576895786	0.20331024981595647	81.50227237542086
0.8067402482408756	115.38093648901292	13312.760505081635	0.21234065983976014	82.90582636127057
0.7935955337928075	116.80159942520172	13642.613628285282	0.2036687693688246	82.58519225851573
0.8062946537979047	115.4275015324857	13323.50811003199	0.21340192309911576	82.41127079821425
0.7796472142033868	118.89846150005958	14136.844147081152	0.19890607243397895	82.90791491315036
