r2	rmse	mse	oob	mae
0.8119052693739607	111.33083501535906	12394.554825217097	0.18868729856327682	75.45810667017916
0.8055039383108185	113.73393555373472	12935.408096541085	0.1845848018053179	77.65334585188346
0.8188120791021125	108.13559248158144	11693.306361342651	0.19525786011798052	73.77050878152852
0.819534840612985	112.05086149615708	12555.395562030977	0.1953750678692714	76.9776234861648
0.8087579698369616	113.5612033597282	12896.146908509543	0.18864225413997282	76.25777401237139
0.8359596940630681	106.7483664751455	11395.213745111969	0.2038510509072171	73.53363243715181
0.8227588601759424	110.1801670186039	12139.66920424745	0.19591881712428683	76.02165691086091
0.8129019940325212	111.71294954339453	12479.783095685012	0.19066733888520915	75.93629470489329
0.8120900699258631	111.72943603315956	12483.466876287894	0.19020467572588529	75.83458687813106
0.8057080274438384	112.97043224573292	12762.318561787733	0.18765646597409802	75.90437533742744
0.8148146251592738	109.94857524313218	12088.689197994698	0.19003328459163582	74.98342968875644
0.8199946266912522	105.37939156778492	11104.816167196539	0.19171801395658616	73.17516255777423
0.7994476845510694	114.64949188532844	13144.505989563993	0.18350819606234747	76.58292460782691
0.7988751088572414	114.32317117793086	13069.78746817848	0.182989166177008	76.96456836374269
0.8240526334058097	109.6204386429959	12016.640568282826	0.19312644523870326	74.53769789978368
0.805416294675342	110.13605658394698	12129.950959862372	0.18802970999302182	75.16480637846789
0.8030095309414889	110.71869838022926	12258.63017101218	0.18711545291236487	74.24618751002163
0.8150885530852784	110.95186285182102	12310.315870289302	0.19123937407346236	75.55782241847409
0.797521559763601	114.38760554461138	13084.524302229607	0.18131850695976248	76.08711881508455
0.8244298518059192	108.01738909042604	11667.756345912489	0.19358293078640776	73.18665279341204
0.8052696625967826	111.90264789836647	12522.202606665782	0.18637350262961638	75.59469865393758
0.8059498771802052	112.12976377099493	12573.083923339125	0.18577438471018426	75.16263932994056
0.8151990448985742	113.60945264969291	12907.107731362816	0.1926342272152013	77.05195252282924
0.8043652844295222	115.12322501733757	13253.356938392539	0.1885099777607664	78.37453886066707
0.811515310454491	114.31087429695793	13066.97598253492	0.19038217747189445	78.10882187320136
