r2	rmse	mse	oob	mae
0.8235581879201428	111.23941231522792	12374.206852237283	0.1857215212810761	71.34201413468719
0.8227292470219916	108.28050000461857	11724.666681250204	0.18323702316629276	70.99211770174622
0.8334451640090068	106.24550815846996	11288.108003851507	0.188401722182987	69.2771355115379
0.8087433933038053	114.06361269211818	13010.507740377545	0.1786811883136965	73.17358793181393
0.8214052584116016	105.36472761362644	11101.725825093694	0.18594542357285526	69.17011131799472
0.8158163600298032	108.95775598287173	11871.792588823022	0.18103093591342523	71.47973114270366
0.7946394088693092	117.06171548917116	13703.445233267656	0.16907325148566943	72.90688974081006
0.8294357091861511	109.40975488450657	11970.494463887808	0.18594160074082722	72.12079110120526
0.8255138804761448	105.79240936178375	11192.033878571232	0.1843434941800961	69.72834736797569
0.8063134465075461	110.37735615711507	12183.160752234628	0.1802266035555472	71.56856920232394
0.8290202841876265	109.47486836595989	11984.746803744247	0.18791746541089582	72.4242946098146
0.8148770324151604	108.93083790974228	11865.927447718544	0.1820833980126655	70.82224363966654
0.8115289701850377	113.2336510702059	12821.85973468914	0.17875531325840266	72.77983907833892
0.808028571689924	109.92343586216921	12083.16175174443	0.17822062448787368	73.02731925310037
0.809955173143168	108.30780356780959	11730.580313683226	0.18038022693413003	70.11347625231733
0.8155470113548902	108.91473294238934	11862.419051911987	0.17702788197848862	71.38024400919026
0.8266743388084247	106.45514699322868	11332.698321349926	0.18497010041489492	70.49251566081503
0.833276367947438	108.36797751321375	11743.6185503044	0.19138718958059653	72.42743097077022
0.8059499286745259	113.76019673298299	12941.382360726995	0.17483793132688885	71.56588960871275
0.8065100551981373	111.93123348845327	12528.601030246642	0.17859736057027475	71.70455575799257
0.8285166577339417	106.22589303736615	11283.940351585954	0.18981190337756515	70.114690394122
0.8191875344513757	111.19002643933895	12363.221979580894	0.18427128406850268	71.81106111366212
0.8087171283157896	110.73643573829935	12262.558200022502	0.17782031214248928	70.73389357210336
0.805629936318299	110.69782519276467	12254.008502407883	0.1752528718622144	70.6717022724598
0.8203425390790992	108.15145457276599	11696.737126205066	0.18324198545113035	71.09042665893098
