r2	rmse	mse	oob	mae
0.35958508966146063	204.36157842243026	41763.654735307115	0.6434650253171582	147.65118021189417
0.3760083930587963	203.16013314619545	41274.03969997986	0.6312502963606513	146.14958402084898
0.3653729653138159	204.90742979002104	41987.0547831524	0.6504713013897643	149.41898853743075
0.3541822156310207	209.83853789006915	44032.21198384198	0.6323838101437966	149.1756671633978
0.3400679479085863	209.90064171353148	44058.27939175231	0.6418070835077826	149.13376770836862
0.37786574269957585	200.0673504520713	40026.94471691192	0.6174228825846592	146.42531352550876
0.36928542562811706	201.83957344913918	40739.213410130455	0.6475390214034423	145.67532285809585
0.34214950755518303	208.95618201026878	43662.68600030857	0.6472316173003778	150.2398845145561
0.3597187134069588	202.16833645072597	40872.03626325394	0.6351838754266032	148.6478863212406
0.3550704511881886	207.61186033078903	43102.68455001105	0.6466931607652178	145.90742600555166
0.3536233245960273	208.204558666937	43349.13824969401	0.6535908450111432	147.81618249793786
0.3567418224698269	202.51542845242102	41012.498761267656	0.6438915102781672	145.24287931213203
0.3442014079368836	210.12998343417794	44154.60993804789	0.6591696614865359	149.3941034126634
0.34741129912044166	205.157513683352	42089.60542073476	0.6470553837687706	149.35272010299704
0.3708689432645039	204.2802056858403	41730.40243504921	0.6277947211279181	147.7391660427825
0.38788032590368016	201.6787251577777	40674.30818126644	0.6314844356457051	146.31365125737415
0.3588461327097875	203.8834379905097	41568.45628683001	0.649356939140117	146.31818575740323
0.3463910822325177	205.20420777263857	42108.76688759622	0.6267646889134455	147.70498814472754
0.3689604263379094	205.04840898112946	42044.850025692525	0.6442616926536776	146.66441786343165
0.35201882452709243	209.3887566435987	43843.6514087522	0.6387978291710936	150.9118211534999
0.3635964299676713	205.97518197234902	42425.77558854229	0.6406980099900981	147.1430468265611
0.36779709002080885	206.67240753922258	42713.48403805851	0.6376669887296789	149.3897913975116
0.35364978762680255	206.40519744504164	42603.10553232662	0.6506432393311831	147.99227619027863
0.37970332583744004	201.0481563224281	40420.36116064749	0.6430315884327923	146.7963512172701
0.37109110800783485	204.09583050656735	41655.108030165466	0.6314974504950452	147.4916305884174
