r2	rmse	mse	oob	mae
0.8196019345331117	110.02356021229484	12105.183801788467	0.19416134121795425	75.24867553305168
0.8109183914446139	112.0903749559195	12564.252157758627	0.18939850427052074	75.53535202187689
0.8119144199541941	112.60593947114108	12680.09760417829	0.1878306557362479	76.76570618108349
0.8199464637677102	108.32598804491592	11734.519685907268	0.19286451278140804	75.36665870084491
0.816017352183313	115.78804307488201	13406.870919110734	0.19311978344736724	78.26056012539391
0.8144118939606687	112.6256114368146	12684.528351516343	0.19032897733771592	76.1741620454152
0.8134127004894987	112.77492123656683	12718.182859913852	0.19260736973194437	75.60888422676136
0.821010800274592	110.81885472563175	12280.818562700675	0.19274397476197958	75.34052098967686
0.8117245286796191	111.72963548268328	12483.51144509328	0.18832868417945547	74.92912453334439
0.8034671051363269	113.98682730384259	12992.996798796034	0.18479642005466124	76.70845884136799
0.8011029970654847	114.60290562792538	13133.825978363171	0.18313975173684338	76.77662305840727
0.8231485894036414	109.88644328211413	12075.030417193284	0.1957386709605199	75.10791985140077
0.8131264602991364	110.59633649950038	12231.549647110722	0.1895107808915376	73.94688928494332
0.798719178972296	114.7253837684065	13161.913680808151	0.18158126622990922	76.4247247226644
0.8098620931858471	111.76400206272393	12491.19215707656	0.18807123580463347	75.3344182320726
0.8228691978193072	107.81018401617705	11623.035777601955	0.1940273555328601	74.10883201975832
0.8229434660011563	110.20174102768206	12144.423725532304	0.19514720283096465	74.52361550662384
0.8104478704033123	111.41793815141205	12413.95694191188	0.18975158219027966	76.81509053380748
0.8165390746642303	110.33928755673631	12174.758378528144	0.19050737052505406	74.52568863412894
0.813574766535748	111.06426813572189	12335.27165652353	0.1902248339521201	75.10580059366146
0.8070271643334137	112.293360779854	12609.798875234454	0.18652869933992733	75.69785529103466
0.807846284611866	113.17776336127511	12809.206119460787	0.1867461297154751	75.07619620971397
0.8077719380599544	114.06032156567859	13009.756955666004	0.18812749445029797	75.54341256679503
0.8035391958924256	114.29738611585967	13063.892472917909	0.18637697033611733	75.4710274450905
0.791992935524972	117.10683820127616	13714.011553499875	0.18148749749815296	77.7453638799507
