r2	rmse	mse	oob	mae
0.6480243159235108	152.04829302290594	23118.68341117947	0.35645104470524136	113.68912738060176
0.6471662748760253	155.51245206298375	24184.12274664182	0.358865460201899	116.8617214583601
0.655516546113432	152.5395168974697	23268.304215313445	0.35093818427139256	113.35679501440984
0.6546929865272648	150.8796500343365	22764.668794483852	0.3490898826299349	112.14642876721535
0.6592093431320802	146.42290245106466	21439.666362193995	0.3608209903259575	111.20744405912588
0.6547104651766229	148.5704910638195	22073.190814944468	0.3455378786599492	111.56935654084074
0.6474970963484092	151.95036689853876	23088.914000600547	0.3447610544425419	113.51263981717132
0.6426400563125121	152.86402107726266	23367.408939909805	0.35723671119217104	113.99388832615665
0.6445888289440096	152.64468482574281	23300.39980555036	0.3574541890371048	112.82424929461418
0.6591657592644555	149.91974690183096	22475.930511109054	0.3437729138790264	110.8759698382312
0.6628048456850302	151.1745372931813	22853.74072580746	0.3621213167157704	112.89970816881532
0.6383766498845566	157.94049768505903	24945.200809004134	0.35819404975179026	117.41546471527153
0.666219730472615	147.92031044248006	21880.41824139968	0.33992292506173505	110.35186235500171
0.6309322845801317	162.19155810831555	26306.1015216031	0.36083292067198824	119.10922442105563
0.6454835919326793	151.45180814659625	22937.6501908734	0.34691420017896235	111.89113900140305
0.6419674338985908	154.5176148159768	23875.693288418577	0.36334852843669796	113.96884001615818
0.6524337446465682	154.28320736677307	23803.308075378696	0.3476435190107552	114.39216671697986
0.6535172929500371	153.2980011083688	23500.277143821437	0.3590059549754756	113.60107653700318
0.6532778428826311	150.89902008842617	22770.51426364724	0.3475057314750938	112.63299212187157
0.6584144637180516	149.56413809198855	22369.43140319942	0.35266654208411996	111.27533641823628
0.6277152188158363	154.17827027166297	23770.93902396195	0.35143543749278394	114.64708761115882
0.6438380799471359	157.1466485306026	24695.06914440074	0.34308615428802625	115.38984266513238
0.6401417813691872	153.45489994041583	23548.406315723038	0.3430863415555099	112.87940086385915
0.6577849460629829	148.3337748108327	22002.908749630824	0.34468218844213394	110.46384598747163
0.6477678492257879	154.78706999697368	23959.037038248032	0.35866297231873745	115.51464073987593
