r2	rmse	mse	oob	mae
0.5551269281973857	175.15692382551174	30679.94796401612	0.46004723627518695	128.7236666430104
0.5517682865513105	172.71926243654212	29831.943616623106	0.43288102890591695	126.90843579938971
0.5355987138371427	176.18949620622942	31042.738573404935	0.4596735224759353	129.46960694447128
0.5308882535721126	170.73466150730795	29150.324640015024	0.44855403504485414	126.55636083915161
0.5503535445763601	173.1048833770101	29965.300648968274	0.4451819588044772	126.22966867273631
0.5461442380030308	173.50029085531597	30102.35092687924	0.45001040547130877	125.84590352391021
0.5427839883838705	173.05192837063166	29946.96991279423	0.4523975685487198	126.42587826326806
0.5478037619994403	173.38881985393206	30063.682850339308	0.44238289017724475	125.66910460015755
0.5399031127645055	176.27717470457623	31073.642321827687	0.46024449402293066	129.18856116458846
0.5472672631500923	177.55304230720137	31525.082832542834	0.4564113616569552	128.19903726543757
0.5413836434073283	169.04688358230254	28576.848848888545	0.4520180324234069	123.26158359862211
0.5283465203790836	175.63443587772528	30847.455066086794	0.47084646277340403	127.78736552157982
0.553562080122605	174.03470098584546	30288.077147232638	0.45977133653830937	127.94603213768775
0.5270438462866852	171.20651854530325	29311.671992403266	0.4615848037921644	124.93032648316307
0.5325960901308526	174.43554204607855	30427.758328909236	0.4598680070102311	125.49423752689404
0.5325487460125954	174.64526827451857	30500.969730678567	0.45235723842597364	127.48682434233889
0.5540532456858109	169.9382793964618	28879.018804229912	0.4484982603451565	122.82192301606277
0.5484174177277277	171.52087412297027	29419.410259907814	0.4586178884860228	126.51537374654042
0.5387763656717964	174.68750117803916	30515.723067827428	0.4746303582733279	124.80602733687647
0.5275599671356394	183.81098834302975	33786.47943564141	0.46357415402873303	132.6336224678617
0.5536011325669166	176.13769514515127	31024.48765104625	0.45570937468299044	128.52942467030604
0.5545089237449159	175.31184988775357	30734.24471106624	0.45201060519570646	127.00487335004702
0.5578842833790809	166.76532908030407	27810.674983262114	0.4422210601077263	121.56798112493507
0.5666550278221302	168.46219797193464	28379.512145535304	0.44124752159894487	123.42219526812767
0.5373997609807388	174.68639815946412	30515.337701926826	0.4731500362901673	128.26500272378797
