r2	rmse	mse	oob	mae
0.835099491104428	101.75579717818268	10354.24225936745	0.18841286454589334	68.8663477967743
0.8206442872360993	108.20762078544767	11708.889196047248	0.1833964610825768	71.24368299077904
0.8192906845113084	109.99453986140702	12098.798799322658	0.18259010785830554	70.61048501242804
0.8048599626539531	111.41513158553093	12413.331546221172	0.17237844594332097	70.79784077988971
0.8204824302892925	109.6687955519224	12027.244717809353	0.18220138720763757	72.01447969106025
0.812782684247771	112.65701817033165	12691.603743030435	0.17925608871510657	72.82264051586223
0.8002252831055555	112.60057886811083	12678.890361433647	0.17103956169651613	71.28773002192054
0.8269809248622062	106.73073582130071	11391.449968956282	0.18524629860801856	69.91778937933832
0.8243530304934639	109.55858807695306	12003.084221415482	0.1843450676156203	73.09161048421959
0.8173200709723298	110.30999543940321	12168.295093841156	0.18123809640506638	72.45168223493802
0.810583029555761	109.82573862657442	12061.69286487264	0.176201207197474	71.72191199695752
0.8076147325043919	109.49570375385656	11989.309140552317	0.17436755474377508	69.87447784289968
0.8234578916104419	108.07855848726078	11680.974804684249	0.18493585050246197	69.67673048749904
0.8307589885892793	106.3110330084982	11302.035739333995	0.18646050204610198	69.903569061416
0.8245922348770489	108.85044488347357	11848.419351330118	0.18541074602852348	72.16969136673363
0.8207752729770236	106.31610248940444	11303.11364853755	0.17859820226975387	69.05243218050335
0.809491809336923	112.84799390276763	12734.66972787908	0.17347047471570098	72.60071253902814
0.8334443407655665	106.86717359801268	11420.592792827778	0.18741169315270811	70.05872936829955
0.840281705467337	102.38411101384028	10482.506188094372	0.1908665499248503	68.69946939886174
0.8173530387909573	111.71041826816915	12479.217549649298	0.18189452618677704	72.16483050377175
0.8281123980757263	108.79729712864318	11836.851862498268	0.18608146007508086	71.19116522340649
0.8125892508747761	111.87070001445461	12515.053521724096	0.17829606784263652	72.16885247553824
0.8189936331490911	108.90796777036229	11860.945443870272	0.1796408505853193	70.65595907990856
0.8253380038791958	107.6275420957906	11583.687817581178	0.18515405876654467	69.50192681256505
0.8025909568017722	111.64564534968314	12464.750125547223	0.1740651684786001	72.23896876442205
