r2	rmse	mse	oob	mae
0.3662182860006358	207.72271447469322	43148.726108734925	0.6339444294115812	149.80356916080183
0.35200305876711946	206.2439895476608	42536.583224535614	0.6413746907539248	149.30780198058648
0.3719746884858587	207.52091811110648	43064.93145367657	0.6246204525343236	150.51638034566685
0.38099763042210877	203.17696912531818	41280.8807829505	0.6269523099994702	147.9088116040935
0.37040496433386105	203.76472103017636	41520.06153650559	0.638871113354205	147.46824811445123
0.3546046755901697	204.19751484454173	41696.62506868684	0.6702862599367144	148.79297206031575
0.3556564029485155	211.446597638271	44709.66365280086	0.6509230842213471	150.15955510015863
0.3622616100956708	206.79355058664697	42763.57256423212	0.6375762484071557	146.9662290584431
0.36615271096869784	204.90194178281632	41984.80574636865	0.6408557752348271	147.44683551643772
0.3664983332397538	205.7101856171325	42316.680466635116	0.6499687983244278	147.80054866218043
0.37604771910895374	202.12289419711306	40853.66435861736	0.6484871544654667	146.0616041977201
0.3708062717611508	206.5530124974326	42664.146971764545	0.6316820807756435	149.39080295298936
0.3602563063208237	202.3348243741665	40939.381154524795	0.6480998563101766	145.30264847399079
0.36092515408227066	202.22230488917162	40893.86059468909	0.6320338968697943	143.89507299324458
0.3699807385144448	205.54406560674087	42248.36290614819	0.6416886931255322	148.7930496947942
0.36918584189402626	213.27993977182356	45488.33270907269	0.6498148381095904	153.0729513883316
0.37082392654818586	202.16150056392257	40869.27231025687	0.645197273858656	147.08691560324658
0.3687887158400174	205.4130280753279	42194.51210307545	0.6500331189301494	147.68869854912117
0.36714300824933144	199.8171273700531	39926.88439042002	0.6517438639539185	145.2072338966545
0.3537714670536566	208.77793305878825	43588.22533229987	0.6378224751632183	150.42428747747573
0.36329479058396674	201.21497786416683	40487.46731687714	0.633086188680603	146.45724075594828
0.3485713360123882	208.4437713844539	43448.80582897448	0.6362586620527183	150.5909001947147
0.3843818567084094	200.7021914582637	40281.369656149545	0.6170563424155777	144.86154116571254
0.370373674253066	204.8819061796866	41976.59547982191	0.6537378229279214	147.2400880137581
0.3749019595368128	203.98518200034988	41609.954475715866	0.6495393597889914	148.20017396796953
