r2	rmse	mse	oob	mae
0.660144012510768	148.5837163781482	22077.120772741986	0.34817678195643853	113.12532642173691
0.6441520641886785	150.4339838569332	22630.38349906804	0.35254679238159414	111.93061716015532
0.6584729443565298	152.036206571178	23115.008108553917	0.36092953765069613	114.37323563720605
0.6570974771955274	154.54753919015604	23884.941869732815	0.35962872185474026	113.56594201884364
0.6427803199969698	156.55043706936075	24508.03934660788	0.35506016354222036	115.96837314309504
0.6531765839609185	157.2768763539644	24736.01583566021	0.3595966784828908	116.83956852192705
0.6572785096177671	149.7304676735823	22419.212949749675	0.35733033575247464	111.54562513939673
0.6309773815712181	156.13083404018536	24376.837338083904	0.34974270703145194	114.41932635319154
0.6319435496594482	157.5547864275709	24823.510726237473	0.3513277406391463	115.62578148005858
0.6404823950751134	152.7313626799733	23326.86914608154	0.35340978131283207	115.32002400029418
0.6595699527007353	147.77043718590238	21836.10210611272	0.34851094407721095	110.99168702151664
0.6378022403451653	155.6508438033043	24227.18517668063	0.33986867827683565	114.92242655693408
0.6372191387321285	153.40450825395098	23532.94315263651	0.3454085717981623	115.04621741180244
0.6373253892338063	153.83430328241155	23664.992866384982	0.35766386748570167	114.30891643078226
0.640683447574085	156.5519476608619	24508.512316409247	0.3621106564148536	117.14532957552353
0.6437348990116531	150.899434541163	22770.63934484274	0.34354872489562516	113.4204640148375
0.6439939397690948	148.86458047008696	22160.663318534997	0.3457796171905264	113.15042497893207
0.6438601568168236	149.91541121573547	22474.630519983064	0.3511928168676387	113.00861115043044
0.6602978380968458	147.56719004448476	21776.07557762508	0.3510214363406443	111.10161159712482
0.654680489334241	153.12913847528617	23448.533050183367	0.3503411428097132	114.14152357099425
0.6427774669802615	152.6884445525665	23313.761099882173	0.3587251750249483	112.3747471752394
0.6443786417089614	155.17123167766943	24078.111140364956	0.35066857924350137	114.52237621831217
0.640489215796744	149.7378818056809	22421.43324765206	0.3382168276976494	111.78579852245701
0.6514887207515181	151.473937334215	22944.353691529694	0.3506383629493799	113.0801388875142
0.6584493310059327	149.10905739076134	22233.51099596136	0.3372325447532051	111.60030946045673
