r2	rmse	mse	oob	mae
0.6765946879828681	144.13001913036365	20773.462414518992	0.986336770524309	91.83783864529094
0.7323708523065582	133.20090990511432	17742.48239955038	1.0170103461532851	86.16472850721965
0.7034703775470221	140.53955784592782	19751.36731952889	1.0318722790940287	87.89865355955943
0.6940884690723881	145.76358752698857	21247.023448738062	1.0269025386899322	92.60285543128003
0.6714650311258676	147.51969649176414	21762.06085302221	1.0446100022339502	95.30467298351644
0.7032762892168799	140.2474068715177	19669.335134185032	1.0169473866856016	86.77397119147079
0.695523969806407	138.6098073032689	19212.678680649333	0.9921389330290985	87.76062025704744
0.74061897927693	133.6702352207326	17867.73178396598	1.0101298781480226	87.48032549613903
0.6840824113712227	146.37604413425333	21425.946296392878	1.0178526443775695	93.1767062667664
0.7458111255308402	129.21777236306286	16697.23269447233	1.0034720901362748	84.19181330054043
0.7097214771840323	138.79952356839465	19265.307742813344	1.004860208382396	86.67930967965793
0.6586072059546234	149.22819894288835	22269.055359738268	1.0244817120722738	94.74534783101112
0.7187816333720363	137.74110840539896	18972.612944747867	1.0061237461453765	88.95311615807964
0.7372652727183882	136.02908162275864	18503.911047131132	1.0117942961326285	86.70433447829386
0.7126762909063951	137.21838765998066	18828.885912004735	1.0208813718969947	88.09862949914654
0.7117118421032529	136.5422644541847	18643.789982276514	1.0023248780580993	90.79818538206055
0.7377240925138473	130.90816082956744	17136.946571779892	1.0027222297480431	86.0916757404153
0.7237547761162922	137.34998237454008	18865.017658286466	1.0135296437620955	87.29850121399859
0.7058228699614135	143.46042754216637	20580.894270581168	0.9995023697099715	93.6819366129676
0.6984492680941671	140.3313418343716	19692.885501035253	0.9931630412917531	91.01854263662472
0.7101408961415439	139.52299373000747	19466.6657793837	1.0164395190724842	89.28903998537383
0.7169376108646686	134.48554183252085	18086.360961986717	1.030994193396915	87.76519330121812
0.6976328763628504	143.41355180937418	20567.44684258005	0.997760577243774	91.40937908400808
0.706641692594532	139.64097806310036	19499.60275441928	1.0167640796952573	93.37000046862418
0.7202297739482768	135.02877012450497	18232.76876133641	1.0152777499710668	88.39397811539789
