r2	rmse	mse	oob	mae
0.33991532864654594	207.6184499925714	43105.42077731788	0.6586214428334768	150.0306443808192
0.35943542870742273	203.32041715762819	41339.19203315195	0.650253462851171	145.97560284222712
0.35619611710677657	208.6521998097622	43535.74048545293	0.6481665267377213	149.91677083185462
0.39943957610087033	200.53640367828862	40214.84920022153	0.6323049015215388	146.92302288059537
0.32019867504827293	207.59300172130477	43094.854363661645	0.6827369484399648	149.71032912498566
0.31498291665503975	208.78875690822156	43592.745011280436	0.6947612442920762	151.68628582098435
0.3712487532909986	206.5222830992462	42651.4534165252	0.647769291790467	146.97195354421572
0.3600872889417841	204.3661446964603	41765.521098094556	0.6751234291693553	146.7139905714487
0.3496682508578933	206.57815499145406	42674.53411967322	0.6577236831527585	146.18355261667335
0.32008319349401715	207.35601148648942	42996.51549958513	0.6571649826685744	148.30649714958759
0.36335141928059767	203.60240704831878	41453.94015586929	0.6315428739230228	148.04025818364988
0.3450531894241985	204.60815521881273	41864.497182045765	0.6537239126632195	146.97476360171547
0.3940381834145923	202.78585744060803	41122.1039779226	0.6326383952428656	145.9629754752992
0.30744909868510517	211.35004982660888	44668.843561710055	0.7022832606736091	150.9580452553385
0.3737675517232435	207.58584336385266	43091.88236508197	0.6184505715909296	149.30909985208189
0.36373762754253525	209.8898767139815	44053.76034701035	0.6468773995753112	148.62471680731838
0.380403429135046	202.25271866824949	40906.16220869807	0.6222722258385069	145.70016107331554
0.3701810658594248	203.44291210881966	41389.01848731692	0.6127548890065976	149.32104790107078
0.3891786643944911	198.63700029688798	39456.657886945875	0.6118353818227833	143.8292592869978
0.3477822979916214	208.42854228467277	43442.45723891362	0.6690062253614706	150.88583364612435
0.4082150270574818	197.72746827433193	39096.15171017694	0.6017549636705722	146.45853150214015
0.37433577460742484	203.07086069240654	41237.774462354784	0.6436649246980323	145.6268508253902
0.3618712428801383	210.60714883460577	44355.37114024178	0.6448298042184759	151.10863574617912
0.2833647298015063	219.85479679843755	48336.13167528227	0.732920065582326	155.38428956837038
0.3022357879589448	217.28368915999724	47212.2015749783	0.7007902937813374	152.61261945836844
