r2	rmse	mse	oob	mae
0.33336412769833246	211.46641635828522	44718.045247415634	0.6506457229611247	151.0770082177489
0.34579788150119295	212.31553207327823	45077.88515955924	0.6729855703695108	153.4988704599745
0.33415748189535477	202.36284098343427	40950.719410886704	0.6796472110609141	146.3174176680038
0.33447244395344533	209.03271978847982	43694.677942169124	0.6565826578673575	151.307172105177
0.31997312775085884	211.89083706177013	44897.72683073762	0.6803738005935269	150.4579596168465
0.3892104694599292	199.49908198292022	39799.88371202792	0.6148339296150952	146.0862049923802
0.34268830945405415	208.83117486928668	43610.45959728659	0.6564253944704	150.9862002452185
0.33658966158814074	207.15593794151002	42913.582624426745	0.6651511148854814	150.15288315370313
0.3719996817456308	209.32892475814512	43818.59874040118	0.6432529810625337	150.40283743471798
0.36998530705119304	204.50031539022686	41820.37899470225	0.6446433648334448	149.7969969970877
0.34913328470433025	204.7737820739276	41932.30182486039	0.6446823231525047	147.38584049599942
0.35339588827817214	206.00402493766114	42437.65829051652	0.6465841187186288	147.21718511427508
0.3358117341126865	214.59742865264388	46052.056384326585	0.665580979850048	151.73237010641586
0.31757658233342	207.08296047717258	42883.352519990214	0.6835435958353133	148.7480285152087
0.379916881181647	202.5562203132618	41029.022387594654	0.6229649521084287	149.01498858040787
0.36825624799539836	200.87125228323052	40349.25999383324	0.6382763819383843	145.5576595854557
0.354063670150077	206.68619533562926	42719.18334231789	0.6397965904705045	148.67933250015932
0.3867906684750152	198.6406242457733	39458.097600750494	0.6264484616291355	143.40257833370043
0.36584024181112096	208.7088098799403	43559.36732150107	0.6550069769387727	150.1612278763386
0.3850311208872408	205.53778623060052	42245.781568576036	0.6183067451167529	149.12496050939757
0.38253336285909456	200.6040914611405	40242.00151094963	0.6274770454000945	145.7600225063294
0.3509827881329417	211.79670519577618	44857.844331786524	0.6530044933639342	151.51028699427246
0.35631406239326047	207.77446400171866	43170.22789120148	0.6460477315231531	149.367770906267
0.341699533427843	209.5571191563707	43914.186189117354	0.6596514442379747	150.94950864168808
0.3450050296188514	209.39270346228605	43845.30426324486	0.6512325839238069	149.94648519392578
