r2	rmse	mse	oob	mae
0.8004119051517941	115.41553437945831	13320.745576095924	0.1842159807803183	73.74464301357341
0.8094577766761097	113.08426852881398	12788.051788696908	0.18716625976011458	73.91239229923977
0.8135450312635435	112.60945333863629	12680.888981226502	0.18868191070819273	73.44933307706198
0.8028890663883128	114.12307573541258	13024.076415310717	0.18234013034242413	72.77297467671114
0.8239503062536756	109.10566936192755	11904.047086914257	0.19428531170749763	72.06890816543081
0.811162816692212	114.90142699421746	13202.337925307485	0.18446706006347857	74.75057294114241
0.8181472008613186	111.03005785859834	12327.673748083695	0.18651916399083424	72.40459971351409
0.8347831632368627	106.00138799792931	11236.294257487552	0.20093485236372421	70.18612466974996
0.8119970441929902	113.12042772199324	12796.231168006698	0.18621731580396172	71.90341469430324
0.7999452940615037	113.34686627923881	12847.512095323644	0.18238619447107574	72.73932057816941
0.8076832991257346	111.6938689285181	12475.52035622098	0.18856129903001673	72.29239345811982
0.8182612005101437	110.53858433343481	12218.77862643988	0.192551263710384	71.67712642732555
0.8244048627635513	106.92451425575724	11432.851748829635	0.19347208433453056	70.14460952451918
0.8114139836998353	112.21784642988412	12592.845057361055	0.19212862287851684	74.01804017610003
0.825756422158873	109.95590019390914	12090.299987452909	0.19322102635346683	72.7486928470416
0.7999174523335111	114.60651167920922	13134.65251927672	0.18380482768816797	74.17439989506238
0.7952673672337836	114.13071443095195	13025.819976519506	0.18111089311271567	73.45063717690522
0.8268562030486158	107.26606691270634	11506.009110921192	0.19947624268518893	71.90980105840573
0.8238505769498284	106.61524276860366	11366.809990608295	0.19593830414829072	69.39463517926637
0.8177963717975925	110.75074048668274	12265.726518348549	0.1900826306990301	71.89950022325935
0.8288739050139114	108.21054247090413	11709.521501847346	0.1973032657275018	71.72606111718676
0.806003580190077	114.5778788433688	13128.090320245698	0.1877471892309095	73.25073368415417
0.8079083762484935	110.52066255787868	12214.816852232487	0.1875654509527631	71.70392827808453
0.8299343965073473	104.71655953864297	10965.557841610158	0.20045583999932082	69.6481883344283
0.8055814775464336	111.08507761539754	12339.894468818895	0.18470671915942338	72.76415482023425
