r2	rmse	mse	oob	mae
0.8185456257221668	112.15593069342836	12578.952789709105	0.19088102315973043	73.93961718617044
0.797125706065345	114.10083383793122	13019.000282511191	0.178848952388186	72.69068028576069
0.8190365126018635	108.68853262814417	11813.197124859162	0.19468189858334595	72.04406078272405
0.8245180427977096	108.11219602938012	11688.246930295112	0.19389971667913886	71.9780705918181
0.8236383304061796	109.78499375586289	12052.744853974853	0.19154098259999253	71.51940890339327
0.8219871853472912	109.91345671349855	12080.967966710119	0.18828477958734235	72.40238394293607
0.8172977275263604	111.12886506895619	12349.624651514272	0.19150239830073124	73.75574485636297
0.8126231217119053	107.6891644508147	11596.956140114613	0.19256535175061018	71.02266035362858
0.8165443655417857	110.36625913515749	12180.711155488734	0.18689885711402443	70.99324768676722
0.8021868494174068	115.4393308827173	13326.239114649488	0.18610052116474873	74.66273356269825
0.8049753491873487	110.50265069554489	12210.835810741608	0.18787062176734703	72.21449321369072
0.8059901642058491	113.31937481552994	12841.280708582563	0.18528918069124234	73.57873189999191
0.8200869301789464	111.4672229340361	12424.941788626105	0.19305519403532068	73.63818888581993
0.8110034658181289	109.97708564424536	12094.95936680168	0.18887677982406625	72.51827799875647
0.8168208391442664	110.01788697023828	12103.935453396127	0.19347801412092414	72.63517603635545
0.8093659566043993	111.7293035220504	12483.437265522465	0.18838934035704047	72.38283466366083
0.8226637272224636	107.24936165273803	11502.425574919795	0.19521578566094844	70.96276841231901
0.8061578749002556	113.22030532542627	12818.837537982748	0.188728807897229	74.62103241052563
0.8104434015350526	108.56074242121767	11785.43479504597	0.18998116490969252	72.16359008167494
0.8225985414528948	108.58375546529923	11790.431950947901	0.19249561505214197	71.47260460595102
0.8142520941143269	111.05459143294605	12333.122278338575	0.19066265737930632	73.4457423963559
0.8223508183471414	110.69239675251416	12252.806698816008	0.19309785963237847	72.01233243099378
0.8145781149578248	111.83020153552619	12505.993975476402	0.18939439098702415	73.41823881735766
0.8209500244711024	109.32247363041068	11951.403240671838	0.1950567181133276	72.46177201676488
0.8110540887448565	113.77895085486938	12945.649657634782	0.1891796286103653	73.51561719685232
