r2	rmse	mse	oob	mae
0.8222835244327062	110.40568971628	12189.416321727493	0.19345825686332385	72.41557019158972
0.8278680529713047	106.8035083166465	11406.989388743978	0.19310802393632098	71.1433089015275
0.8171734444438472	112.8710087789363	12739.864622774714	0.18543372863326846	72.87373465410421
0.8326530307628164	105.49386620823584	11128.955807561166	0.19724046751355906	70.20541262632413
0.8103424646069741	110.82550028742884	12282.29151395889	0.18727581024832607	70.67924916064794
0.8166946725258056	111.00416461855768	12321.924562663853	0.18891772203522095	72.08548405657595
0.8231654019648986	108.77856232596743	11832.775621704379	0.19127777277763014	72.1007058816181
0.8090538729568925	114.53198834221581	13117.57635362146	0.18476692111880555	73.86962476257827
0.83344253634331	105.42171829528905	11113.738688331283	0.1978457876192532	69.00291500057833
0.8311446095049144	107.4358528622166	11542.462480231858	0.19389561668023014	70.72899583083381
0.8220903574385575	109.32937588793024	11952.91243204434	0.19069373073293794	71.39018830576792
0.8165448817742689	110.36262469074506	12179.908928630253	0.1904500538059094	72.11248041765857
0.8246081153027792	108.98443621884026	11877.607337938462	0.1928299157792397	72.56759403422407
0.821021843886252	109.51759390356445	11994.103374426055	0.1896221122996926	71.2261978536033
0.824498318194089	107.77021460260985	11614.419155492584	0.1925245340198628	72.38237717372307
0.8165630910958557	109.8678855293678	12070.952270694266	0.19096166201781806	71.60738261852963
0.8123044153000802	111.36812798764855	12402.859931473267	0.1893879541580239	72.8304865922717
0.8188917734356137	109.0931372527194	11901.312595640673	0.18727661575425503	71.41401119776937
0.8205641938874817	109.82448841501665	12061.418255620127	0.19096555349233668	71.19662788187112
0.8288812302557412	107.19199413136042	11490.123605857605	0.19661191312119186	71.15294445237701
0.8372429565736682	107.78552188686837	11617.718728424581	0.19788380348755485	70.01165916682274
0.8272460782602497	111.14472028279135	12353.14884673993	0.1944839397663295	72.66741876170951
0.8139598171311541	112.54574119488228	12666.543861105423	0.1896877788906034	73.28626380580152
0.8221043564970655	108.13183987467028	11692.494794681332	0.18786978169046564	69.78168436341808
0.8071331575205271	113.06835250885054	12784.452339065689	0.18127873674010908	73.09486590081978
