r2	rmse	mse	oob	mae
0.8265407333733076	105.53447490314325	11137.525393082171	0.19321457327552571	69.82311116444615
0.8181526535287215	110.17149900584351	12137.759193194579	0.19196798451751285	71.39044785629018
0.8140175336816893	109.6641231180877	12026.219899259098	0.18424915165833688	70.22779949182814
0.8088240283955817	115.20805947599099	13272.896968223477	0.1832584282351971	75.4757513643717
0.8212123470973098	108.02721128742309	11669.878378537549	0.1900281142649617	70.13907489673248
0.8172649379103571	109.84661064926166	12066.277871130485	0.1847144643062587	71.41076850755009
0.8109954042616567	113.07101314978001	12785.054014717725	0.18815640245308063	72.38784962316757
0.8233830666872823	108.9628265136174	11872.897561836684	0.19134970823248132	70.98046555869712
0.832468353676793	105.0612312226665	11037.862306022595	0.19576293552160007	70.04502014624991
0.8114254301010205	111.44795323611021	12420.646280518207	0.188181762655791	71.79202281885095
0.823963701260226	107.90475908662755	11643.43703354313	0.18780498155957925	69.94286243717555
0.8182851860223967	110.14469196295485	12131.853167614212	0.19185427473177163	72.53890325027757
0.8228737077947689	107.19412503350334	11490.580441698346	0.18997665977635325	71.52523432422834
0.8101002885195595	111.44293899295506	12419.528651387505	0.18235691229549755	72.34457986889446
0.8059086910636953	113.80403165986581	12951.35762203974	0.18361638224285293	73.91058981016556
0.8312221587513324	108.57051696808888	11787.557154718075	0.1978381541637254	71.51686295317403
0.8270455179392283	108.06687883022077	11678.45030010562	0.1970018280464093	71.7821856234728
0.8113742677198754	112.02979007483711	12550.67386421207	0.18804628968348358	71.61261911578053
0.8228693112311205	109.01299871030085	11883.833887812056	0.19383069251714902	71.79440504637653
0.803232426737753	111.93741511842362	12529.984903394292	0.18512859977269203	73.3828895744687
0.817841482517222	107.22593575252476	11497.401298004568	0.18857149022091224	70.6936238903606
0.8102789988548437	110.74080719413128	12263.526378007757	0.18545097224933105	72.12130993588579
0.7974032389917303	113.82518204963787	12956.172068633203	0.1855638159097125	73.56530269499609
0.8016679530377016	114.95849168954517	13215.454811535225	0.18381279749641444	73.18620412216224
0.8165072176548068	111.30533438058855	12388.877461574626	0.18896561806396095	71.78261414959242
