r2	rmse	mse	oob	mae
0.7798066218493049	122.38665848349311	14978.494174755177	0.22900151625980492	88.0625074539527
0.802888209902166	113.06100537176076	12782.790935673316	0.23333170017035	84.25398568053744
0.7781793574701099	122.71824579301212	15059.767850514138	0.23290368210665735	90.5064460932532
0.7749965130857672	119.9262852127378	14382.313884926933	0.22422902560227664	87.0168656470904
0.7890532800755445	120.76055737017543	14583.112216355434	0.2275757506352305	87.70911987256835
0.7857459421761421	117.70217615146174	13853.802270789729	0.22913108018535067	86.94287436830716
0.7843331878184363	119.16517325084111	14200.338515902979	0.22450629218246276	86.6952747880986
0.7857777341798832	116.86362774784402	13657.10749038666	0.22423910248761292	85.54627637811606
0.7801123664491547	119.53480444811457	14288.569474448992	0.22587223910968734	86.41912302164275
0.7827636967402298	121.90892536325475	14861.786083223617	0.22699682911413754	88.81978289639552
0.7843732941017525	119.24466517563482	14219.290172849256	0.22646783755680944	86.70786707591256
0.7733397426459951	124.56464210845847	15516.350063608344	0.22807429693866088	91.0424587755781
0.7757164488417769	121.22409923176123	14695.282234551894	0.22675483719589629	87.62227883413402
0.7845984712632997	119.71396820965377	14331.434184501994	0.228271472330413	86.66914774374835
0.7707778449197895	122.73966814334155	15065.026135937613	0.22286717239396237	88.33400411920832
0.7602703258017912	123.24078231828783	15188.290426423604	0.21906411858855068	89.53547018206834
0.7809550769138442	118.99872182159751	14160.695795173948	0.2223350984322119	86.41195342778475
0.797623483578135	115.18638964449704	13267.904359333896	0.23481957088478866	85.08358865081532
0.7787381777635983	123.010556879177	15131.59710372524	0.2316507599859614	90.75572617660217
0.7687342831485645	124.08253417501743	15396.475287294368	0.21963343712968397	89.81353457321164
0.7869362908261661	118.16623949906766	13963.260157351018	0.22098124455464152	85.58631363722051
0.7922081889097641	117.77860254746108	13871.799218032804	0.23593033997334645	88.33321096620247
0.7837164722659702	116.94323785373736	13675.720879715791	0.22465351028106906	85.89792016146731
0.7672746593908777	121.79398046255668	14833.773676913635	0.22293455394974493	88.35420018921924
0.7754286458238621	125.0837385839698	15645.941658142896	0.22561017640335368	91.446474861574
