r2	rmse	mse	oob	mae
0.7932772056293985	117.74677739222523	13864.303586254242	0.1834438799996324	78.25546237193973
0.8159873183675326	110.03860155706938	12108.493832635473	0.1977348132393646	76.23259384037004
0.8120229738310426	108.56318719312912	11785.965613530396	0.19508175176160747	74.79422674251437
0.8104571086439203	112.6207689448882	12683.437597737895	0.19285020574871536	76.74268369126268
0.8132292758806707	111.51246323466604	12435.029456662747	0.19268433104688254	75.94262460656613
0.8084660777547752	113.71091111700473	12930.17130705935	0.18741454266784863	77.02406986545401
0.8130201247093469	110.78400823656958	12273.096480960316	0.19235367471496578	75.74393436596617
0.8194930835141265	109.72490326570174	12039.554396667605	0.1949740419010233	75.44666254252851
0.8194967205484327	110.03824379643112	12108.415097802812	0.1955023601974175	74.5469583701904
0.8072957607984464	113.06421404441384	12783.51649748103	0.18889611060964118	76.61868331394815
0.7966078238458172	117.67320623206778	13846.983464934758	0.1838337991676774	76.48167019821277
0.8158340268475417	112.6739230516952	12695.41293585933	0.1948282058200992	77.29327479648417
0.8242416766201484	109.59759825849875	12011.633544031287	0.19632410203673778	74.5559123703749
0.8336123042085505	106.74631414109602	11394.775582709557	0.20410784961215422	74.6780384601516
0.8171139122435666	112.49484066886637	12655.089177113632	0.19459869390399054	76.33046435822396
0.8038581579899254	111.21226717538543	12368.168370289311	0.18615265712708906	74.24863475659703
0.8059737601889957	116.5238361690253	13577.80439554585	0.19084136781050964	78.05712228474891
0.8069740909821616	114.28625196453058	13061.34738810017	0.18859222243317397	76.26850501563771
0.8142152413714051	110.7989751363297	12276.412891261009	0.19139899501814084	75.77929682487931
0.7986421612176398	112.55532680345502	12668.701591832558	0.18657939378937805	76.17185534482114
0.8042464663447147	112.06445598408423	12558.442295008754	0.19043588852657034	75.62273518883539
0.8063701296861124	113.06836729485435	12784.455682724089	0.18925839660774968	75.90203184203096
0.8343380001191044	104.11471351713321	10839.87357075472	0.2026746805282591	73.61270940862912
0.8244228270602703	107.76599452750749	11613.509576502773	0.20165283107453436	74.91840061582421
0.8106205036088999	114.76274128235804	13170.486786641446	0.191281347748525	77.45538218254512
