r2	rmse	mse	oob	mae
0.37320312860650673	204.9074295109747	41987.05466879507	0.622232364102283	145.57645567775978
0.3577314489238156	209.135680720496	43737.73295042524	0.6560125377729336	149.8436292281332
0.35312861497250314	207.3254009309349	42983.821871172906	0.6435759913511132	148.93980986832108
0.3769026715755701	203.61418104215943	41458.73472146928	0.6258363158071113	147.29585626990624
0.3612082997059659	207.30390903299536	42974.910700360415	0.6371867506931852	150.13000449135598
0.36053118338721435	210.0013015273012	44100.54664316047	0.6613352531784101	149.80393369426542
0.35307350073933597	207.80463131425748	43182.764795654475	0.6412624275397425	147.91427559585765
0.38765530758026867	201.9128342172435	40768.79262164006	0.6115798705190775	145.94722949633407
0.39643753525944303	198.1134166489344	39248.92585631428	0.6103376715155764	144.8148775631651
0.3330559799048489	208.35287513956536	43410.92057892332	0.6408858217755025	149.46017588441737
0.37807849607906974	196.89819207644115	38768.898042971116	0.6142033138789513	143.2311348960838
0.39091087015254344	198.3699059049269	39350.61956872955	0.6415250234928782	142.99452626886887
0.36310009331743154	210.43405303167447	44282.49067533758	0.6455811059019807	151.60610870775517
0.34623700149591385	212.32824966933546	45083.28560764365	0.662476342224481	153.02135545268928
0.36505279327891227	204.61888971041006	41868.89002632096	0.6541251041072759	147.5710249730665
0.34599254294934156	208.8759072063325	43629.14461126842	0.6682351365093834	149.16829137937336
0.3485055487637556	206.20320904793692	42519.76342166718	0.6585724087927723	150.28647111599943
0.3549307889396832	209.85795607400124	44040.361727557436	0.6370249766607919	151.6320557765513
0.35166276467582624	205.36431358482668	42174.50129416703	0.6354944293384733	148.74057571369485
0.31928589301350707	205.97049674125694	42423.84552784014	0.67852263961031	151.5731703836122
0.3875555716172645	207.29988927900862	42973.244095089234	0.6022298121089893	150.43036759459403
0.38840423635750965	199.86079127958917	39944.3358909035	0.6195441824774869	145.8100570094687
0.37261021764813695	200.20290351650115	40081.20257643747	0.6127985200664635	146.06003669803616
0.3617361956967523	199.45990734551688	39784.254638282175	0.6626328829348088	140.99470669354736
0.3713315725768621	205.89335257272097	42392.07263363479	0.6308992375723268	150.37585568229798
