r2	rmse	mse	oob	mae
0.8084970369965465	112.74510321089038	12711.458298034324	0.18462609637128802	74.2810276806156
0.8191208939213013	107.41185249988128	11537.306057456251	0.19157950392398604	73.47796269905712
0.8125577827114642	109.10849755154793	11904.66423795614	0.18873521223681256	72.9594291893013
0.8069611474476484	109.81648193999288	12059.659705676782	0.18563223948694363	74.55859855173522
0.8166336575967426	112.98834287224295	12766.365625015536	0.1888690121645642	74.6537378391953
0.8072902560833958	111.09531641876825	12342.169330186238	0.1868069956867736	74.67787315600111
0.8196141760478131	110.4831081754578	12206.517192109912	0.19147138856852708	74.64220023907916
0.830786674360662	108.44087347198516	11759.423039367093	0.19575808626354074	73.27286663772877
0.8143494980289001	111.90454621032391	12522.627462538521	0.1886198760128266	75.13003559840625
0.8030240682675376	113.85769110090683	12963.57382282952	0.18285063642795407	75.99748448419423
0.7957449115297034	115.38243641996795	13313.106634207945	0.1776735680830681	75.8133391995384
0.8196242342640474	108.48470820504106	11768.931914332903	0.19004829231522335	73.51006258024003
0.8270420497379769	106.63954842404527	11371.993288084295	0.19587290149486425	74.14319001002794
0.8059013616690861	113.37700453197102	12854.34515664258	0.1854315187905825	75.52228656365783
0.809199757556789	109.98882851740142	12097.542398630334	0.18547782200969154	73.82923669232932
0.8112926917836503	112.06804817763813	12559.247422345423	0.18510231701882995	74.45811590680465
0.8228470185540468	106.97420009665173	11443.479486318483	0.19282559716611658	74.12220571834642
0.8264257756774307	107.80296574851722	11621.479424175977	0.19786718757616317	73.86682129702154
0.809989733998393	112.27004308035447	12604.562573264648	0.1847808067106027	73.46686550721955
0.8036676706964423	113.10968389031157	12793.80058976621	0.1839976399097385	74.84822050803443
0.8123768248881078	112.09314037232821	12564.872118530477	0.18673821879464003	74.50528401602531
0.8101984336245203	110.82979900644678	12283.24434780939	0.185121484706958	73.64541585012624
0.8245080183769039	107.69039805231306	11597.221832665633	0.1938050671151993	72.58446268420806
0.8250722313896222	108.04553475075852	11673.837579577368	0.19435837133403466	72.42503575650296
0.8035410141848591	114.67420952713448	13150.17433067314	0.1822614189261711	75.21242505146752
