r2	rmse	mse	oob	mae
0.8344311838938914	105.71665420186446	11176.010975636585	0.19635635052399825	69.96836820844553
0.8102453477407802	109.96427328442957	12092.14139897271	0.17889737021627816	71.4530659163446
0.8296601754152673	106.07917717590534	11252.791830317117	0.19149873684206675	70.66931448157328
0.809022593323169	113.49423037627409	12880.940328702776	0.17971909877956793	73.28274018240802
0.8157935108039045	112.56606346042918	12671.118642977368	0.181973037812295	72.6036880772807
0.8016184651983173	112.62676312039636	12684.787770977873	0.17548218468986487	71.86980452049167
0.7999151474774957	111.61140295714902	12457.105270063095	0.1764075578938571	70.57233370368705
0.8415904758165473	103.6361489065039	10740.45136017105	0.19396196632118878	69.73011115801498
0.8251545120413726	109.39673281450175	11967.645150487484	0.18810087479635396	70.86337448767807
0.8261677288511825	108.8742633741565	11853.605225265195	0.1918193672214994	72.52005414249172
0.808759999387783	109.77040381308007	12049.541553286663	0.18014769119517116	71.47896643648592
0.8111718051297743	111.28495726805752	12384.34171415339	0.18214223909376503	72.35484605515587
0.8084485430267899	113.74193893833642	12937.228673452251	0.18043676594972202	73.29056987953388
0.8165940017802257	108.5600293550133	11785.279973561348	0.1830116924004488	70.84629639740396
0.819647715567106	109.78241433857191	12052.17849800588	0.19018121094538687	72.42400769521512
0.8177921048732393	108.3414768547693	11737.87560707251	0.18575272870617465	70.88497902575295
0.811802591428729	112.70322380548788	12702.01665614989	0.18193650260569783	72.38554696294754
0.8213348942662357	110.33275712633647	12173.317295099152	0.18632307741011056	71.72633734030268
0.8078074413023058	113.69059276852973	12925.550884059665	0.18116218840962572	72.33505559303265
0.7960619034775129	114.76918735865384	13171.966366965788	0.1774344626685337	72.38628733645204
0.8138121714998827	108.53514345670953	11779.877365168519	0.18233560681502248	69.39484064497795
0.8136105056933708	112.3579632936958	12624.311915507493	0.18204479428724096	71.42321583561191
0.8021554871777008	114.73556858051143	13164.250697493242	0.18061836226530836	72.50811665178783
0.8174304546239981	106.26019438111521	11291.228909912388	0.1873396644179124	69.93093644411712
0.8272369341831307	107.1367126173752	11478.275190458042	0.1901160798406898	69.61238114465176
