accuracy	precision	recall	f1	oob	confMatrxVars
0.7835497835497836	0.7853901332162202	0.7835497835497836	0.7765527794501305	0.26256983240223464	126,14,36,55
0.7662337662337663	0.7589199614271938	0.7662337662337663	0.7584541062801932	0.23463687150837986	135,19,35,42
0.7835497835497836	0.781101199488941	0.7835497835497836	0.7817693573954827	0.24767225325884545	124,22,28,57
0.7705627705627706	0.771620989131	0.7705627705627706	0.7710766277395616	0.22905027932960897	138,27,26,40
0.7575757575757576	0.7487149751451126	0.7575757575757576	0.7479454170389737	0.24581005586592175	136,19,37,39
0.7662337662337663	0.7732240494068882	0.7662337662337664	0.7687975798959592	0.24767225325884545	122,31,23,55
0.7662337662337663	0.7602100133117504	0.7662337662337663	0.7579922718126942	0.23091247672253257	133,18,36,44
0.7489177489177489	0.7437125427660557	0.7489177489177489	0.7413405213914551	0.22346368715083798	126,20,38,47
0.7662337662337663	0.7613374577229999	0.7662337662337663	0.7632283811461004	0.22718808193668527	136,24,30,41
0.7316017316017316	0.7283886787237202	0.7316017316017316	0.7177559738683373	0.23277467411545627	127,17,45,42
0.7532467532467533	0.7474332896019643	0.7532467532467533	0.7496001808410567	0.23091247672253257	134,25,32,40
0.7402597402597403	0.7376653847242083	0.7402597402597403	0.7387331211834522	0.2178770949720671	121,28,32,50
0.7705627705627706	0.765714425134715	0.7705627705627706	0.7654816454032826	0.25884543761638734	129,20,33,49
0.7489177489177489	0.7427793090443694	0.7489177489177489	0.7408458586802535	0.24581005586592175	128,20,38,45
0.7445887445887446	0.7489764996907854	0.7445887445887446	0.7288189818810944	0.22905027932960897	129,13,46,43
0.7705627705627706	0.7660186604285982	0.7705627705627706	0.7656417867725691	0.22905027932960897	128,20,33,50
0.7705627705627706	0.7660390372538259	0.7705627705627706	0.7670450685292788	0.23649906890130357	129,22,31,49
0.7229437229437229	0.7176796202832848	0.7229437229437229	0.7100781814157611	0.24394785847299816	125,19,45,42
0.7835497835497836	0.7787747605929424	0.7835497835497836	0.777966816721802	0.23649906890130357	133,18,32,48
0.7835497835497836	0.7853694174448892	0.7835497835497836	0.784397673922322	0.24394785847299816	135,26,24,46
0.7575757575757576	0.7512248230811106	0.7575757575757576	0.7534201633804665	0.23649906890130357	135,24,32,40
0.8008658008658008	0.7979751960218375	0.8008658008658008	0.792331991357614	0.26629422718808193	140,13,33,45
0.7878787878787878	0.7861782551608854	0.7878787878787878	0.7795443832428495	0.27001862197392923	134,14,35,48
0.7359307359307359	0.7339949207419088	0.7359307359307359	0.7253868334040658	0.24208566108007445	123,18,43,47
0.7445887445887446	0.7454876193416091	0.7445887445887446	0.7450238481945644	0.24394785847299816	126,30,29,46
