accuracy	precision	recall	f1	confMatrxVars
0.7705627705627706	0.765687248939316	0.7705627705627706	0.7573344530979272	139,1439,39
0.7619047619047619	0.7550286768649052	0.7619047619047619	0.7538562054370367	133,1936,43
0.7532467532467533	0.7490096381605816	0.7532467532467533	0.7477152027871251	123,2136,51
0.7705627705627706	0.7668844447985553	0.7705627705627706	0.7641276379140457	128,1835,50
0.7748917748917749	0.7704605953053157	0.7748917748917749	0.7716753895097843	131,2230,48
0.7575757575757576	0.7539854325568612	0.7575757575757576	0.7480503085598627	129,1739,46
0.7359307359307359	0.7269529712711531	0.7359307359307359	0.7215742689748806	133,1843,37
0.7748917748917749	0.7719448949044031	0.7748917748917749	0.7615899252262889	139,1339,40
0.7489177489177489	0.744165373901931	0.7489177489177489	0.7415809298926183	125,2038,48
0.7619047619047619	0.7581611260856543	0.7619047619047619	0.7565673009349453	124,2035,52
0.7532467532467533	0.7509611892446993	0.7532467532467533	0.7420561298112318	129,1641,45
0.7748917748917749	0.7678171273945642	0.7748917748917749	0.7659493158219042	138,1735,41
0.7705627705627706	0.766445599061617	0.7705627705627706	0.7626547300016686	131,1736,47
0.8051948051948052	0.799767060326366	0.8051948051948052	0.8003955730719451	142,1728,44
0.7532467532467533	0.7565753464120071	0.7532467532467533	0.7389349038864974	130,1344,44
0.7489177489177489	0.7434217955957088	0.7489177489177489	0.7432113341204251	125,2236,48
0.7922077922077922	0.7944207436040468	0.7922077922077922	0.7813019278857788	137,1137,46
0.7748917748917749	0.7723561578983266	0.7748917748917749	0.7670995670995671	130,1636,49
0.7878787878787878	0.7864730046948356	0.7878787878787878	0.7824895697116881	127,1633,55
0.7532467532467533	0.75173816082907	0.7532467532467533	0.7441824540910387	125,1740,49
0.7619047619047619	0.7548185941043084	0.7619047619047619	0.7548030944332397	133,2035,43
0.7705627705627706	0.7635705268752907	0.7705627705627706	0.7610827953335597	137,1736,41
0.7012987012987013	0.6965382664873326	0.7012987012987013	0.6949406592357499	112,2643,50
0.7619047619047619	0.7550286768649052	0.7619047619047619	0.7538562054370367	133,1936,43
0.7402597402597403	0.7307618129218901	0.7402597402597403	0.7316156736446591	132,2238,39
0.7748917748917749	0.7715880610617453	0.7748917748917749	0.771695793918016	124,2131,55
0.7705627705627706	0.7688370363275684	0.7705627705627706	0.7591570621994165	134,1439,44
0.7835497835497836	0.7767094503936609	0.7835497835497836	0.7768620470659059	139,1832,42
0.7662337662337663	0.7601993965630329	0.7662337662337663	0.7616551582220596	133,2232,44
0.8008658008658008	0.8095075044227587	0.8008658008658008	0.7884399551066219	139,838,46
0.7965367965367965	0.7947975801643467	0.7965367965367965	0.7895240058505365	134,1433,50
0.7792207792207793	0.7734230055658626	0.7792207792207793	0.7726355966562768	135,1833,45
0.7705627705627706	0.7613979450137642	0.7705627705627706	0.7599065720584112	141,1736,37
0.7835497835497836	0.7838713667285095	0.7835497835497836	0.7718442766751945	137,1238,44
0.7705627705627706	0.7682385168773553	0.7705627705627706	0.7588090759349417	135,1439,43
0.7489177489177489	0.7502024856863566	0.7489177489177489	0.726499690785405	139,1147,34
0.7445887445887446	0.737066150224045	0.7445887445887446	0.7339233312587857	131,1940,41
0.7619047619047619	0.7576413485504394	0.7619047619047619	0.7593914601213871	135,2530,41
0.7748917748917749	0.7772382890350222	0.7748917748917749	0.7625464910676178	134,1240,45
0.7922077922077922	0.7860296846011131	0.7922077922077922	0.7834550991177498	142,1533,41
0.7575757575757576	0.7508619125385592	0.7575757575757576	0.7502064671875993	131,2036,44
0.7229437229437229	0.7188433632095604	0.7229437229437229	0.7150766928544706	118,2242,49
0.7575757575757576	0.7541733120680489	0.7575757575757576	0.7465218219935202	131,1640,44
0.7619047619047619	0.756033048837019	0.7619047619047619	0.7531778566261325	132,1837,44
0.6796536796536796	0.694169775802429	0.6796536796536796	0.6513241108351219	121,1361,36
0.7619047619047619	0.7548703624122619	0.7619047619047619	0.7477710268407942	139,1540,37
0.7272727272727273	0.7299358937777016	0.7272727272727273	0.7088585395795427	128,1449,40
0.7619047619047619	0.7607337189698861	0.7619047619047619	0.7468893095804411	136,1342,40
0.7532467532467533	0.7471235008225265	0.7532467532467533	0.7476066185674437	128,2235,46
0.8008658008658008	0.7970933828076685	0.8008658008658008	0.791814246359701	142,1333,43
