accuracy	precision	recall	f1	confMatrxVars
0.7402597402597403	0.7344823850847947	0.7402597402597403	0.7312687312687312	126,2040,45
0.7229437229437229	0.7155544401921213	0.7229437229437229	0.7171894771894772	124,2638,43
0.7878787878787878	0.7849406009783368	0.7878787878787878	0.7860139660212565	132,2227,50
0.7575757575757576	0.7523125996810208	0.7575757575757576	0.7471297481860862	132,1739,43
0.7272727272727273	0.7223683149148987	0.7272727272727273	0.7195285566292478	120,2241,48
0.7965367965367965	0.7926436609222607	0.7965367965367965	0.793789282817496	136,2027,48
0.7359307359307359	0.7305624269909984	0.7359307359307359	0.7328857270048664	135,2833,35
0.7142857142857143	0.7166469893742622	0.7142857142857143	0.7021164021164022	117,1848,48
0.7445887445887446	0.7476257076257077	0.7445887445887446	0.7459787378154725	128,3128,44
0.7186147186147186	0.710223037489146	0.7186147186147186	0.7111934887735218	124,2540,42
0.7792207792207793	0.7775166010460127	0.7792207792207793	0.7782309228227404	126,2427,54
0.7575757575757576	0.7534025049948617	0.7575757575757576	0.7545286957051663	125,2432,50
0.7402597402597403	0.734178972392372	0.7402597402597403	0.7297318599555465	128,1941,43
0.7792207792207793	0.7763535311306011	0.7792207792207793	0.777399515263593	129,2328,51
0.7489177489177489	0.7446096576531359	0.7489177489177489	0.741817006522889	124,2038,49
0.7878787878787878	0.7835602400819792	0.7878787878787878	0.7844155844155843	133,2029,49
0.7662337662337663	0.7607268227982772	0.7662337662337663	0.7619269061093233	131,2232,46
0.7662337662337663	0.762849826230108	0.7662337662337663	0.7605492442267926	125,1935,52
0.7705627705627706	0.7642812303829253	0.7705627705627706	0.7583927184951146	139,1538,39
0.7662337662337663	0.7630596277939273	0.7662337662337663	0.7644023230290836	133,2529,44
0.7662337662337663	0.7639658816129404	0.7662337662337663	0.7648598090651072	124,2529,53
0.7965367965367965	0.7962548097878303	0.7965367965367965	0.7903625637785562	130,1433,54
0.7445887445887446	0.736413313462494	0.7445887445887446	0.7392874339669847	136,2534,36
0.7316017316017316	0.7245179063360881	0.7316017316017316	0.7232400932400932	125,2240,44
0.7402597402597403	0.7322446117045923	0.7402597402597403	0.7300850557892811	130,2040,41
0.7575757575757576	0.7512879063661737	0.7575757575757576	0.7522161094208953	130,2234,45
0.7922077922077922	0.7910694969518499	0.7922077922077922	0.7915761786514618	128,2325,55
0.7489177489177489	0.7422978717888897	0.7489177489177489	0.7405911526771591	129,2038,44
0.7878787878787878	0.7855934914758443	0.7878787878787878	0.7863467843245395	126,2227,56
0.7532467532467533	0.7473836160230963	0.7532467532467533	0.749091700206679	130,2433,44
0.7835497835497836	0.7792476674464252	0.7835497835497836	0.7798035298035297	131,2030,50
0.7748917748917749	0.7728892422769973	0.7748917748917749	0.7729240456513184	117,2230,62
0.7922077922077922	0.7873595341783964	0.7922077922077922	0.786509968904335	136,1731,47
0.7229437229437229	0.7198581732638619	0.7229437229437229	0.7112497891718671	122,1945,45
0.7316017316017316	0.7255136298802846	0.7316017316017316	0.7237589250576264	123,2240,46
0.7619047619047619	0.7556462585034013	0.7619047619047619	0.7499959548889212	136,1639,40
0.7489177489177489	0.7463099873365175	0.7489177489177489	0.7427218659007824	120,2038,53
0.7748917748917749	0.7707275883024711	0.7748917748917749	0.7722463569294555	134,2329,45
0.696969696969697	0.6924319596645573	0.696969696969697	0.6902668913144336	111,2644,50
0.7748917748917749	0.7758055317935557	0.7748917748917749	0.7658339396879295	129,1438,50
0.7922077922077922	0.7873933295620043	0.7922077922077922	0.7887501655617597	138,2028,45
0.7619047619047619	0.767495277959699	0.7619047619047619	0.7485152791275241	130,1243,46
0.7229437229437229	0.7204553471220138	0.7229437229437229	0.7214776973813118	116,3034,51
0.7402597402597403	0.7352050692000168	0.7402597402597403	0.7372073349186026	130,2733,41
0.7748917748917749	0.7692509510691329	0.7748917748917749	0.7704827449545759	134,2131,45
0.7662337662337663	0.7624107687801956	0.7662337662337663	0.7621118947277887	124,2133,53
0.7402597402597403	0.7420596832361538	0.7402597402597403	0.7411030527913646	124,3129,47
0.7705627705627706	0.7650582140456779	0.7705627705627706	0.7618944322066216	134,1736,44
0.7489177489177489	0.742385632811552	0.7489177489177489	0.7441474493361285	130,2434,43
0.7445887445887446	0.7385914280651122	0.7445887445887446	0.733256294384821	130,1841,42
