accuracy	precision	recall	f1	oob	confMatrxVars
0.7402597402597403	0.7380460448642266	0.7402597402597403	0.7245301282568362	0.2905027932960894	131,15,45,40
0.7532467532467533	0.7429406307977737	0.7532467532467533	0.7462164427413727	0.3091247672253259	141,23,34,33
0.7792207792207793	0.7730482916587135	0.7792207792207793	0.7724346838318819	0.2886405959031657	136,18,33,44
0.7532467532467533	0.7461420932009168	0.7532467532467533	0.7374272490551561	0.3128491620111732	138,15,42,36
0.7835497835497836	0.7794520179613347	0.7835497835497836	0.7791950550863963	0.3072625698324022	130,19,31,51
0.7359307359307359	0.7264499932097699	0.7359307359307359	0.7194876877310401	0.3016759776536313	135,17,44,35
0.7402597402597403	0.7372371130332913	0.7402597402597403	0.7385178488743853	0.2830540037243948	125,28,32,46
0.7186147186147186	0.7085433177244591	0.7186147186147186	0.7083011032854293	0.2886405959031657	127,23,42,39
0.7272727272727273	0.7169421487603306	0.7272727272727273	0.7124455564822538	0.2886405959031657	132,19,44,36
0.7748917748917749	0.7713730713730714	0.7748917748917749	0.7715841002264844	0.26629422718808193	125,21,31,54
0.7792207792207793	0.7722851882929028	0.7792207792207793	0.7729792463737418	0.27560521415270023	138,19,32,42
0.7619047619047619	0.7628911564625851	0.7619047619047619	0.7481748714598188	0.2998137802607076	133,13,42,43
0.7359307359307359	0.7246064678793401	0.7359307359307359	0.7258765870188042	0.2905027932960894	134,22,39,36
0.7619047619047619	0.7565192743764172	0.7619047619047619	0.7534407649712773	0.2737430167597765	131,18,37,45
0.7186147186147186	0.7121775118593981	0.7186147186147186	0.7075896357214898	0.297951582867784	123,21,44,43
0.7878787878787878	0.7831037649219467	0.7878787878787878	0.7827193945327308	0.25698324022346364	134,18,31,48
0.7402597402597403	0.7316523632313106	0.7402597402597403	0.7297733322578044	0.27560521415270023	131,20,40,40
0.7445887445887446	0.7357036406216734	0.7445887445887446	0.7356914195233014	0.292364990689013	132,21,38,40
0.7142857142857143	0.7066402908468777	0.7142857142857143	0.7034065934065934	0.2849162011173184	123,22,44,42
0.7619047619047619	0.7573000898472596	0.7619047619047619	0.7583693671643414	0.2849162011173184	127,23,32,49
0.7748917748917749	0.7748917748917749	0.7748917748917749	0.7748917748917749	0.2942271880819367	133,26,26,46
0.7402597402597403	0.7316319319508476	0.7402597402597403	0.7283741486640039	0.26815642458100564	132,19,41,39
0.7272727272727273	0.7155670719553517	0.7272727272727273	0.7160040774719675	0.2886405959031657	132,22,41,36
0.7662337662337663	0.7580228206952685	0.7662337662337663	0.7579791886308085	0.3016759776536313	137,19,35,40
0.7272727272727273	0.7161972106106184	0.7272727272727273	0.7102905627386152	0.26629422718808193	134,18,45,34
