accuracy	precision	recall	f1	confMatrxVars
0.7489177489177489	0.7419785034242865	0.7489177489177489	0.7415163300372247	129,2137,44
0.7012987012987013	0.6963230597753259	0.7012987012987013	0.6865420518877643	121,2049,41
0.7748917748917749	0.7692247146792601	0.7748917748917749	0.7697595905143075	133,2032,46
0.7229437229437229	0.7119897139183541	0.7229437229437229	0.7137233852209697	130,2440,37
0.7186147186147186	0.7091493162921734	0.7186147186147186	0.7086118131478732	126,2342,40
0.6883116883116883	0.6808905380333952	0.6883116883116883	0.6791519738539605	115,2646,44
0.7229437229437229	0.716122261576807	0.7229437229437229	0.7136536355551636	123,2242,44
0.7445887445887446	0.7399352918220844	0.7445887445887446	0.7415430193480065	126,2633,46
0.7748917748917749	0.772142989934401	0.7748917748917749	0.768313937145106	128,1735,51
0.7272727272727273	0.7197489257730221	0.7272727272727273	0.7181617404830734	125,2241,43
0.7359307359307359	0.7340166369578135	0.7359307359307359	0.7169801995490069	133,1447,37
0.7922077922077922	0.7890427182880013	0.7922077922077922	0.7900499500499502	132,2127,51
0.7619047619047619	0.7610437256663671	0.7619047619047619	0.761459288381947	131,2728,45
0.7186147186147186	0.7175230566534914	0.7186147186147186	0.7180551932987805	128,3233,38
0.7748917748917749	0.767638083549366	0.7748917748917749	0.768930135511861	138,2032,41
0.7489177489177489	0.7442611065799472	0.7489177489177489	0.7460555691687766	130,2632,43
0.7229437229437229	0.7229437229437229	0.7229437229437229	0.7229437229437229	124,3232,43
0.7619047619047619	0.7545047581507968	0.7619047619047619	0.7523542151279378	135,1837,41
0.7705627705627706	0.7629110655426445	0.7705627705627706	0.7630785795923409	137,1934,41
0.7056277056277056	0.6926337897037518	0.7056277056277056	0.6921573684858708	128,2345,35
0.7402597402597403	0.7316523632313106	0.7402597402597403	0.7297733322578044	131,2040,40
0.7835497835497836	0.7790161240179284	0.7835497835497836	0.7802599217693559	134,2129,47
0.7056277056277056	0.6944444444444444	0.7056277056277056	0.6973084886128365	127,2741,36
0.7489177489177489	0.7372329718698434	0.7489177489177489	0.7352178245035388	139,1840,34
0.7705627705627706	0.7643577306227909	0.7705627705627706	0.7655442588828949	134,2132,44
0.683982683982684	0.6812840838814864	0.683982683982684	0.68251759378417	116,3538,42
0.7662337662337663	0.7589003175595354	0.7662337662337663	0.7527169686600824	140,1539,37
0.7445887445887446	0.7393430509372538	0.7445887445887446	0.7412436434083338	129,2633,43
0.7489177489177489	0.7426952933990105	0.7489177489177489	0.7428338328338329	127,2236,46
0.7445887445887446	0.7384916288530746	0.7445887445887446	0.7408142222740763	133,2633,39
0.7619047619047619	0.7650989268947016	0.7619047619047619	0.7633684295376613	134,2926,42
0.7575757575757576	0.7529259662493194	0.7575757575757576	0.7489162584703986	129,1838,46
0.7489177489177489	0.7528532073986619	0.7489177489177489	0.7506560106560106	127,3127,46
0.7359307359307359	0.7301627239592499	0.7359307359307359	0.7249128800149208	127,1942,43
0.7575757575757576	0.756553262688232	0.7575757575757576	0.7494700502695173	124,1739,51
0.7359307359307359	0.7263828763828765	0.7359307359307359	0.7256495796487332	131,2140,39
0.7142857142857143	0.7047530782470541	0.7142857142857143	0.7058634100423592	125,2541,40
0.7792207792207793	0.77425616711331	0.7792207792207793	0.7719803707264522	134,1734,46
0.7142857142857143	0.7122530116880399	0.7142857142857143	0.6952590543259558	127,1650,38
0.7186147186147186	0.7128381658502141	0.7186147186147186	0.7079371122774891	122,2144,44
0.70995670995671	0.6998298834457026	0.70995670995671	0.6921990904472657	129,1948,35
0.7792207792207793	0.7730019493177387	0.7792207792207793	0.7712970241437394	137,1734,43
0.7748917748917749	0.7692185667113344	0.7748917748917749	0.7667123766502649	135,1735,44
0.7532467532467533	0.7484390173069418	0.7532467532467533	0.7482895302463017	124,2235,50
0.7445887445887446	0.7386494343016081	0.7445887445887446	0.7404187649085608	128,2534,44
0.7316017316017316	0.7334103010802233	0.7316017316017316	0.7162620474722385	126,1547,43
0.7878787878787878	0.7908485948413353	0.7878787878787878	0.7764902956790012	136,1138,46
0.7186147186147186	0.7105538140020898	0.7186147186147186	0.7035075350843893	128,1946,38
0.7489177489177489	0.7423210208066415	0.7489177489177489	0.7426396120663638	128,2236,45
0.7056277056277056	0.6953205524634096	0.7056277056277056	0.6947807986476273	124,2444,39
