accuracy	precision	recall	f1	oob	confMatrxVars
0.7792207792207793	0.7756322624743678	0.7792207792207793	0.7700015236304757	0.24022346368715086	135,15,36,45
0.7575757575757576	0.7565008687457667	0.7575757575757576	0.7569799526286229	0.24394785847299816	118,27,29,57
0.7705627705627706	0.7644382086069432	0.7705627705627706	0.7628068888756898	0.22718808193668527	134,18,35,44
0.7835497835497836	0.7808624474117433	0.7835497835497836	0.7819546501703601	0.25139664804469275	133,23,27,48
0.7532467532467533	0.7471480103442244	0.7532467532467533	0.7467389055398576	0.24208566108007445	128,21,36,46
0.7662337662337663	0.7593523102207966	0.7662337662337663	0.7586835524723724	0.25325884543761634	134,19,35,43
0.7748917748917749	0.7713597906834623	0.7748917748917749	0.769044808005847	0.24767225325884545	128,18,34,51
0.7662337662337663	0.7760080370878113	0.7662337662337663	0.7696686591554142	0.24581005586592175	124,32,22,53
0.7272727272727273	0.7236905478627333	0.7272727272727273	0.7247926335310889	0.22718808193668527	116,28,35,52
0.7532467532467533	0.7525132819250466	0.7532467532467533	0.7528654284005647	0.22905027932960897	124,28,29,50
0.7705627705627706	0.7650876910978841	0.7705627705627706	0.7651520059683325	0.24767225325884545	131,20,33,47
0.7316017316017316	0.722818972444721	0.7316017316017316	0.7251001586405313	0.23277467411545627	130,25,37,39
0.7748917748917749	0.7742706024287509	0.7748917748917749	0.7649381426041735	0.23463687150837986	132,14,38,47
0.7792207792207793	0.7820514841496288	0.7792207792207793	0.7804984983668369	0.25512104283054005	134,27,24,46
0.7878787878787878	0.7845150448143406	0.7878787878787878	0.7834745479381393	0.24208566108007445	129,18,31,53
0.7532467532467533	0.7470845877264056	0.7532467532467533	0.7416172485998977	0.24208566108007445	133,17,40,41
0.7532467532467533	0.7466064056425502	0.7532467532467533	0.7486960775153749	0.24581005586592175	133,24,33,41
0.7575757575757576	0.7658402203856749	0.7575757575757576	0.7472502805836139	0.23649906890130357	122,13,43,53
0.8138528138528138	0.8132309246958929	0.8138528138528138	0.8135255185880227	0.26070763500931093	135,21,22,53
0.7835497835497836	0.7851239669421487	0.7835497835497836	0.7842755716270146	0.25698324022346364	130,26,24,51
0.7792207792207793	0.7763164546297078	0.7792207792207793	0.7718452184862975	0.23277467411545627	131,16,35,49
0.7619047619047619	0.7567755476846386	0.7619047619047619	0.7547879927749988	0.24022346368715086	129,19,36,47
0.7922077922077922	0.7915189920975841	0.7922077922077922	0.7835225571074627	0.26443202979515834	135,13,35,48
0.7965367965367965	0.790784271980029	0.7965367965367965	0.7907847956777619	0.24767225325884545	140,17,30,44
0.7575757575757576	0.7519640852974186	0.7575757575757576	0.7532460080230781	0.26070763500931093	129,23,33,46
