accuracy	precision	recall	f1	oob	confMatrxVars
0.7489177489177489	0.7410843125128839	0.7489177489177489	0.7410493262605938	0.24767225325884545	131,21,37,42
0.7748917748917749	0.7675881623250044	0.7748917748917749	0.7696239503468418	0.24767225325884545	140,21,31,39
0.7575757575757576	0.753135216903333	0.7575757575757576	0.7548122736801982	0.23091247672253257	131,25,31,44
0.7272727272727273	0.7298037358278323	0.7272727272727273	0.7284142904308282	0.22718808193668527	118,33,30,50
0.7532467532467533	0.7515734885461932	0.7532467532467533	0.742400340401927	0.24022346368715086	128,16,41,46
0.7878787878787878	0.785770591578214	0.7878787878787878	0.7775788202065576	0.24394785847299816	138,13,36,44
0.7532467532467533	0.7476452840089204	0.7532467532467533	0.7497073387890147	0.24394785847299816	133,25,32,41
0.7359307359307359	0.7284684433392115	0.7359307359307359	0.7297032521522316	0.22160148975791438	127,24,37,43
0.7662337662337663	0.7593523102207966	0.7662337662337663	0.7586835524723724	0.24208566108007445	134,19,35,43
0.7878787878787878	0.7845150448143406	0.7878787878787878	0.7834745479381393	0.24767225325884545	129,18,31,53
0.7532467532467533	0.7488000035770737	0.7532467532467533	0.749814829631056	0.21973929236499068	124,24,33,50
0.7532467532467533	0.7478744857626846	0.7532467532467533	0.7493420446226159	0.23277467411545627	128,24,33,46
0.7965367965367965	0.793032364460936	0.7965367965367965	0.7898642632184952	0.24022346368715086	136,15,32,48
0.7748917748917749	0.7669749690877856	0.7748917748917749	0.7693087335944478	0.25139664804469275	142,21,31,37
0.7316017316017316	0.7208273208273208	0.7316017316017316	0.7233089383617233	0.23649906890130357	133,24,38,36
0.7662337662337663	0.7614779586610573	0.7662337662337663	0.7623145106167178	0.24208566108007445	128,22,32,49
0.7705627705627706	0.766650533731279	0.7705627705627706	0.7650661131800147	0.22905027932960897	127,19,34,51
0.7229437229437229	0.7149564507348939	0.7229437229437229	0.7130471525375984	0.21042830540037238	125,22,42,42
0.7662337662337663	0.7782914713351229	0.7662337662337663	0.7524775224775225	0.24953445065176905	129,10,44,48
0.7619047619047619	0.7681598062953995	0.7619047619047619	0.7489271240798998	0.23277467411545627	129,12,43,47
0.7662337662337663	0.7619391190819762	0.7662337662337663	0.7576200459848804	0.23277467411545627	131,17,37,46
0.7575757575757576	0.7508619125385592	0.7575757575757576	0.7502064671875993	0.24394785847299816	131,20,36,44
0.7792207792207793	0.7747773318492922	0.7792207792207793	0.776599613808916	0.24394785847299816	141,23,28,39
0.7878787878787878	0.7851661737012056	0.7878787878787878	0.7861289460375698	0.25698324022346364	130,22,27,52
0.7575757575757576	0.7511478420569329	0.7575757575757576	0.7513228347284182	0.23277467411545627	130,21,35,45
