accuracy	precision	recall	f1	confMatrxVars
0.7575757575757576	0.7588433353139236	0.7575757575757576	0.7404551521770306	136,1244,39
0.7792207792207793	0.7742582718486334	0.7792207792207793	0.7759580565419982	137,2229,43
0.7619047619047619	0.753969835891303	0.7619047619047619	0.7520670517612413	136,1837,40
0.7662337662337663	0.7933282403870638	0.7662337662337663	0.7475802499387406	132,648,45
0.7748917748917749	0.769627588156314	0.7748917748917749	0.7622489959839357	140,1438,39
0.7705627705627706	0.7653674966919284	0.7705627705627706	0.7666993001921752	132,2231,46
0.7489177489177489	0.7480116782442363	0.7489177489177489	0.7251654163901029	141,1147,32
0.70995670995671	0.7602649875377149	0.70995670995671	0.666896039667553	135,463,29
0.7445887445887446	0.7413969991207384	0.7445887445887446	0.7312854334797908	130,1643,42
0.7229437229437229	0.7624475459527006	0.7229437229437229	0.6868989294138995	135,559,32
0.7402597402597403	0.7371451397815875	0.7402597402597403	0.7189832996344971	137,1347,34
0.7575757575757576	0.7493052067637702	0.7575757575757576	0.741943241943242	140,1541,35
0.7359307359307359	0.7298361162646877	0.7359307359307359	0.7213206717405215	131,1744,39
0.7359307359307359	0.7528923435491427	0.7359307359307359	0.7119584065569468	132,952,38
0.7445887445887446	0.7504572076764591	0.7445887445887446	0.7202392780956655	138,1049,34
0.7229437229437229	0.7494942600944393	0.7229437229437229	0.683977620819726	139,658,28
0.7575757575757576	0.7633784655061251	0.7575757575757576	0.7371528070323252	138,1046,37
0.7619047619047619	0.7667228315933219	0.7619047619047619	0.7421175328152072	139,1045,37
0.7272727272727273	0.7377248420029169	0.7272727272727273	0.7002270578295116	134,1053,34
0.7662337662337663	0.7670380621200295	0.7662337662337663	0.7482113694688545	140,1143,37
0.7705627705627706	0.7883799943226173	0.7705627705627706	0.7511038740396538	137,746,41
0.7792207792207793	0.7880873533047448	0.7792207792207793	0.7603316885253659	142,843,38
0.7272727272727273	0.7351519732472114	0.7272727272727273	0.6986057543349822	136,1053,32
0.7835497835497836	0.7794555887020395	0.7835497835497836	0.7809281815492997	136,2228,45
0.7056277056277056	0.6970407590754986	0.7056277056277056	0.6930095783598968	123,2246,40
0.7272727272727273	0.7309368191721133	0.7272727272727273	0.7065950954406754	130,1350,38
0.7445887445887446	0.7592098029876279	0.7445887445887446	0.7259517522978852	129,1049,43
0.7316017316017316	0.7294447264758992	0.7316017316017316	0.7055636671021286	138,1250,31
0.7489177489177489	0.7644743847952405	0.7489177489177489	0.7242400170111013	137,850,36
0.7445887445887446	0.7340380707727647	0.7445887445887446	0.7272359371587858	139,1643,33
0.7445887445887446	0.7324277023238228	0.7445887445887446	0.7314774934001635	138,1940,34
0.7445887445887446	0.7427946203456407	0.7445887445887446	0.7251506056422918	136,1346,36
0.7705627705627706	0.7634503627059459	0.7705627705627706	0.7650743638511223	137,2132,41
0.7792207792207793	0.7820855614973262	0.7792207792207793	0.7597973873633698	145,942,35
0.8181818181818182	0.8270120259019427	0.8181818181818182	0.8042565375071578	148,636,41
0.7402597402597403	0.7421758569299552	0.7402597402597403	0.71900826446281	135,1248,36
0.7489177489177489	0.7397188280120879	0.7489177489177489	0.7392337303019367	134,2038,39
0.7402597402597403	0.747619727211564	0.7402597402597403	0.7191107340872769	133,1149,38
0.7532467532467533	0.7454785954785955	0.7532467532467533	0.743639771147177	133,1938,41
0.7835497835497836	0.7794858203021467	0.7835497835497836	0.7691824304727529	144,1238,37
0.7878787878787878	0.7804205318491032	0.7878787878787878	0.7827892360017127	146,2029,36
0.70995670995671	0.7261649914711139	0.70995670995671	0.6847781267843963	126,1156,38
0.7532467532467533	0.7570173095930993	0.7532467532467533	0.7365609422316997	133,1245,41
0.7489177489177489	0.7450131567778626	0.7489177489177489	0.7317985045257772	136,1444,37
0.7705627705627706	0.7626303389015254	0.7705627705627706	0.7591221544709916	140,1637,38
0.7878787878787878	0.7817404487957806	0.7878787878787878	0.776989782654373	143,1435,39
0.7056277056277056	0.710293284377054	0.7056277056277056	0.6720435649007077	134,1157,29
0.8051948051948052	0.7987772461456674	0.8051948051948052	0.7990042628660563	145,1629,41
0.7748917748917749	0.7643856598774631	0.7748917748917749	0.7611053379677739	146,1537,33
0.7748917748917749	0.7708639186900056	0.7748917748917749	0.7697756788665879	128,1933,51
