accuracy	precision	recall	f1	confMatrxVars
0.7316017316017316	0.72579192264821	0.7316017316017316	0.7213819513819514	125,2042,44
0.7445887445887446	0.7370371563919951	0.7445887445887446	0.7352271552898513	130,2039,42
0.7705627705627706	0.7635477582846003	0.7705627705627706	0.7623282799925137	136,1835,42
0.70995670995671	0.7108799761198163	0.70995670995671	0.7104049338987212	119,3433,45
0.7445887445887446	0.7454876193416091	0.7445887445887446	0.7450238481945644	126,3029,46
0.7662337662337663	0.7637989967804311	0.7662337662337663	0.7586439534491483	127,1737,50
0.7705627705627706	0.7688370363275684	0.7705627705627706	0.7591570621994165	134,1439,44
0.7316017316017316	0.7316017316017316	0.7316017316017316	0.7316017316017316	127,3131,42
0.7792207792207793	0.7756090526791164	0.7792207792207793	0.7761501107225239	127,2130,53
0.7705627705627706	0.7649289189150856	0.7705627705627706	0.7658407512209319	132,2132,46
0.7489177489177489	0.7450203926578083	0.7489177489177489	0.7378156205969627	129,1741,44
0.7272727272727273	0.7236905478627333	0.7272727272727273	0.7247926335310889	116,2835,52
0.8138528138528138	0.8148484848484848	0.8138528138528138	0.8045422920040658	142,1033,46
0.7402597402597403	0.7357056783808377	0.7402597402597403	0.7350970017636684	120,2337,51
0.7662337662337663	0.7584841388120076	0.7662337662337663	0.7592212010292125	136,2034,41
0.7575757575757576	0.7546962603317727	0.7575757575757576	0.7558974358974359	128,2630,47
0.7445887445887446	0.7357036406216734	0.7445887445887446	0.7356914195233014	132,2138,40
0.7575757575757576	0.7575757575757576	0.7575757575757576	0.7575757575757576	128,2828,47
0.7705627705627706	0.766650533731279	0.7705627705627706	0.7650661131800147	127,1934,51
0.7662337662337663	0.75998075998076	0.7662337662337663	0.7621064774322874	137,2331,40
0.7662337662337663	0.762917082917083	0.7662337662337663	0.7640300875594993	126,2430,51
0.7445887445887446	0.7436619111147413	0.7445887445887446	0.7441108729915431	129,2930,43
0.7748917748917749	0.7736419721262738	0.7748917748917749	0.7678182384064737	127,1636,52
0.7359307359307359	0.7412717152976893	0.7359307359307359	0.7382522488554181	126,3328,44
0.7272727272727273	0.7223491279518445	0.7272727272727273	0.7230869956930239	118,2637,50
0.7532467532467533	0.746350035506662	0.7532467532467533	0.7463216648466295	130,2136,44
0.7402597402597403	0.7339412084921068	0.7402597402597403	0.7309817055039984	127,2040,44
0.7662337662337663	0.7592592592592594	0.7662337662337663	0.7596273291925466	134,2034,43
0.7316017316017316	0.7398875953092819	0.7316017316017316	0.7348650683094389	121,3527,48
0.7532467532467533	0.7489799970688212	0.7532467532467533	0.7455117380874091	126,1938,48
0.7575757575757576	0.7559081379836097	0.7575757575757576	0.7566824828832807	130,2729,45
0.7142857142857143	0.7162219880976111	0.7142857142857143	0.6974725274725275	123,1650,42
0.7575757575757576	0.7525691699604743	0.7575757575757576	0.7520661157024794	126,2135,49
0.7878787878787878	0.7823694089202774	0.7878787878787878	0.7813588138776904	137,1732,45
0.7532467532467533	0.7470731181485422	0.7532467532467533	0.748322878935124	129,2334,45
0.7489177489177489	0.7441213573289045	0.7489177489177489	0.7435753509204541	123,2236,50
0.7575757575757576	0.7550033441374697	0.7575757575757576	0.756052226640462	125,2630,50
0.7748917748917749	0.7720826808101958	0.7748917748917749	0.7725094833528569	122,2230,57
0.7445887445887446	0.7499320147877024	0.7445887445887446	0.7469053999666244	128,3227,44
0.7532467532467533	0.7541436341436341	0.7532467532467533	0.7536806097605463	128,2928,46
0.7402597402597403	0.7456930824277763	0.7402597402597403	0.7424723424723425	120,3327,51
0.7748917748917749	0.7822207032733347	0.7748917748917749	0.7632034632034631	130,1141,49
0.7662337662337663	0.7637989967804311	0.7662337662337663	0.7586439534491483	127,1737,50
0.7532467532467533	0.7478744857626846	0.7532467532467533	0.7493420446226159	128,2433,46
0.7056277056277056	0.6971696919065339	0.7056277056277056	0.6915267265536036	124,2147,39
0.7402597402597403	0.7378687537627935	0.7402597402597403	0.7388353993362997	119,2832,52
0.7316017316017316	0.7273576097105509	0.7316017316017316	0.7280512009427672	117,2636,52
0.7445887445887446	0.7388167388167388	0.7445887445887446	0.7348587920016492	128,1940,44
0.7186147186147186	0.713046167083434	0.7186147186147186	0.7106247012841446	119,2342,47
0.7965367965367965	0.7940836940836941	0.7965367965367965	0.7949119984425227	130,2126,54
