accuracy	precision	recall	f1	oob	confMatrxVars
0.8008658008658008	0.8008658008658008	0.8008658008658008	0.8008658008658008	0.26070763500931093	134,23,23,51
0.7792207792207793	0.776770004189359	0.7792207792207793	0.7753552844461936	0.22718808193668527	123,19,32,57
0.7532467532467533	0.7522681177577428	0.7532467532467533	0.7444762817844158	0.25139664804469275	124,17,40,50
0.7186147186147186	0.7118155905127735	0.7186147186147186	0.7135080373230002	0.23277467411545627	122,27,38,44
0.7705627705627706	0.7662541860655069	0.7705627705627706	0.7671559356310927	0.23649906890130357	128,22,31,50
0.7229437229437229	0.7208840848592402	0.7229437229437229	0.721858423266874	0.22532588454376168	128,31,33,39
0.8051948051948052	0.8131303733713373	0.8051948051948052	0.8079042185756188	0.24581005586592175	130,27,18,56
0.7489177489177489	0.7456638284452854	0.7489177489177489	0.7463556851311954	0.23091247672253257	118,25,33,55
0.7445887445887446	0.7408500590318772	0.7445887445887446	0.7420062243115831	0.21973929236499068	121,26,33,51
0.7748917748917749	0.7733557497708441	0.7748917748917749	0.7740623055344749	0.26070763500931093	132,25,27,47
0.7662337662337663	0.769452351544347	0.7662337662337663	0.7676077234024254	0.24022346368715086	124,29,25,53
0.7186147186147186	0.7114435740209311	0.7186147186147186	0.7097940872926596	0.2178770949720671	122,23,42,44
0.7359307359307359	0.7383739015475542	0.7359307359307359	0.7240962858797253	0.2178770949720671	122,16,45,48
0.7575757575757576	0.7519073151827493	0.7575757575757576	0.7483641445905597	0.23463687150837986	131,18,38,44
0.7662337662337663	0.7647863247863247	0.7662337662337663	0.7654499151103565	0.24208566108007445	128,26,28,49
0.8181818181818182	0.8153008962868117	0.8181818181818182	0.8156643356643357	0.25884543761638734	135,17,25,54
0.7705627705627706	0.7685760294455947	0.7705627705627706	0.7638260316134389	0.24394785847299816	126,17,36,52
0.7922077922077922	0.7881553050635177	0.7922077922077922	0.7891451361192995	0.26070763500931093	134,20,28,49
0.7575757575757576	0.7659241420830825	0.7575757575757576	0.7608272881617534	0.24394785847299816	127,32,24,48
0.7402597402597403	0.7350239495202213	0.7402597402597403	0.7361788538259126	0.24022346368715086	123,25,35,48
0.7575757575757576	0.7541630482806954	0.7575757575757576	0.7549169878520018	0.24208566108007445	121,24,32,54
0.7142857142857143	0.7088838871971402	0.7142857142857143	0.7031539888682745	0.2178770949720671	121,21,45,44
0.7359307359307359	0.7316261516261515	0.7359307359307359	0.7330741445391127	0.24394785847299816	122,27,34,48
0.8095238095238095	0.8102299307118584	0.8095238095238095	0.8029304029304031	0.24953445065176905	134,12,32,53
0.7489177489177489	0.7430620908881779	0.7489177489177489	0.7430243497306317	0.23277467411545627	126,22,36,47
