accuracy	precision	recall	f1	oob	confMatrxVars
0.7445887445887446	0.7435709754550335	0.7445887445887446	0.7440653725260714	0.23463687150837986	132,29,30,40
0.7662337662337663	0.7607080757567947	0.7662337662337663	0.7612236274656656	0.24953445065176905	130,21,33,47
0.7272727272727273	0.7227170263410942	0.7272727272727273	0.7208038693768221	0.23649906890130357	118,23,40,50
0.7489177489177489	0.7440563577209539	0.7489177489177489	0.7426059779000957	0.22718808193668527	124,21,37,49
0.7619047619047619	0.7588522588522588	0.7619047619047619	0.7600034024327393	0.24394785847299816	126,25,30,50
0.7619047619047619	0.7578257243594507	0.7619047619047619	0.7572789623975874	0.24953445065176905	124,21,34,52
0.7445887445887446	0.7454636182181092	0.7445887445887446	0.7335746877199016	0.22532588454376168	124,16,43,48
0.7575757575757576	0.7614278376990241	0.7575757575757576	0.744586508917719	0.24208566108007445	129,13,43,46
0.7705627705627706	0.7681542243628336	0.7705627705627706	0.767519653032404	0.25139664804469275	119,21,32,59
0.7792207792207793	0.7767283221828677	0.7792207792207793	0.7720747555929941	0.24022346368715086	130,16,35,50
0.7619047619047619	0.7560015741833923	0.7619047619047619	0.7554259799157759	0.24208566108007445	130,20,35,46
0.7922077922077922	0.7960648715365696	0.7922077922077922	0.7938856174881019	0.26443202979515834	137,26,22,46
0.7532467532467533	0.7444025946850806	0.7532467532467533	0.7401582066834251	0.22905027932960897	137,17,40,37
0.7575757575757576	0.7526170798898071	0.7575757575757576	0.7500233100233101	0.23277467411545627	128,19,37,47
0.7402597402597403	0.7383399209486166	0.7402597402597403	0.7392422718126944	0.22346368715083798	130,29,31,41
0.7835497835497836	0.7855240279363259	0.7835497835497836	0.7728577327633932	0.23836126629422716	134,12,38,47
0.7229437229437229	0.7145345076379559	0.7229437229437229	0.7084025705143717	0.22346368715083798	129,19,45,38
0.7662337662337663	0.7630706762220409	0.7662337662337663	0.7567586739599917	0.24394785847299816	131,16,38,46
0.7748917748917749	0.7703745529832486	0.7748917748917749	0.7703628572898522	0.24394785847299816	129,20,32,50
0.7532467532467533	0.7493617493617493	0.7532467532467533	0.7505774793234332	0.24022346368715086	124,25,32,50
0.7835497835497836	0.7821755910927887	0.7835497835497836	0.7828005328005329	0.26256983240223464	131,24,26,50
0.7965367965367965	0.7929606625258798	0.7965367965367965	0.7939531368102796	0.26070763500931093	134,20,27,50
0.7792207792207793	0.7758731951278536	0.7792207792207793	0.777155401978637	0.24953445065176905	133,23,28,47
0.7705627705627706	0.768636767872761	0.7705627705627706	0.7694634390862195	0.25325884543761634	127,25,28,51
0.7575757575757576	0.7576509511993382	0.7575757575757576	0.7466666666666666	0.22532588454376168	128,15,41,47
