accuracy	precision	recall	f1	oob	confMatrxVars
0.7619047619047619	0.767240638586723	0.7619047619047619	0.752935337091112	0.24208566108007445	122,14,41,54
0.7575757575757576	0.7519640852974186	0.7575757575757576	0.7532460080230781	0.23463687150837986	129,23,33,46
0.7489177489177489	0.7404051696855667	0.7489177489177489	0.7424617365072075	0.23277467411545627	134,23,35,39
0.7878787878787878	0.7836700336700336	0.7878787878787878	0.7796201541440645	0.25325884543761634	137,15,34,45
0.7792207792207793	0.7769460353311285	0.7792207792207793	0.7779430600747215	0.25884543761638734	134,24,27,46
0.7489177489177489	0.7478435542951672	0.7489177489177489	0.7376190476190475	0.23463687150837986	127,16,42,46
0.8181818181818182	0.8172430500878203	0.8181818181818182	0.8176475015051173	0.24953445065176905	130,20,22,59
0.6926406926406926	0.6865268065268064	0.6926406926406926	0.6885065865077074	0.22905027932960897	116,31,40,44
0.7835497835497836	0.7889963689430711	0.7835497835497836	0.7857271477814772	0.23649906890130357	130,28,22,51
0.7705627705627706	0.7698837110601816	0.7705627705627706	0.7702082053549111	0.23649906890130357	126,26,27,52
0.7445887445887446	0.7386047687252506	0.7445887445887446	0.7360562331508147	0.22905027932960897	127,20,39,45
0.7186147186147186	0.7135610286713852	0.7186147186147186	0.7149566693117176	0.23649906890130357	118,28,37,48
0.7575757575757576	0.7521042238916285	0.7575757575757576	0.7508624708624709	0.22905027932960897	128,20,36,47
0.7316017316017316	0.7377514090166828	0.7316017316017316	0.7163021189336978	0.22905027932960897	124,14,48,45
0.7359307359307359	0.7304378011925181	0.7359307359307359	0.7320096617640878	0.23091247672253257	124,26,35,46
0.7489177489177489	0.7506107039751277	0.7489177489177489	0.7497067202949556	0.23091247672253257	124,30,28,49
0.7272727272727273	0.7189049586776859	0.7272727272727273	0.7117268133326526	0.21973929236499068	131,18,45,37
0.7705627705627706	0.7670973470973471	0.7705627705627706	0.7680808141077536	0.24953445065176905	126,23,30,52
0.7402597402597403	0.7360416559261742	0.7402597402597403	0.7320979673920851	0.24581005586592175	123,20,40,48
0.7272727272727273	0.72048794877579	0.7272727272727273	0.7158936301793445	0.23277467411545627	126,20,43,42
0.7489177489177489	0.7437583380979608	0.7489177489177489	0.744183920654509	0.22532588454376168	124,23,35,49
0.7532467532467533	0.7476566911349519	0.7532467532467533	0.7486228556052453	0.23091247672253257	127,23,34,47
0.7619047619047619	0.7575247079964061	0.7619047619047619	0.757121476553449	0.24581005586592175	125,21,34,51
0.7705627705627706	0.7646464646464646	0.7705627705627706	0.7656940760389035	0.24022346368715086	133,21,32,45
0.7272727272727273	0.7171139857383453	0.7272727272727273	0.7155367740707518	0.23836126629422716	130,21,42,38
