accuracy	precision	recall	f1	oob	confMatrxVars
0.7229437229437229	0.7176268176268176	0.7229437229437229	0.7188727387402885	0.22532588454376168	119,27,37,48
0.7792207792207793	0.7734356773466055	0.7792207792207793	0.7750258500623465	0.23277467411545627	137,21,30,43
0.7619047619047619	0.756374950350854	0.7619047619047619	0.7583861394080373	0.23463687150837986	135,24,31,41
0.7532467532467533	0.7451351926761763	0.7532467532467533	0.7446510324208166	0.22905027932960897	133,20,37,41
0.7575757575757576	0.7527955612462655	0.7575757575757576	0.7542191142191143	0.23836126629422716	128,24,32,47
0.7835497835497836	0.7830420511762988	0.7835497835497836	0.7767483061600708	0.25325884543761634	128,15,35,53
0.7835497835497836	0.7791859241134604	0.7835497835497836	0.779054279054279	0.24208566108007445	131,19,31,50
0.7575757575757576	0.7507562743294752	0.7575757575757576	0.749029022620572	0.22905027932960897	132,19,37,43
0.7575757575757576	0.7519277228050435	0.7575757575757576	0.7537772087067863	0.24394785847299816	132,24,32,43
0.7662337662337663	0.7627857492318325	0.7662337662337663	0.7549084455916754	0.23277467411545627	134,15,39,43
0.7402597402597403	0.7310454622240197	0.7402597402597403	0.729454656990889	0.23091247672253257	132,20,40,39
0.7575757575757576	0.752907597097738	0.7575757575757576	0.7522433993022227	0.23649906890130357	125,21,35,50
0.7445887445887446	0.7428115743905218	0.7445887445887446	0.7320788055481934	0.23836126629422716	128,16,43,44
0.7186147186147186	0.7110537190082644	0.7186147186147186	0.7018934247479583	0.2067039106145251	129,18,47,37
0.7792207792207793	0.7744982290436836	0.7792207792207793	0.7732131813764467	0.24767225325884545	132,18,33,48
0.7316017316017316	0.7309195854650399	0.7316017316017316	0.7209958873016834	0.21601489757914338	121,18,44,48
0.7835497835497836	0.7818246011017096	0.7835497835497836	0.776057276057276	0.25698324022346364	131,15,35,50
0.8008658008658008	0.8117875333495028	0.8008658008658008	0.8047660965794768	0.27188081936685293	137,28,18,48
0.7748917748917749	0.7695291529428463	0.7748917748917749	0.7716377310314435	0.24022346368715086	141,23,29,38
0.7532467532467533	0.7489088381678202	0.7532467532467533	0.7441357664570992	0.22346368715083798	128,18,39,46
0.7619047619047619	0.7632685861229737	0.7619047619047619	0.7506016579927851	0.24953445065176905	129,14,41,47
0.8225108225108225	0.8428634281628836	0.8225108225108225	0.8118856200488854	0.26070763500931093	137,4,37,53
0.7748917748917749	0.7700989486703772	0.7748917748917749	0.7671934983255739	0.23463687150837986	133,17,35,46
0.7705627705627706	0.7665038593678902	0.7705627705627706	0.7612679901081154	0.23836126629422716	133,16,37,45
0.7662337662337663	0.7615831351746843	0.7662337662337663	0.7616798785629955	0.22532588454376168	127,21,33,50
