accuracy	precision	recall	f1	confMatrxVars
0.7316017316017316	0.7288985524279642	0.7316017316017316	0.7300242252229007	120,2933,49
0.6666666666666666	0.6614756828780812	0.6666666666666666	0.6603484320557491	105,3047,49
0.7272727272727273	0.7162768031189084	0.7272727272727273	0.717484559236384	131,2340,37
0.6926406926406926	0.6932977188296336	0.6926406926406926	0.6929562005464645	106,3635,54
0.6320346320346321	0.6311705753285125	0.6320346320346321	0.6315909528063626	103,4243,43
0.6406926406926406	0.6348014674254648	0.6406926406926406	0.6356924669145901	101,3548,47
0.6363636363636364	0.63081317900595	0.6363636363636364	0.6323903369357915	101,3747,46
0.6536796536796536	0.6536796536796536	0.6536796536796536	0.6536796536796536	110,4040,41
0.6753246753246753	0.6889329027859855	0.6753246753246753	0.680030770623105	106,4431,50
0.670995670995671	0.6675623227347366	0.670995670995671	0.6684648684648684	102,3442,53
0.645021645021645	0.6364302364302364	0.645021645021645	0.6389738656405323	109,3547,40
0.6666666666666666	0.6626415722851433	0.6666666666666666	0.6643412602334982	111,3641,43
0.7012987012987013	0.6895474252794352	0.7012987012987013	0.6903504019491481	125,2544,37
0.6493506493506493	0.6502202689051125	0.6493506493506493	0.6497734495564123	105,4140,45
0.7272727272727273	0.7389266225473122	0.7272727272727273	0.7314584588524305	118,3726,50
0.6190476190476191	0.6241879533270261	0.6190476190476191	0.6214417390887979	109,4642,34
0.670995670995671	0.6605484334952932	0.670995670995671	0.6624501040085455	116,3046,39
0.670995670995671	0.6554133030285967	0.670995670995671	0.6555301506005731	122,2650,33
0.670995670995671	0.6813795476047131	0.670995670995671	0.6754084625052368	117,4234,38
0.6666666666666666	0.6564625850340136	0.6666666666666666	0.6518180087569009	116,2552,38
0.6883116883116883	0.686003811745592	0.6883116883116883	0.6869494142221414	107,3438,52
0.6926406926406926	0.7065911358998628	0.6926406926406926	0.6974585270841375	110,4229,50
0.645021645021645	0.6509119408312319	0.645021645021645	0.6475409380782277	104,4438,45
0.683982683982684	0.6784193584193584	0.683982683982684	0.6805641401861512	116,3340,42
0.6883116883116883	0.694358341094844	0.6883116883116883	0.6908755019738815	113,3933,46
0.6623376623376623	0.6570722995171213	0.6623376623376623	0.6592585462505517	113,3642,40
0.7402597402597403	0.7360020219301657	0.7402597402597403	0.7378984651711926	135,2832,36
0.6147186147186147	0.6139163866436594	0.6147186147186147	0.6143061814783491	98,4445,44
0.6190476190476191	0.6016538351867693	0.6190476190476191	0.6074673055805132	115,3652,28
0.645021645021645	0.6395916840361284	0.645021645021645	0.6415319303312856	105,3745,44
0.6493506493506493	0.655994005994006	0.6493506493506493	0.6520874247703515	103,4437,47
0.6926406926406926	0.6809941264136057	0.6926406926406926	0.6794141787723861	123,2447,37
0.7056277056277056	0.6946505875077305	0.7056277056277056	0.6955607285795964	125,2543,38
0.645021645021645	0.657088122605364	0.645021645021645	0.6498881431767337	108,4636,41
0.7229437229437229	0.72772086592097	0.7229437229437229	0.7251143222974209	128,3430,39
0.6536796536796536	0.6536796536796536	0.6536796536796536	0.6536796536796536	112,4040,39
0.670995670995671	0.6854878146544813	0.670995670995671	0.6758247818542169	104,4531,51
0.670995670995671	0.6828327503250103	0.670995670995671	0.6751349088744247	104,4432,51
0.6190476190476191	0.6350950906678461	0.6190476190476191	0.6248751248751249	99,5137,44
0.6277056277056277	0.6357601559588315	0.6277056277056277	0.6313318715916117	111,4640,34
0.6493506493506493	0.6436907319260261	0.6493506493506493	0.6459259598763467	109,3744,41
0.683982683982684	0.686675317698686	0.683982683982684	0.6852142951605046	111,3835,47
0.7229437229437229	0.7332375478927202	0.7229437229437229	0.7267419654062313	117,3727,50
0.6666666666666666	0.687860370889824	0.6666666666666666	0.673761873026772	108,4730,46
0.7229437229437229	0.7211965811965811	0.7229437229437229	0.7220147142048672	123,3133,44
0.7316017316017316	0.7331847572811429	0.7316017316017316	0.7323376410788425	118,3230,51
0.6103896103896104	0.6256926640062508	0.6103896103896104	0.6158699456571798	96,5238,45
0.7012987012987013	0.7066919724164639	0.7012987012987013	0.7033542144530918	106,3831,56
0.6883116883116883	0.7001470342051178	0.6883116883116883	0.6923985105803288	107,4230,52
0.6883116883116883	0.6802178527697276	0.6883116883116883	0.683427839765868	124,3240,35
