accuracy	precision	recall	f1	oob	confMatrxVars
0.7835497835497836	0.7813257483885666	0.7835497835497836	0.7821894880718411	0.33891992551210426	128,23,27,53
0.6883116883116883	0.733984502892066	0.6883116883116883	0.6945074727252943	0.33705772811918067	94,54,18,65
0.6233766233766234	0.6779851140719395	0.6233766233766234	0.6369079131382465	0.35754189944134074	98,61,26,46
0.7186147186147186	0.7038567493112948	0.7186147186147186	0.7079938854419567	0.34078212290502796	136,25,40,30
0.696969696969697	0.6876305458044901	0.696969696969697	0.6896270396270395	0.35567970204841715	121,28,42,40
0.7316017316017316	0.7277298818894744	0.7316017316017316	0.7291542290709513	0.2942271880819367	121,28,34,48
0.70995670995671	0.7165039305753785	0.70995670995671	0.6746481807997023	0.3165735567970205	136,10,57,28
0.7402597402597403	0.738198732051191	0.7402597402597403	0.7195936593526956	0.3091247672253259	136,13,47,35
0.6363636363636364	0.6338572126676861	0.6363636363636364	0.6350647114978326	0.34450651769087526	115,41,43,32
0.7012987012987013	0.775550195960205	0.7012987012987013	0.7093269285755134	0.37243947858473003	96,58,11,66
0.670995670995671	0.6441136099672685	0.670995670995671	0.6371813371813371	0.34264432029795155	133,19,57,22
0.696969696969697	0.680926916221034	0.696969696969697	0.6691191356203763	0.34636871508379885	134,17,53,27
0.7575757575757576	0.7610423607805806	0.7575757575757576	0.7319310567241193	0.33705772811918067	144,9,47,31
0.696969696969697	0.7020416935310552	0.696969696969697	0.6990377917102055	0.35009310986964615	109,38,32,52
0.7056277056277056	0.7146844117391102	0.7056277056277056	0.7088441861169134	0.32774674115456237	109,39,29,54
0.6363636363636364	0.62880692292457	0.6363636363636364	0.6294816650871182	0.3202979515828678	103,34,50,44
0.7445887445887446	0.73890883177855	0.7445887445887446	0.7399534492624155	0.3165735567970205	125,24,35,47
0.7272727272727273	0.7308507818711901	0.7272727272727273	0.6915970885398276	0.34450651769087526	142,9,54,26
0.7186147186147186	0.7238056244113086	0.7186147186147186	0.7205510715862459	0.3240223463687151	108,36,29,58
0.7792207792207793	0.7914264879505521	0.7792207792207793	0.7586653820956492	0.3202979515828678	143,7,44,37
0.6233766233766234	0.6176571772598263	0.6233766233766234	0.6199517320191226	0.34450651769087526	104,40,47,40
0.7662337662337663	0.7804347328156852	0.7662337662337663	0.742361856505777	0.3202979515828678	142,7,47,35
0.7272727272727273	0.7146886016451234	0.7272727272727273	0.7053744873731923	0.33891992551210426	138,16,47,30
0.6753246753246753	0.6505001320834196	0.6753246753246753	0.598069362159424	0.35567970204841715	146,7,68,10
0.7445887445887446	0.7606280863190411	0.7445887445887446	0.7076153742820408	0.3128491620111732	146,6,53,26
