accuracy	precision	recall	f1	confMatrxVars
0.7272727272727273	0.7185104052573932	0.7272727272727273	0.7204331718438303	128,2538,40
0.8051948051948052	0.8064838775682149	0.8051948051948052	0.7982257728643026	133,1233,53
0.7575757575757576	0.7551990493166965	0.7575757575757576	0.7561509131045555	123,2630,52
0.7792207792207793	0.7813227912470063	0.7792207792207793	0.771631880169149	126,1437,54
0.7532467532467533	0.7540640187699011	0.7532467532467533	0.7536408532100453	125,2928,49
0.7445887445887446	0.7357036406216734	0.7445887445887446	0.7356914195233014	132,2138,40
0.7316017316017316	0.7258841787143674	0.7316017316017316	0.7258908923632442	121,2438,48
0.7489177489177489	0.7444575626393808	0.7489177489177489	0.740498607221867	126,1939,47
0.7748917748917749	0.7716949716949717	0.7748917748917749	0.7710565977232644	124,2032,55
0.7965367965367965	0.793763102725367	0.7965367965367965	0.7947480898571234	133,2126,51
0.7142857142857143	0.7094974742033566	0.7142857142857143	0.7105061171326231	115,2838,50
0.7532467532467533	0.7555226449963292	0.7532467532467533	0.740664914346755	128,1443,46
0.7619047619047619	0.7626948215183509	0.7619047619047619	0.7622850337991665	126,2827,50
0.7619047619047619	0.7661661385865821	0.7619047619047619	0.7501422152728555	128,1342,48
0.7748917748917749	0.7758055317935557	0.7748917748917749	0.7658339396879295	129,1438,50
0.7186147186147186	0.7097416368561578	0.7186147186147186	0.7089161783039334	125,2342,41
0.8225108225108225	0.8202947845804989	0.8225108225108225	0.8212464956651003	146,1922,44
0.7619047619047619	0.7679751352595832	0.7619047619047619	0.7642301683379303	122,3124,54
0.7402597402597403	0.743558029272315	0.7402597402597403	0.741684081183181	119,3228,52
0.7705627705627706	0.7644343608199029	0.7705627705627706	0.764808858852746	133,2033,45
0.7012987012987013	0.6965415759390309	0.7012987012987013	0.6884178551300543	119,2148,43
0.7792207792207793	0.7808630575379955	0.7792207792207793	0.7695160940438295	131,1338,49
0.7835497835497836	0.7793982415100428	0.7835497835497836	0.7804571052978697	132,2129,49
0.7316017316017316	0.7243053027545202	0.7316017316017316	0.7265024458420685	128,2636,41
0.7575757575757576	0.7519640852974186	0.7575757575757576	0.7532460080230781	129,2333,46
0.7619047619047619	0.7587692823608316	0.7619047619047619	0.7558556394723032	124,1936,52
0.8008658008658008	0.7992391446936902	0.8008658008658008	0.7999868412136341	141,2224,44
0.7705627705627706	0.7710998678740615	0.7705627705627706	0.7604775094965287	130,1439,48
0.7965367965367965	0.795959980503618	0.7965367965367965	0.7962327230027586	128,2324,56
0.7878787878787878	0.783199932597523	0.7878787878787878	0.7847440151089787	138,2128,44
0.7835497835497836	0.7795299938157082	0.7835497835497836	0.776147594543821	134,1634,47
0.7316017316017316	0.7503372347816791	0.7316017316017316	0.7383128434083848	126,3824,43
0.7792207792207793	0.7734614782807554	0.7792207792207793	0.7743916453401439	135,2031,45
0.7835497835497836	0.7800849102681311	0.7835497835497836	0.7750708798244009	135,1535,46
0.7316017316017316	0.7259970303448564	0.7316017316017316	0.7240112828348122	122,2240,47
0.7748917748917749	0.7766233766233767	0.7748917748917749	0.7621682665160926	135,1240,44
0.7662337662337663	0.7618639222412807	0.7662337662337663	0.7618264088852323	126,2133,51
0.7445887445887446	0.7475778190063905	0.7445887445887446	0.7327588316555428	124,1544,48
0.7316017316017316	0.7258841787143674	0.7316017316017316	0.7258908923632442	121,2438,48
0.7792207792207793	0.7729404590446772	0.7792207792207793	0.7747705821613997	139,2130,41
0.7575757575757576	0.7575757575757576	0.7575757575757576	0.7575757575757576	122,2828,53
0.7835497835497836	0.7764604673115735	0.7835497835497836	0.7756788665879575	140,1733,41
0.7705627705627706	0.773073593073593	0.7705627705627706	0.7573321488612799	134,1241,44
0.7402597402597403	0.7373617703415196	0.7402597402597403	0.7281982950772761	127,1743,44
0.7792207792207793	0.7784506112926436	0.7792207792207793	0.7788202726978238	132,2526,48
0.7662337662337663	0.7621255109177815	0.7662337662337663	0.7601619160060719	127,1935,50
0.7835497835497836	0.7797575478734898	0.7835497835497836	0.7810823872144625	134,2228,47
0.7575757575757576	0.7539293781331998	0.7575757575757576	0.7552144824872098	126,2531,49
0.7662337662337663	0.7619550555219015	0.7662337662337663	0.7625609684433213	126,2232,51
0.7619047619047619	0.7576413485504394	0.7619047619047619	0.7593914601213871	135,2530,41
