accuracy	precision	recall	f1	confMatrxVars
0.7662337662337663	0.7659791189202954	0.7662337662337663	0.7502951593860685	138,1242,39
0.7402597402597403	0.7394668083665328	0.7402597402597403	0.7229716070295779	132,1446,39
0.7489177489177489	0.7653249528249527	0.7489177489177489	0.7198871202728484	141,751,32
0.7575757575757576	0.7563060775351278	0.7575757575757576	0.7415251900144509	136,1343,39
0.6926406926406926	0.6797516150715274	0.6926406926406926	0.6773613474746901	125,2348,35
0.7619047619047619	0.7504348537868091	0.7619047619047619	0.7501875777291275	142,1837,34
0.7878787878787878	0.7797941752744012	0.7878787878787878	0.7788047837424694	144,1633,38
0.7748917748917749	0.7656645030946707	0.7748917748917749	0.7633978924301505	143,1636,36
0.8008658008658008	0.7979961030808488	0.8008658008658008	0.7906138038668158	143,1234,42
0.7316017316017316	0.7194544555155112	0.7316017316017316	0.7165276490577696	135,1943,34
0.7489177489177489	0.7370326643053916	0.7489177489177489	0.7389541675255962	139,2137,34
0.7316017316017316	0.7220576694260904	0.7316017316017316	0.7207657766663977	130,2141,39
0.7359307359307359	0.7590194999694357	0.7359307359307359	0.7064606134373574	136,754,34
0.7575757575757576	0.7607467942329413	0.7575757575757576	0.7441766371886019	130,1343,45
0.7272727272727273	0.7358926919518964	0.7272727272727273	0.7029561671763507	132,1152,36
0.7922077922077922	0.7914509172603529	0.7922077922077922	0.7769189344888477	146,1038,37
0.7619047619047619	0.7528024392431173	0.7619047619047619	0.7500324244510292	139,1738,37
0.7705627705627706	0.7630492113250734	0.7705627705627706	0.7607994842037396	138,1736,40
0.7445887445887446	0.7248333676905107	0.7445887445887446	0.7243427709160484	147,1742,25
0.7575757575757576	0.7651600100579693	0.7575757575757576	0.7383150765021897	136,1046,39
0.7792207792207793	0.7691400777992956	0.7792207792207793	0.7692147894760532	145,1734,35
0.7489177489177489	0.7577945733683439	0.7489177489177489	0.7278609329027969	135,1048,38
0.7575757575757576	0.7456532538499752	0.7575757575757576	0.741839447102605	143,1640,32
0.7575757575757576	0.781342708856521	0.7575757575757576	0.7376333760136579	132,749,43
0.7835497835497836	0.7796622146844746	0.7835497835497836	0.7713932653691691	141,1337,40
0.7359307359307359	0.7464137170019524	0.7359307359307359	0.7154521093674007	130,1150,40
0.7965367965367965	0.789275875639512	0.7965367965367965	0.7915121521707014	148,1928,36
0.7532467532467533	0.7436393152302243	0.7532467532467533	0.741296341167193	137,1839,37
0.7445887445887446	0.7518275095070676	0.7445887445887446	0.7246376980683551	133,1148,39
0.7575757575757576	0.7501089324618737	0.7575757575757576	0.7423902195608784	139,1541,36
0.7575757575757576	0.7498886827458257	0.7575757575757576	0.7458053413641328	136,1739,39
0.7186147186147186	0.7597171099844897	0.7186147186147186	0.6889598768699982	128,659,38
0.7619047619047619	0.7623871770930594	0.7619047619047619	0.7453740734815762	137,1243,39
0.7489177489177489	0.748327430145612	0.7489177489177489	0.7337124573149416	132,1444,41
0.7662337662337663	0.775424909445528	0.7662337662337663	0.7386569872958257	147,747,30
0.7619047619047619	0.783359497645212	0.7619047619047619	0.7419013042551365	134,748,42
0.7316017316017316	0.7143284447632274	0.7316017316017316	0.7121753886633667	141,1844,28
0.7662337662337663	0.7634557955413571	0.7662337662337663	0.7460013670539987	144,1143,33
0.7489177489177489	0.74449184612524	0.7489177489177489	0.7357398295286495	132,1642,41
0.7489177489177489	0.76857005428434	0.7489177489177489	0.7223013388806802	138,751,35
0.7748917748917749	0.7897380397380398	0.7748917748917749	0.7498255259390457	146,646,33
0.70995670995671	0.7193657890379201	0.70995670995671	0.6844001860149933	128,1255,36
0.7359307359307359	0.7312603764216667	0.7359307359307359	0.7126738345729445	138,1348,32
0.7748917748917749	0.7661627989496842	0.7748917748917749	0.7602794865952761	145,1438,34
0.7272727272727273	0.7181084221900549	0.7272727272727273	0.70719768394187	135,1647,33
0.8225108225108225	0.8174507057188621	0.8225108225108225	0.8144667915395721	150,1229,40
0.7229437229437229	0.7218048010924839	0.7229437229437229	0.7039283697668791	129,1549,38
0.7662337662337663	0.7593739726488381	0.7662337662337663	0.7562158159415467	136,1737,41
0.7359307359307359	0.7568077084206116	0.7359307359307359	0.7100890954101963	133,853,37
0.7359307359307359	0.7385837971552257	0.7359307359307359	0.7196264049957077	128,1447,42
