accuracy	precision	recall	f1	confMatrxVars
0.7792207792207793	0.7756322624743678	0.7792207792207793	0.7700015236304757	135,1536,45
0.8051948051948052	0.7995000126579074	0.8051948051948052	0.8002529054626563	143,1728,43
0.7792207792207793	0.7730482916587135	0.7792207792207793	0.7724346838318819	136,1833,44
0.7575757575757576	0.7497607655502393	0.7575757575757576	0.7484994876299222	134,1937,41
0.7705627705627706	0.7662541860655069	0.7705627705627706	0.7671559356310927	128,2231,50
0.7965367965367965	0.793032364460936	0.7965367965367965	0.7898642632184952	136,1532,48
0.7489177489177489	0.7434836290470093	0.7489177489177489	0.744708178069808	126,2434,47
0.7662337662337663	0.7613736827424487	0.7662337662337663	0.7597602397602399	129,1935,48
0.7359307359307359	0.7350030921459493	0.7359307359307359	0.7241675134307916	124,1744,46
0.7186147186147186	0.7070862688509748	0.7186147186147186	0.6997955650892621	133,1847,33
0.7748917748917749	0.7714560571703429	0.7748917748917749	0.7665970813187737	132,1636,47
0.7445887445887446	0.7562377016922471	0.7445887445887446	0.7274454947924335	128,1148,44
0.7965367965367965	0.7976145098786609	0.7965367965367965	0.7911430616151873	126,1433,58
0.7748917748917749	0.7682951968666255	0.7748917748917749	0.7692731315919721	136,2032,43
0.7705627705627706	0.765990734411787	0.7705627705627706	0.7609819755375532	134,1637,44
0.7748917748917749	0.7685185185185185	0.7748917748917749	0.7685300207039337	135,1933,44
0.7748917748917749	0.7687628161312372	0.7748917748917749	0.7664638099420708	136,1735,43
0.7619047619047619	0.7555949101403647	0.7619047619047619	0.7561136061081671	131,2134,45
0.7359307359307359	0.7327417027417027	0.7359307359307359	0.7300988601709194	117,2239,53
0.8051948051948052	0.8022611669954665	0.8051948051948052	0.8033158064506027	137,2025,49
0.7705627705627706	0.7666828885684775	0.7705627705627706	0.7597493715051682	135,1538,43
0.7272727272727273	0.7283210113971342	0.7272727272727273	0.7277829969443154	127,3231,41
0.7489177489177489	0.7394546973494343	0.7489177489177489	0.7411599745964507	135,2236,38
0.7272727272727273	0.7158598201168166	0.7272727272727273	0.7190961295340808	134,2538,34
0.7662337662337663	0.7681903783598698	0.7662337662337663	0.7516469038208168	135,1242,42
0.7705627705627706	0.7673225764134854	0.7705627705627706	0.7631365107142879	129,1736,49
0.7835497835497836	0.780884468310562	0.7835497835497836	0.7739372428813421	136,1436,45
0.7402597402597403	0.7344864642399853	0.7402597402597403	0.7359050117963531	125,2535,46
0.7922077922077922	0.7921249970430299	0.7922077922077922	0.7773541594881546	145,1038,38
0.8008658008658008	0.7965630329266693	0.8008658008658008	0.7976499690785406	138,1927,47
0.7705627705627706	0.7663506194579641	0.7705627705627706	0.7577163411429929	138,1439,40
0.7532467532467533	0.7506476495061825	0.7532467532467533	0.743578603632691	127,1740,47
0.7922077922077922	0.7891820592949096	0.7922077922077922	0.7864535464535464	132,1632,51
0.7662337662337663	0.7609864882592156	0.7662337662337663	0.7595535812096321	130,1935,47
0.7359307359307359	0.7291263826575075	0.7359307359307359	0.7313459789948819	129,2635,41
0.7532467532467533	0.7527341079972659	0.7532467532467533	0.7411608799363901	129,1542,45
0.7922077922077922	0.7891643709825528	0.7922077922077922	0.7904268232669531	139,2226,44
0.7575757575757576	0.7689807915217751	0.7575757575757576	0.7372450386647694	136,947,39
0.7662337662337663	0.7609771181199753	0.7662337662337663	0.7630460448642268	138,2430,39
0.8138528138528138	0.8106126197035288	0.8138528138528138	0.8093251829572943	137,1528,51
0.7792207792207793	0.7763164546297078	0.7792207792207793	0.7718452184862975	131,1635,49
0.7748917748917749	0.7700957121246976	0.7748917748917749	0.7702164502164502	130,2032,49
0.7056277056277056	0.7041079194990579	0.7056277056277056	0.684871349307969	126,1652,37
0.7489177489177489	0.7431421580489903	0.7489177489177489	0.7438662639002197	126,2335,47
0.7359307359307359	0.7608547914670364	0.7359307359307359	0.7130069512514653	129,853,41
0.7835497835497836	0.7774685631828488	0.7835497835497836	0.7781472419153579	137,1931,44
0.7489177489177489	0.7403225393299834	0.7489177489177489	0.7416063092391595	133,2236,40
0.8008658008658008	0.7997878835155864	0.8008658008658008	0.7948562755863267	132,1432,53
0.8095238095238095	0.8040935672514619	0.8095238095238095	0.8050664195242507	144,1727,43
0.7705627705627706	0.7634503627059459	0.7705627705627706	0.7650743638511223	137,2132,41
