accuracy	precision	recall	f1	oob	confMatrxVars
0.7359307359307359	0.730684811402689	0.7359307359307359	0.7321349310211347	0.24953445065176905	123,26,35,47
0.7792207792207793	0.7761732132897777	0.7792207792207793	0.7730284817663458	0.26815642458100564	129,17,34,51
0.7532467532467533	0.7496637488148523	0.7532467532467533	0.7489264943810399	0.24953445065176905	120,22,35,54
0.7272727272727273	0.7262558078372929	0.7272727272727273	0.7137992647670891	0.24208566108007445	124,17,46,44
0.8051948051948052	0.8010832540953025	0.8051948051948052	0.8023159322429395	0.27560521415270023	140,19,26,46
0.7229437229437229	0.7150451887293993	0.7229437229437229	0.7103106537068801	0.27560521415270023	127,20,44,40
0.7748917748917749	0.7681532693939642	0.7748917748917749	0.768336691042005	0.22160148975791438	136,19,33,43
0.7619047619047619	0.7545047581507968	0.7619047619047619	0.7523542151279378	0.25698324022346364	135,18,37,41
0.7575757575757576	0.7532399466361731	0.7575757575757576	0.7524175801990592	0.24767225325884545	124,21,35,51
0.7402597402597403	0.7333883048168762	0.7402597402597403	0.7306889399832005	0.23649906890130357	128,20,40,43
0.7489177489177489	0.743217445080799	0.7489177489177489	0.7445720945720946	0.27560521415270023	127,24,34,46
0.7575757575757576	0.7590688353497324	0.7575757575757576	0.7582641227085671	0.27001862197392923	122,29,27,53
0.7878787878787878	0.7840579710144927	0.7878787878787878	0.7851851851851852	0.25698324022346364	133,21,28,49
0.7705627705627706	0.7705523341974643	0.7705627705627706	0.760157454035005	0.25698324022346364	131,14,39,47
0.7272727272727273	0.7190737302399832	0.7272727272727273	0.716557064169378	0.25698324022346364	127,21,42,41
0.7705627705627706	0.7713898286949912	0.7705627705627706	0.7586123385496426	0.2774674115456238	133,13,40,45
0.7056277056277056	0.6969915685180933	0.7056277056277056	0.6977311313474301	0.23649906890130357	121,26,42,42
0.70995670995671	0.7033892643394983	0.70995670995671	0.7043216451025157	0.22718808193668527	118,27,40,46
0.7575757575757576	0.7491890944157096	0.7575757575757576	0.7503034677339983	0.24953445065176905	135,21,35,40
0.7835497835497836	0.7782000933198537	0.7835497835497836	0.7798394315897023	0.26815642458100564	138,21,29,43
0.7705627705627706	0.7657034750227324	0.7705627705627706	0.7673691722210314	0.2774674115456238	134,23,30,44
0.7445887445887446	0.7381283320489728	0.7445887445887446	0.7401543075524268	0.2122905027932961	130,25,34,42
0.7489177489177489	0.7428250761584095	0.7489177489177489	0.7437029637029637	0.26443202979515834	127,23,35,46
0.7575757575757576	0.7518727513314306	0.7575757575757576	0.7517016317016317	0.27001862197392923	128,21,35,47
0.7619047619047619	0.7589787722317843	0.7619047619047619	0.7603050178638084	0.25884543761638734	137,26,29,39
