accuracy	precision	recall	f1	oob	confMatrxVars
0.6926406926406926	0.688759251501187	0.6926406926406926	0.6457383341527673	0.2886405959031657	139,10,61,21
0.7229437229437229	0.7338200771036592	0.7229437229437229	0.6796536796536796	0.25325884543761634	144,7,57,23
0.7489177489177489	0.7392356747195457	0.7489177489177489	0.7285448469658995	0.25698324022346364	142,14,44,31
0.7445887445887446	0.7384471175454782	0.7445887445887446	0.72523404045322	0.2886405959031657	138,14,45,34
0.7012987012987013	0.698563205014818	0.7012987012987013	0.6730549955567828	0.24953445065176905	131,14,55,31
0.7445887445887446	0.7335098509011553	0.7445887445887446	0.7248422065804097	0.26815642458100564	141,15,44,31
0.696969696969697	0.7072993364239615	0.696969696969697	0.6593915343915343	0.26629422718808193	133,10,60,28
0.7748917748917749	0.7808672808672809	0.7748917748917749	0.7481601731601731	0.2811918063314711	150,7,45,29
0.7489177489177489	0.7321822165958732	0.7489177489177489	0.7291001855287569	0.2867783985102421	146,16,42,27
0.6926406926406926	0.7219256438006438	0.6926406926406926	0.6547800836714609	0.25325884543761634	129,8,63,31
0.7229437229437229	0.7131018229173836	0.7229437229437229	0.705823117544996	0.24767225325884545	132,18,46,35
0.7705627705627706	0.7621583178726037	0.7705627705627706	0.7650577450630769	0.26256983240223464	144,22,31,34
0.7272727272727273	0.708872759893168	0.7272727272727273	0.71263808655113	0.23277467411545627	141,22,41,27
0.7705627705627706	0.7604397169614561	0.7705627705627706	0.7543631891457979	0.2830540037243948	146,14,39,32
0.7186147186147186	0.7327873202066749	0.7186147186147186	0.6756759397173221	0.25325884543761634	142,7,58,24
0.7619047619047619	0.7531331218889036	0.7619047619047619	0.7447664749717536	0.26443202979515834	143,14,41,33
0.7878787878787878	0.7827040900811392	0.7878787878787878	0.7737411437758013	0.2867783985102421	146,12,37,36
0.7402597402597403	0.734958918632388	0.7402597402597403	0.7077922077922078	0.2811918063314711	146,10,50,25
0.7532467532467533	0.7588383375289665	0.7532467532467533	0.7275912570500681	0.25139664804469275	142,9,48,32
0.696969696969697	0.6832535885167464	0.696969696969697	0.6856243595374031	0.24581005586592175	127,26,44,34
0.7229437229437229	0.7805638805638805	0.7229437229437229	0.6853395600383552	0.24581005586592175	134,3,61,33
0.7229437229437229	0.7110061655516201	0.7229437229437229	0.6855072109309398	0.26629422718808193	145,11,53,22
0.7619047619047619	0.7521821795868983	0.7619047619047619	0.7534245208663815	0.27188081936685293	139,20,35,37
0.7532467532467533	0.7693011676290268	0.7532467532467533	0.7200226302084963	0.27001862197392923	146,6,51,28
0.6753246753246753	0.7207792207792207	0.6753246753246753	0.6267560221048594	0.2905027932960894	129,6,69,27
