accuracy	precision	recall	f1	confMatrxVars
0.7142857142857143	0.7002959375840733	0.7142857142857143	0.6987012987012987	132,2145,33
0.7532467532467533	0.749605143459892	0.7532467532467533	0.7372202265819287	136,1443,38
0.7186147186147186	0.7170413815575105	0.7186147186147186	0.6925572506967855	134,1352,32
0.7489177489177489	0.7568706898315837	0.7489177489177489	0.7306713989943804	132,1147,41
0.7792207792207793	0.7783658995234148	0.7792207792207793	0.7658701880426405	139,1239,41
0.7532467532467533	0.7661169130095684	0.7532467532467533	0.736164868526448	130,1047,44
0.7402597402597403	0.7316017316017316	0.7402597402597403	0.7337766902984294	132,2436,39
0.7445887445887446	0.7383520434367892	0.7445887445887446	0.7295921204178084	134,1643,38
0.7662337662337663	0.7921277695347014	0.7662337662337663	0.7407235621521336	141,549,36
0.7662337662337663	0.759090909090909	0.7662337662337663	0.7545454545454545	138,1638,39
0.7402597402597403	0.7316523632313106	0.7402597402597403	0.7297733322578044	131,2040,40
0.7402597402597403	0.765407577172283	0.7402597402597403	0.7192039796513527	128,852,43
0.7142857142857143	0.7117748116823047	0.7142857142857143	0.6896103896103897	132,1452,33
0.7705627705627706	0.761264521787186	0.7705627705627706	0.7548236363190916	145,1439,33
0.7402597402597403	0.7317996289424862	0.7402597402597403	0.7269024732034476	133,1842,38
0.7792207792207793	0.7777139062055263	0.7792207792207793	0.7654733126931648	140,1239,40
0.7445887445887446	0.7715691668194877	0.7445887445887446	0.7160848556197393	137,653,35
0.7835497835497836	0.7920936602712736	0.7835497835497836	0.765819416362081	142,842,39
0.7705627705627706	0.765237408094551	0.7705627705627706	0.7498872592971078	147,1142,31
0.7489177489177489	0.7473411303245556	0.7489177489177489	0.7306572215663126	136,1345,37
0.7489177489177489	0.74449184612524	0.7489177489177489	0.7357398295286495	132,1642,41
0.7965367965367965	0.7944763815871423	0.7965367965367965	0.7877814028781799	138,1334,46
0.7445887445887446	0.7375390844756967	0.7445887445887446	0.7291439430297213	135,1643,37
0.7619047619047619	0.7717309145880574	0.7619047619047619	0.7378536996495123	142,847,34
0.7489177489177489	0.7585540636388094	0.7489177489177489	0.7317446704239158	130,1147,43
0.8268398268398268	0.8265779391006252	0.8268398268398268	0.8191966994296809	144,1030,47
0.7792207792207793	0.7866975881261594	0.7792207792207793	0.7660176813781829	134,1041,46
0.7792207792207793	0.7749095167127954	0.7792207792207793	0.7637810063883883	144,1239,36
0.7445887445887446	0.735841609371021	0.7445887445887446	0.7282141700746353	137,1643,35
0.7489177489177489	0.740074211502783	0.7489177489177489	0.736726960698566	135,1840,38
0.7619047619047619	0.768316742893014	0.7619047619047619	0.7462810934674128	133,1144,43
0.7272727272727273	0.7157234779739317	0.7272727272727273	0.7148179038087294	132,2142,36
0.7748917748917749	0.7746861999564989	0.7748917748917749	0.7609812830053092	138,1240,41
0.7272727272727273	0.7221614100185528	0.7272727272727273	0.7115457618539742	129,1746,39
0.7229437229437229	0.7205263076230819	0.7229437229437229	0.697578868237551	135,1351,32
0.7316017316017316	0.7474731529980149	0.7316017316017316	0.7095226663008353	129,1052,40
0.8051948051948052	0.8006181580030495	0.8051948051948052	0.7977778100958391	142,1431,44
0.7575757575757576	0.7570439203997544	0.7575757575757576	0.7463184087387909	129,1541,46
0.7619047619047619	0.7493458922030349	0.7619047619047619	0.7481849882810266	144,1738,32
0.7229437229437229	0.7139326791500705	0.7229437229437229	0.6995808424379852	136,1549,31
0.7575757575757576	0.7999272793382419	0.7575757575757576	0.7275132275132276	140,353,35
0.7272727272727273	0.7212904604208952	0.7272727272727273	0.7039391446489812	136,1449,32
0.8051948051948052	0.8039205692266918	0.8051948051948052	0.7925806117042897	147,1035,39
0.7316017316017316	0.7343009931245226	0.7316017316017316	0.711504276721668	131,1349,38
0.7532467532467533	0.7523241723065667	0.7532467532467533	0.7527707402315552	131,2829,43
0.7359307359307359	0.7349791735266595	0.7359307359307359	0.7175333668764325	132,1447,38
0.7532467532467533	0.7570173095930993	0.7532467532467533	0.7365609422316997	133,1245,41
0.7878787878787878	0.7800401978973407	0.7878787878787878	0.780100927004206	143,1732,39
0.7835497835497836	0.7849502627963514	0.7835497835497836	0.770174310582028	139,1139,42
0.7575757575757576	0.7454468363944725	0.7575757575757576	0.7473831857631278	142,2036,33
