accuracy	precision	recall	f1	confMatrxVars
0.7272727272727273	0.752911189964516	0.7272727272727273	0.6628088892239836	154,360,14
0.7359307359307359	0.7865803920849792	0.7359307359307359	0.6649464126137554	158,160,12
0.6406926406926406	0.7103327032904497	0.6406926406926406	0.5579108198982937	133,380,15
0.683982683982684	0.710182783577279	0.683982683982684	0.5988384084371496	148,370,10
0.6926406926406926	0.6631447830554087	0.6926406926406926	0.6246610573911913	149,863,11
0.6883116883116883	0.7	0.6883116883116883	0.5989304812834225	151,369,8
0.6363636363636364	0.7296387296387297	0.6363636363636364	0.5284580612757409	139,183,8
0.7012987012987013	0.7209304457010879	0.7012987012987013	0.6208040235211365	152,366,10
0.670995670995671	0.7132360265103628	0.670995670995671	0.5582812249478916	151,175,4
0.6536796536796536	0.7768157768157768	0.6536796536796536	0.5405456275021493	145,080,6
0.6536796536796536	0.6867765127677022	0.6536796536796536	0.532548928887375	148,179,3
0.6536796536796536	0.6446088794926004	0.6536796536796536	0.5684580612757408	141,674,10
0.6926406926406926	0.664831778080816	0.6926406926406926	0.6199909703952831	150,764,10
0.7229437229437229	0.7373601880644135	0.7229437229437229	0.6595886682843205	153,460,14
0.670995670995671	0.7288460774699307	0.670995670995671	0.5826758275737869	144,274,11
0.6147186147186147	0.37787897528157266	0.6147186147186147	0.46804312756055383	142,089,0
0.7272727272727273	0.7776859504132231	0.7272727272727273	0.6490013785051455	158,162,10
0.70995670995671	0.740508295532219	0.70995670995671	0.6507196997501782	146,463,18
0.670995670995671	0.6760621161783953	0.670995670995671	0.5900358145256105	144,571,11
0.6753246753246753	0.734577922077922	0.6753246753246753	0.5707120465741157	150,174,6
0.7445887445887446	0.7710664532939414	0.7445887445887446	0.6901528113172488	155,356,17
0.658008658008658	0.7380887380887382	0.658008658008658	0.5552886427115596	144,178,8
0.7186147186147186	0.7841352343826231	0.7186147186147186	0.65152095938708	150,164,16
0.7359307359307359	0.745982231276349	0.7359307359307359	0.6911395840189415	149,655,21
0.696969696969697	0.7277389277389277	0.696969696969697	0.6072863718831062	153,268,8
0.7012987012987013	0.7258064516129032	0.7012987012987013	0.6232635289239062	151,366,11
0.7056277056277056	0.7329572388395916	0.7056277056277056	0.6184062850729517	155,266,8
0.670995670995671	0.6849103277674706	0.670995670995671	0.5647733431009037	150,274,5
0.6233766233766234	0.7683599586254454	0.6233766233766234	0.4993637629141089	139,087,5
0.7229437229437229	0.7405176749764634	0.7229437229437229	0.661496690173841	152,460,15
0.6493506493506493	0.7139490139490139	0.6493506493506493	0.5344789980908579	145,180,5
0.6536796536796536	0.7762709267134047	0.6536796536796536	0.5369982466756661	146,080,5
0.7229437229437229	0.7726156196744431	0.7229437229437229	0.6408048947201709	158,163,9
0.670995670995671	0.7324907235621522	0.670995670995671	0.5652128620043059	149,175,6
0.670995670995671	0.7056277056277056	0.670995670995671	0.5712330680072616	148,274,7
0.658008658008658	0.726461038961039	0.658008658008658	0.5488096808851527	146,178,6
0.6320346320346321	0.7064875763505901	0.6320346320346321	0.5318491032776748	136,283,10
0.6493506493506493	0.6552765752765752	0.6493506493506493	0.533858285582839	146,279,4
0.696969696969697	0.7512569642614485	0.696969696969697	0.6015712682379349	154,169,7
0.6926406926406926	0.685035685035685	0.6926406926406926	0.598645825463386	154,368,6
0.6623376623376623	0.7348145128414186	0.6623376623376623	0.5575472705907489	146,177,7
0.7056277056277056	0.7117276662731209	0.7056277056277056	0.6211319544652879	155,365,8
0.683982683982684	0.7034370621327143	0.683982683982684	0.6228604326169105	140,667,18
0.6363636363636364	0.6472620946305156	0.6363636363636364	0.5068060281964025	145,183,2
0.7316017316017316	0.7399551154361489	0.7316017316017316	0.6686286084681806	156,458,13
0.6883116883116883	0.7889464795294392	0.6883116883116883	0.5908049170081257	151,072,8
0.6666666666666666	0.7109144542772861	0.6666666666666666	0.552764341810995	150,176,4
0.6883116883116883	0.7333412401905552	0.6883116883116883	0.6017641582858975	149,270,10
0.6493506493506493	0.7739234449760766	0.6493506493506493	0.523987460815047	147,081,3
0.70995670995671	0.7207740916271722	0.70995670995671	0.647385020948077	149,562,15
