accuracy	precision	recall	f1	confMatrxVars
0.7792207792207793	0.7719804561909825	0.7792207792207793	0.7736199595243435	140,2031,40
0.7619047619047619	0.7648435514677553	0.7619047619047619	0.7632411824732068	131,2926,45
0.7359307359307359	0.7322903182775794	0.7359307359307359	0.7337523613937093	124,2833,46
0.7619047619047619	0.758981278461798	0.7619047619047619	0.7578837482420148	120,2134,56
0.7489177489177489	0.7440563577209539	0.7489177489177489	0.7426059779000957	124,2137,49
0.7619047619047619	0.758385093167702	0.7619047619047619	0.7556496964453527	125,1936,51
0.7445887445887446	0.7392215306390812	0.7445887445887446	0.7335976978531096	129,1841,43
0.7619047619047619	0.7666930019871198	0.7619047619047619	0.763932787186125	128,3025,48
0.7532467532467533	0.7499409681227863	0.7532467532467533	0.7446975259653729	126,1839,48
0.7748917748917749	0.7684498041640898	0.7748917748917749	0.7700683173436692	137,2131,42
0.7359307359307359	0.733953907364312	0.7359307359307359	0.7216026875332868	128,1645,42
0.7835497835497836	0.775951375712189	0.7835497835497836	0.7764584812777583	141,1832,40
0.7489177489177489	0.7529645227438096	0.7489177489177489	0.750711502303859	128,3127,45
0.7575757575757576	0.7639810670370942	0.7575757575757576	0.7602555816531886	130,3125,45
0.7489177489177489	0.7424111242293061	0.7489177489177489	0.7417427353733085	128,2137,45
0.7575757575757576	0.7534576534576535	0.7575757575757576	0.7540136463977524	123,2333,52
0.7835497835497836	0.7794722882751053	0.7835497835497836	0.7799208431636275	130,2030,51
0.7835497835497836	0.7774301794152911	0.7835497835497836	0.7772468183096203	137,1832,44
0.7662337662337663	0.7662337662337663	0.7662337662337663	0.7662337662337663	129,2727,48
0.7402597402597403	0.7390965044026269	0.7402597402597403	0.7396213778163818	116,2931,55
0.7575757575757576	0.7507562743294752	0.7575757575757576	0.749029022620572	132,1937,43
0.7835497835497836	0.779765308067195	0.7835497835497836	0.7806466312408588	130,2129,51
0.7489177489177489	0.7440856989756305	0.7489177489177489	0.7459670904213158	131,2632,42
0.7186147186147186	0.7125220458553791	0.7186147186147186	0.7103526802806326	120,2342,46
0.7835497835497836	0.7799126004440894	0.7835497835497836	0.7775557775557776	131,1733,50
0.7575757575757576	0.7525853028958618	0.7575757575757576	0.7541119579336139	129,2432,46
0.7705627705627706	0.7654042096481648	0.7705627705627706	0.7653184348083247	130,2033,48
0.6796536796536796	0.6724315590512774	0.6796536796536796	0.6752181152181153	119,3341,38
0.7229437229437229	0.7177808133222146	0.7229437229437231	0.7194613665201902	121,2836,46
0.7619047619047619	0.7571633054724842	0.7619047619047619	0.758786447245057	131,2431,45
0.7489177489177489	0.7558483290967368	0.7489177489177489	0.7518684074141821	131,3226,42
0.7186147186147186	0.7193942603581158	0.7186147186147186	0.7064194290048952	119,1847,47
0.8008658008658008	0.7980249692408502	0.8008658008658008	0.7938452685811842	137,1432,48
0.7359307359307359	0.7298777513566247	0.7359307359307359	0.7311383119492771	124,2536,46
0.7445887445887446	0.7402255856391455	0.7445887445887446	0.739054772566256	121,2237,51
0.7316017316017316	0.721833293675145	0.7316017316017316	0.7218493721599313	130,2240,39
0.7965367965367965	0.7913457484335016	0.7965367965367965	0.7900936046921447	139,1631,45
0.7619047619047619	0.7574682046731736	0.7619047619047619	0.7562006834886945	126,2035,50
0.7445887445887446	0.7426344197663318	0.7445887445887446	0.7434819501842469	121,2831,51
0.7705627705627706	0.7655132962275819	0.7705627705627706	0.7590870110747787	137,1538,41
0.7575757575757576	0.756553262688232	0.7575757575757576	0.7494700502695173	124,1739,51
0.7792207792207793	0.7766908416259066	0.7792207792207793	0.7775710185573813	126,2328,54
0.7662337662337663	0.7597415121040965	0.7662337662337663	0.757739775752198	134,1836,43
0.7705627705627706	0.7642812303829253	0.7705627705627706	0.7583927184951146	139,1538,39
0.7489177489177489	0.7423210208066415	0.7489177489177489	0.7426396120663638	128,2236,45
0.7748917748917749	0.7770015981852864	0.7748917748917749	0.7758853814550937	138,2725,41
0.8095238095238095	0.805987484181878	0.8095238095238095	0.8053126574021319	136,1628,51
0.7272727272727273	0.7259843149807939	0.7272727272727273	0.7188246097337005	117,2043,51
0.7316017316017316	0.7296120029039284	0.7316017316017316	0.7305503475397841	129,3032,40
0.7272727272727273	0.7256075900654214	0.7272727272727273	0.7232510711010938	109,2439,59
