accuracy	precision	recall	f1	oob	confMatrxVars
0.7965367965367965	0.7908185032582333	0.7965367965367965	0.7923137185838691	0.26443202979515834	142,19,28,42
0.7575757575757576	0.7512368583797154	0.7575757575757576	0.7492853058890794	0.23649906890130357	131,19,37,44
0.7056277056277056	0.6997075461528728	0.7056277056277056	0.6957850610415567	0.21601489757914338	118,23,45,45
0.7835497835497836	0.7790186195983297	0.7835497835497836	0.7796839357348913	0.24767225325884545	132,20,30,49
0.7662337662337663	0.7621171961383508	0.7662337662337663	0.7631978411199191	0.24767225325884545	127,23,31,50
0.7878787878787878	0.7840228633641807	0.7878787878787878	0.7811318888877902	0.25139664804469275	134,16,33,48
0.7922077922077922	0.7864803073514507	0.7922077922077922	0.7837072018890201	0.2737430167597765	141,15,33,42
0.7619047619047619	0.7587282459893925	0.7619047619047619	0.7599406537156395	0.25139664804469275	127,25,30,49
0.7662337662337663	0.7624183451279261	0.7662337662337663	0.7578835349535986	0.23277467411545627	130,17,37,47
0.7489177489177489	0.7468277730253778	0.7489177489177489	0.7388147788826905	0.21601489757914338	126,17,41,47
0.7792207792207793	0.7828282828282828	0.7792207792207793	0.770691144503403	0.24953445065176905	127,13,38,53
0.7186147186147186	0.7069069061295491	0.7186147186147186	0.7110485002129145	0.23463687150837986	135,27,38,31
0.7705627705627706	0.7668885331535934	0.7705627705627706	0.7628979721524267	0.23836126629422716	130,17,36,48
0.7878787878787878	0.7843556074005182	0.7878787878787878	0.7848296986891081	0.24581005586592175	129,20,29,53
0.7965367965367965	0.7930952380952382	0.7965367965367965	0.7869674185463659	0.26443202979515834	141,13,34,43
0.7316017316017316	0.722645170921033	0.7316017316017316	0.7182034283483559	0.22346368715083798	131,19,43,38
0.7316017316017316	0.7172390184898134	0.7316017316017316	0.7182883254311826	0.24581005586592175	137,21,41,32
0.7792207792207793	0.7770562770562771	0.7792207792207793	0.7708101422387136	0.24394785847299816	132,15,36,48
0.7229437229437229	0.7149564507348939	0.7229437229437229	0.7130471525375984	0.22532588454376168	125,22,42,42
0.7705627705627706	0.7689385037211125	0.7705627705627706	0.7521404417583998	0.2774674115456238	143,11,42,35
0.7619047619047619	0.759558533701222	0.7619047619047619	0.7504219918013021	0.24953445065176905	132,15,40,44
0.8225108225108225	0.8248556998557	0.8225108225108225	0.8157493300350444	0.26256983240223464	137,10,31,53
0.7575757575757576	0.7582457225314367	0.7575757575757576	0.7470082831712713	0.24581005586592175	127,15,41,48
0.7748917748917749	0.7682951968666255	0.7748917748917749	0.7692731315919721	0.25325884543761634	136,20,32,43
0.7878787878787878	0.7823058167885755	0.7878787878787878	0.7788523533204385	0.25325884543761634	140,15,34,42
