accuracy	precision	recall	f1	oob	confMatrxVars
0.7705627705627706	0.7697862474932539	0.7705627705627706	0.7701593601201209	0.26256983240223464	130,26,27,48
0.7792207792207793	0.7748081943318321	0.7792207792207793	0.7762394345466446	0.2774674115456238	134,22,29,46
0.7748917748917749	0.7713930513930515	0.7748917748917749	0.7721547828143431	0.26070763500931093	126,22,30,53
0.7575757575757576	0.754514585584195	0.7575757575757576	0.7530860542908735	0.25884543761638734	120,21,35,55
0.7705627705627706	0.7652054128957774	0.7705627705627706	0.7659844312905537	0.26256983240223464	131,21,32,47
0.7359307359307359	0.7303175111273702	0.7359307359307359	0.7298094686629717	0.24022346368715086	122,23,38,48
0.7272727272727273	0.7219510243277849	0.7272727272727273	0.7239160479291705	0.24394785847299816	125,28,35,43
0.8008658008658008	0.7967463915771159	0.8008658008658008	0.79774556429486	0.25884543761638734	137,19,27,48
0.7445887445887446	0.7472130242825608	0.7445887445887446	0.7457728585848039	0.23836126629422716	123,31,28,49
0.7445887445887446	0.7411656167683168	0.7445887445887446	0.7330054676993452	0.24394785847299816	128,17,42,44
0.7792207792207793	0.7758962594291936	0.7792207792207793	0.7716111552846247	0.26070763500931093	132,16,35,48
0.7662337662337663	0.7671782762691853	0.7662337662337663	0.7574190515366986	0.22905027932960897	126,15,39,51
0.7878787878787878	0.7845316350605062	0.7878787878787878	0.7854290093010824	0.23277467411545627	130,21,28,52
0.7575757575757576	0.7575757575757576	0.7575757575757576	0.7484345719639837	0.25512104283054005	125,16,40,50
0.7402597402597403	0.7329693034238489	0.7402597402597403	0.7257893676154232	0.26443202979515834	133,17,43,38
0.7445887445887446	0.7383202025930282	0.7445887445887446	0.7380621905014486	0.22718808193668527	126,22,37,46
0.7705627705627706	0.7667689803982504	0.7705627705627706	0.7679130100603545	0.24394785847299816	128,23,30,50
0.7316017316017316	0.7262381224645376	0.7316017316017316	0.7280018227386648	0.22905027932960897	124,27,35,45
0.7445887445887446	0.7405408444369483	0.7445887445887446	0.741381495715985	0.24953445065176905	120,25,34,52
0.7705627705627706	0.7698358800226371	0.7705627705627706	0.7701842333481397	0.23091247672253257	128,26,27,50
0.7489177489177489	0.7447657164638296	0.7489177489177489	0.7463103563103562	0.24394785847299816	127,26,32,46
0.7662337662337663	0.7632751051765136	0.7662337662337663	0.764511022183989	0.24581005586592175	131,25,29,46
0.7316017316017316	0.7239381174583215	0.7316017316017316	0.7256678354302769	0.24581005586592175	127,25,37,42
0.7186147186147186	0.7092866972385045	0.7186147186147186	0.7107176879829987	0.22718808193668527	126,25,40,40
0.7359307359307359	0.7280496103061195	0.7359307359307359	0.7252329697470763	0.23277467411545627	129,20,41,41
