accuracy	precision	recall	f1	oob	confMatrxVars
0.8008658008658008	0.7971552257266543	0.8008658008658008	0.7946253277239193	0.24767225325884545	137,15,31,48
0.7705627705627706	0.7656104967717636	0.7705627705627706	0.7645116139230254	0.25139664804469275	130,19,34,48
0.7532467532467533	0.7499156034187882	0.7532467532467533	0.7512112229416628	0.24022346368715086	126,26,31,48
0.7705627705627706	0.7641207998350855	0.7705627705627706	0.7637193455447582	0.25139664804469275	134,19,34,44
0.6883116883116883	0.6840772003168251	0.6883116883116883	0.6768061568061569	0.2122905027932961	114,23,49,45
0.7575757575757576	0.7526170798898071	0.7575757575757576	0.7500233100233101	0.23836126629422716	128,19,37,47
0.7619047619047619	0.7533973823447508	0.7619047619047619	0.754972537727297	0.25698324022346364	137,21,34,39
0.7402597402597403	0.7352478507408085	0.7402597402597403	0.7339436046964362	0.23649906890130357	122,22,38,49
0.7229437229437229	0.7173169248640947	0.7229437229437229	0.7192276879882993	0.2122905027932961	123,28,36,44
0.7922077922077922	0.795489913136972	0.7922077922077922	0.7936013053160762	0.24394785847299816	131,26,22,52
0.7619047619047619	0.7552216994582264	0.7619047619047619	0.7550150998426861	0.24208566108007445	132,20,35,44
0.7792207792207793	0.7735714285714286	0.7792207792207793	0.768836986082227	0.25698324022346364	139,15,36,41
0.7229437229437229	0.7171479465566513	0.7229437229437229	0.7172443450589147	0.23649906890130357	119,25,39,48
0.7532467532467533	0.7478744857626846	0.7532467532467533	0.7493420446226159	0.24022346368715086	128,24,33,46
0.7748917748917749	0.774792618465075	0.7748917748917749	0.7652426187458035	0.24022346368715086	131,14,38,48
0.7532467532467533	0.7456191451228672	0.7532467532467533	0.7449055219983834	0.25698324022346364	132,20,37,42
0.7489177489177489	0.7507168156518806	0.7489177489177489	0.7497596630873372	0.22718808193668527	126,30,28,47
0.7792207792207793	0.7799797604992411	0.7792207792207793	0.7795850320122164	0.25139664804469275	129,26,25,51
0.7402597402597403	0.7357586512866015	0.7402597402597403	0.7331540877510231	0.24581005586592175	122,21,39,49
0.7792207792207793	0.7754884877526387	0.7792207792207793	0.7765880336737006	0.26629422718808193	130,22,29,50
0.7748917748917749	0.7720245122842525	0.7748917748917749	0.7729071700926006	0.24581005586592175	125,23,29,54
0.7532467532467533	0.7479399122004756	0.7532467532467533	0.748768586575554	0.23277467411545627	126,23,34,48
0.7316017316017316	0.7283394023466851	0.7316017316017316	0.7297435897435898	0.23463687150837986	125,29,33,44
0.7402597402597403	0.733747680890538	0.7402597402597403	0.7262131320102334	0.25325884543761634	132,17,43,39
0.8051948051948052	0.8020705709384955	0.8051948051948052	0.8023022094980976	0.26629422718808193	132,18,27,54
