accuracy	precision	recall	f1	oob	confMatrxVars
0.7705627705627706	0.7630859811585078	0.7705627705627706	0.7620806874629503	0.24022346368715086	137,18,35,41
0.7619047619047619	0.751740176945095	0.7619047619047619	0.7460359777075318	0.22532588454376168	143,15,40,33
0.7575757575757576	0.7650136011717932	0.7575757575757576	0.7414319248826291	0.24767225325884545	132,11,45,43
0.7792207792207793	0.7716499409681228	0.7792207792207793	0.7692603506556994	0.24953445065176905	141,16,35,39
0.7965367965367965	0.8029615886758744	0.7965367965367965	0.7775741167045513	0.27001862197392923	149,7,40,35
0.7402597402597403	0.7537494763301216	0.7402597402597403	0.7154663518299881	0.23836126629422716	135,9,51,36
0.7359307359307359	0.7354140483172741	0.7359307359307359	0.7120468828777679	0.24022346368715086	137,12,49,33
0.7792207792207793	0.7827796512879386	0.7792207792207793	0.76343665098537	0.24767225325884545	140,10,41,40
0.7532467532467533	0.7858652974932044	0.7532467532467533	0.7272727272727273	0.26629422718808193	136,5,52,38
0.7619047619047619	0.7540007806401249	0.7619047619047619	0.7452540264972815	0.25698324022346364	142,14,41,34
0.7619047619047619	0.7540476190476191	0.7619047619047619	0.7507065536180878	0.24767225325884545	137,17,38,39
0.8051948051948052	0.8039205692266918	0.8051948051948052	0.7925806117042897	0.25512104283054005	147,10,35,39
0.7489177489177489	0.7497710261451823	0.7489177489177489	0.7367499167499169	0.22346368715083798	127,15,43,46
0.7402597402597403	0.7339412084921068	0.7402597402597403	0.7309817055039984	0.22346368715083798	127,20,40,44
0.7705627705627706	0.7652415611599285	0.7705627705627706	0.7549746554138245	0.25139664804469275	142,13,40,36
0.7662337662337663	0.7593523102207966	0.7662337662337663	0.7586835524723724	0.24953445065176905	134,19,35,43
0.7359307359307359	0.7494444331179025	0.7359307359307359	0.7137450829011514	0.21601489757914338	131,10,51,39
0.7878787878787878	0.7828282828282829	0.7878787878787878	0.7833775419982317	0.26070763500931093	135,19,30,47
0.7532467532467533	0.7477938210857465	0.7532467532467533	0.7479543744535179	0.23836126629422716	126,22,35,48
0.7792207792207793	0.7738035445217766	0.7792207792207793	0.7653319973794751	0.24208566108007445	143,13,38,37
0.7792207792207793	0.7813290989520497	0.7792207792207793	0.7624904417476989	0.24208566108007445	142,10,41,38
0.7229437229437229	0.7223582310875128	0.7229437229437229	0.7015720956536547	0.23649906890130357	131,14,50,36
0.7489177489177489	0.7430707095511564	0.7489177489177489	0.732939787485242	0.22346368715083798	136,15,43,37
0.8008658008658008	0.7989395741477149	0.8008658008658008	0.7868623579149894	0.25325884543761634	148,10,36,37
0.7619047619047619	0.7660130718954248	0.7619047619047619	0.7448182127081209	0.24208566108007445	136,11,44,40
