accuracy	precision	recall	f1	oob	confMatrxVars
0.7835497835497836	0.775951375712189	0.7835497835497836	0.7764584812777583	0.2737430167597765	141,18,32,40
0.7272727272727273	0.7161972106106184	0.7272727272727273	0.7102905627386152	0.21973929236499068	134,18,45,34
0.7792207792207793	0.7750712049926122	0.7792207792207793	0.7767484475211238	0.24394785847299816	139,23,28,41
0.70995670995671	0.7020202020202021	0.70995670995671	0.6891421863898928	0.22718808193668527	130,17,50,34
0.7575757575757576	0.7534192714915606	0.7575757575757576	0.7491841491841492	0.21601489757914338	128,18,38,47
0.7445887445887446	0.7329290820910932	0.7445887445887446	0.7302288028107748	0.22532588454376168	138,18,41,34
0.7619047619047619	0.7564425770308124	0.7619047619047619	0.7466403280356769	0.23836126629422716	139,14,41,37
0.7532467532467533	0.7601173780847102	0.7532467532467533	0.738475130311865	0.24581005586592175	129,12,45,45
0.7272727272727273	0.7184360480406767	0.7272727272727273	0.7162242146568166	0.21601489757914338	128,21,42,40
0.7316017316017316	0.7232475127211969	0.7316017316017316	0.7200365069203098	0.22532588454376168	129,20,42,40
0.7489177489177489	0.7434645260732217	0.7489177489177489	0.728405589447773	0.22905027932960897	140,13,45,33
0.7402597402597403	0.7325581395348838	0.7402597402597403	0.7163742690058478	0.23463687150837986	141,13,47,30
0.7575757575757576	0.7578610968441477	0.7575757575757576	0.7424486409993656	0.23463687150837986	134,13,43,41
0.6753246753246753	0.6599339257233995	0.6753246753246753	0.6617669465154054	0.2029795158286778	123,27,48,33
0.7532467532467533	0.7544780081796657	0.7532467532467533	0.7350096711798839	0.24022346368715086	136,12,45,38
0.7662337662337663	0.7606679035250464	0.7662337662337663	0.7582394021073267	0.22532588454376168	132,18,36,45
0.8181818181818182	0.818357149118962	0.8181818181818182	0.8110595390524967	0.26443202979515834	139,11,31,50
0.7316017316017316	0.7207727492758387	0.7316017316017316	0.7200996405254796	0.22532588454376168	132,21,41,37
0.7662337662337663	0.7605622974475433	0.7662337662337663	0.7495234294241739	0.23277467411545627	142,13,41,35
0.7532467532467533	0.74851419766674	0.7532467532467533	0.7387584892172048	0.21042830540037238	135,15,42,39
0.7532467532467533	0.7441310167955812	0.7532467532467533	0.7441245129318523	0.23649906890130357	135,20,37,39
0.7705627705627706	0.7736625571821103	0.7705627705627706	0.7550954425572162	0.24581005586592175	137,11,42,41
0.7575757575757576	0.7521667087932148	0.7575757575757576	0.7497822083809345	0.2178770949720671	129,19,37,46
0.7402597402597403	0.7366779077276315	0.7402597402597403	0.7213695395513579	0.2141527001862198	135,14,46,36
0.7402597402597403	0.7312563367153938	0.7402597402597403	0.7318706138581915	0.23649906890130357	131,22,38,40
