accuracy	precision	recall	f1	oob	confMatrxVars
0.70995670995671	0.708720239793686	0.70995670995671	0.690373367489355	0.22905027932960897	126,16,51,38
0.7489177489177489	0.7484041382346468	0.7489177489177489	0.7359652658768316	0.24208566108007445	129,15,43,44
0.7575757575757576	0.7524363187013788	0.7575757575757576	0.7544590619292891	0.23091247672253257	135,25,31,40
0.8095238095238095	0.8063715627095909	0.8095238095238095	0.806886446886447	0.26256983240223464	134,18,26,53
0.7835497835497836	0.7803489439853076	0.7835497835497836	0.781694607569743	0.23836126629422716	138,23,27,43
0.7748917748917749	0.7704751234680812	0.7748917748917749	0.7711176768901725	0.23277467411545627	129,21,31,50
0.7662337662337663	0.7614779586610573	0.7662337662337663	0.7623145106167178	0.25884543761638734	128,22,32,49
0.8008658008658008	0.7958152958152958	0.8008658008658008	0.7958954625621292	0.27001862197392923	139,17,29,46
0.8008658008658008	0.8007414316806581	0.8008658008658008	0.7880248058819487	0.24953445065176905	145,10,36,40
0.8051948051948052	0.8027128681177976	0.8051948051948052	0.80115009504523	0.25512104283054005	131,16,29,55
0.7359307359307359	0.7268000816387914	0.7359307359307359	0.7270041551210771	0.22905027932960897	130,22,39,40
0.7705627705627706	0.7687187963761573	0.7705627705627706	0.7651207155074853	0.24208566108007445	123,18,35,55
0.7878787878787878	0.7853994490358127	0.7878787878787878	0.7864949186050102	0.26256983240223464	139,23,26,43
0.7662337662337663	0.7594534956061902	0.7662337662337663	0.7605711059127207	0.24581005586592175	134,21,33,43
0.7619047619047619	0.7550286768649052	0.7619047619047619	0.7538562054370367	0.24581005586592175	133,19,36,43
0.7835497835497836	0.7782638414217362	0.7835497835497836	0.7754459710981451	0.24394785847299816	137,16,34,44
0.7272727272727273	0.72048794877579	0.7272727272727273	0.7158936301793445	0.22346368715083798	126,20,43,42
0.7445887445887446	0.7315719048812117	0.7445887445887446	0.7323775097306255	0.2141527001862198	139,20,39,33
0.7705627705627706	0.7638095238095238	0.7705627705627706	0.7597717698501573	0.24767225325884545	138,16,37,40
0.7359307359307359	0.7298406433885476	0.7359307359307359	0.7261803816470712	0.24767225325884545	126,20,41,44
0.7748917748917749	0.7846387218521961	0.7748917748917749	0.7620262333638129	0.24208566108007445	131,10,42,48
0.7662337662337663	0.7627857492318325	0.7662337662337663	0.7549084455916754	0.23091247672253257	134,15,39,43
0.7445887445887446	0.7400344100344101	0.7445887445887446	0.7405304984389196	0.23649906890130357	121,24,35,51
0.7272727272727273	0.7262558078372929	0.7272727272727273	0.7137992647670891	0.21042830540037238	124,17,46,44
0.7619047619047619	0.7652787362932291	0.7619047619047619	0.763458084559002	0.22905027932960897	136,29,26,40
