accuracy	precision	recall	f1	oob	confMatrxVars
0.7705627705627706	0.7660390372538259	0.7705627705627706	0.7670450685292788	0.24581005586592175	129,22,31,49
0.7186147186147186	0.7103210042969079	0.7186147186147186	0.7092144941492027	0.22346368715083798	124,23,42,42
0.7792207792207793	0.7729677729677729	0.7792207792207793	0.7733394965504017	0.25139664804469275	136,19,32,44
0.8225108225108225	0.8219767245741272	0.8225108225108225	0.82222734709863	0.27188081936685293	133,20,21,57
0.7272727272727273	0.7191210349105086	0.7272727272727273	0.715171975360063	0.23649906890130357	128,20,43,40
0.7489177489177489	0.749860544778875	0.7489177489177489	0.734606850172888	0.23836126629422716	130,14,44,43
0.7619047619047619	0.7563528840637275	0.7619047619047619	0.7545621423172443	0.24581005586592175	130,19,36,46
0.7619047619047619	0.7628911564625851	0.7619047619047619	0.7481748714598188	0.25325884543761634	133,13,42,43
0.8138528138528138	0.80976533506654	0.8138528138528138	0.8104198479501952	0.24208566108007445	140,17,26,48
0.7575757575757576	0.7519152881471722	0.7575757575757576	0.7525407925407925	0.23836126629422716	128,22,34,47
0.7878787878787878	0.7861782551608854	0.7878787878787878	0.7795443832428495	0.22346368715083798	134,14,35,48
0.8008658008658008	0.798267933533634	0.8008658008658008	0.7993056825803305	0.2737430167597765	137,21,25,48
0.7662337662337663	0.761106450388298	0.7662337662337663	0.7626807155109042	0.24767225325884545	132,23,31,45
0.7748917748917749	0.7734557288697417	0.7748917748917749	0.7741125541125542	0.23463687150837986	130,25,27,49
0.8051948051948052	0.804942152917505	0.8051948051948052	0.8002455232046115	0.24767225325884545	129,14,31,57
0.7489177489177489	0.7508639885778583	0.7489177489177489	0.7393254923884062	0.2178770949720671	122,16,42,51
0.7359307359307359	0.728794437885347	0.7359307359307359	0.7280375919868167	0.22905027932960897	126,22,39,44
0.7835497835497836	0.7894529712711531	0.7835497835497836	0.7704417735473637	0.23463687150837986	136,10,40,45
0.7532467532467533	0.7473678584789696	0.7532467532467533	0.7484743315950297	0.23836126629422716	128,23,34,46
0.7662337662337663	0.7671503733209722	0.7662337662337663	0.7534136638009877	0.23836126629422716	133,13,41,44
0.7878787878787878	0.780830907949552	0.7878787878787878	0.778026830770984	0.26070763500931093	143,15,34,39
0.7316017316017316	0.7288985524279642	0.7316017316017316	0.7300242252229007	0.24394785847299816	120,29,33,49
0.7359307359307359	0.7336088533774167	0.7359307359307359	0.7233945661374527	0.23463687150837986	126,17,44,44
0.7748917748917749	0.7765221791195817	0.7748917748917749	0.7756465944920954	0.23836126629422716	129,27,25,50
0.7619047619047619	0.7646033620059596	0.7619047619047619	0.7631215770735797	0.24022346368715086	128,29,26,48
