accuracy	precision	recall	f1	oob	confMatrxVars
0.7489177489177489	0.7404051696855667	0.7489177489177489	0.7424617365072075	0.24022346368715086	134,23,35,39
0.7575757575757576	0.7537767128542228	0.7575757575757576	0.7551371096362606	0.22905027932960897	127,25,31,48
0.7619047619047619	0.7589390529149567	0.7619047619047619	0.7533870557230367	0.24022346368715086	128,17,38,48
0.6883116883116883	0.6833667421902716	0.6883116883116883	0.6824128557889585	0.21601489757914338	109,28,44,50
0.7186147186147186	0.7111510783008368	0.7186147186147186	0.7131724833978409	0.21973929236499068	124,27,38,42
0.7792207792207793	0.7740072995806523	0.7792207792207793	0.7746769492880665	0.25139664804469275	133,20,31,47
0.7748917748917749	0.7684498041640898	0.7748917748917749	0.7700683173436692	0.23836126629422716	137,21,31,42
0.7662337662337663	0.7596479119682713	0.7662337662337663	0.7613714787627831	0.23649906890130357	135,22,32,42
0.7272727272727273	0.7207388884407518	0.7272727272727273	0.7207389647234136	0.23091247672253257	122,24,39,46
0.7445887445887446	0.7405689548546691	0.7445887445887446	0.7408048741382074	0.23649906890130357	119,24,35,53
0.7792207792207793	0.778425540217993	0.7792207792207793	0.7788077037723508	0.25325884543761634	133,25,26,47
0.8095238095238095	0.8058806344623739	0.8095238095238095	0.8066287311570332	0.26256983240223464	137,18,26,50
0.7922077922077922	0.7886865056676378	0.7922077922077922	0.7894207659912243	0.26443202979515834	131,20,28,52
0.7489177489177489	0.7474060076469716	0.7489177489177489	0.7391353235509078	0.24022346368715086	125,17,41,48
0.7835497835497836	0.7881920389575506	0.7835497835497836	0.7853302097040843	0.2774674115456238	124,28,22,57
0.7445887445887446	0.7426344197663318	0.7445887445887446	0.7434819501842469	0.22718808193668527	121,28,31,51
0.7575757575757576	0.7630371483702634	0.7575757575757576	0.7597864050229142	0.24953445065176905	124,31,25,51
0.7532467532467533	0.7483690941041212	0.7532467532467533	0.7406059873262582	0.22905027932960897	133,16,41,41
0.7705627705627706	0.7645054857816833	0.7705627705627706	0.7639236416665883	0.22905027932960897	133,19,34,45
0.7272727272727273	0.7185525318055439	0.7272727272727273	0.7196186821989063	0.22532588454376168	127,24,39,41
0.7705627705627706	0.7645743145743146	0.7705627705627706	0.7616299626456207	0.24953445065176905	135,17,36,43
0.7316017316017316	0.7281449474220559	0.7316017316017316	0.7211446562095913	0.23277467411545627	123,19,43,46
0.7748917748917749	0.7739922415247091	0.7748917748917749	0.7704657952844898	0.25884543761638734	120,18,34,59
0.7662337662337663	0.764011340771904	0.7662337662337663	0.7600509589748	0.25325884543761634	124,18,36,53
0.8008658008658008	0.8019995877138734	0.8008658008658008	0.7930413248884587	0.25139664804469275	134,12,34,51
