accuracy	precision	recall	f1	oob	confMatrxVars
0.7445887445887446	0.7410871107573306	0.7445887445887446	0.7410709532001211	0.23091247672253257	117,24,35,55
0.7965367965367965	0.7958304339438378	0.7965367965367965	0.7961677022901514	0.25698324022346364	134,23,24,50
0.7619047619047619	0.7577363532777546	0.7619047619047619	0.7585932566615452	0.25884543761638734	125,23,32,51
0.7965367965367965	0.7936520638985428	0.7965367965367965	0.7946913253035701	0.25139664804469275	134,21,26,50
0.7835497835497836	0.7821755910927887	0.7835497835497836	0.7828005328005329	0.26815642458100564	131,24,26,50
0.7662337662337663	0.7636807636807637	0.7662337662337663	0.7647158036768427	0.25139664804469275	127,25,29,50
0.7575757575757576	0.7508619125385592	0.7575757575757576	0.7502064671875993	0.23277467411545627	131,20,36,44
0.7532467532467533	0.7479139218269653	0.7532467532467533	0.7471401623314815	0.23649906890130357	126,21,36,48
0.7532467532467533	0.7476566911349519	0.7532467532467533	0.7486228556052453	0.23463687150837986	127,23,34,47
0.7316017316017316	0.7266067266067265	0.7316017316017316	0.7270290203623537	0.24953445065176905	119,25,37,50
0.7619047619047619	0.7584429355574566	0.7619047619047619	0.7531134588621134	0.24767225325884545	129,17,38,47
0.7705627705627706	0.7648817046407408	0.7705627705627706	0.7641236532784449	0.23836126629422716	132,19,34,46
0.7532467532467533	0.7554286970080685	0.7532467532467533	0.7542084222486131	0.25325884543761634	119,30,27,55
0.7705627705627706	0.7654042096481648	0.7705627705627706	0.7653184348083247	0.22346368715083798	130,20,33,48
0.7878787878787878	0.7854619817810001	0.7878787878787878	0.781929325618646	0.24208566108007445	130,16,33,52
0.7359307359307359	0.7275392101694832	0.7359307359307359	0.7262518046217106	0.25512104283054005	129,21,40,41
0.7229437229437229	0.7155816035281931	0.7229437229437229	0.7178392961295683	0.23649906890130357	126,27,37,41
0.7229437229437229	0.7145480781844419	0.7229437229437229	0.7150264666188232	0.23277467411545627	125,24,40,42
0.7229437229437229	0.7124629756208704	0.7229437229437229	0.7117582210749912	0.24394785847299816	129,22,42,38
0.7575757575757576	0.7516977789442604	0.7575757575757576	0.7531093841133722	0.22532588454376168	130,23,33,45
0.7186147186147186	0.7176996750431811	0.7186147186147186	0.7105113316717412	0.23091247672253257	114,21,44,52
0.7922077922077922	0.7879709608327436	0.7922077922077922	0.7890495248985815	0.23091247672253257	135,20,28,48
0.7186147186147186	0.7125220458553791	0.7186147186147186	0.7103526802806326	0.23463687150837986	120,23,42,46
0.7489177489177489	0.743747515131039	0.7489177489177489	0.7371151149320163	0.23649906890130357	131,17,41,42
0.7229437229437229	0.7245192449274082	0.7229437229437229	0.7236767357249285	0.21973929236499068	116,33,31,51
