accuracy	precision	recall	f1	oob	confMatrxVars
0.7229437229437229	0.7175559806614221	0.7229437229437229	0.7082051421674064	0.22905027932960897	127,18,46,40
0.7272727272727273	0.7207388884407518	0.7272727272727273	0.7207389647234136	0.23277467411545627	122,24,39,46
0.8051948051948052	0.8044982620454318	0.8051948051948052	0.8048303268579566	0.26256983240223464	136,22,23,50
0.8311688311688312	0.8256291730868002	0.8311688311688312	0.8268774703557312	0.27001862197392923	153,15,24,39
0.7489177489177489	0.7440856989756305	0.7489177489177489	0.7459670904213158	0.23649906890130357	131,26,32,42
0.7965367965367965	0.7935387593772687	0.7965367965367965	0.794633409666587	0.25884543761638734	135,21,26,49
0.7748917748917749	0.7713498622589532	0.7748917748917749	0.7678787878787878	0.22905027932960897	130,17,35,49
0.7186147186147186	0.7218591444397896	0.7186147186147186	0.6920083291476941	0.22905027932960897	133,12,53,33
0.7532467532467533	0.7462912331333384	0.7532467532467533	0.7490244859148372	0.24581005586592175	139,25,32,35
0.8051948051948052	0.8034945773799277	0.8051948051948052	0.8041992291475905	0.26443202979515834	133,21,24,53
0.7575757575757576	0.7524807938540333	0.7575757575757576	0.7535113443432628	0.25325884543761634	127,23,33,48
0.7662337662337663	0.7631685085101234	0.7662337662337663	0.7644572408723352	0.23277467411545627	132,25,29,45
0.7489177489177489	0.7432498933762016	0.7489177489177489	0.7421824355610434	0.23836126629422716	126,21,37,47
0.7489177489177489	0.739237637936889	0.7489177489177489	0.7418669683729926	0.22160148975791438	137,23,35,36
0.8095238095238095	0.8095238095238095	0.8095238095238095	0.8095238095238095	0.25698324022346364	135,22,22,52
0.7272727272727273	0.7208226632522406	0.7272727272727273	0.721610133063322	0.24208566108007445	122,25,38,46
0.7705627705627706	0.7662575893707969	0.7705627705627706	0.766531888482083	0.23463687150837986	127,21,32,51
0.7575757575757576	0.7543706810787556	0.7575757575757576	0.7557334349787179	0.22905027932960897	131,26,30,44
0.7316017316017316	0.7275143157496098	0.7316017316017316	0.7274935948405336	0.23277467411545627	116,25,37,53
0.7489177489177489	0.7505082571749238	0.7489177489177489	0.7496556148046214	0.26256983240223464	122,30,28,51
0.7662337662337663	0.7592592592592594	0.7662337662337663	0.7596273291925466	0.24022346368715086	134,20,34,43
0.7532467532467533	0.7476315954576823	0.7532467532467533	0.7492181288099654	0.23836126629422716	129,24,33,45
0.7835497835497836	0.7808511834485861	0.7835497835497836	0.7816415097044236	0.2737430167597765	126,22,28,55
0.7705627705627706	0.7680188124632569	0.7705627705627706	0.7685518297227407	0.25325884543761634	120,23,30,58
0.7965367965367965	0.793613956466069	0.7965367965367965	0.7923123214916847	0.24953445065176905	130,17,30,54
