accuracy	precision	recall	f1	oob	confMatrxVars
0.7748917748917749	0.7705168505554233	0.7748917748917749	0.766073715017377	0.22346368715083798	134,16,36,45
0.7619047619047619	0.7548185941043084	0.7619047619047619	0.7548030944332397	0.22718808193668527	133,20,35,43
0.7748917748917749	0.7732290436835891	0.7748917748917749	0.7623507852667001	0.24208566108007445	137,13,39,42
0.7619047619047619	0.7535505430242272	0.7619047619047619	0.7541381486335615	0.24394785847299816	136,20,35,40
0.8095238095238095	0.8061789327298012	0.8095238095238095	0.8033717834960071	0.24953445065176905	139,14,30,48
0.7532467532467533	0.7419569067296341	0.7532467532467533	0.7429926754406718	0.23649906890130357	139,20,37,35
0.7662337662337663	0.7596333307411153	0.7662337662337663	0.759823715017377	0.24394785847299816	133,20,34,44
0.7748917748917749	0.7700612872031132	0.7748917748917749	0.7714703186401298	0.24394785847299816	133,22,30,46
0.7272727272727273	0.719958963497369	0.7272727272727273	0.7193744906314911	0.2178770949720671	124,23,40,44
0.7229437229437229	0.7273414416271559	0.7229437229437229	0.7094693004086741	0.21042830540037238	120,16,48,47
0.7705627705627706	0.7644343608199029	0.7705627705627706	0.764808858852746	0.24581005586592175	133,20,33,45
0.7965367965367965	0.7900588917124851	0.7965367965367965	0.7868092026667695	0.23836126629422716	145,14,33,39
0.7662337662337663	0.7628877146949435	0.7662337662337663	0.7581418581418582	0.23277467411545627	129,17,37,48
0.7489177489177489	0.7362931548870494	0.7489177489177489	0.7312612338928128	0.2122905027932961	142,16,42,31
0.7316017316017316	0.7245179063360881	0.7316017316017316	0.7232400932400932	0.23463687150837986	125,22,40,44
0.8008658008658008	0.7972658920027341	0.8008658008658008	0.7934102934102933	0.24208566108007445	139,14,32,46
0.7316017316017316	0.7226650594914067	0.7316017316017316	0.7242420431680996	0.22905027932960897	129,24,38,40
0.8008658008658008	0.794656609087544	0.8008658008658008	0.7943418027755378	0.24208566108007445	143,16,30,42
0.7532467532467533	0.7487748634807458	0.7532467532467533	0.7367438032321222	0.22346368715083798	137,14,43,37
0.7705627705627706	0.7697862474932539	0.7705627705627706	0.7701593601201209	0.24394785847299816	130,26,27,48
0.7619047619047619	0.7533973823447508	0.7619047619047619	0.754972537727297	0.23836126629422716	137,21,34,39
0.7792207792207793	0.7748406540677072	0.7792207792207793	0.7743313946333473	0.23463687150837986	130,19,32,50
0.7835497835497836	0.7796622146844746	0.7835497835497836	0.7713932653691691	0.25325884543761634	141,13,37,40
0.7575757575757576	0.751425797840068	0.7575757575757576	0.7529699510831586	0.22346368715083798	131,23,33,44
0.7532467532467533	0.7570173095930993	0.7532467532467533	0.7365609422316997	0.24581005586592175	133,12,45,41
