accuracy	precision	recall	f1	oob	confMatrxVars
0.7705627705627706	0.7743750843178445	0.7705627705627706	0.7555469348170077	0.25512104283054005	136,11,42,42
0.7359307359307359	0.7291768472491365	0.7359307359307359	0.727108986816944	0.22346368715083798	126,21,40,44
0.7748917748917749	0.7717549117549117	0.7748917748917749	0.7727697139461847	0.24581005586592175	127,23,29,52
0.7272727272727273	0.7225621684220411	0.7272727272727273	0.7242236380830477	0.21973929236499068	122,28,35,46
0.7662337662337663	0.7594534956061902	0.7662337662337663	0.7605711059127207	0.23463687150837986	134,21,33,43
0.7402597402597403	0.7336396912362269	0.7402597402597403	0.7354743401214703	0.22346368715083798	128,25,35,43
0.7489177489177489	0.7430882186712363	0.7489177489177489	0.7367535156355032	0.22718808193668527	132,17,41,41
0.7748917748917749	0.7709916221082473	0.7748917748917749	0.7663381342626625	0.26256983240223464	133,16,36,46
0.7359307359307359	0.732343846629561	0.7359307359307359	0.7207030392554354	0.22346368715083798	130,16,45,40
0.7316017316017316	0.741030211618447	0.7316017316017316	0.7354366526341048	0.22532588454376168	126,35,27,43
0.7489177489177489	0.743217445080799	0.7489177489177489	0.7445720945720946	0.22346368715083798	127,24,34,46
0.7792207792207793	0.7799682245465378	0.7792207792207793	0.7708429650177223	0.24022346368715086	129,14,37,51
0.7532467532467533	0.7460130997257323	0.7532467532467533	0.7439242006750457	0.25139664804469275	132,19,38,42
0.7575757575757576	0.7628893954195158	0.7575757575757576	0.7597130242825606	0.23649906890130357	123,31,25,52
0.7878787878787878	0.7887037533300755	0.7878787878787878	0.7882756642900232	0.25325884543761634	134,25,24,48
0.7402597402597403	0.7337531155712974	0.7402597402597403	0.7360651770589659	0.24394785847299816	131,26,34,40
0.7662337662337663	0.7635882635882636	0.7662337662337663	0.7570485118255819	0.23649906890130357	130,16,38,47
0.7316017316017316	0.7249872280928182	0.7316017316017316	0.7262018683071314	0.2085661080074488	124,25,37,45
0.7662337662337663	0.7662337662337663	0.7662337662337663	0.7662337662337663	0.26070763500931093	129,27,27,48
0.7186147186147186	0.7244229329104446	0.7186147186147186	0.6935262042295681	0.2122905027932961	131,12,53,35
0.7575757575757576	0.7528827328248736	0.7575757575757576	0.74744298329204	0.24767225325884545	131,17,39,44
0.7662337662337663	0.7662337662337663	0.7662337662337663	0.7662337662337663	0.25139664804469275	127,27,27,50
0.7575757575757576	0.7507737242677002	0.7575757575757576	0.7511276284861189	0.22160148975791438	131,21,35,44
0.7662337662337663	0.7681849946000889	0.7662337662337663	0.7671494878361075	0.24767225325884545	133,28,26,44
0.7532467532467533	0.7504173386526327	0.7532467532467533	0.7514646266632399	0.24022346368715086	122,26,31,52
