accuracy	precision	recall	f1	oob	confMatrxVars
0.7705627705627706	0.7672643155734943	0.7705627705627706	0.7643332255289805	0.25512104283054005	127,18,35,51
0.7878787878787878	0.7843930098531325	0.7878787878787878	0.782458429399508	0.22718808193668527	131,17,32,51
0.7575757575757576	0.7605156037991858	0.7575757575757576	0.7483142685129439	0.24208566108007445	123,15,41,52
0.7662337662337663	0.7609822633977225	0.7662337662337663	0.7620586505936824	0.23277467411545627	130,22,32,47
0.7662337662337663	0.7632222849614153	0.7662337662337663	0.7596227302109655	0.24767225325884545	126,18,36,51
0.7922077922077922	0.7876749756267829	0.7922077922077922	0.7866808244166735	0.2849162011173184	135,17,31,48
0.7705627705627706	0.7663172215108834	0.7705627705627706	0.7657990008310488	0.24022346368715086	127,20,33,51
0.7575757575757576	0.7592668769139357	0.7575757575757576	0.7583628492719402	0.24208566108007445	126,29,27,49
0.7619047619047619	0.7563792535579941	0.7619047619047619	0.7556252597314415	0.21042830540037238	129,20,35,47
0.7229437229437229	0.7161877578694612	0.7229437229437229	0.7148479226401305	0.22905027932960897	122,23,41,45
0.7878787878787878	0.7859240926693676	0.7878787878787878	0.786759894764269	0.26256983240223464	132,23,26,50
0.7705627705627706	0.7654042096481648	0.7705627705627706	0.7653184348083247	0.22905027932960897	130,20,33,48
0.7748917748917749	0.7695210989714084	0.7748917748917749	0.769914958747974	0.25139664804469275	132,20,32,47
0.7705627705627706	0.7667689803982504	0.7705627705627706	0.7679130100603545	0.23836126629422716	128,23,30,50
0.7359307359307359	0.7298406433885476	0.7359307359307359	0.7261803816470712	0.22718808193668527	126,20,41,44
0.7965367965367965	0.7926111767020858	0.7965367965367965	0.7866829479799661	0.24581005586592175	142,13,34,42
0.7878787878787878	0.78914788404343	0.7878787878787878	0.7776486836047964	0.24953445065176905	135,12,37,47
0.7619047619047619	0.7574682046731736	0.7619047619047619	0.7562006834886945	0.24953445065176905	126,20,35,50
0.7619047619047619	0.7602651839178786	0.7619047619047619	0.7525758456104914	0.24953445065176905	128,16,39,48
0.7532467532467533	0.7543814030890841	0.7532467532467533	0.7537993920972644	0.24208566108007445	136,29,28,38
0.7662337662337663	0.7613374577229999	0.7662337662337663	0.7632283811461004	0.25139664804469275	136,24,30,41
0.7575757575757576	0.7655123836168197	0.7575757575757576	0.7606228194463488	0.22532588454376168	125,32,24,50
0.7316017316017316	0.7233906881106403	0.7316017316017316	0.718598585679331	0.22905027932960897	130,19,43,39
0.7619047619047619	0.7571633054724842	0.7619047619047619	0.758786447245057	0.24208566108007445	131,24,31,45
0.7922077922077922	0.7923320450727268	0.7922077922077922	0.7821408405259336	0.2811918063314711	137,12,36,46
