accuracy	precision	recall	f1	oob	confMatrxVars
0.7402597402597403	0.7428576666326213	0.7402597402597403	0.7249464598172766	0.23836126629422716	128,14,46,43
0.7142857142857143	0.7142857142857143	0.7142857142857143	0.7142857142857143	0.23091247672253257	115,33,33,50
0.7619047619047619	0.7591870495096302	0.7619047619047619	0.75197062952165	0.24022346368715086	130,16,39,46
0.7402597402597403	0.7360778635271439	0.7402597402597403	0.7376469031817079	0.22532588454376168	125,27,33,46
0.7792207792207793	0.7750331534662521	0.7792207792207793	0.7752139985149693	0.23463687150837986	129,20,31,51
0.70995670995671	0.7037612929332674	0.70995670995671	0.7045102809944641	0.2141527001862198	117,27,40,47
0.7922077922077922	0.7922077922077922	0.7922077922077922	0.7922077922077922	0.2793296089385475	134,24,24,49
0.7316017316017316	0.7218800247371676	0.7316017316017316	0.717799222310229	0.24767225325884545	132,19,43,37
0.7835497835497836	0.7787849105063107	0.7835497835497836	0.7795619501012252	0.25698324022346364	133,20,30,48
0.8095238095238095	0.8111460517120894	0.8095238095238095	0.8102699530516432	0.24767225325884545	138,23,21,49
0.7316017316017316	0.7299060010924417	0.7316017316017316	0.7142642037051974	0.22532588454376168	130,15,47,39
0.7705627705627706	0.7701453308596167	0.7705627705627706	0.7578687803647155	0.22905027932960897	135,13,40,43
0.7402597402597403	0.734178972392372	0.7402597402597403	0.7297318599555465	0.23463687150837986	128,19,41,43
0.7662337662337663	0.7587702010248325	0.7662337662337663	0.7572176109707686	0.23463687150837986	136,18,36,41
0.7489177489177489	0.747456007196267	0.7489177489177489	0.7481287775405422	0.23649906890130357	124,28,30,49
0.7489177489177489	0.7434531431010304	0.7489177489177489	0.7440265362343284	0.25139664804469275	125,23,35,48
0.7619047619047619	0.75674932549707	0.7619047619047619	0.7558206860606724	0.24208566108007445	128,20,35,48
0.7445887445887446	0.7405420666290231	0.7445887445887446	0.742199386602737	0.24208566108007445	129,27,32,43
0.7965367965367965	0.7887987012987013	0.7965367965367965	0.790570133678638	0.24208566108007445	147,18,29,37
0.7575757575757576	0.7579865556978234	0.7575757575757576	0.7502641408354291	0.23649906890130357	121,17,39,54
0.7835497835497836	0.778302505575233	0.7835497835497836	0.7793103316870922	0.24767225325884545	135,20,30,46
0.7532467532467533	0.7488235908047229	0.7532467532467533	0.7503042729294298	0.22346368715083798	127,25,32,47
0.7662337662337663	0.7639553429027113	0.7662337662337663	0.7555746140651801	0.23463687150837986	132,15,39,45
0.7402597402597403	0.7443076404115365	0.7402597402597403	0.7420579420579422	0.23463687150837986	126,32,28,45
0.7272727272727273	0.7233267821503115	0.7272727272727273	0.7246090799038252	0.23463687150837986	118,28,35,50
