accuracy	precision	recall	f1	oob	confMatrxVars
0.7965367965367965	0.7934230736163103	0.7965367965367965	0.7945742867372961	0.25698324022346364	136,21,26,48
0.7619047619047619	0.7569709926224011	0.7619047619047619	0.7575837238886924	0.22718808193668527	127,22,33,49
0.7532467532467533	0.7514168601125123	0.7532467532467533	0.7455025826032737	0.23836126629422716	123,18,39,51
0.7272727272727273	0.7223491279518445	0.7272727272727273	0.7230869956930239	0.21601489757914338	118,26,37,50
0.8225108225108225	0.8191725561452609	0.8225108225108225	0.8204036111012856	0.2849162011173184	146,18,23,44
0.7792207792207793	0.7851028489582706	0.7792207792207793	0.770008773726013	0.23463687150837986	127,12,39,53
0.7705627705627706	0.7666727029784355	0.7705627705627706	0.7673716836920345	0.25139664804469275	126,22,31,52
0.7619047619047619	0.7563792535579941	0.7619047619047619	0.7556252597314415	0.23463687150837986	129,20,35,47
0.7835497835497836	0.7776920604307296	0.7835497835497836	0.7763463947038826	0.24581005586592175	137,17,33,44
0.7402597402597403	0.7322446117045923	0.7402597402597403	0.7300850557892811	0.25139664804469275	130,20,40,41
0.7748917748917749	0.7700311384521911	0.7748917748917749	0.7658035546234303	0.24208566108007445	135,16,36,44
0.7142857142857143	0.7100283822138127	0.7142857142857143	0.7107747208472429	0.22532588454376168	113,28,38,52
0.7142857142857143	0.7127766599597586	0.7142857142857143	0.7052146811182955	0.22160148975791438	115,21,45,50
0.7922077922077922	0.7881553050635177	0.7922077922077922	0.7891451361192995	0.24208566108007445	134,20,28,49
0.8051948051948052	0.8133264462809917	0.8051948051948052	0.7936185248255098	0.25698324022346364	139,8,37,47
0.7835497835497836	0.779909126189688	0.7835497835497836	0.7801490448549272	0.26070763500931093	128,20,30,53
0.8095238095238095	0.805357694514321	0.8095238095238095	0.8063543184316131	0.25512104283054005	140,18,26,47
0.8225108225108225	0.8205876091121993	0.8225108225108225	0.8163279356009382	0.24581005586592175	141,12,29,49
0.683982683982684	0.682659911959275	0.683982683982684	0.6748176319150578	0.2085661080074488	108,24,49,50
0.7662337662337663	0.7612325562636122	0.7662337662337663	0.7621878121878123	0.24208566108007445	129,22,32,48
0.7662337662337663	0.7620093272267184	0.7662337662337663	0.7635689781916196	0.25512104283054005	132,24,30,45
0.7705627705627706	0.7662541860655069	0.7705627705627706	0.7671559356310927	0.22905027932960897	128,22,31,50
0.7445887445887446	0.7375049193231011	0.7445887445887446	0.7376387784551048	0.23463687150837986	128,22,37,44
0.7359307359307359	0.7320471092183252	0.7359307359307359	0.7243231713073256	0.23091247672253257	126,18,43,44
0.7532467532467533	0.7503354345459609	0.7532467532467533	0.741704939246547	0.23649906890130357	130,16,41,44
