accuracy	precision	recall	f1	oob	confMatrxVars
0.7575757575757576	0.7692175997260743	0.7575757575757576	0.7409948542024013	0.24022346368715086	131,10,46,44
0.7748917748917749	0.7800526271114506	0.7748917748917749	0.7589940698786714	0.24581005586592175	138,10,42,41
0.7316017316017316	0.7276032053787684	0.7316017316017316	0.7173237314746748	0.22532588454376168	128,17,45,41
0.7445887445887446	0.7447866809317341	0.7445887445887446	0.7311521433970414	0.22346368715083798	128,15,44,44
0.7705627705627706	0.7680190313716116	0.7705627705627706	0.7691523272074311	0.23463687150837986	135,25,28,43
0.7489177489177489	0.742385632811552	0.7489177489177489	0.7441474493361285	0.22905027932960897	130,24,34,43
0.7445887445887446	0.7368799874823971	0.7445887445887446	0.7381834466473965	0.24022346368715086	130,23,36,42
0.7532467532467533	0.7469555584080725	0.7532467532467533	0.73788193771589	0.22905027932960897	137,15,42,37
0.7619047619047619	0.7533973823447508	0.7619047619047619	0.754972537727297	0.24208566108007445	137,21,34,39
0.7878787878787878	0.7922920352298883	0.7878787878787878	0.7748918721181495	0.27001862197392923	138,10,39,44
0.7402597402597403	0.7568394720034065	0.7402597402597403	0.7175690653951525	0.23463687150837986	132,9,51,39
0.7316017316017316	0.7233906881106403	0.7316017316017316	0.718598585679331	0.23649906890130357	130,19,43,39
0.8051948051948052	0.800033813823592	0.8051948051948052	0.7996875703297722	0.25139664804469275	141,16,29,45
0.7965367965367965	0.793355919442876	0.7965367965367965	0.7921729052511463	0.24581005586592175	131,17,30,53
0.7965367965367965	0.7970534069981583	0.7965367965367965	0.7831080816390488	0.24767225325884545	144,10,37,40
0.7835497835497836	0.7791559380049723	0.7835497835497836	0.7745455474924074	0.23836126629422716	137,15,35,44
0.7402597402597403	0.7522901873184358	0.7402597402597403	0.7220752197343145	0.23463687150837986	128,11,49,43
0.7532467532467533	0.7455163883735313	0.7532467532467533	0.7458868433217211	0.22718808193668527	132,21,36,42
0.7489177489177489	0.743747515131039	0.7489177489177489	0.7371151149320163	0.22532588454376168	131,17,41,42
0.8441558441558441	0.8441558441558441	0.8441558441558441	0.8441558441558441	0.25512104283054005	157,18,18,38
0.7792207792207793	0.7718778995013889	0.7792207792207793	0.7678873248035312	0.25512104283054005	142,15,36,38
0.7359307359307359	0.7584754294450786	0.7359307359307359	0.719750142130116	0.22160148975791438	121,10,51,49
0.7272727272727273	0.7279428798358539	0.7272727272727273	0.7166362454532325	0.23463687150837986	119,18,45,49
0.7662337662337663	0.7652005453110426	0.7662337662337663	0.7498224666899367	0.25139664804469275	139,12,42,38
0.7359307359307359	0.7350030921459493	0.7359307359307359	0.7241675134307916	0.22160148975791438	124,17,44,46
