accuracy	precision	recall	f1	oob	confMatrxVars
0.8095238095238095	0.8033013568403768	0.8095238095238095	0.8038548752834467	0.26815642458100564	146,16,28,41
0.7662337662337663	0.7630387042151748	0.7662337662337663	0.7636699525715731	0.24953445065176905	122,23,31,55
0.7965367965367965	0.7958073547696188	0.7965367965367965	0.7961561191627546	0.24953445065176905	135,23,24,49
0.7748917748917749	0.7696444969172243	0.7748917748917749	0.771256486784437	0.21042830540037238	135,22,30,44
0.7922077922077922	0.7873540600813328	0.7922077922077922	0.7881379184196086	0.25698324022346364	136,19,29,47
0.7792207792207793	0.7751552795031056	0.7792207792207793	0.7764172335600906	0.25512104283054005	132,22,29,48
0.7402597402597403	0.7403467007986781	0.7402597402597403	0.7234814874566426	0.2122905027932961	131,14,46,40
0.7705627705627706	0.760039444690706	0.7705627705627706	0.760460203153922	0.24581005586592175	143,18,35,35
0.7619047619047619	0.7555949101403647	0.7619047619047619	0.7561136061081671	0.24581005586592175	131,21,34,45
0.7748917748917749	0.773671002151541	0.7748917748917749	0.7663203463203464	0.24767225325884545	130,15,37,49
0.7705627705627706	0.7621260570443874	0.7705627705627706	0.761567514686677	0.25139664804469275	139,18,35,39
0.7965367965367965	0.7936596736596736	0.7965367965367965	0.7938001347304542	0.24581005586592175	128,19,28,56
0.7532467532467533	0.7507012044217126	0.7532467532467533	0.7399989153816953	0.25139664804469275	132,15,42,42
0.7316017316017316	0.7229437229437229	0.7316017316017316	0.722423017234338	0.22532588454376168	128,22,40,41
0.8095238095238095	0.8094464779776942	0.8095238095238095	0.8039579468150897	0.2830540037243948	132,13,31,55
0.7878787878787878	0.7871641183743096	0.7878787878787878	0.7875058235072815	0.26070763500931093	132,24,25,50
0.70995670995671	0.7014619567849448	0.70995670995671	0.702545199383001	0.22718808193668527	122,26,41,42
0.7489177489177489	0.7447430893950419	0.7489177489177489	0.7453530009085565	0.24581005586592175	121,24,34,52
0.7489177489177489	0.7446009389671362	0.7489177489177489	0.7462271188385838	0.24767225325884545	128,26,32,45
0.7445887445887446	0.7391492896774586	0.7445887445887446	0.7406728121363672	0.23091247672253257	126,25,34,46
0.7272727272727273	0.7197024375840688	0.7272727272727273	0.7210388942061219	0.23649906890130357	125,25,38,43
0.7489177489177489	0.7415364077040725	0.7489177489177489	0.7412852695871563	0.22532588454376168	130,21,37,43
0.7835497835497836	0.7818210184427876	0.7835497835497836	0.7826221955597632	0.26443202979515834	138,24,26,43
0.7835497835497836	0.7814995462054286	0.7835497835497836	0.7822776009862102	0.24022346368715086	126,23,27,55
0.7402597402597403	0.7338998450109561	0.7402597402597403	0.7341631204109981	0.24394785847299816	125,23,37,46
