accuracy	precision	recall	f1	oob	confMatrxVars
0.7619047619047619	0.7565192743764172	0.7619047619047619	0.7534407649712773	0.25325884543761634	131,18,37,45
0.7705627705627706	0.7665038593678902	0.7705627705627706	0.7612679901081154	0.22718808193668527	133,16,37,45
0.8051948051948052	0.8050179667826727	0.8051948051948052	0.7932899161010574	0.24208566108007445	145,10,35,41
0.7922077922077922	0.7846006018573328	0.7922077922077922	0.7826590283165965	0.24208566108007445	145,15,33,38
0.7705627705627706	0.7630356464493399	0.7705627705627706	0.7640764717217315	0.22160148975791438	137,20,33,41
0.7792207792207793	0.7745445640609842	0.7792207792207793	0.7741743429287654	0.23277467411545627	131,19,32,49
0.7792207792207793	0.7716522235578497	0.7792207792207793	0.7705649669626516	0.25512104283054005	140,17,34,40
0.7575757575757576	0.7614278376990241	0.7575757575757576	0.744586508917719	0.22718808193668527	129,13,43,46
0.7532467532467533	0.7461502353068618	0.7532467532467533	0.7478494859683962	0.22532588454376168	132,23,34,42
0.7965367965367965	0.7902594382562491	0.7965367965367965	0.7894983332819177	0.24581005586592175	142,16,31,42
0.7662337662337663	0.759774616917474	0.7662337662337663	0.7589079934150356	0.23091247672253257	133,19,35,44
0.8008658008658008	0.795712224283653	0.8008658008658008	0.7965988961117073	0.25884543761638734	140,18,28,45
0.7445887445887446	0.74306666409698	0.7445887445887446	0.7278730029094993	0.22160148975791438	133,14,45,39
0.7878787878787878	0.7835938353216284	0.7878787878787878	0.7762942646663576	0.25325884543761634	142,13,36,40
0.7922077922077922	0.7928220774101735	0.7922077922077922	0.7824400951161514	0.25698324022346364	136,12,36,47
0.7532467532467533	0.7459379131347694	0.7532467532467533	0.7461065580187837	0.24767225325884545	131,21,36,43
0.7532467532467533	0.7522344130066974	0.7532467532467533	0.7527258143316536	0.23649906890130357	134,28,29,40
0.7662337662337663	0.7737342310845033	0.7662337662337663	0.7524518138355488	0.24208566108007445	131,11,43,46
0.7575757575757576	0.7580043529214799	0.7575757575757576	0.7399449035812673	0.24953445065176905	137,12,44,38
0.7792207792207793	0.7745445640609842	0.7792207792207793	0.7741743429287654	0.24394785847299816	131,19,32,49
0.7359307359307359	0.7292095094027461	0.7359307359307359	0.7300826484830232	0.21042830540037238	125,24,37,45
0.7402597402597403	0.7352456194393607	0.7402597402597403	0.7270326504481434	0.22718808193668527	130,17,43,41
0.8138528138528138	0.8104791275126895	0.8138528138528138	0.8113391310883475	0.24953445065176905	138,18,25,50
0.7445887445887446	0.735356976488234	0.7445887445887446	0.7343436125917878	0.22905027932960897	133,20,39,39
0.7792207792207793	0.7775111303367291	0.7792207792207793	0.7710688436721416	0.24581005586592175	131,15,36,49
