accuracy	precision	recall	f1	oob	confMatrxVars
0.7489177489177489	0.7390038682904272	0.7489177489177489	0.7409287682014956	0.24208566108007445	136,22,36,37
0.7619047619047619	0.752152800912606	0.7619047619047619	0.7496824091018472	0.22718808193668527	140,17,38,36
0.7532467532467533	0.7645008622662254	0.7532467532467533	0.7350923087650071	0.24394785847299816	132,10,47,42
0.7662337662337663	0.7615229491005888	0.7662337662337663	0.7628936737216991	0.23463687150837986	130,23,31,47
0.7878787878787878	0.784072983199303	0.7878787878787878	0.7822843223061933	0.24581005586592175	132,17,32,50
0.7229437229437229	0.7102909645282526	0.7229437229437229	0.7078315623770167	0.23836126629422716	133,20,44,34
0.7142857142857143	0.7236113762168354	0.7142857142857143	0.6991721854304636	0.23091247672253257	118,15,51,47
0.7705627705627706	0.7659932659932659	0.7705627705627706	0.7624065553359582	0.24767225325884545	132,17,36,46
0.7229437229437229	0.7162581549905493	0.7229437229437229	0.717546522741328	0.22718808193668527	122,26,38,45
0.7316017316017316	0.7289733092149883	0.7316017316017316	0.7137373272638973	0.22718808193668527	131,15,47,38
0.7402597402597403	0.7361385602349458	0.7402597402597403	0.7379668020366966	0.2178770949720671	134,28,32,37
0.8008658008658008	0.7959486870415015	0.8008658008658008	0.7967238522794079	0.24953445065176905	139,18,28,46
0.7532467532467533	0.7496954169204859	0.7532467532467533	0.741346427866804	0.23277467411545627	131,16,41,43
0.7532467532467533	0.7439450527685821	0.7532467532467533	0.7381672270613391	0.22346368715083798	139,16,41,35
0.7532467532467533	0.7565753464120071	0.7532467532467533	0.7389349038864974	0.25698324022346364	130,13,44,44
0.8268398268398268	0.8233624900998232	0.8268398268398268	0.8188825235971638	0.2830540037243948	149,11,29,42
0.7662337662337663	0.7667360572388505	0.7662337662337663	0.7507564332282206	0.25512104283054005	137,12,42,40
0.7575757575757576	0.7499484642341785	0.7575757575757576	0.7515249109452009	0.24022346368715086	134,22,34,41
0.7792207792207793	0.7781732282639724	0.7792207792207793	0.7679106202392837	0.23277467411545627	136,13,38,44
0.7792207792207793	0.7713333108987883	0.7792207792207793	0.7732842078593637	0.25512104283054005	142,20,31,38
0.7748917748917749	0.769565787747606	0.7748917748917749	0.769085489390674	0.25884543761638734	132,19,33,47
0.7272727272727273	0.7179275750704321	0.7272727272727273	0.7183286932503234	0.22346368715083798	128,23,40,40
0.7705627705627706	0.7648817046407408	0.7705627705627706	0.7641236532784449	0.23836126629422716	132,19,34,46
0.7792207792207793	0.771178107606679	0.7792207792207793	0.7703088168204447	0.24953445065176905	141,17,34,39
0.7532467532467533	0.746249147379091	0.7532467532467533	0.7394307819839734	0.2178770949720671	136,16,41,38
