accuracy	precision	recall	f1	oob	confMatrxVars
0.8008658008658008	0.8008658008658008	0.8008658008658008	0.8008658008658008	0.24208566108007445	134,23,23,51
0.7402597402597403	0.7352478507408085	0.7402597402597403	0.7339436046964362	0.22905027932960897	122,22,38,49
0.7229437229437229	0.7255537904255309	0.7229437229437229	0.7034083287604415	0.22718808193668527	128,14,50,39
0.7272727272727273	0.7201244332660424	0.7272727272727273	0.7225376504373369	0.22160148975791438	128,27,36,40
0.7619047619047619	0.7571896614488534	0.7619047619047619	0.7550094759481272	0.22532588454376168	128,19,36,48
0.8051948051948052	0.8044757179440277	0.8051948051948052	0.8048190054459646	0.25698324022346364	137,22,23,49
0.7272727272727273	0.7228765023796079	0.7272727272727273	0.7247213789147869	0.24394785847299816	127,29,34,41
0.7835497835497836	0.780884468310562	0.7835497835497836	0.7739372428813421	0.22160148975791438	136,14,36,45
0.7922077922077922	0.7910694969518499	0.7922077922077922	0.7915761786514618	0.24208566108007445	128,23,25,55
0.7272727272727273	0.7217391304347825	0.7272727272727273	0.7238095238095238	0.23463687150837986	126,28,35,42
0.7532467532467533	0.7504173386526327	0.7532467532467533	0.7514646266632399	0.24953445065176905	122,26,31,52
0.7792207792207793	0.7874314066215474	0.7792207792207793	0.7825816045999533	0.26815642458100564	138,29,22,42
0.7965367965367965	0.7919887341574089	0.7965367965367965	0.7914342710580956	0.25325884543761634	136,17,30,48
0.7748917748917749	0.7734062365586555	0.7748917748917749	0.7740876785462772	0.26256983240223464	131,25,27,48
0.7142857142857143	0.7127153326353859	0.7142857142857143	0.7134460737937559	0.2141527001862198	118,32,34,47
0.7792207792207793	0.7771323143547388	0.7792207792207793	0.7722999761834715	0.25512104283054005	129,16,35,51
0.7229437229437229	0.717707181553202	0.7229437229437229	0.7166500988723211	0.22346368715083798	118,24,40,49
0.7575757575757576	0.7556176986464572	0.7575757575757576	0.7565368590269348	0.24208566108007445	135,27,29,40
0.7748917748917749	0.7708639186900056	0.7748917748917749	0.7697756788665879	0.23649906890130357	128,19,33,51
0.7792207792207793	0.7738696488696487	0.7792207792207793	0.7757595148412618	0.25139664804469275	139,22,29,41
0.7792207792207793	0.7830491503960891	0.7792207792207793	0.7807609834817091	0.24581005586592175	124,28,23,56
0.7532467532467533	0.7541993293683947	0.7532467532467533	0.7537084258067616	0.26070763500931093	130,29,28,44
0.8095238095238095	0.8095238095238095	0.8095238095238095	0.8095238095238095	0.27188081936685293	135,22,22,52
0.7359307359307359	0.7278183663725833	0.7359307359307359	0.7285196764148141	0.22160148975791438	128,23,38,42
0.7835497835497836	0.7803249868448413	0.7835497835497836	0.7813724193180899	0.25139664804469275	130,22,28,51
