accuracy	precision	recall	f1	oob	confMatrxVars
0.7445887445887446	0.7455441213402997	0.7445887445887446	0.7450520756643205	0.24022346368715086	128,30,29,44
0.7575757575757576	0.7507737242677002	0.7575757575757576	0.7511276284861189	0.23463687150837986	131,21,35,44
0.7662337662337663	0.7645205325051035	0.7662337662337663	0.7558973019351033	0.24394785847299816	131,15,39,46
0.7619047619047619	0.7565787747605929	0.7619047619047619	0.7584895374279964	0.25512104283054005	134,24,31,42
0.7489177489177489	0.7587649298492671	0.7489177489177489	0.7375105552883331	0.22905027932960897	121,13,45,52
0.7662337662337663	0.7709953238421563	0.7662337662337663	0.7680892048361928	0.23277467411545627	121,30,24,56
0.7662337662337663	0.7609864882592156	0.7662337662337663	0.7595535812096321	0.24394785847299816	130,19,35,47
0.7662337662337663	0.759774616917474	0.7662337662337663	0.7589079934150356	0.24208566108007445	133,19,35,44
0.7792207792207793	0.7745304436125693	0.7792207792207793	0.7749507177429213	0.26815642458100564	131,20,31,49
0.7316017316017316	0.7273289481081688	0.7316017316017316	0.7285532574421463	0.22718808193668527	119,27,35,50
0.7359307359307359	0.727594729372424	0.7359307359307359	0.7299784875569449	0.23091247672253257	131,25,36,39
0.8181818181818182	0.8181818181818182	0.8181818181818182	0.8181818181818182	0.26815642458100564	142,21,21,47
0.7792207792207793	0.7756503077293783	0.7792207792207793	0.7766710096807184	0.25512104283054005	129,22,29,51
0.7575757575757576	0.7593713021556825	0.7575757575757576	0.7584149184149184	0.23649906890130357	128,29,27,47
0.8008658008658008	0.8062630010681958	0.8008658008658008	0.8029997488596213	0.27001862197392923	134,26,20,51
0.7792207792207793	0.776370688135394	0.7792207792207793	0.7765446674537584	0.24394785847299816	123,21,30,57
0.7662337662337663	0.759774616917474	0.7662337662337663	0.7589079934150356	0.24394785847299816	133,19,35,44
0.7835497835497836	0.7769957461375011	0.7835497835497836	0.7786304604486423	0.26256983240223464	140,20,30,41
0.7532467532467533	0.749185656828969	0.7532467532467533	0.7504880535037096	0.23836126629422716	125,25,32,49
0.8051948051948052	0.8028766414308584	0.8051948051948052	0.8038859237067524	0.26256983240223464	142,21,24,44
0.7359307359307359	0.7369611364648585	0.7359307359307359	0.7232961636159809	0.22718808193668527	124,16,45,46
0.7792207792207793	0.7726646545354356	0.7792207792207793	0.7722292306233911	0.24953445065176905	137,18,33,43
0.7835497835497836	0.7791094619666048	0.7835497835497836	0.7810690405866806	0.25884543761638734	148,23,27,33
0.7792207792207793	0.775416133162612	0.7792207792207793	0.7746367743845942	0.24394785847299816	128,19,32,52
0.7748917748917749	0.7706542284007073	0.7748917748917749	0.7717748917748918	0.22905027932960897	130,22,30,49
