accuracy	precision	recall	f1	oob	confMatrxVars
0.7662337662337663	0.7626397371728442	0.7662337662337663	0.762914862914863	0.24767225325884545	123,22,32,54
0.7965367965367965	0.7947670777859457	0.7965367965367965	0.7919756935262259	0.2737430167597765	128,16,31,56
0.7965367965367965	0.7932650857179159	0.7965367965367965	0.7941105408365475	0.24953445065176905	132,20,27,52
0.7575757575757576	0.7613987743857874	0.7575757575757576	0.7592540792540793	0.27188081936685293	128,30,26,47
0.7705627705627706	0.7656104967717636	0.7705627705627706	0.7645116139230254	0.23463687150837986	130,19,34,48
0.7662337662337663	0.7606716515807425	0.7662337662337663	0.7624586593530693	0.25139664804469275	134,23,31,43
0.7445887445887446	0.7518710042716666	0.7445887445887446	0.7475384779782267	0.24953445065176905	125,33,26,47
0.7272727272727273	0.7236208236208236	0.7272727272727273	0.7250948064229562	0.22718808193668527	122,29,34,46
0.7878787878787878	0.787066763464279	0.7878787878787878	0.7874569918713883	0.27188081936685293	136,24,25,46
0.7792207792207793	0.776236941487505	0.7792207792207793	0.7773402466871515	0.22905027932960897	130,23,28,50
0.7575757575757576	0.7546534633476673	0.7575757575757576	0.7555816802829406	0.22905027932960897	121,25,31,54
0.7922077922077922	0.7891744115083806	0.7922077922077922	0.7901175225453664	0.24767225325884545	131,21,27,52
0.8008658008658008	0.7985717334308884	0.8008658008658008	0.7964856494268259	0.25698324022346364	130,16,30,55
0.7619047619047619	0.7598168498168498	0.7619047619047619	0.7607262969912885	0.24767225325884545	127,26,29,49
0.7835497835497836	0.7792476674464252	0.7835497835497836	0.7798035298035297	0.25512104283054005	131,20,30,50
0.7922077922077922	0.7880367976986334	0.7922077922077922	0.7884965783054955	0.24581005586592175	133,19,29,50
0.7662337662337663	0.7633477633477634	0.7662337662337663	0.7583952549996693	0.23091247672253257	128,17,37,49
0.7445887445887446	0.7384343827175043	0.7445887445887446	0.7315044430219164	0.23463687150837986	132,17,42,40
0.7965367965367965	0.7914003985432556	0.7965367965367965	0.7911167909386053	0.26443202979515834	138,17,30,46
0.7532467532467533	0.7527087198515771	0.7532467532467533	0.7390175940583575	0.23463687150837986	132,14,43,42
0.7489177489177489	0.7432236680066959	0.7489177489177489	0.738423089838184	0.24767225325884545	130,18,40,43
0.7532467532467533	0.7587297364367428	0.7532467532467533	0.755626818322743	0.23649906890130357	131,31,26,43
0.7575757575757576	0.7555422440111185	0.7575757575757576	0.751593525697307	0.23091247672253257	121,19,37,54
0.7575757575757576	0.7534025049948617	0.7575757575757576	0.7545286957051663	0.24022346368715086	125,24,32,50
0.7922077922077922	0.7850834879406308	0.7922077922077922	0.7841978380900536	0.25325884543761634	143,16,32,40
