accuracy	precision	recall	f1	oob	confMatrxVars
0.7056277056277056	0.7201112076212802	0.7056277056277056	0.710996420856514	0.22718808193668527	118,40,28,45
0.7532467532467533	0.749990723562152	0.7532467532467533	0.7395947260526184	0.22718808193668527	133,15,42,41
0.7186147186147186	0.7093256141448911	0.7186147186147186	0.711558034442047	0.23463687150837986	127,26,39,39
0.7662337662337663	0.7617532233194448	0.7662337662337663	0.7599629572464887	0.23463687150837986	128,19,35,49
0.7792207792207793	0.7754104747342133	0.7792207792207793	0.7760472374111125	0.25325884543761634	128,21,30,52
0.7532467532467533	0.7480549944461891	0.7532467532467533	0.7499146621403676	0.24581005586592175	131,25,32,43
0.7575757575757576	0.7560589513629193	0.7575757575757576	0.7491963374316315	0.24022346368715086	125,17,39,50
0.7662337662337663	0.7623239436619718	0.7662337662337663	0.763728696849716	0.24953445065176905	130,24,30,47
0.7792207792207793	0.7748406540677072	0.7792207792207793	0.7743313946333473	0.24208566108007445	130,19,32,50
0.7619047619047619	0.7611984964926141	0.7619047619047619	0.7615368168777378	0.24953445065176905	125,27,28,51
0.7575757575757576	0.7557900646193907	0.7575757575757576	0.7456006606950003	0.23463687150837986	131,15,41,44
0.7922077922077922	0.7888495343040798	0.7922077922077922	0.7862698499641174	0.24953445065176905	133,16,32,50
0.7402597402597403	0.7402597402597403	0.7402597402597403	0.7402597402597403	0.23836126629422716	118,30,30,53
0.7402597402597403	0.7466650996062761	0.7402597402597403	0.7429570429570429	0.22718808193668527	126,33,27,45
0.7445887445887446	0.7437194411716704	0.7445887445887446	0.7441396650393799	0.23836126629422716	127,29,30,45
0.7445887445887446	0.7376937769183857	0.7445887445887446	0.7393321570195278	0.24022346368715086	129,24,35,43
0.7705627705627706	0.7677482085927663	0.7705627705627706	0.7633705634847839	0.25884543761638734	128,17,36,50
0.7359307359307359	0.7318348318348319	0.7359307359307359	0.7305960033232759	0.22346368715083798	118,23,38,52
0.7835497835497836	0.7962830613433023	0.7835497835497836	0.7877663462079045	0.25884543761638734	129,31,19,52
0.7532467532467533	0.7479139218269653	0.7532467532467533	0.7471401623314815	0.24953445065176905	126,21,36,48
0.7445887445887446	0.7398323001397499	0.7445887445887446	0.7322708639323059	0.22905027932960897	130,17,42,42
0.7575757575757576	0.7541419244775434	0.7575757575757576	0.7556182947487295	0.23277467411545627	133,26,30,42
0.7359307359307359	0.731995277449823	0.7359307359307359	0.7332606725933318	0.23463687150837986	120,27,34,50
0.7575757575757576	0.7768595041322314	0.7575757575757576	0.7644268774703559	0.23277467411545627	133,35,21,42
0.7532467532467533	0.7446430136883366	0.7532467532467533	0.7454326695202608	0.25512104283054005	134,21,36,40
