accuracy	precision	recall	f1	oob	confMatrxVars
0.7402597402597403	0.7301410090883775	0.7402597402597403	0.7322344564790869	0.23463687150837986	134,23,37,37
0.7748917748917749	0.7740552523161218	0.7748917748917749	0.7680492946981955	0.23277467411545627	126,16,36,53
0.7489177489177489	0.7450458444247263	0.7489177489177489	0.7420489514926556	0.25139664804469275	123,20,38,50
0.7532467532467533	0.7499296650240047	0.7532467532467533	0.7471875228628082	0.23649906890130357	122,20,37,52
0.8008658008658008	0.7978166411901352	0.8008658008658008	0.7949957100295231	0.26629422718808193	135,15,31,50
0.7922077922077922	0.789188589188589	0.7922077922077922	0.7896813379824705	0.24208566108007445	128,20,28,55
0.7532467532467533	0.7470845877264056	0.7532467532467533	0.7416172485998977	0.22905027932960897	133,17,40,41
0.7878787878787878	0.7846836413715395	0.7878787878787878	0.7855072740645926	0.24394785847299816	129,21,28,53
0.7748917748917749	0.7709167143129407	0.7748917748917749	0.7706476530005942	0.26070763500931093	127,20,32,52
0.7402597402597403	0.7355650560619504	0.7402597402597403	0.7373885001767783	0.23463687150837986	128,27,33,43
0.7705627705627706	0.7672738516894361	0.7705627705627706	0.7676816825923255	0.24022346368715086	123,22,31,55
0.7792207792207793	0.773847740348981	0.7792207792207793	0.771757572314343	0.24208566108007445	135,17,34,45
0.7575757575757576	0.7591661649608669	0.7575757575757576	0.758312640058143	0.26256983240223464	124,29,27,51
0.7359307359307359	0.7278183663725833	0.7359307359307359	0.7285196764148141	0.24208566108007445	128,23,38,42
0.7272727272727273	0.7266174868215683	0.7272727272727273	0.7269312467527222	0.22905027932960897	115,31,32,53
0.7229437229437229	0.72074953796354	0.7229437229437229	0.7217911807283788	0.22905027932960897	130,31,33,37
0.7489177489177489	0.7446420246420247	0.7489177489177489	0.744640051306718	0.24394785847299816	121,23,35,52
0.7489177489177489	0.7479057738797998	0.7489177489177489	0.7435719319440249	0.23649906890130357	116,20,38,57
0.7748917748917749	0.7699001035367982	0.7748917748917749	0.7692631004732916	0.23463687150837986	131,19,33,48
0.7489177489177489	0.7481948819528438	0.7489177489177489	0.7425125894513651	0.22160148975791438	118,19,39,55
0.7619047619047619	0.7637365861837693	0.7619047619047619	0.7545294211960879	0.24953445065176905	121,16,39,55
0.7445887445887446	0.743690965990255	0.7445887445887446	0.7441254135131685	0.22718808193668527	128,29,30,44
0.8008658008658008	0.7974666178891531	0.8008658008658008	0.7975271757105372	0.27188081936685293	132,18,28,53
0.7792207792207793	0.775809145235897	0.7792207792207793	0.7767524689243718	0.25139664804469275	128,22,29,52
0.7748917748917749	0.7720687762941284	0.7748917748917749	0.7732328361771746	0.23649906890130357	132,24,28,47
