accuracy	precision	recall	f1	oob	confMatrxVars
0.7619047619047619	0.7546452337740904	0.7619047619047619	0.7510315033250813	0.23091247672253257	136,17,38,40
0.7792207792207793	0.7718778995013889	0.7792207792207793	0.7678873248035312	0.21973929236499068	142,15,36,38
0.7489177489177489	0.7418126714173002	0.7489177489177489	0.7390822205963051	0.22346368715083798	131,19,39,42
0.7662337662337663	0.7668849954288719	0.7662337662337663	0.7553784655695485	0.22532588454376168	130,14,40,47
0.7532467532467533	0.7451351926761763	0.7532467532467533	0.7446510324208166	0.23463687150837986	133,20,37,41
0.7402597402597403	0.7391255917571707	0.7402597402597403	0.7272704916017018	0.2141527001862198	127,16,44,44
0.7272727272727273	0.7237222757955643	0.7272727272727273	0.7143255355190086	0.21601489757914338	125,18,45,43
0.7445887445887446	0.7383527148233031	0.7445887445887446	0.7275067436964072	0.23091247672253257	136,15,44,36
0.7359307359307359	0.7260374790750875	0.7359307359307359	0.7284653731136913	0.24022346368715086	133,24,37,37
0.7186147186147186	0.7165359685851489	0.7186147186147186	0.6952972372905185	0.21601489757914338	132,14,51,34
0.7229437229437229	0.7234530175706647	0.7229437229437229	0.7021979630675284	0.2178770949720671	130,14,50,37
0.8354978354978355	0.8349013010874364	0.8354978354978355	0.8273380059094345	0.27001862197392923	149,9,29,44
0.7922077922077922	0.7908954817637451	0.7922077922077922	0.7847853644031988	0.24767225325884545	133,14,34,50
0.7489177489177489	0.7417192331478045	0.7489177489177489	0.7360057240966659	0.24022346368715086	134,17,41,39
0.7489177489177489	0.751899951899952	0.7489177489177489	0.730625713754548	0.22905027932960897	134,12,46,39
0.7575757575757576	0.7722975348673673	0.7575757575757576	0.7395326504481434	0.23463687150837986	132,9,47,43
0.7445887445887446	0.7331466399263009	0.7445887445887446	0.731852964411104	0.22718808193668527	137,19,40,35
0.7835497835497836	0.7777777777777779	0.7835497835497836	0.7774327122153208	0.23463687150837986	136,18,32,45
0.7748917748917749	0.7772382890350222	0.7748917748917749	0.7625464910676178	0.24394785847299816	134,12,40,45
0.7445887445887446	0.7364905425657595	0.7445887445887446	0.7349390849092579	0.23463687150837986	131,20,39,41
0.7705627705627706	0.7645743145743146	0.7705627705627706	0.7616299626456207	0.24208566108007445	135,17,36,43
0.7705627705627706	0.7660186604285982	0.7705627705627706	0.7656417867725691	0.24394785847299816	128,20,33,50
0.7402597402597403	0.7372025338127033	0.7402597402597403	0.7240521153564632	0.23277467411545627	132,15,45,39
0.7316017316017316	0.7372269914642796	0.7316017316017316	0.7132443028669444	0.25139664804469275	128,13,49,41
0.8008658008658008	0.796872947050322	0.8008658008658008	0.7931853723084326	0.25139664804469275	140,14,32,45
