accuracy	precision	recall	f1	oob	confMatrxVars
0.6320346320346321	0.6180839591363831	0.6320346320346321	0.6113487741647279	0.33519553072625696	113,26,59,33
0.6363636363636364	0.6260226681589609	0.6363636363636364	0.6281032547699215	0.33891992551210426	108,34,50,39
0.7056277056277056	0.7079028735079691	0.7056277056277056	0.7067123963257135	0.35009310986964615	124,35,33,39
0.6233766233766234	0.6456220878358283	0.6233766233766234	0.6304113298863696	0.33519553072625696	97,53,34,47
0.6493506493506493	0.6521029258098223	0.6493506493506493	0.6506190499679378	0.34636871508379885	105,42,39,45
0.6926406926406926	0.6887052341597796	0.6926406926406926	0.6903439670112564	0.33519553072625696	116,33,38,44
0.645021645021645	0.6335995267672285	0.645021645021645	0.6353105865930649	0.33333333333333337	111,32,50,38
0.696969696969697	0.6894677558697768	0.696969696969697	0.6923638904770981	0.3072625698324022	124,31,39,37
0.7142857142857143	0.7358351559802002	0.7142857142857143	0.7217068645640073	0.34823091247672255	121,41,25,44
0.7012987012987013	0.7122655122655123	0.7012987012987013	0.7057340147003197	0.35195530726256985	120,39,30,42
0.683982683982684	0.6831265031265031	0.683982683982684	0.6835417627628884	0.34823091247672255	113,36,37,45
0.70995670995671	0.7215529568470744	0.70995670995671	0.7146921106104779	0.34823091247672255	124,38,29,40
0.6623376623376623	0.6519480519480519	0.6623376623376623	0.654663518299882	0.34823091247672255	115,32,46,38
0.6363636363636364	0.6312720168141855	0.6363636363636364	0.6330546847788228	0.3296089385474861	102,38,46,45
0.7186147186147186	0.7271295460882421	0.7186147186147186	0.7217856091576228	0.35195530726256985	114,37,28,52
0.7359307359307359	0.7450352494671593	0.7359307359307359	0.7393636745073983	0.36126629422718803	120,35,26,50
0.670995670995671	0.6790467010438525	0.670995670995671	0.674230040708687	0.34078212290502796	108,42,34,47
0.6233766233766234	0.6225257501119571	0.6233766233766234	0.6229397140451803	0.3240223463687151	101,43,44,43
0.6753246753246753	0.6763867940338528	0.6753246753246753	0.6758432279079541	0.3798882681564246	116,38,37,40
0.6623376623376623	0.6552538370720188	0.6623376623376623	0.6569775063750967	0.33519553072625696	109,33,45,44
0.7445887445887446	0.7754969045291625	0.7445887445887446	0.7527850472635749	0.37243947858473003	120,41,18,52
0.7012987012987013	0.6964999524126773	0.7012987012987013	0.6978063243972104	0.33891992551210426	113,30,39,49
0.7186147186147186	0.7177432956653736	0.7186147186147186	0.7181653063758768	0.33705772811918067	121,32,33,45
0.670995670995671	0.6602313349301301	0.670995670995671	0.6643542792611115	0.35195530726256985	123,33,43,32
0.7229437229437229	0.7201607915893629	0.7229437229437229	0.7210528934666867	0.3296089385474861	112,29,35,55
