accuracy	precision	recall	f1	oob	confMatrxVars
0.7012987012987013	0.7052050942015731	0.7012987012987013	0.7031349388745206	0.36685288640595903	127,36,33,35
0.70995670995671	0.7010040075202071	0.70995670995671	0.7031166867901562	0.34264432029795155	124,27,40,40
0.7056277056277056	0.7036968310853662	0.7056277056277056	0.7046087246087246	0.33891992551210426	122,33,35,41
0.5887445887445888	0.5911538117626018	0.5887445887445888	0.5898520772166981	0.33147113594040967	91,49,46,45
0.696969696969697	0.6915779184030457	0.696969696969697	0.6907854050711193	0.3202979515828678	112,27,43,49
0.6926406926406926	0.7211374413337948	0.6926406926406926	0.7013336831518651	0.35009310986964615	113,46,25,47
0.6926406926406926	0.7044884939621782	0.6926406926406926	0.6963971257995584	0.3296089385474861	104,42,29,56
0.7186147186147186	0.7478646648859414	0.7186147186147186	0.7274457904011425	0.36871508379888274	119,43,22,47
0.6926406926406926	0.6894500981094531	0.6926406926406926	0.6907164770120927	0.3054003724394786	111,33,38,49
0.6363636363636364	0.6524728571630264	0.6363636363636364	0.6421543016370603	0.34078212290502796	102,49,35,45
0.645021645021645	0.6360708534621577	0.645021645021645	0.6397896075371365	0.33147113594040967	117,37,45,32
0.7272727272727273	0.7367154517309316	0.7272727272727273	0.7303522621839933	0.33333333333333337	110,37,26,58
0.6753246753246753	0.6637047815707866	0.6753246753246753	0.6610530794762199	0.3296089385474861	119,25,50,37
0.696969696969697	0.7136198190162425	0.696969696969697	0.7027857557404129	0.36312849162011174	114,42,28,47
0.6666666666666666	0.6639014580191052	0.6666666666666666	0.665172177595118	0.35009310986964615	113,37,40,41
0.7056277056277056	0.7122497262749717	0.7056277056277056	0.7080967247132779	0.35009310986964615	108,38,30,55
0.6926406926406926	0.6918090962535407	0.6926406926406926	0.6922118514543162	0.35009310986964615	114,35,36,46
0.6926406926406926	0.6882271054245577	0.6926406926406926	0.6901052075238255	0.3296089385474861	119,33,38,41
0.658008658008658	0.6673850971723312	0.658008658008658	0.6617199042592424	0.33519553072625696	106,44,35,46
0.7142857142857143	0.7142857142857143	0.7142857142857143	0.7142857142857144	0.36499068901303533	131,33,33,34
0.6536796536796536	0.6598435089814402	0.6536796536796536	0.6563300644933296	0.3165735567970205	107,43,37,44
0.6190476190476191	0.6369963369963371	0.619047619047619	0.6258503401360543	0.36871508379888274	103,51,37,40
0.6147186147186147	0.6025858313594162	0.6147186147186147	0.6060816324220023	0.33333333333333337	107,37,52,35
0.70995670995671	0.7026248399487837	0.70995670995671	0.7039345859562314	0.36685288640595903	120,27,40,44
0.7359307359307359	0.7335730935730935	0.7359307359307359	0.7346237112085199	0.32774674115456237	124,29,32,46
