accuracy	precision	recall	f1	oob	confMatrxVars
0.683982683982684	0.6686913843581176	0.683982683982684	0.6690887569788164	0.33333333333333337	125,25,48,33
0.6277056277056277	0.6201309801309801	0.6277056277056277	0.6231790638852598	0.34823091247672255	109,39,47,36
0.6926406926406926	0.6768988587170406	0.6926406926406926	0.6759307065117461	0.35381750465549344	128,23,48,32
0.6060606060606061	0.5997188742858296	0.6060606060606061	0.6023466993163963	0.34636871508379885	103,42,49,37
0.7229437229437229	0.7198590681975852	0.7229437229437229	0.7209009631249762	0.34823091247672255	114,29,35,53
0.683982683982684	0.7046980685175688	0.683982683982684	0.6915535516985554	0.36126629422718803	117,44,29,41
0.683982683982684	0.6716161832179797	0.683982683982684	0.6739311814042589	0.3165735567970205	122,28,45,36
0.6753246753246753	0.6611948845199466	0.6753246753246753	0.6653451232821793	0.3240223463687151	124,30,45,32
0.6796536796536796	0.673922513545155	0.6796536796536796	0.6763270063270064	0.33333333333333337	119,34,40,38
0.6623376623376623	0.6547936197667427	0.6623376623376623	0.6534040690667197	0.3147113594040968	109,29,49,44
0.683982683982684	0.6767676767676767	0.683982683982684	0.6717735989950671	0.292364990689013	116,24,49,42
0.7445887445887446	0.7376631725715621	0.7445887445887446	0.7342417248373361	0.3221601489757915	130,19,40,42
0.7445887445887446	0.7716880137899843	0.7445887445887446	0.7520723252918505	0.36499068901303533	120,40,19,52
0.6277056277056277	0.6161438326931284	0.6277056277056277	0.6171343060231949	0.32774674115456237	107,33,53,38
0.7359307359307359	0.7304121581230015	0.7359307359307359	0.726483825438277	0.3109869646182495	125,20,41,45
0.7186147186147186	0.7179109558627631	0.7186147186147186	0.7182491719181052	0.3296089385474861	115,32,33,51
0.6536796536796536	0.6517408307881326	0.6536796536796536	0.6526619076287951	0.34078212290502796	111,39,41,40
0.6753246753246753	0.6811301281499957	0.6753246753246753	0.6779174382410698	0.3221601489757915	116,40,35,40
0.70995670995671	0.707939247962165	0.70995670995671	0.7088263270948747	0.3258845437616388	114,32,35,50
0.645021645021645	0.643100828531292	0.645021645021645	0.6440136817914596	0.3296089385474861	109,40,42,40
0.6493506493506493	0.6391068887428552	0.6493506493506493	0.6432626934194332	0.33333333333333337	119,36,45,31
0.6536796536796536	0.6636147961449167	0.6536796536796536	0.6578904107218565	0.3798882681564246	112,44,36,39
0.6666666666666666	0.6570247933884297	0.6666666666666666	0.6448384640487327	0.3128491620111732	120,21,56,34
0.696969696969697	0.6851851851851851	0.696969696969697	0.6884057971014491	0.35940409683426444	126,28,42,35
0.6666666666666666	0.6651808987592536	0.6666666666666666	0.6658110516934046	0.3054003724394786	99,37,40,55
