accuracy	precision	recall	f1	oob	confMatrxVars
0.7792207792207793	0.7784506112926436	0.7792207792207793	0.7788202726978238	0.26443202979515834	132,25,26,48
0.7359307359307359	0.733953907364312	0.7359307359307359	0.7216026875332868	0.23091247672253257	128,16,45,42
0.7748917748917749	0.7717549117549117	0.7748917748917749	0.7727697139461847	0.25698324022346364	127,23,29,52
0.7532467532467533	0.7511465614182082	0.7532467532467533	0.7520644533568773	0.24208566108007445	125,27,30,49
0.7489177489177489	0.7490862430982191	0.7489177489177489	0.7383201214370045	0.22718808193668527	125,16,42,48
0.7402597402597403	0.7333454677830361	0.7402597402597403	0.7353249475890986	0.23091247672253257	129,25,35,42
0.7705627705627706	0.7656997620853042	0.7705627705627706	0.76348715532389	0.24394785847299816	131,18,35,47
0.7575757575757576	0.7507562743294752	0.7575757575757576	0.749029022620572	0.23277467411545627	132,19,37,43
0.7792207792207793	0.7765079365079365	0.7792207792207793	0.7752162481423618	0.24208566108007445	124,19,32,56
0.8354978354978355	0.8320621177764034	0.8354978354978355	0.8319730011357581	0.2774674115456238	144,14,24,49
0.7662337662337663	0.7621797440309237	0.7662337662337663	0.7545642763034068	0.24394785847299816	135,15,39,42
0.7575757575757576	0.7627480202215016	0.7575757575757576	0.7453825178782735	0.25139664804469275	127,13,43,48
0.7792207792207793	0.7732971556886228	0.7792207792207793	0.7735136209982104	0.26443202979515834	135,19,32,45
0.7662337662337663	0.781173372082463	0.7662337662337663	0.7708802308802308	0.23091247672253257	123,34,20,54
0.7705627705627706	0.7655122655122656	0.7705627705627706	0.7672717360669785	0.24767225325884545	135,23,30,43
0.7619047619047619	0.7577877164699153	0.7619047619047619	0.7594653158499294	0.24394785847299816	134,25,30,42
0.7619047619047619	0.7691328873147055	0.7619047619047619	0.7519311061128192	0.22718808193668527	123,13,42,53
0.7792207792207793	0.7758050104245955	0.7792207792207793	0.7728269686064452	0.24208566108007445	130,17,34,50
0.7705627705627706	0.7671693037009938	0.7705627705627706	0.7684817072572174	0.23277467411545627	131,24,29,47
0.7229437229437229	0.7155753532565128	0.7229437229437229	0.7164406617717314	0.2178770949720671	123,25,39,44
0.7359307359307359	0.7285609972356961	0.7359307359307359	0.7310607145339978	0.23836126629422716	131,26,35,39
0.7445887445887446	0.7486122538247638	0.7445887445887446	0.7462477642118359	0.24208566108007445	118,32,27,54
0.7229437229437229	0.7229437229437229	0.7229437229437229	0.7229437229437229	0.2029795158286778	121,32,32,46
0.7489177489177489	0.7449272881906834	0.7489177489177489	0.7463920064089844	0.23091247672253257	126,26,32,47
0.7445887445887446	0.7397604403973831	0.7445887445887446	0.7403899419591554	0.24581005586592175	122,24,35,50
