accuracy	precision	recall	f1	oob	confMatrxVars
0.7402597402597403	0.7402597402597403	0.7402597402597403	0.7402597402597403	0.24581005586592175	122,30,30,49
0.7619047619047619	0.7564220535235028	0.7619047619047619	0.7572997936443269	0.24581005586592175	129,22,33,47
0.7489177489177489	0.7449268332120623	0.7489177489177489	0.7447871602397711	0.23649906890130357	120,23,35,53
0.7575757575757576	0.7554807332585111	0.7575757575757576	0.7562929852086478	0.24767225325884545	120,26,30,55
0.7532467532467533	0.7624192804915697	0.7532467532467533	0.7566786768624505	0.23277467411545627	124,33,24,50
0.7619047619047619	0.7576530612244898	0.7619047619047619	0.7493382529878879	0.22905027932960897	135,15,40,41
0.7142857142857143	0.7065525596741765	0.7142857142857143	0.7090217741336174	0.22718808193668527	125,28,38,40
0.7532467532467533	0.7598110941484435	0.7532467532467533	0.7558281434612464	0.22532588454376168	123,32,25,51
0.7575757575757576	0.7663872770255749	0.7575757575757576	0.7605547823114303	0.23836126629422716	118,33,23,57
0.7748917748917749	0.7678171273945642	0.7748917748917749	0.7659493158219042	0.24767225325884545	138,17,35,41
0.7922077922077922	0.7942345499134125	0.7922077922077922	0.7867101963487505	0.25139664804469275	124,14,34,59
0.7748917748917749	0.7729074238391009	0.7748917748917749	0.7687335427175535	0.24022346368715086	126,17,35,53
0.7142857142857143	0.7047530782470541	0.7142857142857143	0.7058634100423592	0.22346368715083798	125,25,41,40
0.7619047619047619	0.7609295251843068	0.7619047619047619	0.7614021015480871	0.24022346368715086	135,27,28,41
0.7445887445887446	0.7382661624802344	0.7445887445887446	0.7407007309147982	0.22905027932960897	134,26,33,38
0.7402597402597403	0.7365079365079364	0.7402597402597403	0.7309833024118738	0.24394785847299816	124,19,41,47
0.7619047619047619	0.7613013249376887	0.7619047619047619	0.7531585083334584	0.24581005586592175	126,16,39,50
0.7142857142857143	0.705548910499766	0.7142857142857143	0.7071416275237932	0.22160148975791438	124,26,40,41
0.7489177489177489	0.7437125427660557	0.7489177489177489	0.7413405213914551	0.23836126629422716	126,20,38,47
0.7445887445887446	0.7390204865556977	0.7445887445887446	0.7392856801704129	0.23463687150837986	124,23,36,48
0.7619047619047619	0.7773074854430231	0.7619047619047619	0.767177627636306	0.25698324022346364	128,34,21,48
0.7878787878787878	0.78424349977145	0.7878787878787878	0.7833291990916205	0.2849162011173184	130,18,31,52
0.8008658008658008	0.7987923187923187	0.8008658008658008	0.7995727216506437	0.26815642458100564	131,21,25,54
0.7705627705627706	0.7669844826534968	0.7705627705627706	0.765244292444877	0.24208566108007445	126,19,34,52
0.8051948051948052	0.8046044864226682	0.8051948051948052	0.8048836736448379	0.25512104283054005	131,22,23,55
