accuracy	precision	recall	f1	oob	confMatrxVars
0.7705627705627706	0.7682385168773553	0.7705627705627706	0.7588090759349417	0.2942271880819367	135,14,39,43
0.7532467532467533	0.7475442783264639	0.7532467532467533	0.7447418794357569	0.26256983240223464	129,19,38,45
0.7229437229437229	0.7135591504012556	0.7229437229437229	0.7110054264983843	0.25325884543761634	128,21,43,39
0.7489177489177489	0.7424824171812123	0.7489177489177489	0.7447397833871264	0.25884543761638734	133,25,33,40
0.7402597402597403	0.7550360750360751	0.7402597402597403	0.7456543456543456	0.24208566108007445	126,36,24,45
0.7705627705627706	0.7731027142791849	0.7705627705627706	0.7716983822066633	0.27560521415270023	128,28,25,50
0.7532467532467533	0.7470060060421506	0.7532467532467533	0.7456371293105987	0.26629422718808193	129,20,37,45
0.7792207792207793	0.775028941282043	0.7792207792207793	0.7711285579624136	0.2998137802607076	134,16,35,46
0.7878787878787878	0.7835602400819792	0.7878787878787878	0.7844155844155843	0.2905027932960894	133,20,29,49
0.7445887445887446	0.737186746636597	0.7445887445887446	0.7364649274363186	0.26070763500931093	129,21,38,43
0.7532467532467533	0.7464402909049007	0.7532467532467533	0.7412651581994647	0.26070763500931093	134,17,40,40
0.7835497835497836	0.7795299938157082	0.7835497835497836	0.776147594543821	0.2737430167597765	134,16,34,47
0.7142857142857143	0.7078385452541672	0.7142857142857143	0.7010181245850035	0.26070763500931093	124,20,46,41
0.7835497835497836	0.7822222222222224	0.7835497835497836	0.7828239954725522	0.26443202979515834	130,24,26,51
0.7532467532467533	0.7490402760484483	0.7532467532467533	0.7409802367050329	0.2849162011173184	132,16,41,42
0.7619047619047619	0.7596629426870454	0.7619047619047619	0.7606488614700978	0.2793296089385475	129,26,29,47
0.7272727272727273	0.7211485604342748	0.7272727272727273	0.716243638001041	0.24581005586592175	125,20,43,43
0.7186147186147186	0.7093256141448911	0.7186147186147186	0.711558034442047	0.25884543761638734	127,26,39,39
0.7402597402597403	0.7402597402597403	0.7402597402597403	0.7402597402597403	0.2830540037243948	128,30,30,43
0.7575757575757576	0.7535624275868659	0.7575757575757576	0.7461801109688432	0.26815642458100564	132,16,40,43
0.7229437229437229	0.7164787239228926	0.7229437229437229	0.7110678384563734	0.2886405959031657	125,20,44,42
0.7575757575757576	0.7526170798898071	0.7575757575757576	0.754550334260479	0.2849162011173184	134,25,31,41
0.7748917748917749	0.7689218412109978	0.7748917748917749	0.7696009389671361	0.25139664804469275	134,20,32,45
0.7662337662337663	0.7605912160129028	0.7662337662337663	0.7593427900346575	0.2793296089385475	131,19,35,46
0.7532467532467533	0.747130281440438	0.7532467532467533	0.7489626361099716	0.24953445065176905	131,24,33,43
