accuracy	precision	recall	f1	oob	confMatrxVars
0.7272727272727273	0.7161084529505582	0.7272727272727273	0.7183764247984432	0.27188081936685293	132,24,39,36
0.7662337662337663	0.768020339448911	0.7662337662337663	0.75604370162944	0.24953445065176905	128,14,40,49
0.7316017316017316	0.7255091152978477	0.7316017316017316	0.7256980492274611	0.26629422718808193	122,24,38,47
0.7965367965367965	0.7908832276077934	0.7965367965367965	0.7916697188868442	0.23463687150837986	140,18,29,44
0.7575757575757576	0.7524221809936096	0.7575757575757576	0.7486430106509872	0.22346368715083798	130,18,38,45
0.7445887445887446	0.7454067418257958	0.7445887445887446	0.7449834492540977	0.25512104283054005	123,30,29,49
0.7922077922077922	0.7873912008916831	0.7922077922077922	0.7892040594136404	0.2867783985102421	143,21,27,40
0.7316017316017316	0.7326787645013295	0.7316017316017316	0.7181020733652311	0.26070763500931093	124,16,46,45
0.7445887445887446	0.7406643568168069	0.7445887445887446	0.7308760703073688	0.27188081936685293	131,16,43,41
0.7445887445887446	0.740456513183786	0.7445887445887446	0.7357395444202983	0.25512104283054005	125,19,40,47
0.7705627705627706	0.7660734327400994	0.7705627705627706	0.7675578491634186	0.24767225325884545	132,23,30,46
0.7359307359307359	0.7257830856569524	0.7359307359307359	0.7253383113237127	0.25884543761638734	132,21,40,38
0.7619047619047619	0.7603146021872491	0.7619047619047619	0.7609768356748972	0.23277467411545627	120,26,29,56
0.7835497835497836	0.7788084930942073	0.7835497835497836	0.7805981896890988	0.26256983240223464	140,22,28,41
0.7575757575757576	0.7537971552257265	0.7575757575757576	0.7444655898762178	0.25325884543761634	134,15,41,41
0.7445887445887446	0.7436019467075368	0.7445887445887446	0.7440808677635085	0.25512104283054005	131,29,30,41
0.7575757575757576	0.7619834710743801	0.7575757575757576	0.7423815620998719	0.26070763500931093	132,12,44,43
0.7619047619047619	0.7561392655221597	0.7619047619047619	0.7571536551128387	0.2793296089385475	130,22,33,46
0.7662337662337663	0.7620093272267184	0.7662337662337663	0.7635689781916196	0.24767225325884545	132,24,30,45
0.7619047619047619	0.7564220535235028	0.7619047619047619	0.7572997936443269	0.25325884543761634	129,22,33,47
0.7575757575757576	0.7516388373531231	0.7575757575757576	0.7451089749898844	0.24953445065176905	135,16,40,40
0.7445887445887446	0.7405408444369483	0.7445887445887446	0.741381495715985	0.24394785847299816	120,25,34,52
0.7878787878787878	0.7887284797662156	0.7878787878787878	0.7882879920497475	0.2960893854748603	135,25,24,47
0.7705627705627706	0.7684166593478194	0.7705627705627706	0.7693525392348216	0.23836126629422716	130,25,28,48
0.7445887445887446	0.7408500590318772	0.7445887445887446	0.7420062243115831	0.24581005586592175	121,26,33,51
