accuracy	precision	recall	f1	oob	confMatrxVars
0.7316017316017316	0.7281004207060544	0.7316017316017316	0.7296237662112467	0.26256983240223464	127,29,33,42
0.7705627705627706	0.7698082021430992	0.7705627705627706	0.7631169011977197	0.25698324022346364	126,16,37,52
0.7619047619047619	0.7590937201326812	0.7619047619047619	0.7601256082481563	0.27560521415270023	124,25,30,52
0.7748917748917749	0.7699001035367982	0.7748917748917749	0.7692631004732916	0.27188081936685293	131,19,33,48
0.7575757575757576	0.7502896525364007	0.7575757575757576	0.7474910131914964	0.2737430167597765	134,18,38,41
0.7359307359307359	0.7304121581230015	0.7359307359307359	0.726483825438277	0.3016759776536313	125,20,41,45
0.7532467532467533	0.749185656828969	0.7532467532467533	0.7504880535037096	0.24394785847299816	125,25,32,49
0.8051948051948052	0.8023742123072041	0.8051948051948052	0.7973807214683128	0.26070763500931093	140,13,32,46
0.7619047619047619	0.7600729376257547	0.7619047619047619	0.7553702977652132	0.2905027932960894	123,18,37,53
0.7229437229437229	0.7140710462192498	0.7229437229437229	0.7137557546782448	0.27001862197392923	126,23,41,41
0.7575757575757576	0.7499869857189957	0.7575757575757576	0.7497459062676455	0.3016759776536313	133,20,36,42
0.7662337662337663	0.7727711054615587	0.7662337662337663	0.7544759993826208	0.26443202979515834	128,12,42,49
0.7575757575757576	0.7523707282161388	0.7575757575757576	0.7540026588058493	0.25698324022346364	130,24,32,45
0.7835497835497836	0.7805611926867791	0.7835497835497836	0.7818020488827941	0.2905027932960894	136,23,27,45
0.7965367965367965	0.7926792083418589	0.7965367965367965	0.7908266359261681	0.2942271880819367	135,16,31,49
0.7575757575757576	0.7506333024405313	0.7575757575757576	0.7518779342723004	0.2867783985102421	132,22,34,43
0.7316017316017316	0.7255322955806048	0.7316017316017316	0.7276458008207617	0.25884543761638734	127,27,35,42
0.7705627705627706	0.7633241075864026	0.7705627705627706	0.7632970435890145	0.27560521415270023	136,19,34,42
0.7402597402597403	0.7314305752107101	0.7402597402597403	0.7343565525383706	0.26256983240223464	135,25,35,36
0.7705627705627706	0.7652884166731473	0.7705627705627706	0.7632651043072016	0.27560521415270023	132,18,35,46
0.7662337662337663	0.7645920344715526	0.7662337662337663	0.7576114038762596	0.2867783985102421	128,16,38,49
0.7532467532467533	0.7446393762183235	0.7532467532467533	0.7443907916900617	0.27560521415270023	134,20,37,40
0.7748917748917749	0.7650454121042356	0.7748917748917749	0.7630611111806869	0.2774674115456238	144,16,36,35
0.7445887445887446	0.7367169637641101	0.7445887445887446	0.7394404774024035	0.27001862197392923	135,25,34,37
0.7748917748917749	0.7708834375501042	0.7748917748917749	0.7723256827030412	0.2830540037243948	133,23,29,46
