accuracy	precision	recall	f1	oob	confMatrxVars
0.8008658008658008	0.7966398680684394	0.8008658008658008	0.7981503345139709	0.26815642458100564	142,20,26,43
0.7359307359307359	0.7331941811373919	0.7359307359307359	0.726544792786831	0.23836126629422716	122,19,42,48
0.7748917748917749	0.7681697954650808	0.7748917748917749	0.7699237420751799	0.26815642458100564	138,21,31,41
0.7835497835497836	0.7855661810464071	0.7835497835497836	0.7705635516894991	0.25698324022346364	138,11,39,43
0.7402597402597403	0.7350171936612027	0.7402597402597403	0.7355226385872621	0.2811918063314711	122,24,36,49
0.7445887445887446	0.7409668535037011	0.7445887445887446	0.7424132265596459	0.22718808193668527	126,27,32,46
0.7229437229437229	0.7207457554852097	0.7229437229437229	0.7099376005997398	0.25698324022346364	123,18,46,44
0.7619047619047619	0.7650324351297404	0.7619047619047619	0.7516374207558405	0.25139664804469275	126,14,41,50
0.7402597402597403	0.7373617703415196	0.7402597402597403	0.7281982950772761	0.25698324022346364	127,17,43,44
0.7532467532467533	0.7474485110848748	0.7532467532467533	0.7458711925122715	0.24767225325884545	128,20,37,46
0.7748917748917749	0.7697558666522939	0.7748917748917749	0.7707444281052743	0.27560521415270023	132,21,31,47
0.7705627705627706	0.7667689803982504	0.7705627705627706	0.7679130100603545	0.23463687150837986	128,23,30,50
0.7532467532467533	0.7449147948240508	0.7532467532467533	0.7419781034459934	0.25139664804469275	135,18,39,39
0.7705627705627706	0.7682385168773553	0.7705627705627706	0.7588090759349417	0.2849162011173184	135,14,39,43
0.7229437229437229	0.7134229916789797	0.7229437229437229	0.7153466252057801	0.23836126629422716	128,25,39,39
0.7272727272727273	0.7194674012855831	0.7272727272727273	0.7191207917240896	0.23277467411545627	125,23,40,43
0.7878787878787878	0.7833792470156106	0.7878787878787878	0.7848361333449425	0.25698324022346364	137,21,28,45
0.7532467532467533	0.7413739221648826	0.7532467532467533	0.7426912790473621	0.24953445065176905	140,20,37,34
0.7922077922077922	0.7908954817637451	0.7922077922077922	0.7847853644031988	0.26256983240223464	133,14,34,50
0.7922077922077922	0.7869293879772922	0.7922077922077922	0.787174316366863	0.25884543761638734	137,18,30,46
0.7359307359307359	0.7298406433885476	0.7359307359307359	0.7261803816470712	0.24208566108007445	126,20,41,44
0.7575757575757576	0.7534576534576535	0.7575757575757576	0.7540136463977524	0.25139664804469275	123,23,33,52
0.8051948051948052	0.8028335301062575	0.8051948051948052	0.8032250863393431	0.25698324022346364	128,19,26,58
0.7316017316017316	0.730814639905549	0.7316017316017316	0.7147795866105725	0.2178770949720671	129,15,47,40
0.7489177489177489	0.7418003683063924	0.7489177489177489	0.7438493183834798	0.25698324022346364	132,24,34,41
