accuracy	precision	recall	f1	oob	confMatrxVars
0.683982683982684	0.7566312475403384	0.683982683982684	0.5937551681060729	0.3165735567970205	148,1,72,10
0.670995670995671	0.6849103277674706	0.670995670995671	0.5647733431009037	0.2905027932960894	150,2,74,5
0.6536796536796536	0.7038079204745871	0.6536796536796536	0.5662624154244267	0.2849162011173184	139,3,77,12
0.6796536796536796	0.785012025012025	0.6796536796536796	0.5733537038584045	0.33519553072625696	151,0,74,6
0.70995670995671	0.6982940955543695	0.70995670995671	0.6294449634882607	0.3165735567970205	156,4,63,8
0.6536796536796536	0.7245284477427334	0.6536796536796536	0.543373978156587	0.3128491620111732	145,1,79,6
0.70995670995671	0.7390503875968992	0.70995670995671	0.6388087536789347	0.3221601489757915	151,3,64,13
0.670995670995671	0.7025390511629044	0.670995670995671	0.5825083386558797	0.3202979515828678	145,3,73,10
0.7056277056277056	0.694953448378106	0.7056277056277056	0.6238576238576239	0.3091247672253259	155,4,64,8
0.6666666666666666	0.7833333333333333	0.6666666666666666	0.5723905723905724	0.3147113594040968	143,0,77,11
0.7229437229437229	0.7207998350855493	0.7229437229437229	0.6658857639431184	0.3016759776536313	152,6,58,15
0.696969696969697	0.7181839567160668	0.696969696969697	0.6152927120669055	0.3240223463687151	151,3,67,10
0.70995670995671	0.6798107518283439	0.70995670995671	0.6421065830721002	0.3128491620111732	154,7,60,10
0.7142857142857143	0.7016742770167427	0.7142857142857143	0.6350449293966623	0.32774674115456237	157,4,62,8
0.7359307359307359	0.7695374800637957	0.7359307359307359	0.6825834098561371	0.297951582867784	151,3,58,19
0.7445887445887446	0.7689678742310321	0.7445887445887446	0.688454402740117	0.32774674115456237	156,3,56,16
0.645021645021645	0.7119769119769119	0.645021645021645	0.5290592681897031	0.3184357541899442	144,1,81,5
0.696969696969697	0.7456859576675245	0.696969696969697	0.617760631289771	0.3072625698324022	149,2,68,12
0.6926406926406926	0.6964151845955033	0.6926406926406926	0.6195056628442546	0.3035381750465549	148,5,66,12
0.7056277056277056	0.6936383293501763	0.7056277056277056	0.658822698042541	0.292364990689013	144,10,58,19
0.7229437229437229	0.7317746552980421	0.7229437229437229	0.6783764467380285	0.2960893854748603	145,7,57,22
0.7272727272727273	0.7329814735028005	0.7272727272727273	0.6691462222540114	0.3221601489757915	153,5,58,15
0.6883116883116883	0.7880519480519481	0.6883116883116883	0.5844155844155844	0.33891992551210426	153,0,72,6
0.6233766233766234	0.7658385093167701	0.6233766233766234	0.48321922376806853	0.34078212290502796	143,0,87,1
0.6406926406926406	0.6499202551834131	0.6406926406926406	0.5122340647857889	0.3221601489757915	146,1,82,2
