accuracy	precision	recall	f1	oob	confMatrxVars
0.7662337662337663	0.7629786292206675	0.7662337662337663	0.7615873015873016	0.26070763500931093	123,20,34,54
0.7662337662337663	0.760094451003542	0.7662337662337663	0.7609041901494732	0.27560521415270023	132,21,33,45
0.7748917748917749	0.7705168505554233	0.7748917748917749	0.766073715017377	0.24581005586592175	134,16,36,45
0.7662337662337663	0.7626397371728442	0.7662337662337663	0.762914862914863	0.27001862197392923	123,22,32,54
0.7575757575757576	0.7575757575757576	0.7575757575757576	0.7575757575757576	0.22905027932960897	126,28,28,49
0.7445887445887446	0.7370842009396226	0.7445887445887446	0.7374206706307216	0.27188081936685293	129,22,37,43
0.7662337662337663	0.763821892393321	0.7662337662337663	0.7535918188092101	0.24767225325884545	135,14,40,42
0.7532467532467533	0.7473678584789696	0.7532467532467533	0.7484743315950297	0.25325884543761634	128,23,34,46
0.7402597402597403	0.7384605261963753	0.7402597402597403	0.7393026602320864	0.24208566108007445	128,29,31,43
0.7792207792207793	0.779659953572997	0.7792207792207793	0.7722917844345081	0.26256983240223464	126,15,36,54
0.7316017316017316	0.7316017316017316	0.7316017316017316	0.7316017316017316	0.21601489757914338	122,31,31,47
0.7489177489177489	0.7437583380979608	0.7489177489177489	0.744183920654509	0.26070763500931093	124,23,35,49
0.7619047619047619	0.7579307796738327	0.7619047619047619	0.7595375394142545	0.24581005586592175	133,25,30,43
0.7792207792207793	0.7741361296148337	0.7792207792207793	0.775387621782606	0.25325884543761634	134,21,30,46
0.7402597402597403	0.73272989636626	0.7402597402597403	0.7335601800661623	0.25325884543761634	128,23,37,43
0.7489177489177489	0.7460188288213767	0.7489177489177489	0.7472339205785726	0.24953445065176905	126,27,31,47
0.7792207792207793	0.7751784484011117	0.7792207792207793	0.7735791816198964	0.2774674115456238	130,18,33,50
0.8095238095238095	0.806684412895593	0.8095238095238095	0.8056916484760288	0.27188081936685293	133,16,28,54
0.7748917748917749	0.7705246973585297	0.7748917748917749	0.7674265506760739	0.26815642458100564	132,17,35,47
0.7402597402597403	0.7402597402597403	0.7402597402597403	0.7402597402597403	0.23463687150837986	123,30,30,48
0.7186147186147186	0.7104586349216855	0.7186147186147186	0.7128235628181238	0.25698324022346364	126,27,38,40
0.7575757575757576	0.7519277228050435	0.7575757575757576	0.7537772087067863	0.24953445065176905	132,24,32,43
0.7792207792207793	0.7734614782807554	0.7792207792207793	0.7743916453401439	0.2737430167597765	135,20,31,45
0.7272727272727273	0.7217640338659448	0.7272727272727273	0.7227892600580813	0.21601489757914338	120,26,37,48
0.7575757575757576	0.7502644574968587	0.7575757575757576	0.7487671748541314	0.26070763500931093	133,19,37,42
