accuracy	precision	recall	f1	oob	confMatrxVars
0.7402597402597403	0.7404538853612005	0.7402597402597403	0.7259035398449305	0.24767225325884545	128,15,45,43
0.7792207792207793	0.7758328627893845	0.7792207792207793	0.7739315428713348	0.25139664804469275	128,18,33,52
0.7316017316017316	0.7250207625162122	0.7316017316017316	0.7235019366598314	0.24208566108007445	124,22,40,45
0.7359307359307359	0.7318727024609378	0.7359307359307359	0.7321571692626193	0.23277467411545627	117,25,36,53
0.7878787878787878	0.7841623785020011	0.7878787878787878	0.7847290725645951	0.22346368715083798	130,20,29,52
0.7705627705627706	0.7648817046407408	0.7705627705627706	0.7641236532784449	0.26815642458100564	132,19,34,46
0.7748917748917749	0.77147804576376	0.7748917748917749	0.7633154767763212	0.23836126629422716	137,14,38,42
0.7272727272727273	0.72048794877579	0.7272727272727273	0.7158936301793445	0.21973929236499068	126,20,43,42
0.7316017316017316	0.7289218717790147	0.7316017316017316	0.7199020277967647	0.25139664804469275	124,18,44,45
0.7662337662337663	0.760094451003542	0.7662337662337663	0.7609041901494732	0.27560521415270023	132,21,33,45
0.7445887445887446	0.7454067418257958	0.7445887445887446	0.7449834492540977	0.23463687150837986	123,30,29,49
0.7445887445887446	0.7393918974107654	0.7445887445887446	0.740796230230839	0.26256983240223464	125,25,34,47
0.7272727272727273	0.7236208236208236	0.7272727272727273	0.7250948064229562	0.24394785847299816	122,29,34,46
0.7705627705627706	0.7659932659932659	0.7705627705627706	0.7624065553359582	0.24022346368715086	132,17,36,46
0.7489177489177489	0.7490862430982191	0.7489177489177489	0.7383201214370045	0.26070763500931093	125,16,42,48
0.7316017316017316	0.7257723642816811	0.7316017316017316	0.7277668105693582	0.24208566108007445	126,27,35,43
0.7359307359307359	0.7368302692978018	0.7359307359307359	0.7363664108381415	0.24208566108007445	124,31,30,46
0.7575757575757576	0.7517068136454365	0.7575757575757576	0.7495362853434642	0.25325884543761634	130,19,37,45
0.7229437229437229	0.7249114521841794	0.7229437229437229	0.7238727316825789	0.23836126629422716	123,33,31,44
0.7575757575757576	0.7540181691125089	0.7575757575757576	0.7518763796909492	0.25139664804469275	123,20,36,52
0.7965367965367965	0.7985787061740572	0.7965367965367965	0.7974184802149556	0.26815642458100564	127,25,22,57
0.7575757575757576	0.7543708234914098	0.7575757575757576	0.7544836116264688	0.24953445065176905	119,23,33,56
0.7792207792207793	0.7844381052473538	0.7792207792207793	0.7672415912163546	0.27001862197392923	133,11,40,47
0.7402597402597403	0.7333883048168762	0.7402597402597403	0.7306889399832005	0.25884543761638734	128,20,40,43
0.7619047619047619	0.7583417169684775	0.7619047619047619	0.7597451679084332	0.26256983240223464	130,25,30,46
