accuracy	precision	recall	f1	oob	confMatrxVars
0.70995670995671	0.7479805861136547	0.70995670995671	0.6449699672840168	0.3128491620111732	148,3,64,16
0.7056277056277056	0.7180106714990436	0.7056277056277056	0.6335047639395466	0.32774674115456237	151,4,64,12
0.7186147186147186	0.7777024199042547	0.7186147186147186	0.6427863989691865	0.3202979515828678	154,1,64,12
0.7012987012987013	0.7937219730941705	0.7012987012987013	0.6073958495865189	0.32774674115456237	154,0,69,8
0.658008658008658	0.7180513550376564	0.658008658008658	0.5637961671019521	0.3202979515828678	142,2,77,10
0.6796536796536796	0.6558657029245264	0.6796536796536796	0.5848455931335693	0.3296089385474861	151,4,70,6
0.7186147186147186	0.7529823701621118	0.7186147186147186	0.6557808806078824	0.3202979515828678	150,3,62,16
0.670995670995671	0.6696103896103897	0.670995670995671	0.5613275613275613	0.3258845437616388	151,2,74,4
0.6623376623376623	0.6	0.6623376623376623	0.5655080213903743	0.3035381750465549	148,6,72,5
0.6277056277056277	0.6917442439566334	0.6277056277056277	0.5038514522788344	0.3128491620111732	141,1,85,4
0.7272727272727273	0.7426237357112934	0.7272727272727273	0.6564461907261094	0.33147113594040967	157,3,60,11
0.7402597402597403	0.812745394140743	0.7402597402597403	0.6766218505348941	0.3128491620111732	155,0,60,16
0.658008658008658	0.7329339195931123	0.658008658008658	0.5521136205636599	0.3184357541899442	145,1,78,7
0.6493506493506493	0.6841040125793488	0.6493506493506493	0.5407747248817272	0.2998137802607076	144,2,79,6
0.670995670995671	0.7288460774699307	0.670995670995671	0.5826758275737869	0.3165735567970205	144,2,74,11
0.6926406926406926	0.6673360590027256	0.6926406926406926	0.6150717473427356	0.2905027932960894	151,6,65,9
0.7272727272727273	0.716913424212332	0.7272727272727273	0.6677766610893098	0.3109869646182495	155,6,57,13
0.670995670995671	0.6845612145151315	0.670995670995671	0.5850365481513022	0.3128491620111732	145,4,72,10
0.7056277056277056	0.7329572388395916	0.7056277056277056	0.6184062850729517	0.3072625698324022	155,2,66,8
0.6363636363636364	0.7171846011131724	0.6363636363636364	0.521795827123696	0.3035381750465549	141,1,83,6
0.7532467532467533	0.7766326090970641	0.7532467532467533	0.7010617414930084	0.3202979515828678	157,3,54,17
0.6926406926406926	0.6946985084425843	0.6926406926406926	0.626032064048593	0.2905027932960894	146,6,65,14
0.6926406926406926	0.6853054353054352	0.6926406926406926	0.6148927442727982	0.2905027932960894	150,5,66,10
0.7186147186147186	0.7462219598583235	0.7186147186147186	0.6378585651243566	0.33147113594040967	157,2,63,9
0.7316017316017316	0.7466905075600728	0.7316017316017316	0.6810954055152949	0.3109869646182495	150,5,57,19
