accuracy	precision	recall	f1	oob	confMatrxVars
0.7705627705627706	0.7697506228915396	0.7705627705627706	0.7656790570941266	0.24394785847299816	120,18,35,58
0.7705627705627706	0.7665038593678902	0.7705627705627706	0.7612679901081154	0.25698324022346364	133,16,37,45
0.7575757575757576	0.7545134603958134	0.7575757575757576	0.7555106621773289	0.25325884543761634	122,25,31,53
0.7835497835497836	0.7795835619779282	0.7835497835497836	0.7805527805527804	0.24581005586592175	131,21,29,50
0.7619047619047619	0.7583641028307939	0.7619047619047619	0.7544411507860966	0.24953445065176905	127,18,37,49
0.7445887445887446	0.7407592407592407	0.7445887445887446	0.7414928505837598	0.24022346368715086	119,25,34,53
0.7619047619047619	0.7573000898472596	0.7619047619047619	0.7583693671643414	0.24953445065176905	127,23,32,49
0.7748917748917749	0.7744491846125241	0.7748917748917749	0.7630770885429271	0.25698324022346364	135,13,39,44
0.7316017316017316	0.7226765519918846	0.7316017316017316	0.7210878909822572	0.25325884543761634	129,21,41,40
0.7662337662337663	0.7635724930806898	0.7662337662337663	0.7488404452690166	0.24581005586592175	141,12,42,36
0.7662337662337663	0.7581456777357447	0.7662337662337663	0.7606017672447313	0.25698324022346364	140,22,32,37
0.7575757575757576	0.7485780593125226	0.7575757575757576	0.7450950655769933	0.25139664804469275	138,17,39,37
0.7402597402597403	0.7314814814814815	0.7402597402597403	0.732919254658385	0.22160148975791438	131,23,37,40
0.70995670995671	0.7092023761691464	0.70995670995671	0.7095660792630489	0.22346368715083798	115,33,34,49
0.7445887445887446	0.7404401154401156	0.7445887445887446	0.7342599149533557	0.25512104283054005	127,18,41,45
0.7662337662337663	0.7609864882592156	0.7662337662337663	0.7595535812096321	0.24953445065176905	130,19,35,47
0.7532467532467533	0.7460130997257323	0.7532467532467533	0.7439242006750457	0.24208566108007445	132,19,38,42
0.7835497835497836	0.7895837495837496	0.7835497835497836	0.7860171798851043	0.26070763500931093	134,28,22,47
0.7619047619047619	0.7566992014196983	0.7619047619047619	0.757443106285763	0.25325884543761634	128,22,33,48
0.7316017316017316	0.7239349656532037	0.7316017316017316	0.7248906197950784	0.23091247672253257	126,24,38,43
0.7142857142857143	0.7072951145240302	0.7142857142857143	0.7037472714043174	0.22532588454376168	122,22,44,43
0.7575757575757576	0.7519640852974186	0.7575757575757576	0.7532460080230781	0.25139664804469275	129,23,33,46
0.7532467532467533	0.7524353424353424	0.7532467532467533	0.752826398915707	0.26815642458100564	127,28,29,47
0.7229437229437229	0.7151515151515151	0.7229437229437229	0.7143123543123543	0.23836126629422716	124,23,41,43
0.7662337662337663	0.7597415121040965	0.7662337662337663	0.757739775752198	0.25325884543761634	134,18,36,43
