accuracy	precision	recall	f1	oob	confMatrxVars
0.7705627705627706	0.7695352839931152	0.7705627705627706	0.7700336378641768	0.26815642458100564	139,26,27,39
0.7445887445887446	0.7379831464097072	0.7445887445887446	0.7387507104470031	0.24208566108007445	127,23,36,45
0.7662337662337663	0.760094451003542	0.7662337662337663	0.7609041901494732	0.23649906890130357	132,21,33,45
0.7316017316017316	0.725732901636516	0.7316017316017316	0.7281511042788561	0.23277467411545627	132,28,34,37
0.7445887445887446	0.7345431318604307	0.7445887445887446	0.7254039578667251	0.23277467411545627	140,15,44,32
0.7012987012987013	0.6950793650793651	0.7012987012987013	0.6958808063102542	0.22346368715083798	115,28,41,47
0.7532467532467533	0.7505375204409181	0.7532467532467533	0.7515253484845377	0.25512104283054005	121,26,31,53
0.7922077922077922	0.7936812642694996	0.7922077922077922	0.7928824422330915	0.2811918063314711	130,25,23,53
0.7792207792207793	0.775323532101701	0.7792207792207793	0.7765034673712332	0.27188081936685293	131,22,29,49
0.7532467532467533	0.7432003710575138	0.7532467532467533	0.7424344756509604	0.23277467411545627	137,19,38,37
0.7575757575757576	0.750429464715179	0.7575757575757576	0.7499786598378148	0.24022346368715086	132,20,36,43
0.7359307359307359	0.731995277449823	0.7359307359307359	0.7332606725933318	0.26443202979515834	120,27,34,50
0.7316017316017316	0.7297971665927275	0.7316017316017316	0.7306430013436384	0.21973929236499068	126,30,32,43
0.7619047619047619	0.7753443018806148	0.7619047619047619	0.7443873154750068	0.25325884543761634	133,9,46,43
0.7445887445887446	0.7379463592510499	0.7445887445887446	0.7329075776083133	0.24953445065176905	131,18,41,41
0.7532467532467533	0.7540384332522907	0.7532467532467533	0.7536280780929419	0.25325884543761634	124,29,28,50
0.7575757575757576	0.7575757575757576	0.7575757575757576	0.7575757575757576	0.24208566108007445	121,28,28,54
0.8051948051948052	0.8074717490301906	0.8051948051948052	0.8061903812420199	0.2830540037243948	133,24,21,53
0.8008658008658008	0.8017143171408144	0.8008658008658008	0.7909251242584575	0.25512104283054005	139,11,35,46
0.7316017316017316	0.721423367067829	0.7316017316017316	0.7204364788905853	0.23836126629422716	131,21,41,38
0.7662337662337663	0.7651044607566347	0.7662337662337663	0.7593639803904705	0.23649906890130357	124,17,37,53
0.7186147186147186	0.7140898433767703	0.7186147186147186	0.715671028019244	0.24022346368715086	119,29,36,47
0.7792207792207793	0.7788236517759634	0.7792207792207793	0.7718158483315571	0.23649906890130357	128,15,36,52
0.7835497835497836	0.7792091608516729	0.7835497835497836	0.7803595167909371	0.22532588454376168	133,21,29,48
0.7575757575757576	0.7519640852974186	0.7575757575757576	0.7532460080230781	0.24767225325884545	129,23,33,46
