accuracy	precision	recall	f1	oob	confMatrxVars
0.7359307359307359	0.7310469928394457	0.7359307359307359	0.732781765766583	0.24581005586592175	125,27,34,45
0.7402597402597403	0.7336396912362269	0.7402597402597403	0.7354743401214703	0.24767225325884545	128,25,35,43
0.7402597402597403	0.7485761905470532	0.7402597402597403	0.7435244494068024	0.26070763500931093	123,34,26,48
0.7316017316017316	0.7239349656532037	0.7316017316017316	0.7248906197950784	0.24022346368715086	126,24,38,43
0.7705627705627706	0.7667689803982504	0.7705627705627706	0.7679130100603545	0.2830540037243948	128,23,30,50
0.7792207792207793	0.7800776473396552	0.7792207792207793	0.7796338546692076	0.24022346368715086	133,26,25,47
0.7748917748917749	0.7695210989714084	0.7748917748917749	0.769914958747974	0.24953445065176905	132,20,32,47
0.7575757575757576	0.7519277228050435	0.7575757575757576	0.7537772087067863	0.25325884543761634	132,24,32,43
0.7748917748917749	0.7698551903138725	0.7748917748917749	0.7713645509420156	0.25325884543761634	134,22,30,45
0.7662337662337663	0.7785991785991785	0.7662337662337663	0.7709526498346375	0.25325884543761634	134,32,22,43
0.7489177489177489	0.7440009848541147	0.7489177489177489	0.7449728920317156	0.26443202979515834	124,24,34,49
0.7056277056277056	0.7123082767122502	0.7056277056277056	0.708494968235228	0.24394785847299816	120,37,31,43
0.7792207792207793	0.775809145235897	0.7792207792207793	0.7767524689243718	0.24767225325884545	128,22,29,52
0.7012987012987013	0.6931185850916466	0.7012987012987013	0.6961126647647025	0.23277467411545627	125,30,39,37
0.7532467532467533	0.7463352515747725	0.7532467532467533	0.7485583030108578	0.25139664804469275	134,24,33,40
0.7402597402597403	0.7436597918525629	0.7402597402597403	0.741734808401475	0.24767225325884545	120,32,28,51
0.7445887445887446	0.7408280922431867	0.7445887445887446	0.7423433468419209	0.24208566108007445	127,27,32,45
0.7878787878787878	0.7821840857555142	0.7878787878787878	0.7822281437445034	0.2811918063314711	137,18,31,45
0.7619047619047619	0.7548964570858282	0.7619047619047619	0.7557499834294426	0.25325884543761634	133,21,34,43
0.7489177489177489	0.7407363759450875	0.7489177489177489	0.7370817261650895	0.27560521415270023	134,18,40,39
0.7662337662337663	0.7646844225654699	0.7662337662337663	0.7653987431057495	0.26443202979515834	130,26,28,47
0.7922077922077922	0.7887781232851656	0.7922077922077922	0.788159892055996	0.2811918063314711	130,18,30,53
0.7445887445887446	0.7353024667393038	0.7445887445887446	0.736500482485884	0.24394785847299816	133,22,37,39
0.7532467532467533	0.7482858756150681	0.7532467532467533	0.7473352537973742	0.24767225325884545	125,21,36,49
0.7272727272727273	0.7180950598802395	0.7272727272727273	0.7202227082919068	0.21601489757914338	129,25,38,39
