accuracy	precision	recall	f1	oob	confMatrxVars
0.7532467532467533	0.7487865669683852	0.7532467532467533	0.7506420586712559	0.24581005586592175	134,26,31,40
0.7619047619047619	0.7560015741833923	0.7619047619047619	0.7554259799157759	0.26629422718808193	130,20,35,46
0.7575757575757576	0.7575757575757576	0.7575757575757576	0.7575757575757576	0.24953445065176905	132,28,28,43
0.6883116883116883	0.6800487871916444	0.6883116883116883	0.6747249355059202	0.23463687150837986	119,23,49,40
0.7748917748917749	0.7706542284007073	0.7748917748917749	0.7717748917748918	0.25884543761638734	130,22,30,49
0.7575757575757576	0.7560683760683762	0.7575757575757576	0.7567628749292586	0.24394785847299816	127,27,29,48
0.7272727272727273	0.7185525318055439	0.7272727272727273	0.7196186821989063	0.24022346368715086	127,24,39,41
0.7835497835497836	0.7835497835497836	0.7835497835497836	0.7835497835497836	0.26815642458100564	132,25,25,49
0.7662337662337663	0.762917082917083	0.7662337662337663	0.7640300875594993	0.24953445065176905	126,24,30,51
0.7445887445887446	0.73983749914271	0.7445887445887446	0.7339321298504972	0.23463687150837986	128,18,41,44
0.7662337662337663	0.7621171961383508	0.7662337662337663	0.7631978411199191	0.24767225325884545	127,23,31,50
0.7619047619047619	0.7567779569053686	0.7619047619047619	0.7585906504180514	0.26629422718808193	133,24,31,43
0.7619047619047619	0.753110851675731	0.7619047619047619	0.7528395456726923	0.26070763500931093	137,19,36,39
0.7878787878787878	0.7871872571872572	0.7878787878787878	0.7875174306468359	0.24394785847299816	131,24,25,51
0.7748917748917749	0.7700311384521911	0.7748917748917749	0.7658035546234303	0.25512104283054005	135,16,36,44
0.7489177489177489	0.74365695138642	0.7489177489177489	0.7423961320065215	0.25325884543761634	125,21,37,48
0.8008658008658008	0.7976077032680806	0.8008658008658008	0.79819490074159	0.26070763500931093	132,19,27,53
0.7878787878787878	0.7820208891637462	0.7878787878787878	0.7829527163833734	0.26256983240223464	138,19,30,44
0.7489177489177489	0.7444575626393808	0.7489177489177489	0.740498607221867	0.25698324022346364	126,19,39,47
0.7489177489177489	0.7459806198216794	0.7489177489177489	0.7469248704188464	0.23649906890130357	119,26,32,54
0.7965367965367965	0.7942521318021863	0.7965367965367965	0.7952481581678661	0.25139664804469275	139,22,25,45
0.7402597402597403	0.7376504300961149	0.7402597402597403	0.7264423207819435	0.23463687150837986	129,16,44,42
0.7445887445887446	0.7404939504939504	0.7445887445887446	0.741825811931273	0.22346368715083798	123,26,33,49
0.7575757575757576	0.7544814340588989	0.7575757575757576	0.7557892081908033	0.24767225325884545	130,26,30,45
0.7575757575757576	0.7519277228050435	0.7575757575757576	0.7537772087067863	0.25698324022346364	132,24,32,43
