accuracy	precision	recall	f1	oob	confMatrxVars
0.7532467532467533	0.7457792207792208	0.7532467532467533	0.7409048987030638	0.22905027932960897	135,17,40,39
0.8008658008658008	0.7957399321214851	0.8008658008658008	0.7938341236484666	0.26070763500931093	141,15,31,44
0.7662337662337663	0.7618386314038488	0.7662337662337663	0.74780523237611	0.24581005586592175	143,12,42,34
0.7575757575757576	0.7515140483833604	0.7575757575757576	0.7515141082020064	0.25139664804469275	129,21,35,46
0.7445887445887446	0.757444189797131	0.7445887445887446	0.7247815484045351	0.23463687150837986	131,10,49,41
0.7705627705627706	0.7683352327518191	0.7705627705627706	0.7606894573934713	0.24767225325884545	132,15,38,46
0.7142857142857143	0.7357142857142857	0.7142857142857143	0.6938775510204082	0.2067039106145251	121,11,55,44
0.7575757575757576	0.752978020188008	0.7575757575757576	0.7537669302375185	0.24394785847299816	125,23,33,50
0.7445887445887446	0.746334226370524	0.7445887445887446	0.7297747250754976	0.23836126629422716	129,14,45,43
0.7792207792207793	0.7741524201977485	0.7792207792207793	0.763328913155626	0.24767225325884545	145,12,39,35
0.7619047619047619	0.7575956763073328	0.7619047619047619	0.7552267940617456	0.22532588454376168	127,19,36,49
0.7619047619047619	0.755479969765684	0.7619047619047619	0.7540964782344093	0.23463687150837986	132,19,36,44
0.7619047619047619	0.7546296296296297	0.7619047619047619	0.7563754979813374	0.24767225325884545	135,22,33,41
0.7402597402597403	0.7531582054309328	0.7402597402597403	0.7226314742238309	0.24208566108007445	127,11,49,44
0.7705627705627706	0.7979177334016042	0.7705627705627706	0.7484669119607529	0.26070763500931093	138,5,48,40
0.7748917748917749	0.7771660369425731	0.7748917748917749	0.7599876764419902	0.25139664804469275	138,11,41,41
0.7922077922077922	0.7886316581968755	0.7922077922077922	0.7898390917258842	0.25139664804469275	135,21,27,48
0.7575757575757576	0.7516388373531231	0.7575757575757576	0.7451089749898844	0.24208566108007445	135,16,40,40
0.7619047619047619	0.759976057462091	0.7619047619047619	0.7464405695088786	0.24394785847299816	137,13,42,39
0.7705627705627706	0.7650582140456779	0.7705627705627706	0.7618944322066216	0.24208566108007445	134,17,36,44
0.7489177489177489	0.7553580922001975	0.7489177489177489	0.7354471222043377	0.23836126629422716	126,13,45,47
0.7792207792207793	0.7880150575681303	0.7792207792207793	0.7638393723065255	0.25325884543761634	137,9,42,43
0.7359307359307359	0.7344057457693821	0.7359307359307359	0.7196528532778284	0.23091247672253257	130,15,46,40
0.7532467532467533	0.749605143459892	0.7532467532467533	0.7372202265819287	0.22532588454376168	136,14,43,38
0.7748917748917749	0.7694289646096875	0.7748917748917749	0.7711460126919064	0.23277467411545627	136,22,30,43
