accuracy	precision	recall	f1	oob	confMatrxVars
0.7619047619047619	0.7588522588522588	0.7619047619047619	0.7600034024327393	0.23836126629422716	126,25,30,50
0.8225108225108225	0.8264312975608537	0.8225108225108225	0.8167508103605003	0.26443202979515834	132,10,31,58
0.7835497835497836	0.7825483202243765	0.7835497835497836	0.7778249620137037	0.25139664804469275	126,16,34,55
0.7922077922077922	0.7939125206335194	0.7922077922077922	0.7929973590350948	0.2774674115456238	135,25,23,48
0.7662337662337663	0.7587702010248325	0.7662337662337663	0.7572176109707686	0.2737430167597765	136,18,36,41
0.7359307359307359	0.7382612275250312	0.7359307359307359	0.7259828284101424	0.25512104283054005	119,17,44,51
0.7792207792207793	0.7761174216333329	0.7792207792207793	0.7702767451983753	0.27188081936685293	134,15,36,46
0.7445887445887446	0.7406865435034449	0.7445887445887446	0.7422720892108646	0.25139664804469275	128,27,32,44
0.7142857142857143	0.7244054646652048	0.7142857142857143	0.7184968664073917	0.22346368715083798	125,37,29,40
0.7359307359307359	0.7295689817428948	0.7359307359307359	0.7302669621344663	0.25512104283054005	124,24,37,46
0.7445887445887446	0.7471348404681738	0.7445887445887447	0.7457338725786326	0.24394785847299816	122,31,28,50
0.7359307359307359	0.7331941811373919	0.7359307359307359	0.726544792786831	0.24022346368715086	122,19,42,48
0.7402597402597403	0.7353233786354806	0.7402597402597403	0.7356798830308764	0.24581005586592175	121,24,36,50
0.7575757575757576	0.7545134603958134	0.7575757575757576	0.7555106621773289	0.24953445065176905	122,25,31,53
0.7229437229437229	0.7169355123230623	0.7229437229437229	0.7178908144930797	0.24022346368715086	120,26,38,47
0.7532467532467533	0.7509898433465312	0.7532467532467533	0.7519856902536147	0.24581005586592175	127,27,30,47
0.7705627705627706	0.765249901613538	0.7705627705627706	0.7643195806461112	0.25512104283054005	131,19,34,47
0.7705627705627706	0.7630859811585078	0.7705627705627706	0.7620806874629503	0.23463687150837986	137,18,35,41
0.7445887445887446	0.7488936766045199	0.7445887445887446	0.7335191740198278	0.25139664804469275	122,15,44,50
0.7532467532467533	0.7541475865175287	0.7532467532467533	0.739858249006514	0.24022346368715086	130,14,43,44
0.7316017316017316	0.7260561013024552	0.7316017316017316	0.7183435886266075	0.24022346368715086	128,18,44,41
0.7619047619047619	0.7626219870664315	0.7619047619047619	0.7622486810700013	0.25325884543761634	123,28,27,53
0.7532467532467533	0.7474332896019643	0.7532467532467533	0.7496001808410567	0.24208566108007445	134,25,32,40
0.7835497835497836	0.7835497835497836	0.7835497835497836	0.7835497835497836	0.25139664804469275	126,25,25,55
0.7748917748917749	0.7688753985535423	0.7748917748917749	0.7687191329796964	0.22905027932960897	134,19,33,45
