accuracy	precision	recall	f1	oob	confMatrxVars
0.7359307359307359	0.7321528819360904	0.7359307359307359	0.7225908288020765	0.23649906890130357	128,17,44,42
0.7272727272727273	0.7215551743853631	0.7272727272727273	0.7211589083436646	0.25325884543761634	120,24,39,48
0.7489177489177489	0.7465601986897945	0.7489177489177489	0.7402390637684756	0.24581005586592175	124,18,40,49
0.7575757575757576	0.7552944501645368	0.7575757575757576	0.7561990273101385	0.24767225325884545	122,26,30,53
0.7532467532467533	0.7479399122004756	0.7532467532467533	0.748768586575554	0.25325884543761634	126,23,34,48
0.7922077922077922	0.7962732919254658	0.7922077922077922	0.7939887611486313	0.26443202979515834	139,26,22,44
0.7792207792207793	0.771931090352143	0.7792207792207793	0.7727927168016754	0.24581005586592175	139,19,32,41
0.7662337662337663	0.7626261375177623	0.7662337662337663	0.7638822128635372	0.25139664804469275	128,24,30,49
0.7272727272727273	0.7234776757069752	0.7272727272727273	0.7250229306197324	0.22905027932960897	123,29,34,45
0.7489177489177489	0.7434217955957088	0.7489177489177489	0.7432113341204251	0.24394785847299816	125,22,36,48
0.7445887445887446	0.7493122435263226	0.7445887445887446	0.731525639578181	0.23836126629422716	125,14,45,47
0.7316017316017316	0.7259763529921324	0.7316017316017316	0.7267067265401709	0.26070763500931093	121,25,37,48
0.7835497835497836	0.782331812108487	0.7835497835497836	0.7747765499629553	0.27001862197392923	133,14,36,48
0.7705627705627706	0.7699299045325536	0.7705627705627706	0.7702313575489943	0.26629422718808193	124,26,27,54
0.7186147186147186	0.7179425129735689	0.7186147186147186	0.7091404667162242	0.2178770949720671	116,20,45,50
0.7575757575757576	0.7525853028958618	0.7575757575757576	0.7541119579336139	0.23836126629422716	129,24,32,46
0.7229437229437229	0.7170698788524348	0.7229437229437229	0.7185907774143069	0.23649906890130357	121,27,37,46
0.7532467532467533	0.7441305283410546	0.7532467532467533	0.7460624481901077	0.25139664804469275	136,22,35,38
0.7835497835497836	0.7803060788976283	0.7835497835497836	0.7787887493769847	0.2774674115456238	128,18,32,53
0.7359307359307359	0.7312067070521177	0.7359307359307359	0.7281771307249014	0.23836126629422716	122,21,40,48
0.7619047619047619	0.7608312245993406	0.7619047619047619	0.7544323165470185	0.2830540037243948	124,17,38,52
0.7272727272727273	0.7306317635767946	0.7272727272727273	0.7162376167444187	0.23091247672253257	118,17,46,50
0.7705627705627706	0.7634503627059459	0.7705627705627706	0.7650743638511223	0.26070763500931093	137,21,32,41
0.7835497835497836	0.7791559380049723	0.7835497835497836	0.7745455474924074	0.26443202979515834	137,15,35,44
0.7445887445887446	0.7581168831168831	0.7445887445887446	0.731676143202938	0.2141527001862198	121,12,47,51
