accuracy	precision	recall	f1	oob	confMatrxVars
0.7748917748917749	0.7746861999564989	0.7748917748917749	0.7609812830053092	0.24208566108007445	138,12,40,41
0.7575757575757576	0.7512368583797154	0.7575757575757576	0.7492853058890794	0.24208566108007445	131,19,37,44
0.7922077922077922	0.7986090653039984	0.7922077922077922	0.7788505251514996	0.25512104283054005	139,9,39,44
0.7575757575757576	0.7511310030743955	0.7575757575757576	0.74648253875307	0.23277467411545627	134,17,39,41
0.7878787878787878	0.7985228630389921	0.7878787878787878	0.7691970146569552	0.25884543761638734	144,7,42,38
0.7532467532467533	0.7441310167955812	0.7532467532467533	0.7441245129318523	0.22532588454376168	135,20,37,39
0.7532467532467533	0.7509611892446993	0.7532467532467533	0.7420561298112318	0.23091247672253257	129,16,41,45
0.7705627705627706	0.7650582140456779	0.7705627705627706	0.7618944322066216	0.23836126629422716	134,17,36,44
0.7662337662337663	0.7713712186017575	0.7662337662337663	0.7559499324205206	0.23649906890130357	126,13,41,51
0.7532467532467533	0.7570173095930993	0.7532467532467533	0.7365609422316997	0.23649906890130357	133,12,45,41
0.7835497835497836	0.7778215740375772	0.7835497835497836	0.7752014916396005	0.23277467411545627	138,16,34,43
0.7705627705627706	0.7653674966919284	0.7705627705627706	0.7666993001921752	0.22346368715083798	132,22,31,46
0.7532467532467533	0.7561935271432478	0.7532467532467533	0.7360557690484697	0.23463687150837986	134,12,45,40
0.7272727272727273	0.7200832804697539	0.7272727272727273	0.7212328992529584	0.22532588454376168	124,25,38,44
0.7965367965367965	0.8008856067679596	0.7965367965367965	0.7829291009106973	0.26070763500931093	142,9,38,42
0.7186147186147186	0.7162782251499706	0.7186147186147186	0.7047135271406475	0.23091247672253257	123,18,47,43
0.7792207792207793	0.7916489828254534	0.7792207792207793	0.7629071658268739	0.24394785847299816	137,8,43,43
0.7705627705627706	0.7895064201779265	0.7705627705627706	0.7561011066473046	0.24953445065176905	129,8,45,49
0.7705627705627706	0.7648957103502558	0.7705627705627706	0.766456715551963	0.24022346368715086	134,22,31,44
0.7619047619047619	0.7552274647152064	0.7619047619047619	0.7513488944145877	0.23836126629422716	135,17,38,41
0.7748917748917749	0.7716893243209032	0.7748917748917749	0.7651919090299373	0.26256983240223464	134,15,37,45
0.7489177489177489	0.7531498547832486	0.7489177489177489	0.7341149111567007	0.22905027932960897	129,13,45,44
0.7575757575757576	0.7676550637444494	0.7575757575757576	0.7399585921325051	0.23836126629422716	133,10,46,42
0.7662337662337663	0.7580770107085896	0.7662337662337663	0.7598583234946871	0.22532588454376168	138,21,33,39
0.7705627705627706	0.7682385168773553	0.7705627705627706	0.7588090759349417	0.22905027932960897	135,14,39,43
