accuracy	precision	recall	f1	oob	confMatrxVars
0.7792207792207793	0.7758050104245955	0.7792207792207793	0.7728269686064452	0.25325884543761634	130,17,34,50
0.7359307359307359	0.717502933391	0.7359307359307359	0.7198106325032776	0.22532588454376168	143,20,41,27
0.7142857142857143	0.7258755353993448	0.7142857142857143	0.6835297232887594	0.24208566108007445	133,10,56,32
0.8008658008658008	0.7942910739179554	0.8008658008658008	0.7917149021367382	0.2830540037243948	146,14,32,39
0.7575757575757576	0.7502644574968587	0.7575757575757576	0.7487671748541314	0.24394785847299816	133,19,37,42
0.7272727272727273	0.7195382930322689	0.7272727272727273	0.7222430330433092	0.23463687150837986	130,27,36,38
0.7922077922077922	0.7881124943271836	0.7922077922077922	0.7815100562088514	0.25512104283054005	142,13,35,41
0.7359307359307359	0.7387753412343577	0.7359307359307359	0.7140481765341788	0.23463687150837986	134,12,49,36
0.7056277056277056	0.7121817250849508	0.7056277056277056	0.6770424091137598	0.23649906890130357	130,12,56,33
0.7748917748917749	0.7711659645045533	0.7748917748917749	0.7648947325965959	0.25698324022346364	135,15,37,44
0.7402597402597403	0.7344768644203672	0.7402597402597403	0.7246762620273988	0.23836126629422716	133,16,44,38
0.7705627705627706	0.7640623784897738	0.7705627705627706	0.765391144926526	0.24953445065176905	135,21,32,43
0.70995670995671	0.7167620960991126	0.70995670995671	0.6863103092969866	0.24022346368715086	127,13,54,37
0.7662337662337663	0.7813349441256419	0.7662337662337663	0.7430426716141003	0.24208566108007445	141,7,47,36
0.7142857142857143	0.7028705724357899	0.7142857142857143	0.6901927437641724	0.22905027932960897	135,16,50,30
0.7748917748917749	0.7651087142612566	0.7748917748917749	0.7656966689224755	0.25325884543761634	143,18,34,36
0.696969696969697	0.6872939925571505	0.696969696969697	0.6824539832169448	0.21042830540037238	123,22,48,38
0.7662337662337663	0.7695732838589981	0.7662337662337663	0.7524979421986463	0.25325884543761634	133,12,42,44
0.7142857142857143	0.7077408547274923	0.7142857142857143	0.680880117123712	0.24394785847299816	139,12,54,26
0.7445887445887446	0.7455863503349538	0.7445887445887446	0.7267945679624511	0.22532588454376168	133,13,46,39
0.7359307359307359	0.7297694532165595	0.7359307359307359	0.7192772342619438	0.23463687150837986	133,16,45,37
0.7748917748917749	0.7750375994346494	0.7748917748917749	0.7634282970550575	0.25139664804469275	134,13,39,45
0.7402597402597403	0.746999661352004	0.7402597402597403	0.7219453082129139	0.24767225325884545	130,12,48,41
0.7748917748917749	0.7689759030541153	0.7748917748917749	0.7618755994504498	0.26256983240223464	141,14,38,38
0.7662337662337663	0.7694479812126871	0.7662337662337663	0.7497246110278509	0.25512104283054005	137,11,43,40
