accuracy	precision	recall	f1	oob	confMatrxVars
0.7532467532467533	0.7507430949332358	0.7532467532467533	0.7518617355667285	0.24394785847299816	130,27,30,44
0.7575757575757576	0.7557473582318303	0.7575757575757576	0.7504515352197472	0.2737430167597765	123,18,38,52
0.7792207792207793	0.7740072995806523	0.7792207792207793	0.7746769492880665	0.25884543761638734	133,20,31,47
0.7662337662337663	0.7647863247863247	0.7662337662337663	0.7654499151103565	0.23649906890130357	128,26,28,49
0.7878787878787878	0.7826972224562586	0.7878787878787878	0.7839668034781295	0.24394785847299816	137,20,29,45
0.7359307359307359	0.7291768472491365	0.7359307359307359	0.727108986816944	0.25325884543761634	126,21,40,44
0.7705627705627706	0.763998296785182	0.7705627705627706	0.7625702582158471	0.22346368715083798	135,18,35,43
0.7662337662337663	0.7609487908427157	0.7662337662337663	0.757076550210353	0.24767225325884545	133,17,37,44
0.7489177489177489	0.741149195116261	0.7489177489177489	0.7420328790927383	0.25698324022346364	131,22,36,42
0.7748917748917749	0.7698113266500131	0.7748917748917749	0.7700671968187892	0.24581005586592175	131,20,32,48
0.7445887445887446	0.747456007196267	0.7445887445887446	0.7458940554062039	0.22532588454376168	126,31,28,46
0.7445887445887446	0.7416081910057813	0.7445887445887446	0.7348967634518748	0.2141527001862198	125,18,41,47
0.7792207792207793	0.7746273061202302	0.7792207792207793	0.769432611184436	0.24581005586592175	137,15,36,43
0.7272727272727273	0.7262483994878361	0.7272727272727273	0.7267466076243506	0.22905027932960897	128,31,32,40
0.7705627705627706	0.7660020730443265	0.7705627705627706	0.766398861201831	0.23091247672253257	128,21,32,50
0.8008658008658008	0.8025538402896893	0.8008658008658008	0.8016458600085361	0.2737430167597765	137,24,22,48
0.7532467532467533	0.7493650793650795	0.7532467532467533	0.7487711008649924	0.24767225325884545	121,22,35,53
0.7186147186147186	0.7104586349216855	0.7186147186147186	0.7128235628181238	0.22718808193668527	126,27,38,40
0.7619047619047619	0.7603710195734735	0.7619047619047619	0.7541779163372565	0.23463687150837986	125,17,38,51
0.7445887445887446	0.7455064428748639	0.7445887445887446	0.7315654376571673	0.23277467411545627	127,15,44,45
0.7748917748917749	0.7748917748917749	0.7748917748917749	0.7748917748917749	0.23649906890130357	137,26,26,42
0.7402597402597403	0.7343666526411339	0.7402597402597403	0.7324212290256432	0.25884543761638734	125,21,39,46
0.7316017316017316	0.7293797089938334	0.7316017316017316	0.7218117214786103	0.22718808193668527	121,19,43,48
0.7792207792207793	0.7775322143743196	0.7792207792207793	0.7694249324343369	0.24208566108007445	134,14,37,46
0.7922077922077922	0.7893502083654884	0.7922077922077922	0.7897652016857315	0.24767225325884545	127,20,28,56
