accuracy	precision	recall	f1	confMatrxVars
0.6656410256410257	0.6708644126879252	0.6656410256410257	0.6534828403316965	0,1,5,2,0,0,00,8,32,19,0,0,00,2,457,171,5,0,00,0,151,654,55,1,00,0,13,161,160,0,00,0,0,18,14,19,00,0,0,0,2,0,0
0.6682051282051282	0.6710868375900092	0.6682051282051282	0.6534537926964726	0,0,3,4,0,0,00,9,33,30,1,0,00,3,462,166,8,0,00,1,138,662,56,0,00,0,13,147,155,3,00,0,1,23,16,15,00,0,0,1,0,0,0
0.6712820512820513	0.6781921848781519	0.6712820512820513	0.6574818794515469	0,1,7,2,0,0,00,8,36,28,0,0,00,1,464,163,4,0,00,0,146,636,48,1,00,0,8,152,179,6,00,0,0,20,17,22,00,0,0,1,0,0,0
0.6728205128205128	0.6823724315032047	0.6728205128205128	0.657989433579118	0,0,3,4,0,0,00,5,36,26,1,0,00,1,489,184,3,0,00,0,124,649,65,1,00,0,7,139,152,1,00,0,0,18,24,17,00,0,0,1,0,0,0
0.6671794871794872	0.6669857738225375	0.6671794871794872	0.6544480720402945	0,0,6,4,1,0,01,6,38,15,1,0,00,8,454,199,6,0,00,1,110,657,50,3,00,0,9,165,163,3,00,0,1,15,12,21,00,0,0,0,1,0,0
0.6794871794871795	0.6808188714503954	0.6794871794871795	0.6666775046027048	0,1,4,5,0,0,00,9,38,18,0,0,00,1,475,175,3,0,00,1,123,664,66,2,00,0,4,140,160,3,00,0,1,18,21,17,00,0,0,1,0,0,0
0.6692307692307692	0.6839840974662278	0.6692307692307692	0.6537999354365681	0,0,5,4,0,0,00,7,36,24,0,0,00,0,427,218,4,0,00,1,111,690,44,0,00,0,9,145,166,3,00,0,0,20,19,15,00,0,0,1,1,0,0
0.6779487179487179	0.685589565926819	0.6779487179487179	0.6631455755396042	0,0,7,4,0,0,01,9,34,25,2,0,00,1,466,164,4,0,00,1,138,661,52,0,00,0,3,142,169,2,00,0,0,24,23,17,00,0,0,0,1,0,0
0.6676923076923077	0.6811262580138528	0.6676923076923077	0.6539098793971165	0,0,7,5,0,00,7,31,29,0,00,1,462,191,5,00,1,129,646,48,00,0,5,155,169,20,0,0,27,12,18
0.676923076923077	0.6803063093556931	0.676923076923077	0.6630835174866231	0,1,4,5,0,0,00,5,41,23,1,0,00,1,448,191,6,1,00,0,132,674,58,0,00,0,7,129,174,0,00,0,1,9,19,19,00,0,0,0,1,0,0
0.678974358974359	0.6768014471090953	0.678974358974359	0.6646525029216472	0,0,4,0,0,0,00,6,40,14,1,0,00,1,473,158,3,0,00,1,136,675,65,1,00,0,21,136,156,5,00,0,0,16,21,14,00,0,0,1,2,0,0
0.6569230769230769	0.6595007963679493	0.6569230769230769	0.6429365947822568	0,0,5,3,0,0,00,5,32,26,2,0,00,1,438,192,7,1,00,1,135,659,66,2,00,0,3,151,163,3,00,0,2,21,14,16,00,0,0,0,2,0,0
0.6625641025641026	0.6712624800704037	0.6625641025641026	0.6480518455025888	0,0,3,6,0,0,00,7,31,21,2,0,00,2,463,159,3,0,00,0,147,640,59,1,00,0,8,165,163,1,00,0,1,32,16,19,00,0,0,1,0,0,0
0.6871794871794872	0.69578173925736	0.6871794871794872	0.6739626169139553	0,0,4,3,0,00,8,38,22,2,00,1,451,178,6,00,1,116,695,57,10,0,6,136,164,00,0,0,20,19,22
0.6835897435897436	0.6936219617628069	0.6835897435897436	0.6723746960583569	0,0,2,5,0,0,00,8,34,12,2,0,00,1,442,178,5,0,00,1,131,687,43,0,00,0,7,160,172,4,00,0,0,23,8,24,00,0,0,0,1,0,0
0.676923076923077	0.6882463974439406	0.676923076923077	0.6584757251637643	0,0,4,3,1,00,3,47,24,1,00,0,464,181,3,00,0,105,660,49,10,1,6,162,177,20,0,3,20,17,16
0.6712820512820513	0.6729929919986049	0.6712820512820513	0.6528117019083565	0,0,5,5,0,0,00,4,45,28,2,0,00,1,440,201,11,0,00,2,102,675,47,2,00,0,7,138,175,2,00,0,0,22,19,15,00,0,0,1,1,0,0
0.6682051282051282	0.6742863461734452	0.6682051282051282	0.6553231509993794	0,0,3,7,0,0,00,7,36,23,0,0,00,1,449,189,5,0,00,1,150,658,49,1,00,0,16,131,172,1,00,0,0,15,17,17,00,0,0,1,1,0,0
0.6758974358974359	0.6809121435616636	0.6758974358974359	0.6600022949131202	0,0,8,7,1,0,00,7,36,20,2,0,00,1,448,188,7,1,00,0,130,686,47,3,00,0,7,130,163,0,00,0,0,25,18,14,00,0,0,0,1,0,0
0.6702564102564103	0.6723935930353477	0.6702564102564103	0.6562580843429697	0,0,0,5,0,0,00,7,37,22,2,0,00,4,441,179,7,1,00,1,134,672,42,2,00,0,11,154,170,2,00,0,0,19,20,17,00,0,0,0,1,0,0
0.6825641025641026	0.6900238709692873	0.6825641025641026	0.668149493510945	0,0,5,4,0,00,7,42,19,0,00,1,448,172,8,00,0,121,688,49,20,0,12,148,168,50,0,0,19,12,20
0.6738461538461539	0.677230516250982	0.6738461538461539	0.6636037357271872	0,0,5,3,0,0,00,8,33,17,0,0,00,4,434,190,3,0,00,1,147,678,54,0,00,0,7,130,169,2,00,0,0,27,11,25,00,0,0,1,1,0,0
0.6651282051282051	0.6760646710674463	0.6651282051282051	0.6520933912259343	0,0,1,3,0,0,01,8,33,28,1,0,00,2,432,182,6,0,00,0,139,667,46,1,00,0,10,157,166,5,00,0,1,21,15,24,00,0,0,0,1,0,0
0.6702564102564103	0.6785400848765384	0.6702564102564103	0.6554434438204888	0,0,5,3,0,0,00,7,48,17,0,0,00,1,445,166,4,0,00,0,132,653,62,1,00,0,12,155,188,2,00,0,0,17,16,14,00,0,0,0,2,0,0
0.6605128205128206	0.6624246078676339	0.6605128205128206	0.6458637474310469	0,1,6,6,0,0,00,6,39,18,2,0,00,3,490,166,5,0,00,1,155,610,48,0,00,0,7,158,160,2,00,0,1,27,15,22,00,0,0,2,0,0,0
0.6794871794871795	0.6842926159533339	0.6794871794871795	0.6675111339194773	0,0,4,4,0,00,7,28,19,0,00,3,471,158,2,00,0,150,663,47,20,0,10,160,161,10,0,0,19,18,23
0.6784615384615384	0.6893084396952873	0.6784615384615384	0.6636492893644396	0,1,5,4,0,00,6,35,31,0,00,1,489,174,1,00,1,132,635,42,10,0,7,147,172,10,0,0,30,14,21
0.6820512820512821	0.6944045862985366	0.6820512820512821	0.6692474449248149	0,0,5,3,0,0,00,7,27,25,0,0,00,1,456,181,2,0,00,0,132,680,50,1,00,0,5,142,166,0,00,0,0,23,22,21,00,0,1,0,0,0,0
0.6707692307692308	0.6847822944122303	0.6707692307692308	0.6593077492949905	0,0,5,4,0,0,00,10,35,21,0,0,00,1,455,183,6,0,00,0,134,644,55,0,00,0,10,145,175,1,00,0,1,24,16,24,00,0,0,0,1,0,0
0.681025641025641	0.683051311838993	0.681025641025641	0.6646168125569052	0,0,5,2,0,0,00,6,50,26,0,0,00,1,479,160,3,1,00,3,128,655,49,0,00,0,11,148,166,0,00,0,1,17,15,22,00,0,1,0,1,0,0
0.6687179487179488	0.6793628774925546	0.6687179487179488	0.6546834304629343	0,0,6,5,0,00,6,34,31,1,00,1,465,175,5,00,0,154,643,54,10,0,11,128,168,10,0,1,27,11,22
0.6753846153846154	0.6666976675590718	0.6753846153846154	0.6585115271036845	0,1,8,4,0,0,00,8,54,27,2,0,00,3,459,159,3,0,00,3,131,663,61,1,00,0,8,135,172,4,00,0,1,14,12,15,00,0,0,2,0,0,0
0.6825641025641026	0.6879382984353044	0.6825641025641026	0.6712220514068916	0,0,5,7,0,01,11,38,15,1,02,0,468,145,8,00,1,150,675,62,10,0,7,138,152,20,0,0,19,17,25
0.6717948717948717	0.6791482564168518	0.6717948717948717	0.6572794987820623	0,1,4,3,0,0,00,6,34,17,1,0,00,1,476,174,1,0,00,1,140,642,46,0,00,0,9,160,171,1,00,0,0,21,23,15,00,0,0,2,1,0,0
0.6825641025641026	0.6893486059137603	0.6825641025641026	0.6712192411353485	0,0,6,5,0,0,00,11,30,22,2,0,00,2,424,191,6,0,00,1,123,693,47,0,00,0,12,137,182,4,00,0,1,20,8,21,00,0,0,1,1,0,0
0.6671794871794872	0.6754153634538148	0.6671794871794872	0.6542340387153469	0,0,5,3,0,0,00,9,31,20,0,0,00,1,446,160,6,0,00,0,158,673,58,0,00,0,9,152,153,1,00,0,1,23,18,20,00,0,0,2,1,0,0
0.6630769230769231	0.6671258125669667	0.6630769230769231	0.6472341662255119	0,0,5,4,0,01,5,39,24,1,00,3,463,190,4,00,1,148,654,41,00,0,5,145,156,20,0,1,24,19,15
0.6651282051282051	0.6698849063202755	0.6651282051282051	0.650884024332026	0,1,2,2,0,0,00,5,35,22,1,0,00,1,430,203,4,1,00,1,136,678,43,2,00,0,5,151,170,2,00,0,0,21,17,14,00,0,0,2,1,0,0
0.6723076923076923	0.6874374198318256	0.6723076923076923	0.6595683524225475	0,0,1,6,0,01,6,42,17,2,02,0,458,186,5,00,1,122,641,54,10,0,5,149,185,30,0,0,28,14,21
0.6717948717948717	0.6728181796002735	0.6717948717948717	0.6562238019285999	0,0,2,6,0,0,00,5,39,17,0,0,00,1,461,163,6,0,00,2,133,670,55,0,00,0,15,155,154,2,00,0,0,23,19,20,00,0,0,0,2,0,0
0.6707692307692308	0.6760910447873048	0.6707692307692308	0.6566960111684761	0,0,10,4,0,0,00,8,33,20,1,0,00,0,459,169,6,0,00,1,156,667,58,2,00,0,5,127,156,0,00,0,2,22,24,18,00,0,0,0,2,0,0
0.6697435897435897	0.6778385100263097	0.6697435897435897	0.6577181994385163	0,1,7,3,0,0,00,8,31,23,0,0,00,0,449,209,5,0,00,1,123,662,54,2,00,0,11,138,168,1,00,0,0,16,17,19,00,0,0,1,1,0,0
0.6717948717948717	0.6777985503801311	0.6717948717948717	0.6589483660316376	0,0,2,6,0,0,00,7,38,25,1,0,00,4,429,188,2,0,00,3,134,670,42,0,00,0,7,149,182,1,00,0,0,24,13,22,00,0,0,0,1,0,0
0.661025641025641	0.6642362285415546	0.661025641025641	0.6483694280210952	0,0,6,4,2,0,00,11,31,24,2,0,02,3,436,210,5,0,00,3,141,677,46,1,00,0,7,133,151,1,00,0,0,16,23,14,00,0,0,1,0,0,0
0.6651282051282051	0.6585075328605702	0.6651282051282051	0.6502960984701225	0,1,5,3,1,0,00,4,38,26,2,0,00,4,461,169,4,0,00,0,146,645,64,1,00,0,7,140,167,3,00,0,0,22,16,20,00,0,0,0,1,0,0
0.6876923076923077	0.6949831046272251	0.6876923076923077	0.675495952614579	0,0,5,9,0,0,00,10,34,18,0,0,00,3,479,174,4,0,00,1,116,662,51,1,00,0,7,151,172,0,00,0,0,23,11,18,00,0,0,1,0,0,0
0.6676923076923077	0.6734028686931812	0.6676923076923077	0.6546407418735147	0,1,4,2,0,0,00,4,31,26,0,0,00,2,441,188,8,0,00,0,125,652,56,2,00,0,7,150,179,0,00,0,0,24,20,26,00,0,0,1,1,0,0
0.6948717948717948	0.700454089380953	0.6948717948717948	0.6831776842650842	0,0,5,1,0,0,00,10,32,23,0,0,00,2,482,163,6,0,00,0,121,681,56,0,00,0,8,145,165,3,00,0,0,13,16,17,00,0,0,1,0,0,0
0.6758974358974359	0.6925139140014172	0.6758974358974359	0.6623726629506858	0,0,2,6,0,0,01,10,39,19,3,0,00,0,463,173,6,0,00,0,137,660,47,1,00,0,10,154,171,0,00,0,1,21,10,14,00,0,0,0,2,0,0
0.6666666666666666	0.6686987086987086	0.6666666666666666	0.6494005269438926	0,0,6,7,0,0,00,4,47,16,0,0,00,1,436,168,3,0,00,1,133,667,57,2,00,0,5,155,176,2,00,0,0,31,15,17,00,0,0,0,1,0,0
