accuracy	precision	recall	f1	confMatrxVars
0.6456410256410257	0.6689632365564988	0.6456410256410257	0.6225582100526079	0,0,5,7,0,0,00,2,35,18,1,0,00,0,454,186,4,0,00,0,150,667,33,0,00,0,6,197,128,0,00,0,0,31,16,8,00,0,0,1,1,0,0
0.6225641025641026	0.6246415761604784	0.6225641025641026	0.598115339821383	0,0,3,4,0,0,00,0,44,23,1,0,00,0,424,236,3,0,00,0,135,655,34,0,00,0,7,200,128,0,00,0,0,32,12,7,00,0,0,1,1,0,0
0.6297435897435898	0.6522584445475467	0.6297435897435898	0.6016714517761547	0,0,3,6,0,0,00,1,43,27,1,0,00,0,444,176,8,0,00,0,166,661,37,0,00,0,12,176,114,0,00,0,0,38,27,8,00,0,0,1,1,0,0
0.6117948717948718	0.6177065673291324	0.6117948717948718	0.588241323474701	0,0,5,4,0,00,1,39,24,0,00,2,445,200,0,00,0,159,615,48,00,0,14,213,122,00,0,0,28,21,10
0.6328205128205128	0.6367211345929106	0.6328205128205128	0.6087081525468471	0,0,5,2,0,0,00,1,44,22,1,0,00,0,441,195,7,0,00,2,164,658,29,1,00,0,6,189,129,0,00,0,0,37,11,5,00,0,0,1,0,0,0
0.6287179487179487	0.6378720933594113	0.6287179487179487	0.6077224333545704	0,0,7,3,0,0,00,2,37,23,2,0,00,1,426,203,6,0,00,0,138,656,59,0,00,0,9,189,131,0,00,0,0,24,22,11,00,0,0,1,0,0,0
0.6266666666666667	0.6236866744114158	0.6266666666666667	0.6022586271926432	0,0,4,6,0,00,1,44,26,1,00,1,442,173,4,00,0,177,646,54,00,0,9,188,130,10,0,0,27,13,3
0.6276923076923077	0.647327011325493	0.6276923076923077	0.6036321947146355	0,0,6,4,0,0,00,2,41,29,2,0,00,0,429,194,3,0,00,0,153,650,58,0,00,0,6,164,134,1,00,0,0,39,23,9,00,0,0,0,3,0,0
0.6133333333333333	0.6256200329975833	0.6133333333333333	0.5906811830972936	0,0,5,3,0,00,1,31,34,0,00,1,432,198,1,00,0,175,628,38,10,0,8,213,124,00,0,0,28,18,11
0.6117948717948718	0.6005422756300454	0.6117948717948718	0.5847036782634767	0,1,4,4,0,0,00,0,41,31,2,0,00,0,426,206,6,0,00,0,150,644,54,0,00,0,9,188,116,0,00,0,0,38,22,7,00,0,0,1,0,0,0
0.622051282051282	0.6342473322517523	0.622051282051282	0.6041080431694744	0,0,5,4,0,0,00,2,38,14,1,0,00,1,422,215,4,0,00,0,170,632,52,0,00,0,8,167,145,0,00,0,0,31,25,12,00,0,0,1,1,0,0
0.615897435897436	0.6393944670167365	0.615897435897436	0.5934683197409789	0,0,7,2,0,0,00,1,40,20,0,0,00,0,425,196,2,0,00,0,197,646,39,0,00,0,9,179,119,1,00,0,0,43,13,10,00,0,0,0,1,0,0
0.6153846153846154	0.6209301735706853	0.6153846153846154	0.5903171901901919	0,0,4,4,0,0,00,2,34,27,0,0,00,2,385,213,2,0,00,0,164,687,38,1,00,0,9,191,120,1,00,0,0,41,18,6,00,0,0,1,0,0,0
0.6276923076923077	0.6279953617383147	0.6276923076923077	0.6035226297716403	0,0,3,8,0,0,00,1,41,24,0,0,00,1,414,171,5,0,00,0,171,668,56,0,00,0,7,183,134,0,00,0,0,25,28,7,00,0,0,2,1,0,0
0.638974358974359	0.673853905300352	0.638974358974359	0.6153348406010661	0,0,2,6,0,00,1,34,29,0,00,0,445,209,2,00,0,144,664,31,00,0,9,185,128,00,0,0,40,13,8
0.6466666666666666	0.6734651884082024	0.6466666666666666	0.6248994126592468	0,0,1,5,0,00,2,34,23,1,00,1,447,205,0,00,0,133,665,27,00,0,6,204,138,00,0,0,31,18,9
0.6492307692307693	0.6633963957238471	0.6492307692307693	0.629924052647601	0,0,4,4,0,0,00,1,31,22,0,0,00,0,451,186,3,0,00,0,170,678,45,0,00,0,6,169,126,1,00,0,0,25,16,10,00,0,0,1,1,0,0
0.617948717948718	0.6448600557278357	0.617948717948718	0.5957591707212758	0,0,3,3,0,00,4,38,26,1,00,0,416,199,9,00,0,179,651,33,00,0,12,184,124,00,0,0,34,24,10
0.6415384615384615	0.6682684766214179	0.6415384615384615	0.6175646986774804	0,0,4,4,0,0,00,2,41,28,1,0,00,0,456,201,3,0,00,0,141,669,37,0,00,0,4,191,114,0,00,0,0,28,15,10,00,0,0,1,0,0,0
0.638974358974359	0.6372313226647904	0.638974358974359	0.618445477153668	0,0,3,4,0,0,00,2,36,26,0,0,00,1,430,185,6,0,00,2,178,673,35,0,00,0,13,171,135,2,00,0,0,26,15,6,00,0,0,0,1,0,0
0.6194871794871795	0.6431943424858663	0.6194871794871795	0.5973417653224846	0,0,4,6,0,0,00,2,42,21,0,0,00,0,444,217,2,0,00,0,157,631,39,1,00,0,13,192,121,2,00,0,0,31,14,10,00,0,0,1,0,0,0
0.6384615384615384	0.6545806931182061	0.6384615384615384	0.6136874300431508	0,0,2,4,0,0,00,2,45,17,0,0,00,0,434,221,6,0,00,1,133,685,39,0,00,0,7,185,123,0,00,0,0,32,11,1,00,0,0,0,2,0,0
0.6189743589743589	0.629930670607397	0.6189743589743589	0.5948740979467357	0,0,6,4,0,00,0,35,31,0,00,1,432,233,3,00,0,147,641,19,00,0,11,209,125,10,0,0,32,11,9
0.6348717948717949	0.6272055733833193	0.6348717948717949	0.6116009676553077	0,0,3,4,0,00,0,41,16,0,00,2,438,198,3,00,0,154,669,38,10,0,12,195,124,00,0,0,27,18,7
0.6189743589743589	0.6185736009374352	0.6189743589743589	0.5924797498510375	0,0,5,5,0,0,00,1,40,23,0,0,00,2,440,177,3,0,00,0,179,638,31,1,00,0,14,212,123,1,00,0,0,30,18,5,00,0,0,1,1,0,0
0.6302564102564102	0.6303159276230644	0.6302564102564102	0.6059091798654165	0,0,3,2,0,0,00,1,43,22,1,0,00,1,405,208,3,0,00,1,145,689,48,0,00,0,12,185,130,0,00,0,1,26,17,4,00,0,0,1,2,0,0
0.6276923076923077	0.6534459697832973	0.6276923076923077	0.6035264477400889	0,0,3,4,0,0,00,1,42,14,0,0,00,0,438,219,1,0,00,0,140,665,42,0,00,0,4,206,112,0,00,0,1,28,21,8,00,0,0,1,0,0,0
0.6307692307692307	0.6507360322216936	0.6307692307692307	0.6025985610938397	0,0,6,5,0,0,00,2,44,19,1,0,00,1,423,190,3,0,00,0,144,672,27,0,00,0,9,213,127,0,00,0,1,35,19,6,00,0,0,2,1,0,0
0.6312820512820513	0.6518692001169709	0.6312820512820513	0.6110436815558711	0,0,6,4,0,00,4,27,24,0,00,0,450,198,5,00,0,158,640,42,00,0,14,196,131,10,0,1,28,15,6
0.6169230769230769	0.6124041147979352	0.6169230769230769	0.592739718991942	0,0,4,3,0,0,00,0,45,22,0,0,00,2,421,218,2,0,00,0,153,660,43,0,00,0,11,207,113,0,00,0,0,30,5,9,00,0,0,1,1,0,0
0.6261538461538462	0.6497340734952893	0.6261538461538462	0.6012652859420904	0,0,3,7,0,0,00,3,41,22,1,0,00,1,423,208,5,0,00,0,137,661,37,0,00,0,15,197,126,0,00,0,0,42,12,8,00,0,0,0,1,0,0
0.6312820512820513	0.6473415655494935	0.6312820512820513	0.608436814231969	0,0,6,6,0,0,00,1,40,23,1,0,00,0,404,183,3,0,00,0,176,674,37,1,00,0,12,176,142,2,00,0,0,30,20,10,00,0,0,1,2,0,0
0.6338461538461538	0.6683838528564057	0.6338461538461538	0.6111976337433189	0,0,6,4,0,0,00,2,32,25,1,0,00,0,444,202,2,0,00,0,142,643,35,0,00,0,12,200,139,0,00,0,0,40,11,8,00,0,0,2,0,0,0
0.6307692307692307	0.6359860962723144	0.6307692307692307	0.6079548898545794	0,0,3,3,0,0,00,3,40,25,1,0,00,2,431,190,5,0,00,0,170,665,40,0,00,0,8,184,126,1,00,0,0,28,17,5,00,0,0,2,1,0,0
0.6266666666666667	0.6352112882703365	0.6266666666666667	0.6049625622044991	0,0,3,4,0,0,00,3,40,20,0,0,00,3,455,195,3,0,00,0,169,640,41,0,00,0,7,193,115,0,00,0,1,30,18,9,00,0,0,1,0,0,0
0.6323076923076923	0.6384789173159002	0.6323076923076923	0.607513083479145	0,0,2,6,0,0,00,3,45,18,0,0,00,2,420,183,2,0,00,0,169,680,41,0,00,0,12,185,127,0,00,0,0,22,27,3,00,0,0,2,1,0,0
0.6256410256410256	0.6616520492160582	0.6256410256410256	0.5978003474138941	0,0,2,9,0,0,00,2,43,30,0,0,00,0,438,193,1,0,00,0,127,641,39,0,00,0,10,221,132,0,00,0,0,35,19,7,00,0,0,0,1,0,0
0.6271794871794871	0.6416013926681594	0.6271794871794871	0.6001599299685058	0,0,6,3,0,0,00,2,46,27,0,0,00,1,445,198,4,0,00,0,144,655,32,0,00,0,7,217,115,2,00,0,0,28,10,6,00,0,0,0,2,0,0
0.617948717948718	0.6153075344272144	0.617948717948718	0.5930394437367912	0,0,5,5,1,0,00,0,37,36,0,0,00,0,426,200,4,0,00,1,166,638,31,0,00,0,6,202,131,0,00,0,0,35,14,10,00,0,0,1,1,0,0
0.6394871794871795	0.6528460809467674	0.6394871794871795	0.6179624954292275	0,0,1,5,0,0,00,2,39,31,2,0,00,1,422,201,4,0,00,0,157,672,40,0,00,0,7,166,142,0,00,0,1,28,18,9,00,0,0,1,1,0,0
0.6287179487179487	0.6346719849954001	0.6287179487179487	0.6078842484463315	0,1,4,2,0,0,00,1,33,22,0,0,00,1,448,220,6,0,00,0,146,641,57,0,00,0,8,164,130,0,00,0,0,39,20,6,00,0,0,0,1,0,0
0.62	0.6043319981671621	0.62	0.5961048374858728	0,0,8,4,1,0,00,0,40,23,0,0,00,1,420,203,5,0,00,0,159,662,53,0,00,0,8,192,119,0,00,0,0,23,17,8,00,0,0,2,2,0,0
0.6312820512820513	0.6505717243665275	0.6312820512820513	0.6113184618532049	0,0,3,0,1,0,00,3,40,25,1,0,00,0,446,220,6,0,00,0,151,639,45,0,00,0,9,177,140,2,00,0,0,26,10,3,00,0,0,1,2,0,0
0.6456410256410257	0.6322422060578373	0.6456410256410257	0.6201274909336971	0,0,3,7,0,0,00,0,42,35,1,0,00,1,452,204,3,0,00,0,137,675,36,0,00,0,9,171,125,0,00,0,0,24,16,7,00,0,0,1,1,0,0
0.6251282051282051	0.6433163184002445	0.6251282051282051	0.6035535202790352	0,0,8,3,1,0,00,2,43,17,0,0,00,0,441,197,4,0,00,0,180,643,42,0,00,0,8,178,124,1,00,0,1,31,16,9,00,0,0,0,1,0,0
0.6353846153846154	0.6368852115600621	0.6353846153846154	0.6130734640137289	0,0,5,7,0,0,00,2,47,24,0,0,00,1,438,202,1,0,00,1,150,662,48,0,00,0,10,170,127,1,00,0,0,27,16,10,00,0,0,0,1,0,0
0.6169230769230769	0.636852404402504	0.6169230769230769	0.5947215904724962	0,0,3,3,0,0,00,2,34,22,0,0,00,1,441,237,4,0,00,1,148,633,31,0,00,0,10,198,120,0,00,0,0,32,20,7,00,0,0,2,1,0,0
0.6164102564102564	0.6489408535051205	0.6164102564102564	0.5920154278531672	0,0,1,4,0,0,00,1,52,24,0,0,00,0,439,206,6,0,00,0,161,628,41,0,00,0,4,195,125,0,00,0,0,37,16,9,00,0,0,1,0,0,0
0.6210256410256411	0.6133505137540055	0.6210256410256411	0.5949476576950233	0,0,3,6,0,00,0,36,26,0,00,2,434,206,3,00,0,153,652,47,00,0,9,185,120,00,0,1,27,35,5
0.6297435897435898	0.6500652817248939	0.6297435897435898	0.6096118810454625	0,0,4,6,0,0,00,2,33,30,1,0,00,0,453,194,3,0,00,0,163,624,69,0,00,0,8,156,141,0,00,0,1,32,21,8,00,0,0,0,1,0,0
