accuracy	precision	recall	f1	confMatrxVars
0.6153846153846154	0.6123410535825783	0.6153846153846154	0.5950898586758627	0,0,7,2,1,0,00,2,40,15,2,0,00,0,416,212,15,0,00,2,152,635,62,2,00,0,15,168,141,0,00,0,3,28,22,6,00,0,0,1,1,0,0
0.5953846153846154	0.5852411983217625	0.5953846153846154	0.5725301134040198	0,0,6,6,0,01,1,41,24,0,00,2,423,197,10,10,0,182,613,62,00,0,15,186,115,20,0,2,27,25,9
0.6035897435897436	0.6115933111915725	0.6035897435897436	0.576443598898788	0,0,2,6,1,0,00,1,42,31,1,0,00,1,415,228,4,0,00,0,135,631,52,1,00,0,11,200,127,0,00,0,2,38,16,3,00,0,0,1,1,0,0
0.6133333333333333	0.6362655788655789	0.6133333333333333	0.5950997794727124	0,0,4,3,0,00,3,33,25,2,02,0,429,198,4,01,0,169,610,64,00,0,15,181,145,10,0,0,39,13,9
0.6005128205128205	0.6058418673984188	0.6005128205128205	0.5797983072956981	0,0,4,3,0,1,00,3,27,26,2,0,00,3,438,205,5,0,00,0,180,606,50,1,00,0,14,209,116,0,00,0,0,34,14,8,00,0,0,0,1,0,0
0.6189743589743589	0.6201756103556646	0.6189743589743589	0.5994888096381336	0,0,4,4,1,00,5,36,17,1,00,4,452,191,8,00,2,168,617,55,00,0,9,188,127,10,0,0,33,21,6
0.6189743589743589	0.6281826014640791	0.6189743589743589	0.5997478829785858	0,0,7,0,0,00,2,36,26,3,00,2,421,211,3,00,0,161,626,57,00,0,10,175,148,00,0,0,32,20,10
0.6112820512820513	0.6233903199253091	0.6112820512820513	0.5927484987720879	0,0,6,1,0,0,00,4,30,16,0,0,00,0,391,220,4,0,00,0,162,659,61,0,00,1,14,188,129,0,00,1,0,35,18,9,00,0,0,0,1,0,0
0.602051282051282	0.6057387762218605	0.602051282051282	0.5835102147936733	0,0,4,2,0,0,00,2,30,28,3,0,00,1,427,208,8,0,00,1,180,609,64,0,00,0,6,194,127,1,00,0,1,28,16,9,00,0,0,0,1,0,0
0.6097435897435898	0.6304755959136298	0.6097435897435898	0.5913134236358092	0,0,6,4,0,00,3,37,21,1,00,0,429,195,11,00,0,186,603,57,00,0,14,178,144,00,0,1,28,22,10
0.62	0.6176047478184883	0.62	0.6023597042651834	0,1,3,4,0,0,00,2,38,20,2,0,00,1,433,195,7,0,00,1,171,618,65,0,00,0,10,174,145,1,00,0,0,24,21,11,00,0,0,1,2,0,0
0.6215384615384615	0.6185779180016715	0.6215384615384615	0.6026068536282113	0,0,7,2,0,00,8,40,19,1,00,0,421,199,4,10,5,155,639,66,00,0,20,162,139,20,0,2,31,22,5
0.6076923076923076	0.6078169687851261	0.6076923076923076	0.5870591759511994	0,0,6,3,0,0,00,2,41,26,0,0,00,2,423,194,12,0,00,0,166,613,66,0,00,0,10,178,135,2,00,0,3,32,22,12,00,0,0,0,2,0,0
0.6102564102564103	0.6038525341727178	0.6102564102564103	0.5938439686378767	0,0,6,6,1,0,00,2,32,16,0,0,00,1,429,199,8,0,00,2,184,618,73,2,00,0,11,175,132,0,00,0,0,24,18,9,00,0,0,1,1,0,0
0.6128205128205129	0.6128382146122808	0.6128205128205129	0.5912421644524201	0,0,5,2,0,0,00,1,35,29,0,0,00,2,424,201,6,0,00,0,178,633,51,0,00,0,13,182,129,0,00,0,0,25,24,8,00,0,0,1,1,0,0
0.6082051282051282	0.605031532407503	0.6082051282051282	0.5854992442239628	0,1,9,2,0,0,00,2,42,19,1,0,00,1,427,192,5,0,00,1,182,630,53,1,00,0,13,191,119,0,00,0,0,30,19,8,00,0,0,1,1,0,0
0.6148717948717949	0.6153276209971832	0.6148717948717949	0.5946898265232611	0,0,6,5,0,0,00,4,39,23,3,0,00,2,424,207,5,0,00,1,162,631,63,0,00,0,12,165,131,2,00,0,3,30,21,9,00,0,0,0,2,0,0
0.6066666666666667	0.609782591600369	0.6066666666666667	0.5873032161131954	0,0,6,2,0,00,3,28,19,1,00,0,424,209,5,10,1,174,633,63,20,0,21,180,114,00,0,3,29,23,9
0.602051282051282	0.6146835260793126	0.602051282051282	0.5788392868064155	0,0,2,7,1,0,00,1,37,22,3,0,01,0,443,197,9,0,00,0,179,605,57,1,00,0,17,178,116,2,00,0,1,39,19,9,00,0,0,2,2,0,0
0.6184615384615385	0.6253276139515965	0.6184615384615385	0.6004468814840037	0,0,9,3,0,00,3,21,22,1,00,3,429,231,4,00,1,134,636,63,10,0,16,183,130,00,0,1,32,19,8
0.5974358974358974	0.6035218659095705	0.5974358974358974	0.5722612181981372	0,0,7,8,0,0,00,5,42,25,0,0,00,3,446,182,7,0,00,0,180,595,57,0,00,0,15,190,111,1,00,0,0,47,20,8,00,0,0,1,0,0,0
0.6205128205128205	0.6188580786821752	0.6205128205128205	0.6034548432856041	0,1,4,5,0,0,00,3,27,15,0,0,00,4,437,181,5,1,00,1,178,625,71,0,00,0,9,184,138,0,00,0,1,36,16,7,00,0,0,1,0,0,0
0.5974358974358974	0.5983662946161096	0.5974358974358974	0.5786580538611096	0,0,7,4,0,00,4,38,27,0,00,2,421,212,9,00,1,165,611,81,00,0,15,179,121,10,0,3,23,18,8
0.6015384615384616	0.6026830999257351	0.6015384615384616	0.5821757638372046	0,0,4,2,0,0,00,2,33,21,1,0,00,3,401,218,8,0,00,1,166,622,59,1,00,1,8,201,144,0,00,0,1,31,17,4,00,0,0,1,0,0,0
0.6102564102564103	0.6034338381654432	0.6102564102564103	0.5896361462796318	0,0,3,5,0,0,00,2,42,26,1,0,00,1,400,218,7,0,00,2,160,644,64,0,00,0,11,165,136,3,00,0,3,25,21,8,00,0,0,1,2,0,0
0.6205128205128205	0.6172883673730617	0.6205128205128205	0.6002814822018057	0,0,6,3,1,0,00,1,42,24,3,0,00,1,456,191,8,0,00,0,159,602,71,1,00,0,21,162,140,0,00,0,2,22,18,11,00,0,0,3,2,0,0
0.6071794871794872	0.600126791105086	0.6071794871794872	0.5874261358184689	0,0,8,7,0,0,00,2,46,17,1,0,00,3,433,192,7,0,00,0,179,607,66,1,00,0,11,176,129,3,00,0,1,36,11,13,00,0,0,0,1,0,0
0.6066666666666667	0.6000766515884608	0.6066666666666667	0.5897751192476123	0,0,5,3,1,0,00,2,37,21,3,0,00,2,422,191,13,0,00,0,197,612,79,3,00,0,12,152,139,0,00,0,1,24,20,8,00,0,0,0,3,0,0
0.6092307692307692	0.6163141563843675	0.6092307692307692	0.5915845539651915	0,0,5,1,1,0,01,3,36,12,1,0,00,1,445,196,6,1,00,0,187,596,57,2,00,0,15,185,134,0,00,0,1,34,18,10,00,0,0,0,2,0,0
0.6102564102564103	0.6023538756579172	0.6102564102564103	0.5926309310148239	0,1,7,3,0,0,00,2,29,25,0,0,00,3,416,207,12,0,00,2,163,625,71,0,00,0,15,172,139,1,00,1,2,22,19,8,00,0,1,2,2,0,0
0.6	0.59036423885195	0.6	0.5807195330334963	0,0,8,4,0,0,01,1,35,23,2,0,00,1,436,198,7,0,00,2,189,594,64,1,00,0,13,185,129,1,00,0,0,22,22,10,00,0,0,1,1,0,0
0.6005128205128205	0.592345168195444	0.6005128205128205	0.5777735555144403	0,0,6,2,0,0,00,1,37,26,2,0,00,0,424,194,8,0,00,2,186,613,59,1,00,0,15,184,127,1,00,0,2,28,25,6,00,0,0,0,1,0,0
0.6071794871794872	0.6121361771710592	0.6071794871794872	0.5888929212229644	0,0,4,6,0,0,00,3,29,21,4,0,00,2,411,224,8,0,00,1,154,627,67,0,00,0,9,183,135,1,00,0,0,31,21,8,00,0,0,0,1,0,0
0.6035897435897436	0.5985794420331031	0.6035897435897436	0.5831320308374282	0,0,2,2,2,0,00,3,45,19,1,0,00,3,401,206,7,1,00,0,163,642,75,0,00,0,20,172,123,2,00,0,0,34,17,8,00,0,0,1,1,0,0
0.6256410256410256	0.6377181316220746	0.6256410256410256	0.6095942853065107	0,0,3,4,0,0,00,1,25,17,0,0,00,0,439,203,7,0,00,0,163,634,64,2,00,0,14,181,133,1,00,0,0,31,13,13,00,0,1,1,0,0,0
0.6112820512820513	0.6068399477040614	0.6112820512820513	0.5922412307768898	0,1,2,5,0,0,00,2,32,21,3,0,00,5,442,190,6,0,00,2,168,603,58,1,00,0,15,198,137,1,00,0,0,32,17,8,00,0,0,0,1,0,0
0.6061538461538462	0.6036577508894986	0.6061538461538462	0.5874799082392027	0,0,1,3,1,0,00,2,36,25,1,0,02,3,422,224,6,0,00,2,156,619,70,0,00,0,9,164,130,2,00,0,1,31,29,9,00,0,0,1,1,0,0
0.6066666666666667	0.615796985999245	0.6066666666666667	0.5831983341159722	0,0,3,6,0,0,00,2,46,26,0,0,00,1,445,211,3,0,00,0,171,603,55,1,00,0,11,179,129,0,00,0,0,33,20,4,00,0,0,1,0,0,0
0.6133333333333333	0.6144764984210129	0.6133333333333333	0.5901139420752413	0,0,3,3,0,0,00,2,45,15,0,0,00,1,428,203,4,0,00,2,156,636,45,1,00,0,10,213,122,1,00,0,0,27,23,8,00,0,0,1,1,0,0
0.6092307692307692	0.6108299842464275	0.6092307692307692	0.5829175514686303	0,0,2,2,0,0,00,2,40,19,0,0,00,0,441,200,6,0,00,2,146,633,45,1,00,0,15,226,103,3,00,0,2,33,15,9,00,0,0,3,2,0,0
0.6143589743589744	0.6118974623372747	0.6143589743589744	0.5931175047947399	0,0,3,9,0,0,00,1,40,18,1,0,00,1,420,185,5,0,00,0,178,645,58,1,00,0,16,195,117,1,00,0,2,24,13,15,00,0,0,2,0,0,0
0.6035897435897436	0.6012682776856801	0.6035897435897436	0.5827598974962555	0,0,8,3,0,0,00,3,29,24,2,0,00,0,434,209,4,0,00,1,170,613,62,1,00,0,17,184,121,6,00,0,1,29,22,6,00,0,0,0,1,0,0
0.6030769230769231	0.5963907209879297	0.6030769230769231	0.5848301250762138	0,2,5,6,2,0,00,5,37,17,3,0,00,3,420,203,7,0,00,3,196,624,50,2,00,0,18,173,117,1,00,0,0,30,14,10,00,0,1,0,1,0,0
0.602051282051282	0.600560893165994	0.602051282051282	0.5846346975347552	0,1,5,5,0,0,00,5,36,21,2,0,00,4,431,204,4,0,00,1,183,597,47,5,00,0,6,204,132,6,00,0,1,27,13,9,00,0,0,0,1,0,0
0.617948717948718	0.618768109451761	0.617948717948718	0.5993510979328349	0,1,4,3,0,0,00,2,30,26,1,0,00,1,444,221,6,0,00,0,157,622,55,0,00,0,13,187,132,4,00,0,2,22,10,5,00,0,0,2,0,0,0
0.597948717948718	0.607299161551182	0.597948717948718	0.5747670781929252	0,1,6,4,0,0,00,2,34,30,2,0,00,1,409,197,5,0,00,0,196,629,42,1,00,0,10,201,115,0,00,0,1,42,10,11,00,0,0,1,0,0,0
0.6128205128205129	0.612715412483841	0.6128205128205129	0.5881516797518335	0,0,6,6,0,0,00,1,43,30,2,0,00,0,429,222,7,0,00,1,141,628,62,0,00,0,8,175,134,1,00,0,1,28,20,3,00,0,0,2,0,0,0
0.6241025641025642	0.6265647986092792	0.6241025641025642	0.6047937047244755	0,0,4,4,0,0,00,2,33,24,0,0,00,1,447,190,5,0,00,1,177,619,60,0,00,0,12,162,140,1,00,0,1,34,22,9,00,0,0,1,1,0,0
0.6035897435897436	0.5964845302996397	0.6035897435897436	0.5828466783355059	0,0,4,4,0,0,00,1,42,21,1,0,00,3,437,182,4,0,00,0,206,595,66,0,00,0,14,171,138,1,00,0,0,33,20,6,00,0,0,0,1,0,0
0.6117948717948718	0.619707439932066	0.6117948717948718	0.5922518312325998	0,0,5,5,0,0,00,4,41,20,1,0,00,1,430,231,7,0,00,1,151,623,64,0,00,0,14,164,130,1,00,0,1,33,15,6,00,0,0,0,2,0,0
