accuracy	precision	recall	f1	oob	confMatrxVars
0.5230769230769231	0.48127561387072904	0.5230769230769231	0.48144674843709695	0.4759181878161425	0,0,3,7,0,0,0,0,0,36,36,2,0,0,0,0,357,295,5,0,0,0,0,189,625,44,0,0,0,0,10,251,38,0,0,0,0,0,44,6,0,0,0,0,0,1,1,0,0
0.5333333333333333	0.5058062191334237	0.5333333333333333	0.48533255451877394	0.4708599076314053	0,0,6,2,0,0,0,0,0,37,27,0,0,0,0,0,380,272,1,0,0,0,0,203,627,19,0,0,0,0,21,268,33,0,0,0,0,0,45,8,0,0,0,0,0,1,0,0,0
0.5435897435897435	0.5177297962662838	0.5435897435897435	0.49323603617883677	0.47415878601275563	0,0,0,5,0,0,0,0,0,40,37,0,0,0,0,0,405,268,0,0,0,0,0,207,630,9,0,0,0,0,6,260,25,0,0,0,0,2,45,8,0,0,0,0,0,2,1,0,0
0.5476923076923077	0.5070726609647828	0.5476923076923077	0.5023463063473564	0.4767978887178359	0,0,1,5,0,0,0,0,0,23,34,1,0,0,0,0,404,236,0,0,0,0,0,206,627,29,0,0,0,0,19,272,37,0,0,0,0,0,41,14,0,0,0,0,0,0,1,0,0
0.5374358974358975	0.49640945999680236	0.5374358974358975	0.486426555241114	0.4794369914229162	0,0,5,5,0,0,0,0,0,44,26,0,0,0,0,0,398,257,2,0,0,0,0,203,623,17,0,0,0,0,12,270,27,0,0,0,0,0,49,11,0,0,0,0,0,1,0,0,0
0.5497435897435897	0.5223597453430557	0.5497435897435897	0.4951716856870773	0.48163624367714974	0,0,4,3,0,0,0,0,0,38,28,0,0,0,0,0,367,260,2,0,0,0,0,171,675,12,0,0,0,0,10,291,30,0,0,0,0,0,47,9,0,0,0,0,0,2,1,0,0
0.5456410256410257	0.516974276974277	0.5456410256410257	0.4984414715587789	0.47503848691444905	0,0,3,6,0,0,0,0,0,44,27,0,0,0,0,0,394,244,0,0,0,0,0,214,632,17,0,0,0,0,10,257,38,0,0,0,0,1,54,7,0,0,0,0,0,1,1,0,0
0.5379487179487179	0.5053522384843548	0.5379487179487179	0.48684110688428994	0.4728392346602155	0,0,2,6,0,0,0,0,32,41,1,0,0,0,345,272,0,0,0,0,191,673,19,0,0,0,13,274,31,0,0,0,4,38,8,0
0.5564102564102564	0.5293994883717106	0.5564102564102564	0.5118029236312565	0.4752584121398724	0,0,3,6,0,0,0,0,0,32,25,1,0,0,0,0,401,260,1,0,0,0,0,192,643,18,0,0,0,0,20,242,41,0,0,0,0,0,55,8,0,0,0,0,0,1,1,0,0
0.5384615384615384	0.5107899222942675	0.5384615384615384	0.4846055348181926	0.47151968330767535	0,0,4,7,0,0,0,0,0,34,23,0,0,0,0,0,387,259,0,0,0,0,0,205,640,10,0,0,0,0,9,285,23,0,0,0,0,0,53,9,0,0,0,0,0,2,0,0,0
0.5394871794871795	0.5224525526603143	0.5394871794871795	0.4814191954560678	0.4737189355619089	0,0,7,3,0,0,0,0,0,36,35,0,0,0,0,0,382,263,1,0,0,0,0,190,650,6,0,0,0,0,6,281,20,0,0,0,0,1,63,4,0,0,0,0,0,2,0,0,0
0.563076923076923	0.531889953351534	0.563076923076923	0.5230182174356548	0.4858148229601935	0,0,4,2,0,0,0,0,0,25,37,2,0,0,0,0,391,263,4,0,0,0,0,162,653,32,0,0,0,0,10,257,54,0,0,0,0,1,36,16,0,0,0,0,0,1,0,0,0
0.5517948717948717	0.5176282614811221	0.5517948717948717	0.5024318471588946	0.4794369914229162	0,0,7,1,0,0,0,0,0,30,29,0,0,0,0,0,383,286,1,0,0,0,0,166,665,20,0,0,0,0,11,265,28,0,0,0,0,0,47,10,0,0,0,0,0,0,1,0,0
0.5317948717948718	0.48620234782528104	0.5317948717948718	0.49360931987168544	0.4618429733890477	0,0,5,7,0,0,0,0,0,38,30,0,0,0,0,0,390,260,7,0,0,0,0,197,597,50,0,0,0,0,15,243,50,0,0,0,0,0,43,17,0,0,0,0,0,1,0,0,0
0.5405128205128205	0.5231254006410256	0.5405128205128205	0.48120024779817144	0.4723993842093688	0,0,4,5,0,0,0,0,0,33,51,0,0,0,0,0,394,255,0,0,0,0,0,189,641,7,0,0,0,0,19,280,19,0,0,0,0,0,47,4,0,0,0,0,1,1,0,0,0
0.5343589743589744	0.5137884067116464	0.5343589743589744	0.47868391956807227	0.47701781394325926	0,0,1,6,0,0,0,0,0,33,38,0,0,0,0,0,415,278,0,0,0,0,0,198,612,8,0,0,0,0,15,266,15,0,0,0,0,0,60,2,0,0,0,0,0,2,1,0,0
0.5292307692307693	0.5409942638284725	0.5292307692307693	0.46285994594807095	0.48427534638223	0,0,3,3,0,0,0,0,36,30,0,0,0,0,388,245,0,0,0,0,213,637,1,0,0,0,11,313,7,0,0,0,0,62,1,0
0.5476923076923077	0.5022482170712848	0.5476923076923077	0.5031004953296863	0.4783373652957994	0,0,9,3,0,0,0,0,0,36,26,1,0,0,0,0,416,215,2,0,0,0,0,212,610,38,0,0,0,0,12,270,42,0,0,0,0,1,47,8,0,0,0,0,0,1,1,0,0
0.5748717948717949	0.5383240234860371	0.5748717948717949	0.5333200081652094	0.4772377391686826	0,0,3,5,0,0,0,0,0,32,23,1,0,0,0,0,411,211,1,0,0,0,0,203,659,29,0,0,0,0,20,244,51,0,0,0,0,0,45,10,0,0,0,0,0,1,1,0,0
0.5338461538461539	0.5235153439448629	0.5338461538461539	0.47346512297319804	0.4869144490873103	0,0,4,3,0,0,0,0,0,24,42,0,0,0,0,0,380,255,0,0,0,0,0,188,643,9,0,0,0,0,11,313,18,0,0,0,0,0,57,2,0,0,0,0,0,1,0,0,0
0.522051282051282	0.4883662649797093	0.522051282051282	0.4686898850392691	0.471299758082252	0,0,1,6,0,0,0,0,0,34,37,1,0,0,0,0,372,273,0,0,0,0,0,191,620,19,0,0,0,0,10,304,26,0,0,0,0,1,45,9,0,0,0,0,0,0,1,0,0
0.5312820512820513	0.497817449241137	0.5312820512820513	0.48323845185555614	0.4688805806025951	0,0,5,4,0,0,0,0,0,38,26,1,0,0,0,0,382,273,2,0,0,0,0,197,621,21,0,0,0,0,14,275,33,0,0,0,0,1,45,10,0,0,0,0,0,2,0,0,0
0.5302564102564102	0.4803233018958936	0.5302564102564102	0.46935870375485544	0.47261930943479213	0,0,6,4,0,0,0,0,0,37,31,0,0,0,0,0,365,248,0,0,0,0,0,208,654,9,0,0,0,0,13,286,15,0,0,0,0,1,63,9,0,0,0,0,0,0,1,0,0
0.5415384615384615	0.5166294989136162	0.5415384615384615	0.495271649155816	0.4748185616890257	0,0,2,5,0,0,0,0,0,29,32,0,0,0,0,0,387,260,0,0,0,0,0,209,634,20,0,0,0,0,11,264,35,0,0,0,0,1,53,6,0,0,0,0,0,2,0,0,0
0.5512820512820513	0.5226040421147911	0.5512820512820513	0.5049426464144762	0.47415878601275563	0,0,4,5,0,0,0,0,0,36,36,0,0,0,0,0,374,264,1,0,0,0,0,175,656,22,0,0,0,0,12,261,45,0,0,0,0,1,47,10,0,0,0,0,0,0,1,0,0
