accuracy	precision	recall	f1	confMatrxVars
0.518974358974359	0.40957141893843013	0.518974358974359	0.45728632455493684	0,0,2,9,0,0,00,0,28,24,0,0,00,0,432,240,0,0,00,0,282,580,0,0,00,0,41,265,0,0,00,0,3,43,0,0,00,0,0,1,0,0,0
0.4338461538461538	0.4237426573426573	0.4338461538461538	0.2742713349819949	0,0,1,12,0,00,0,1,66,0,00,0,18,632,0,00,0,5,828,0,00,0,0,331,0,00,0,0,56,0,0
0.44974358974358974	0.36975742087449687	0.44974358974358974	0.32336833985577146	0,0,1,4,0,0,00,0,9,63,0,0,00,0,69,566,0,0,00,0,46,808,0,0,00,0,3,314,0,0,00,0,0,63,0,0,00,0,0,4,0,0,0
0.49333333333333335	0.39337472562271125	0.49333333333333335	0.4196993466001368	0,0,4,5,0,0,00,0,29,41,0,0,00,0,275,379,0,0,00,0,158,687,0,0,00,0,16,298,0,0,00,0,3,53,0,0,00,0,0,2,0,0,0
0.4543589743589744	0.4084401403314349	0.4543589743589744	0.32516669314168717	0,0,0,5,0,0,00,0,4,57,0,0,00,0,69,576,0,0,00,0,33,817,0,0,00,0,0,331,0,0,00,0,0,56,0,0,00,0,0,2,0,0,0
0.46923076923076923	0.40580969479077517	0.46923076923076923	0.3690832309350783	0,0,4,5,0,00,0,13,53,0,00,0,147,516,0,00,0,66,768,0,00,0,3,316,0,00,0,0,59,0,0
0.4276923076923077	0.1829207100591716	0.4276923076923077	0.2562466843501326	0,0,0,9,0,0,00,0,0,59,0,0,00,0,0,664,0,0,00,0,0,834,0,0,00,0,0,329,0,0,00,0,0,54,0,0,00,0,0,1,0,0,0
0.49230769230769234	0.3774371176623715	0.49230769230769234	0.42662886508276854	0,0,5,4,0,0,00,0,31,38,0,0,00,0,402,242,0,0,00,0,287,558,0,0,00,0,39,285,0,0,00,0,4,53,0,0,00,0,0,2,0,0,0
0.5128205128205128	0.409573860687221	0.5128205128205128	0.43745291180108825	0,0,2,8,0,0,00,0,19,37,0,0,00,0,285,342,0,0,00,0,149,715,0,0,00,0,13,324,0,0,00,0,0,55,0,0,00,0,0,1,0,0,0
0.47384615384615386	0.4088210128456982	0.47384615384615386	0.36374911412344063	0,0,1,8,0,00,0,10,53,0,00,0,113,528,0,00,0,55,811,0,00,0,2,309,0,00,0,0,60,0,0
0.48102564102564105	0.3582459298693422	0.48102564102564105	0.4106448453797096	0,0,4,2,0,0,00,0,30,42,0,0,00,0,429,192,0,0,00,0,323,509,0,0,00,0,48,309,0,0,00,0,9,51,0,0,00,0,0,2,0,0,0
0.47794871794871796	0.43015771339285575	0.47794871794871796	0.370925048516889	0,0,1,7,0,0,00,0,14,46,0,0,00,0,130,542,0,0,00,0,44,802,0,0,00,0,4,298,0,0,00,0,0,60,0,0,00,0,0,2,0,0,0
0.4584615384615385	0.39967725049302144	0.4584615384615385	0.35388211365276206	0,0,3,9,0,0,00,0,14,52,0,0,00,0,131,542,0,0,00,0,61,763,0,0,00,0,2,315,0,0,00,0,0,56,0,0,00,0,0,2,0,0,0
0.5261538461538462	0.41926860847736114	0.5261538461538462	0.45668988801303667	0,0,3,5,0,0,00,0,21,36,0,0,00,0,343,299,0,0,00,0,183,683,0,0,00,0,13,317,0,0,00,0,0,45,0,0,00,0,0,2,0,0,0
0.48205128205128206	0.411889991113552	0.48205128205128206	0.3836089744182995	0,0,2,9,0,0,00,0,20,53,0,0,00,0,162,482,0,0,00,0,62,778,0,0,00,0,3,322,0,0,00,0,0,54,0,0,00,0,0,3,0,0,0
0.48205128205128206	0.4013095432778679	0.48205128205128206	0.38527185468617237	0,0,3,11,0,0,00,0,13,46,0,0,00,0,158,468,0,0,00,0,79,782,0,0,00,0,4,335,0,0,00,0,0,49,0,0,00,0,0,2,0,0,0
0.5261538461538462	0.4421529363110008	0.5261538461538462	0.44617428251107344	0,0,3,7,0,0,00,0,17,41,0,0,00,0,286,367,0,0,00,0,88,740,0,0,00,0,6,342,0,0,00,0,0,51,0,0,00,0,0,2,0,0,0
0.5025641025641026	0.41966587108712633	0.5025641025641026	0.4143726320960825	0,0,3,11,0,0,00,0,15,51,0,0,00,0,221,410,0,0,00,0,79,759,0,0,00,0,8,328,0,0,00,0,1,63,0,0,00,0,0,1,0,0,0
0.47025641025641024	0.4243065032188936	0.47025641025641024	0.35637500255691645	0,0,1,8,0,0,00,0,12,53,0,0,00,0,111,545,0,0,00,0,38,806,0,0,00,0,1,323,0,0,00,0,0,51,0,0,00,0,0,1,0,0,0
0.4948717948717949	0.38060336382805626	0.4948717948717949	0.43027142735441665	0,0,2,6,0,0,00,0,30,33,0,0,00,0,415,209,0,0,00,0,326,550,0,0,00,0,43,276,0,0,00,0,4,54,0,0,00,0,0,2,0,0,0
0.46615384615384614	0.4097006356489115	0.46615384615384614	0.35311515380153474	0,0,4,9,0,0,00,0,15,50,0,0,00,0,111,549,0,0,00,0,43,798,0,0,00,0,1,302,0,0,00,0,0,66,0,0,00,0,0,2,0,0,0
0.48615384615384616	0.39893374493019673	0.48615384615384616	0.388279949697171	0,0,3,6,0,0,00,0,17,55,0,0,00,0,158,454,0,0,00,0,76,790,0,0,00,0,5,327,0,0,00,0,0,55,0,0,00,0,0,4,0,0,0
0.4876923076923077	0.3841075166603044	0.4876923076923077	0.4152107257317575	0,0,3,3,0,0,00,0,24,49,0,0,00,0,281,372,0,0,00,0,172,670,0,0,00,0,29,284,0,0,00,0,7,53,0,0,00,0,0,3,0,0,0
0.42615384615384616	0.18160710059171598	0.42615384615384616	0.25468093934113356	0,0,0,8,0,00,0,0,63,0,00,0,0,651,0,00,0,0,831,0,00,0,0,342,0,00,0,0,55,0,0
0.4379487179487179	0.3497511092212987	0.4379487179487179	0.33308302997433437	0,0,0,5,0,0,00,0,9,63,0,0,00,0,113,540,0,0,00,0,89,741,0,0,00,0,13,322,0,0,00,0,3,50,0,0,00,0,0,2,0,0,0
0.47435897435897434	0.41617126152602196	0.47435897435897434	0.3681457502803452	0,0,3,7,0,0,00,0,13,50,0,0,00,0,139,503,0,0,00,0,45,786,0,0,00,0,4,355,0,0,00,0,0,44,0,0,00,0,0,1,0,0,0
0.5230769230769231	0.42643718228093436	0.5230769230769231	0.4524552818219593	0,0,2,7,0,00,0,24,43,0,00,0,313,348,0,00,0,152,707,0,00,0,10,295,0,00,0,1,48,0,0
0.48102564102564105	0.3911666607793961	0.48102564102564105	0.38566638465417885	0,0,5,8,0,0,00,0,22,46,0,0,00,0,164,463,0,0,00,0,84,774,0,0,00,0,7,321,0,0,00,0,0,55,0,0,00,0,0,1,0,0,0
0.5323076923076923	0.42904872365710256	0.5323076923076923	0.4560914714917444	0,0,2,6,0,0,00,0,27,34,0,0,00,0,320,322,0,0,00,0,126,718,0,0,00,0,11,321,0,0,00,0,0,60,0,0,00,0,0,3,0,0,0
0.49948717948717947	0.39886264010235584	0.49948717948717947	0.4158435840957404	0,0,4,8,0,0,00,0,24,44,0,0,00,0,224,396,0,0,00,0,116,750,0,0,00,0,13,312,0,0,00,0,1,56,0,0,00,0,0,2,0,0,0
0.49230769230769234	0.4332173323853741	0.49230769230769234	0.3939615099140138	0,0,2,8,0,0,00,0,15,50,0,0,00,0,158,501,0,0,00,0,57,802,0,0,00,0,3,295,0,0,00,0,0,57,0,0,00,0,0,2,0,0,0
0.4112820512820513	0.16915292570677187	0.4112820512820513	0.23971526535480026	0,0,0,10,0,0,00,0,0,64,0,0,00,0,0,685,0,0,00,0,0,802,0,0,00,0,0,327,0,0,00,0,0,57,0,0,00,0,0,5,0,0,0
0.5138461538461538	0.3942862862399075	0.5138461538461538	0.443778611820599	0,0,5,5,0,00,0,37,37,0,00,0,386,245,0,00,0,235,616,0,00,0,24,299,0,00,0,4,57,0,0
0.4230769230769231	0.17899408284023668	0.4230769230769231	0.2515592515592515	0,0,0,8,0,0,00,0,0,67,0,0,00,0,0,690,0,0,00,0,0,825,0,0,00,0,0,305,0,0,00,0,0,54,0,0,00,0,0,1,0,0,0
0.49128205128205127	0.41134531488153225	0.49128205128205127	0.39272362244864184	0,0,1,8,0,0,00,0,16,47,0,0,00,0,153,467,0,0,00,0,71,805,0,0,00,0,3,318,0,0,00,0,0,60,0,0,00,0,0,1,0,0,0
0.46	0.44899685918553844	0.46	0.3084675971095067	0,0,0,10,0,0,00,0,5,52,0,0,00,0,31,619,0,0,00,0,6,866,0,0,00,0,0,302,0,0,00,0,0,58,0,0,00,0,0,1,0,0,0
0.5128205128205128	0.4233199960348572	0.5128205128205128	0.43092018669576215	0,0,2,9,0,0,00,0,25,39,0,0,00,0,244,393,0,0,00,0,102,756,0,0,00,0,3,317,0,0,00,0,0,59,0,0,00,0,0,1,0,0,0
0.5076923076923077	0.4028707179440534	0.5076923076923077	0.4312857403746613	0,0,4,6,0,00,0,25,42,0,00,0,289,344,0,00,0,145,701,0,00,0,15,324,0,00,0,0,55,0,0
0.4625641025641026	0.39211286169416704	0.4625641025641026	0.3565356576854772	0,0,4,8,0,0,00,0,12,55,0,0,00,0,126,522,0,0,00,0,63,776,0,0,00,0,4,315,0,0,00,0,0,64,0,0,00,0,0,1,0,0,0
0.4948717948717949	0.417701579823708	0.4948717948717949	0.40394685243112644	0,0,3,7,0,0,00,0,21,51,0,0,00,0,190,457,0,0,00,0,77,775,0,0,00,0,3,307,0,0,00,0,2,55,0,0,00,0,0,2,0,0,0
0.5225641025641026	0.406639585480477	0.5225641025641026	0.4502249863170291	0,0,4,7,0,0,00,0,21,43,0,0,00,0,355,268,0,0,00,0,193,664,0,0,00,0,16,313,0,0,00,0,2,61,0,0,00,0,0,3,0,0,0
0.46	0.38356146898095456	0.46	0.36266105488661693	0,0,2,8,0,0,00,0,20,48,0,0,00,0,157,492,0,0,00,0,79,740,0,0,00,0,4,342,0,0,00,0,0,56,0,0,00,0,0,2,0,0,0
0.5205128205128206	0.4207601138369538	0.5205128205128206	0.4471987339538515	0,0,5,5,0,0,00,0,26,36,0,0,00,0,301,349,0,0,00,0,144,714,0,0,00,0,10,295,0,0,00,0,1,62,0,0,00,0,0,2,0,0,0
0.5297435897435897	0.419376482458133	0.5297435897435897	0.45206092449129803	0,0,2,5,0,0,00,0,27,45,0,0,00,0,301,309,0,0,00,0,138,732,0,0,00,0,8,324,0,0,00,0,0,58,0,0,00,0,0,1,0,0,0
0.4471794871794872	0.37716374187601115	0.4471794871794872	0.3139655768336355	0,0,2,8,0,0,00,0,13,49,0,0,00,0,62,578,0,0,00,0,27,810,0,0,00,0,4,340,0,0,00,0,0,55,0,0,00,0,0,2,0,0,0
0.49333333333333335	0.39256558501361505	0.49333333333333335	0.4148276014958787	0,0,2,8,0,0,00,0,18,47,0,0,00,0,231,389,0,0,00,0,147,731,0,0,00,0,11,311,0,0,00,0,2,51,0,0,00,0,0,2,0,0,0
0.4594871794871795	0.41277417433514996	0.4594871794871795	0.3293839024277034	0,0,0,7,0,00,0,6,62,0,00,0,68,581,0,00,0,29,828,0,00,0,2,311,0,00,0,0,56,0,0
0.5394871794871795	0.4320475857916359	0.5394871794871795	0.4636316311117191	0,0,6,3,0,0,00,0,23,31,0,0,00,0,309,312,0,0,00,0,135,743,0,0,00,0,8,318,0,0,00,0,1,59,0,0,00,0,0,2,0,0,0
0.4907692307692308	0.40277063845245664	0.4907692307692308	0.391311851790061	0,0,3,7,0,0,00,0,18,49,0,0,00,0,160,447,0,0,00,0,66,797,0,0,00,0,9,333,0,0,00,0,0,58,0,0,00,0,0,3,0,0,0
0.47025641025641024	0.38863559797866365	0.47025641025641024	0.3799558346282385	0,0,4,4,0,0,00,0,22,52,0,0,00,0,175,488,0,0,00,0,97,742,0,0,00,0,8,296,0,0,00,0,0,61,0,0,00,0,0,1,0,0,0
