accuracy	precision	recall	f1	oob	confMatrxVars
0.6553846153846153	0.6498624292656979	0.6553846153846153	0.6372708674813751	0.3564987904112602	0,0,2,4,0,0,0,0,1,43,24,1,0,0,0,2,461,199,5,0,0,0,1,126,653,54,0,0,0,0,7,163,148,1,0,0,0,0,17,22,15,0,0,0,0,0,1,0,0
0.6548717948717949	0.6563483003846826	0.6548717948717949	0.6396755457725691	0.3463822300417858	0,2,2,5,0,0,0,0,4,43,15,1,0,0,0,2,446,189,4,0,0,0,1,152,645,48,0,0,0,0,13,153,168,1,0,0,0,0,24,17,14,0,0,0,0,0,1,0,0
0.6507692307692308	0.6565881312874082	0.6507692307692308	0.6338237992258714	0.34880140752144273	0,0,5,7,0,0,0,0,3,39,15,0,0,0,0,3,451,179,5,0,0,0,0,165,645,42,0,0,0,0,7,169,158,0,0,0,0,1,26,17,12,0,0,0,0,1,0,0,0
0.661025641025641	0.6738011433404553	0.661025641025641	0.642746157204962	0.35737849131295363	0,0,5,5,0,0,0,0,6,36,26,0,0,0,0,3,467,171,1,0,0,0,0,142,643,40,0,0,0,0,12,169,160,0,0,0,0,1,27,21,13,0,0,0,0,2,0,0,0
0.6507692307692308	0.6433316096779399	0.6507692307692308	0.6320447490958928	0.34814163184517266	0,0,4,4,0,0,0,1,1,40,23,1,0,0,0,2,443,176,5,0,0,0,1,141,655,56,1,0,0,0,10,173,155,0,0,0,0,0,22,18,15,0,0,0,0,1,2,0,0
0.6256410256410256	0.6241636962075312	0.6256410256410256	0.6054182219752521	0.3364855948977348	0,0,5,7,0,0,0,1,44,21,0,0,0,2,439,205,3,0,0,1,167,632,36,0,0,0,16,182,134,2,0,0,1,21,17,14
0.6338461538461538	0.6384502141682245	0.6338461538461538	0.6098634460468668	0.34616230481636245	0,0,6,7,0,0,0,0,2,41,20,0,0,0,0,0,445,177,4,1,0,0,1,162,650,50,0,0,0,0,9,179,133,0,0,0,0,1,34,20,6,0,0,0,0,1,1,0,0
0.6446153846153846	0.661458114871815	0.6446153846153846	0.6268701537686544	0.35517923905872006	0,0,7,5,0,0,0,4,38,23,2,0,0,0,423,182,1,0,0,0,156,661,53,0,0,0,9,177,153,1,0,0,0,19,20,16
0.6528205128205128	0.6438465237739032	0.6528205128205128	0.6305342704299302	0.3474818561689026	0,0,7,4,0,0,0,2,44,31,1,0,0,4,482,163,3,0,0,1,150,641,59,0,0,0,8,162,143,0,0,0,0,23,17,5
0.6533333333333333	0.6740338473366299	0.6533333333333333	0.6306825818677201	0.3485814822960194	0,0,8,4,2,0,0,0,2,46,24,1,0,0,0,0,460,188,8,0,0,0,0,132,661,43,0,0,0,0,6,162,137,0,0,0,0,0,30,21,14,0,0,0,0,1,0,0,0
0.6605128205128206	0.6706734667151646	0.6605128205128206	0.6416273949370002	0.35451946338245	0,0,0,5,0,0,0,0,2,43,21,0,0,0,0,0,453,178,1,0,0,0,1,144,667,53,0,0,0,0,9,163,156,0,0,0,0,0,28,15,10,0,0,0,0,0,1,0,0
0.6574358974358975	0.662983187432426	0.6574358974358975	0.6401207443995054	0.34814163184517266	0,0,4,4,0,0,0,0,3,35,17,0,0,0,0,1,439,178,4,0,0,0,1,157,677,42,0,0,0,0,5,169,150,2,0,0,0,0,30,18,13,0,0,0,0,1,0,0,0
0.6584615384615384	0.6846226941942619	0.6584615384615384	0.6375448411254021	0.3455025291400924	0,0,5,3,0,0,0,0,3,36,27,0,0,0,0,0,453,198,4,0,0,0,0,125,672,32,1,0,0,0,10,175,144,0,0,0,0,1,30,16,12,0,0,0,0,1,2,0,0
0.6548717948717949	0.6649172307574547	0.6548717948717949	0.6395346246726676	0.3505608093248296	0,1,5,2,0,0,0,7,37,18,0,0,0,0,426,197,6,0,0,1,134,681,53,1,0,0,11,162,148,1,0,0,0,30,14,15
0.6733333333333333	0.6818772351203459	0.6733333333333333	0.6592158471334832	0.35869804266549377	0,0,0,5,0,0,0,1,3,41,14,1,0,0,2,1,471,206,6,0,0,0,1,131,656,53,0,0,0,0,8,122,171,0,0,0,0,0,26,17,12,0,0,0,0,1,1,0,0
0.6605128205128206	0.659761573797907	0.6605128205128206	0.6395512499693938	0.351440510226523	0,0,4,2,0,0,0,0,3,40,32,1,0,0,0,2,453,178,5,0,0,0,1,127,678,44,0,0,0,0,7,171,141,4,0,0,0,0,27,14,13,0,0,0,0,1,2,0,0
0.6461538461538462	0.6670720308388121	0.6461538461538462	0.629276081080563	0.34462282823839896	0,0,4,3,0,0,0,0,4,50,17,1,0,0,0,0,446,195,2,0,0,0,0,148,636,49,1,0,0,0,9,173,158,1,0,0,0,1,20,14,16,0,0,0,0,2,0,0,0
0.6502564102564102	0.677467452503761	0.6502564102564102	0.6278193681374414	0.34528260391466903	0,0,6,5,0,0,0,0,4,46,31,0,0,0,0,0,444,203,3,0,0,0,0,118,653,43,1,0,0,0,8,168,159,0,0,0,0,1,31,15,8,0,0,0,0,2,1,0,0
0.6543589743589744	0.652421810233593	0.6543589743589744	0.6378345752936009	0.3468220804926325	0,0,3,2,0,0,0,1,1,44,23,0,0,0,0,1,463,179,4,0,0,0,1,159,637,52,0,0,0,0,9,159,158,1,0,0,0,0,26,9,17,0,0,0,0,1,0,0,0
0.658974358974359	0.6755190472866853	0.658974358974359	0.6372191216977146	0.35473938860787335	0,0,7,4,0,0,0,1,39,19,0,0,0,0,442,175,3,0,0,0,134,688,57,0,0,0,5,174,146,0,0,0,1,26,21,8
0.6482051282051282	0.6543475062639216	0.6482051282051282	0.6294282724923083	0.3529799868044865	0,1,3,1,0,0,0,0,2,40,27,0,0,0,0,2,467,192,2,0,0,0,0,169,641,31,0,0,0,0,6,164,142,1,0,0,0,1,31,13,12,0,0,0,0,0,2,0,0
0.6553846153846153	0.6762411407608606	0.6553846153846153	0.6380410233109547	0.34572245436551574	0,0,3,5,0,0,0,1,7,38,26,1,0,0,0,1,438,189,3,0,0,0,0,154,668,35,0,0,0,0,8,164,154,0,0,0,0,0,27,16,11,0,0,0,0,0,1,0,0
0.6507692307692308	0.6587400419287212	0.6507692307692308	0.6292435336227651	0.3534198372553332	0,0,6,5,0,0,0,0,2,40,23,2,0,0,0,0,442,186,3,0,0,0,1,139,656,45,0,0,0,0,9,167,158,0,0,0,0,0,22,28,11,0,0,0,0,1,4,0,0
0.6430769230769231	0.6536335092351766	0.6430769230769231	0.6246123746676836	0.3525401363536398	0,0,3,4,0,0,0,0,3,42,23,0,0,0,0,1,440,200,4,0,0,0,0,140,658,59,0,0,0,0,10,162,138,0,0,0,0,0,22,23,15,0,0,0,0,2,1,0,0
0.6594871794871795	0.664826967039548	0.6594871794871795	0.6395957615898444	0.35319991202990986	0,0,4,1,0,0,0,0,1,43,21,0,0,0,0,0,451,199,3,0,0,0,1,124,671,56,0,0,0,0,11,147,151,0,0,0,0,0,33,18,12,0,0,0,0,1,2,0,0
