accuracy	precision	recall	f1	oob	confMatrxVars
0.6835897435897436	0.6901372902921185	0.6835897435897436	0.6701015779459544	0.3268088849791071	0,0,5,7,0,0,0,1,4,30,19,1,0,0,0,1,444,176,1,0,0,0,0,118,688,66,0,0,0,0,8,143,175,2,0,0,0,1,25,11,22,0,0,0,0,2,0,0,0
0.6892307692307692	0.6897215845537009	0.6892307692307692	0.6757670692868922	0.3338464921926545	0,0,3,5,0,0,0,0,5,37,21,1,0,0,0,3,469,166,3,0,0,0,0,137,673,50,1,0,0,0,10,135,181,2,0,0,0,1,16,14,16,0,0,0,0,0,1,0,0
0.676923076923077	0.6852779855887532	0.676923076923077	0.663437681910155	0.33714537057400484	0,0,4,6,1,0,0,0,9,43,18,0,0,0,0,1,435,177,2,0,0,0,1,123,674,55,1,0,0,0,9,151,181,1,0,0,0,0,18,18,21,0,0,0,0,0,1,0,0
0.6933333333333334	0.6999932072765666	0.6933333333333334	0.6830244013320204	0.34110402463162526	0,0,5,3,0,0,0,0,9,25,23,0,0,0,0,1,451,146,2,1,0,0,0,150,681,56,1,0,0,0,12,138,188,0,0,0,0,0,17,16,23,0,0,0,0,0,2,0,0
0.6676923076923077	0.6781461743393731	0.6676923076923077	0.653717290956681	0.3272487354299538	0,0,1,6,0,0,0,0,4,35,13,1,0,0,0,1,446,174,2,0,0,0,0,153,671,44,1,0,0,0,8,164,161,3,0,0,0,0,29,12,20,0,0,0,0,1,0,0,0
0.6635897435897435	0.6646053535458517	0.6635897435897435	0.6496354756288946	0.32548933362656696	0,1,6,4,0,0,0,0,6,34,11,0,0,0,0,2,460,159,4,0,0,0,1,146,648,59,0,0,0,0,14,166,158,1,0,0,0,0,22,23,22,0,0,0,1,2,0,0,0
0.6635897435897435	0.6571767446097815	0.6635897435897435	0.646377880971518	0.3303276885858808	0,1,8,5,0,0,0,0,2,46,14,2,0,0,0,2,455,178,5,0,0,0,0,148,658,50,0,0,0,0,10,138,158,3,0,0,0,0,28,17,21,0,0,0,0,1,0,0,0
0.66	0.6739403507546476	0.66	0.646185225811831	0.32592918407741367	0,0,7,3,0,0,0,0,11,45,26,0,0,0,0,1,445,188,6,0,0,0,0,157,638,40,1,0,0,0,10,131,172,3,0,0,0,0,24,20,21,0,0,0,0,0,1,0,0
0.662051282051282	0.6760882044715739	0.662051282051282	0.650271797967135	0.3298878381350341	0,0,6,4,0,0,0,0,7,33,24,0,0,0,0,0,436,195,7,0,0,0,0,136,641,64,0,0,0,0,11,141,185,3,0,0,0,0,23,9,22,0,0,0,1,1,1,0,0
0.68	0.6827136034577483	0.68	0.6663776305561487	0.3347261930943479	0,0,7,4,0,0,0,0,6,35,24,1,0,0,0,2,454,177,7,0,0,0,1,137,669,43,1,0,0,0,8,141,178,3,0,0,0,0,17,15,19,0,0,0,0,1,0,0,0
0.676923076923077	0.6884217490266206	0.676923076923077	0.663839616533071	0.3276885858808005	0,0,3,3,0,0,0,0,6,31,19,2,0,0,0,0,472,176,1,0,0,0,2,136,660,51,0,0,0,0,7,154,162,0,0,0,0,0,27,17,20,0,0,0,0,0,1,0,0
0.6938461538461539	0.7029691947651586	0.6938461538461539	0.6811902247928325	0.3419837255333187	0,0,5,4,0,0,0,0,6,25,24,0,0,0,0,1,474,171,5,0,0,0,0,126,680,42,0,0,0,0,6,153,179,4,0,0,0,0,16,14,14,0,0,0,0,0,1,0,0
0.6948717948717948	0.702318922453471	0.6948717948717948	0.6835532553404018	0.32944798768418737	0,0,5,3,1,0,0,0,9,28,13,1,0,0,0,2,462,172,4,0,0,0,2,127,695,39,0,0,0,0,10,139,162,0,0,0,0,0,26,22,27,0,0,0,0,0,1,0,0
0.6882051282051282	0.6974066433594244	0.6882051282051282	0.6753750027517708	0.3408840994062019	0,0,5,3,0,0,0,0,6,38,19,1,0,0,0,1,465,174,3,0,0,0,0,126,660,54,0,0,0,0,11,129,187,3,0,0,0,0,23,17,24,0,0,0,0,0,1,0,0
0.681025641025641	0.6904720918171003	0.681025641025641	0.6683470428492839	0.3243897074994502	0,0,4,4,0,0,0,0,8,33,23,1,0,0,0,2,467,190,3,0,0,0,0,145,671,31,2,0,0,0,7,135,162,3,0,0,0,0,21,16,20,0,0,0,0,1,1,0,0
0.6851282051282052	0.699462337713217	0.6851282051282052	0.6735678035902756	0.3276885858808005	0,0,3,3,0,0,0,0,8,35,14,0,0,0,0,1,478,179,2,0,0,0,0,114,658,54,2,0,0,0,5,164,174,0,0,0,0,0,22,15,18,0,0,0,0,1,0,0,0
0.6779487179487179	0.6884719928215484	0.6779487179487179	0.6629530926438042	0.3349461183197713	0,0,6,1,0,0,0,0,6,37,33,1,0,0,0,0,448,169,3,1,0,0,1,138,666,61,0,0,0,0,7,127,181,0,0,0,0,0,23,17,21,0,0,0,0,2,1,0,0
0.6748717948717948	0.6855019462190202	0.6748717948717948	0.662598159789778	0.32856828678249395	0,0,3,2,0,0,0,1,8,30,26,0,0,0,0,2,479,180,5,0,0,0,0,117,657,66,1,0,0,0,3,156,153,1,0,0,0,0,24,15,19,0,0,0,1,0,1,0,0
0.6784615384615384	0.6803032535998226	0.6784615384615384	0.6647283314595223	0.329228062458764	0,0,3,4,0,0,0,1,6,35,23,1,0,0,0,4,469,170,4,0,0,0,0,141,672,46,1,0,0,0,11,145,153,2,0,0,0,0,20,14,23,0,0,0,0,2,0,0,0
0.661025641025641	0.6720864120878807	0.661025641025641	0.6431310041841302	0.32504948317572024	0,0,5,3,0,0,0,0,5,51,31,0,0,0,0,1,426,176,5,0,0,0,0,139,671,56,0,0,0,0,7,147,168,3,0,0,0,1,23,12,19,0,0,0,1,0,0,0,0
0.6692307692307692	0.6707076627105236	0.6692307692307692	0.656272274519645	0.3338464921926545	0,1,5,2,0,0,0,0,7,31,22,1,0,0,0,4,427,191,3,0,0,0,0,125,695,59,0,0,0,0,8,153,154,2,0,0,0,0,15,22,22,0,0,0,0,1,0,0,0
0.6743589743589744	0.6815028414746531	0.6743589743589744	0.659874171969423	0.3334066417418078	0,0,5,5,0,0,0,0,8,41,26,2,0,0,0,3,462,142,4,0,0,0,0,177,651,38,1,0,0,0,13,147,178,0,0,0,0,0,14,16,16,0,0,0,0,1,0,0,0
0.6682051282051282	0.6824729555740433	0.6682051282051282	0.654290013280372	0.32856828678249395	0,0,5,5,0,0,0,1,11,40,19,1,0,0,2,0,428,179,2,0,0,0,0,131,682,54,1,0,0,0,6,152,160,1,0,0,0,0,20,25,22,0,0,0,0,1,2,0,0
0.6651282051282051	0.6775316131086108	0.6651282051282051	0.6496016707208521	0.3303276885858808	0,0,4,7,0,0,0,0,6,34,27,1,0,0,0,1,447,168,3,0,0,0,0,158,658,46,0,0,0,0,8,152,169,1,0,0,0,1,24,17,17,0,0,0,0,0,1,0,0
0.6687179487179488	0.6740448028941848	0.6687179487179488	0.6557214741203199	0.32812843633164723	0,1,2,2,0,0,0,0,6,34,21,1,0,0,0,1,459,184,2,0,0,0,1,151,664,45,1,0,0,0,5,156,156,3,0,0,0,0,21,12,19,0,0,0,0,1,2,0,0
