accuracy	precision	recall	f1	oob	confMatrxVars
0.6723076923076923	0.6845364240914206	0.6723076923076923	0.6556497773787234	0.3303276885858808	0,0,6,3,1,0,0,0,7,37,18,1,0,0,0,1,470,171,3,0,0,0,0,132,656,38,1,0,0,0,8,169,163,2,0,0,0,0,26,20,15,0,0,0,0,0,2,0,0
0.6651282051282051	0.6834298146206407	0.6651282051282051	0.649331577114995	0.33802507147569827	0,0,1,3,0,0,0,1,6,47,20,0,0,0,0,0,420,167,3,0,0,0,1,154,676,37,1,0,0,0,9,166,178,0,0,0,0,0,22,20,17,0,0,0,0,1,0,0,0
0.661025641025641	0.6626571313034624	0.661025641025641	0.6470826800476618	0.32900813723334066	0,0,3,2,0,0,0,0,4,44,16,0,0,0,0,2,455,185,4,0,0,0,3,132,641,57,1,0,0,0,6,167,171,0,0,0,0,0,19,17,18,0,0,0,0,2,1,0,0
0.68	0.6901419634665931	0.68	0.6661723858654307	0.3327468660655377	0,0,3,6,0,0,0,9,39,15,0,0,0,2,463,178,4,0,0,1,132,673,40,0,0,0,10,146,162,1,0,0,1,25,21,19
0.6861538461538461	0.6939859759892824	0.6861538461538461	0.6721544744554034	0.33516604354519464	0,0,6,3,0,0,0,9,34,24,1,0,0,1,453,166,1,0,0,2,131,693,43,1,0,0,13,147,162,0,0,0,0,20,19,21
0.6758974358974359	0.6847157820405301	0.6758974358974359	0.6608901438485617	0.3408840994062019	0,0,11,1,0,0,0,0,5,35,21,0,0,0,0,1,479,180,1,0,0,0,0,134,655,48,0,0,0,0,6,152,162,4,0,0,0,0,24,13,17,0,0,0,0,1,0,0,0
0.6728205128205128	0.6909801889601958	0.6728205128205128	0.6585165554362783	0.33868484715196834	0,0,2,3,0,0,0,0,6,38,21,0,0,0,0,0,451,189,5,0,0,0,0,127,670,48,1,0,0,0,5,152,164,1,0,0,0,0,24,19,21,0,0,0,0,2,1,0,0
0.6861538461538461	0.6945443350751407	0.6861538461538461	0.670123165459268	0.3312073894875742	0,0,7,6,0,0,0,0,7,41,23,1,0,0,0,1,461,163,6,0,0,0,1,116,683,46,0,0,0,0,6,157,160,0,0,0,0,0,23,13,27,0,0,0,0,0,2,0,0
0.6738461538461539	0.6825530678934243	0.6738461538461539	0.658293393533166	0.33208709038926765	0,0,6,3,0,0,0,0,7,39,21,0,0,0,0,1,444,178,3,0,0,0,0,135,689,49,1,0,0,0,7,142,154,3,0,0,0,0,29,17,20,0,0,0,0,1,1,0,0
0.6733333333333333	0.6748720519663016	0.6733333333333333	0.6583430279136171	0.3327468660655377	0,1,2,5,0,0,0,0,7,42,23,3,0,0,0,1,460,144,3,1,0,0,1,163,656,50,2,0,0,0,9,143,167,2,0,0,0,0,23,17,23,0,0,0,0,1,1,0,0
0.6866666666666666	0.6980822398573945	0.6866666666666666	0.6742926041920572	0.3364855948977348	0,0,6,5,0,0,0,0,5,29,30,0,0,0,0,1,473,201,3,0,0,0,3,112,656,33,2,0,0,0,7,150,182,0,0,0,0,0,17,10,23,0,0,0,0,1,1,0,0
0.6676923076923077	0.6873450625177255	0.6676923076923077	0.6541837610871148	0.33164723993842093	0,0,4,5,0,0,0,1,6,36,22,0,0,0,0,1,428,215,6,0,0,0,0,108,671,48,1,0,0,0,7,158,177,0,0,0,0,1,21,13,20,0,0,0,0,0,1,0,0
0.681025641025641	0.692628421266184	0.681025641025641	0.6654619156185939	0.33252694084011436	0,0,6,4,0,0,0,0,5,42,19,0,0,0,0,2,462,200,4,0,0,0,0,122,669,37,1,0,0,0,8,130,175,0,0,0,0,0,28,18,17,0,0,0,0,1,0,0,0
0.6825641025641026	0.6910094884964179	0.6825641025641026	0.670890815863286	0.3369254453485815	0,0,3,4,0,0,0,0,5,29,22,1,0,0,0,0,482,187,5,0,0,0,1,130,665,59,1,0,0,0,9,134,159,1,0,0,0,0,21,11,20,0,0,0,0,0,1,0,0
0.6794871794871795	0.6898674042475761	0.6794871794871795	0.6619586132910859	0.32812843633164723	0,0,4,3,0,0,0,0,5,42,23,0,0,0,0,1,447,185,0,0,0,0,1,128,706,32,0,0,0,0,10,155,148,2,0,0,0,0,21,16,19,0,0,0,0,1,1,0,0
0.6707692307692308	0.690607792453836	0.6707692307692308	0.656874099821604	0.3276885858808005	0,0,5,6,0,0,0,0,8,37,21,0,0,0,0,1,451,223,3,0,0,0,0,110,656,42,1,0,0,0,11,136,177,1,0,0,0,0,27,17,16,0,0,0,0,1,0,0,0
0.6764102564102564	0.6931101167350812	0.6764102564102564	0.6604879386466365	0.32592918407741367	0,0,4,3,0,0,0,0,4,37,19,1,0,0,0,1,465,164,4,0,0,0,0,137,645,41,0,0,0,0,12,154,188,1,0,0,0,0,39,13,17,0,0,0,0,0,1,0,0
0.6717948717948717	0.6849803077581658	0.6717948717948717	0.6582147786209805	0.33560589399604135	0,0,3,1,0,0,0,7,31,33,0,0,0,1,452,178,5,0,0,1,126,653,46,2,0,0,4,169,183,4,0,0,1,21,14,15
0.6574358974358975	0.6641450309368037	0.6574358974358975	0.644367488132215	0.3312073894875742	0,0,5,4,0,0,0,0,9,31,24,1,0,0,0,2,461,206,3,0,0,0,1,135,642,55,1,0,0,0,9,145,156,3,0,0,0,0,23,17,14,0,0,0,0,1,2,0,0
0.6687179487179488	0.6808978195930736	0.6687179487179488	0.6539183064161848	0.33010776336045744	0,0,4,8,0,0,0,0,4,37,24,1,0,0,0,1,456,176,4,1,0,0,0,157,641,38,0,0,0,0,9,146,182,0,0,0,0,1,22,14,21,0,0,0,0,2,1,0,0
0.6738461538461539	0.6818767283952393	0.6738461538461539	0.6595668445939917	0.33318671651638443	0,0,6,4,1,0,0,0,8,36,24,1,0,0,0,1,466,147,11,0,0,0,0,175,656,39,1,0,0,0,13,136,167,2,0,0,0,0,22,16,17,0,0,0,1,0,0,0,0
0.6825641025641026	0.6993877798629657	0.6825641025641026	0.668185934801687	0.33802507147569827	0,0,4,4,0,0,0,0,6,32,22,0,0,0,0,1,462,194,4,0,0,0,0,116,682,33,0,0,0,0,8,165,162,1,0,0,0,0,12,22,19,0,0,0,0,1,0,0,0
0.6692307692307692	0.663114164444341	0.6692307692307692	0.6521013687993145	0.33670552012315813	0,1,5,6,0,0,0,0,3,46,23,0,0,0,0,3,456,176,6,0,0,0,1,115,664,61,1,0,0,0,4,162,164,0,0,0,0,0,16,17,18,0,0,0,0,1,1,0,0
0.6733333333333333	0.6910466116537268	0.6733333333333333	0.6599431793652041	0.3338464921926545	0,0,6,3,0,0,0,1,7,29,28,1,0,0,0,1,457,187,2,0,0,0,0,132,653,48,0,0,0,0,4,147,174,0,0,0,0,1,29,15,22,0,0,0,0,1,2,0,0
0.6723076923076923	0.6754780969348676	0.6723076923076923	0.6555554460417804	0.33670552012315813	0,0,6,5,0,0,0,0,5,43,21,1,0,0,0,2,460,180,3,0,0,0,0,128,669,53,1,0,0,0,7,147,162,2,0,0,0,0,20,18,15,0,0,0,0,1,1,0,0
