accuracy	precision	recall	f1	oob	confMatrxVars
0.6594871794871795	0.6610702974162639	0.6594871794871795	0.6400269074690179	0.357598416538377	0,0,6,5,0,0,0,0,2,34,15,0,0,0,0,0,449,178,1,0,0,0,1,145,686,46,2,0,0,0,8,172,137,1,0,0,0,0,26,22,12,0,0,0,0,1,1,0,0
0.6717948717948717	0.6827066972877971	0.6717948717948717	0.6574920197007855	0.3604574444688806	0,0,9,3,0,0,0,0,6,34,21,1,0,0,0,1,451,202,4,0,0,0,1,143,674,34,0,0,0,0,8,134,158,0,0,0,0,0,24,19,21,0,0,0,0,1,1,0,0
0.6646153846153846	0.6632607052529386	0.6646153846153846	0.6466049678145225	0.3505608093248296	0,0,2,9,0,0,0,0,2,31,22,0,0,0,0,1,454,206,1,0,0,0,1,122,682,57,0,0,0,0,9,139,148,3,0,0,0,0,28,20,10,0,0,0,0,1,2,0,0
0.64	0.6534800247959461	0.64	0.6223244419921703	0.3505608093248296	0,0,4,4,0,0,0,3,34,22,0,0,0,1,435,189,3,0,0,1,158,646,43,0,0,0,11,177,146,0,0,0,1,34,20,18
0.6707692307692308	0.6884667895127965	0.6707692307692308	0.6542536038962499	0.3641961733010777	0,1,3,3,0,0,0,4,32,27,1,0,0,0,456,201,3,0,0,0,130,681,37,1,0,0,4,155,153,0,0,0,1,28,15,14
0.6758974358974359	0.6752909639525722	0.6758974358974359	0.6563796716463345	0.3646360237519244	0,0,4,3,0,0,0,1,2,38,26,1,0,0,0,2,452,175,5,0,0,0,1,122,691,44,0,0,0,0,6,152,159,1,0,0,0,1,29,19,14,0,0,0,0,0,2,0,0
0.6512820512820513	0.6543749789406079	0.6512820512820513	0.6309823279379578	0.35737849131295363	0,0,8,7,0,0,0,2,38,23,0,0,0,1,428,183,7,0,0,1,139,678,44,0,0,0,9,171,146,1,0,0,0,32,16,16
0.6441025641025641	0.6418582325052409	0.6441025641025641	0.6270732045365662	0.3521002859027931	0,0,5,5,0,0,0,1,38,21,0,0,0,2,439,200,5,0,0,2,154,641,44,0,0,0,7,166,162,1,0,0,0,24,20,13
0.64	0.6569195145413808	0.64	0.6189970935854788	0.3382449967011216	0,0,9,4,0,0,0,0,6,35,30,0,0,0,0,1,445,188,3,0,0,0,0,158,639,28,2,0,0,0,9,180,150,1,0,0,0,1,32,18,8,0,0,0,0,1,2,0,0
0.6461538461538462	0.6518537579489792	0.6461538461538462	0.6286050068185005	0.34506267868924567	0,0,7,5,1,0,0,0,3,35,22,0,0,0,0,2,435,190,6,0,0,0,0,154,660,50,0,0,0,0,4,169,148,0,0,0,0,0,27,16,14,0,0,0,0,0,2,0,0
0.6471794871794871	0.6481855864976215	0.6471794871794871	0.6282099010955323	0.3525401363536398	0,0,3,2,1,0,0,1,1,52,17,2,0,0,2,0,442,190,7,0,0,0,1,156,654,43,1,0,0,0,8,158,151,1,0,0,0,1,22,19,14,0,0,0,0,0,1,0,0
0.6384615384615384	0.6578037100628402	0.6384615384615384	0.6183177322258594	0.35363976248075657	0,0,5,0,0,0,0,0,2,38,23,0,0,0,0,0,430,189,6,0,0,0,1,147,646,37,0,0,0,0,10,192,152,0,0,0,0,0,35,20,15,0,0,0,0,2,0,0,0
0.6574358974358975	0.6644568747877019	0.6574358974358975	0.6406061163246597	0.35276006157906314	0,0,5,5,0,0,0,0,4,28,21,1,0,0,0,3,432,200,6,0,0,0,1,137,672,51,0,0,0,0,5,150,165,0,0,0,0,1,31,21,9,0,0,0,0,1,1,0,0
0.6384615384615384	0.6598777907728641	0.6384615384615384	0.618396378000083	0.35012095887398287	0,0,5,8,0,0,0,0,4,36,24,1,0,0,0,1,407,206,5,0,0,0,0,144,670,35,0,0,0,0,14,176,152,0,0,0,0,1,33,15,12,0,0,0,0,1,0,0,0
0.6497435897435897	0.6427693149689349	0.6497435897435897	0.6304635579581297	0.3499010336485595	0,0,7,5,0,0,0,1,2,42,18,1,0,0,0,2,451,189,4,0,0,0,1,147,653,46,2,0,0,0,8,159,150,3,0,0,0,1,27,17,11,0,0,0,0,1,2,0,0
0.6394871794871795	0.6477939904508054	0.6394871794871795	0.6204111145417183	0.3499010336485595	0,0,7,5,0,0,0,0,4,38,28,0,0,0,0,1,435,210,3,0,0,0,1,130,657,52,1,0,0,0,5,176,136,1,0,0,0,0,23,20,15,0,0,0,0,1,1,0,0
0.6605128205128206	0.6746263069126951	0.6605128205128206	0.6448543660068471	0.3529799868044865	0,0,3,3,0,0,0,0,5,42,22,0,0,0,0,1,455,193,2,0,0,0,0,145,658,52,0,0,0,0,6,149,154,0,0,0,0,0,23,19,16,0,0,0,0,1,1,0,0
0.6410256410256411	0.661968467300416	0.6410256410256411	0.6228211409716518	0.3347261930943479	0,0,1,4,0,0,0,0,4,41,24,1,0,0,0,0,422,197,4,0,0,0,1,158,662,35,0,0,0,0,7,191,152,0,0,0,0,0,20,15,10,0,0,0,0,0,1,0,0
0.6441025641025641	0.6537733664675377	0.6441025641025641	0.626339837454152	0.34660215526720917	0,0,2,4,0,0,0,0,2,37,22,2,0,0,0,1,460,202,2,0,0,0,1,157,638,39,0,0,0,0,5,177,144,0,0,0,0,1,23,17,12,0,0,0,0,1,1,0,0
0.6605128205128206	0.6697978084144772	0.6605128205128206	0.6406644296813789	0.34616230481636245	0,0,5,5,0,0,0,0,3,46,20,1,0,0,0,0,426,195,6,0,0,0,1,127,685,55,0,0,0,0,8,140,163,1,0,0,0,0,34,17,11,0,0,0,0,0,1,0,0
0.6210256410256411	0.60507550794132	0.6210256410256411	0.6011852347360038	0.3362656696723114	0,0,3,10,0,0,0,0,0,40,22,2,0,0,0,1,414,189,6,0,0,0,0,167,638,61,0,0,0,0,7,187,143,1,0,0,0,0,24,17,16,0,0,0,0,1,1,0,0
0.6753846153846154	0.6802686100852525	0.6753846153846154	0.6608195558983525	0.35627886518583685	0,0,5,3,0,0,0,1,4,25,24,0,0,0,0,1,462,154,8,0,0,0,0,150,664,53,2,0,0,0,4,156,174,2,0,0,0,0,28,16,13,0,0,0,0,0,1,0,0
0.6697435897435897	0.6650805974655521	0.6697435897435897	0.6475635114358773	0.3494611831977128	0,1,5,3,0,0,0,0,1,47,23,1,0,0,2,1,458,171,3,0,0,0,0,128,683,51,0,0,0,0,9,151,156,0,0,0,0,1,25,21,8,0,0,0,0,0,1,0,0
0.6451282051282051	0.6555586299895029	0.6451282051282051	0.6283255814019145	0.34814163184517266	0,0,3,3,1,0,0,1,3,42,22,4,0,0,2,1,442,192,4,0,0,0,0,153,638,70,0,0,0,0,7,133,161,1,0,0,0,0,31,21,14,0,0,0,0,1,0,0,0
0.6517948717948718	0.6632051621778801	0.6517948717948718	0.6313294556733143	0.35012095887398287	0,1,5,2,0,0,0,0,4,47,19,2,0,0,0,1,424,197,5,0,0,0,0,137,670,36,0,0,0,0,5,168,163,1,0,0,0,0,28,22,10,0,0,0,0,3,0,0,0
