accuracy	precision	recall	f1	confMatrxVars
0.5266666666666666	0.4122374220072281	0.5266666666666666	0.45373667536523765	0,0,2,7,0,0,00,0,37,28,0,0,00,0,360,277,0,0,00,0,176,667,0,0,00,0,10,315,0,0,00,0,1,67,1,0,00,0,0,2,0,0,0
0.5302564102564102	0.41652305935643347	0.5302564102564102	0.45850243645699074	0,0,1,4,0,0,00,0,32,29,0,0,00,0,382,267,0,0,00,0,182,652,0,0,00,0,13,325,0,0,00,0,0,62,0,0,00,0,0,1,0,0,0
0.5533333333333333	0.5039144794911035	0.5533333333333333	0.4832999536567105	0,0,2,3,0,0,00,0,24,31,0,0,00,0,388,223,0,0,00,0,195,688,2,0,00,0,12,313,3,0,00,0,1,61,1,0,00,0,0,2,1,0,0
0.5307692307692308	0.5002846652887231	0.5307692307692308	0.46108546858077376	0,0,7,3,0,0,00,0,28,32,0,0,00,0,375,278,0,0,00,0,183,659,0,0,00,0,12,303,1,0,00,0,1,66,1,0,00,0,0,1,0,0,0
0.522051282051282	0.5001418449592971	0.522051282051282	0.45468612366621397	0,0,1,4,0,00,0,24,37,0,00,0,368,296,0,00,0,181,648,2,00,0,8,313,2,00,0,2,64,0,0
0.5435897435897435	0.4232134833000912	0.5435897435897435	0.4721681402587768	0,0,4,5,0,0,00,0,36,37,0,0,00,0,386,237,0,0,00,0,202,674,0,0,00,0,17,297,0,0,00,0,0,51,0,0,00,0,0,4,0,0,0
0.5312820512820513	0.42254284331048647	0.5312820512820513	0.4593219779100083	0,0,4,8,0,00,0,22,31,0,00,0,362,286,0,00,0,166,674,0,00,0,10,326,0,00,0,1,60,0,0
0.5394871794871795	0.42476614207645597	0.5394871794871795	0.4687947498785697	0,0,3,4,0,0,00,0,39,30,0,0,00,0,383,264,0,0,00,0,185,669,0,0,00,0,13,306,0,0,00,0,0,52,0,0,00,0,0,2,0,0,0
0.5379487179487179	0.49179671071169045	0.5379487179487179	0.4694726140696571	0,0,2,8,0,0,00,0,36,32,0,0,00,0,359,277,0,0,00,0,161,684,6,0,00,0,12,312,6,0,00,0,0,50,3,0,00,0,0,2,0,0,0
0.5430769230769231	0.5919789037140438	0.5430769230769231	0.47285168916000603	0,0,3,1,0,0,00,0,33,37,0,0,00,0,374,277,0,0,00,0,170,684,0,0,00,0,12,300,1,0,00,0,1,56,0,0,00,0,0,1,0,0,0
0.5312820512820513	0.4120029453750384	0.5312820512820513	0.4593788384530267	0,0,1,4,0,0,00,0,35,36,0,0,00,0,401,244,0,0,00,0,201,635,0,0,00,0,21,308,0,0,00,0,1,61,0,0,00,0,0,2,0,0,0
0.5482051282051282	0.5788508871231424	0.5482051282051282	0.48212200033016456	0,0,2,7,0,00,0,29,34,0,00,0,377,262,0,00,0,174,683,1,00,0,10,300,9,00,0,0,62,0,0
0.5466666666666666	0.567067964721793	0.5466666666666666	0.4817360363919507	0,0,4,5,0,0,00,0,32,28,0,0,00,0,374,275,0,0,00,0,184,686,0,0,00,0,11,285,6,0,00,0,1,55,1,0,00,0,0,3,0,0,0
0.5297435897435897	0.5859449816356163	0.5297435897435897	0.4576317372132651	0,0,1,5,0,0,00,0,34,49,0,0,00,0,395,270,0,0,00,0,164,636,0,0,00,0,12,316,2,0,00,0,0,64,0,0,00,0,0,2,0,0,0
0.5225641025641026	0.5108039259019154	0.5225641025641026	0.452838977783612	0,0,4,9,0,00,0,28,33,0,00,0,345,292,0,00,0,180,671,0,00,0,13,310,3,00,0,1,59,2,0
0.5430769230769231	0.49424282582940693	0.5430769230769231	0.4755822138141565	0,0,2,3,0,0,00,0,25,32,0,0,00,0,386,256,0,0,00,0,177,668,4,0,00,0,12,314,5,0,00,0,0,58,4,0,00,0,0,4,0,0,0
0.5251282051282051	0.5859279557887686	0.5251282051282051	0.4526938563734199	0,0,4,6,0,0,00,0,24,35,0,0,00,0,375,243,0,0,00,0,205,648,0,0,00,0,14,339,1,0,00,0,2,53,0,0,00,0,0,1,0,0,0
0.5153846153846153	0.40532127161289316	0.5153846153846153	0.44574272050965724	0,0,2,6,0,0,00,0,27,36,0,0,00,0,374,280,0,0,00,0,196,631,1,0,00,0,13,318,0,0,00,0,1,62,1,0,00,0,0,2,0,0,0
0.52	0.40589307848983175	0.52	0.44882118281521416	0,0,4,5,0,0,00,0,29,33,0,0,00,0,345,285,0,0,00,0,193,669,0,0,00,0,21,306,0,0,00,0,1,57,0,0,00,0,0,2,0,0,0
0.5405128205128205	0.4249897704395116	0.5405128205128205	0.4689536008641563	0,0,1,8,0,0,00,0,29,35,0,0,00,0,378,259,0,0,00,0,183,676,0,0,00,0,16,316,0,0,00,0,1,46,0,0,00,0,0,2,0,0,0
0.5292307692307693	0.41758157908394367	0.5292307692307693	0.4615340379797993	0,0,4,6,0,0,00,0,31,38,0,0,00,0,389,267,0,0,00,0,209,643,0,0,00,0,16,294,0,0,00,0,0,51,0,0,00,0,0,2,0,0,0
0.5317948717948718	0.41172512398413197	0.5317948717948718	0.459684176817494	0,0,4,6,0,0,00,0,35,34,0,0,00,0,385,243,0,0,00,0,203,652,0,0,00,0,15,308,0,0,00,0,1,61,1,0,00,0,0,2,0,0,0
0.5446153846153846	0.43310234594182195	0.5446153846153846	0.47450769843352203	0,0,0,5,0,0,00,0,41,25,0,0,00,0,386,273,0,0,00,0,173,676,0,0,00,0,13,294,0,0,00,0,0,62,1,0,00,0,0,1,0,0,0
0.5353846153846153	0.5052163182209123	0.5353846153846153	0.4716187566504546	0,0,5,7,0,0,00,0,24,30,0,0,00,0,337,296,0,0,00,0,171,697,5,0,00,0,10,292,10,0,00,0,2,58,5,0,00,0,0,1,0,0,0
0.561025641025641	0.5169782013893283	0.561025641025641	0.49871934040512733	0,0,3,6,0,0,00,0,37,32,0,0,00,0,410,206,0,0,00,0,223,675,6,0,00,0,15,277,9,0,00,0,0,45,3,0,00,0,0,3,0,0,0
0.5353846153846153	0.4339349596203347	0.5353846153846153	0.4638408392735003	0,0,3,6,0,0,00,0,30,45,0,0,00,0,364,307,0,0,00,0,144,680,0,0,00,0,6,305,0,0,00,0,0,56,1,0,00,0,0,3,0,0,0
0.541025641025641	0.4266334624050723	0.541025641025641	0.46750446930911654	0,0,3,4,0,00,0,24,43,0,00,0,381,257,0,00,0,165,674,0,00,0,9,326,0,00,0,0,61,3,0
0.5271794871794871	0.4098132386086661	0.5271794871794871	0.45472290443796176	0,0,5,10,0,0,00,0,41,42,0,0,00,0,387,262,0,0,00,0,186,641,1,0,00,0,15,312,0,0,00,0,2,44,0,0,00,0,0,2,0,0,0
0.5169230769230769	0.4033139601139601	0.5169230769230769	0.44699957876428464	0,0,4,4,0,0,00,0,33,33,0,0,00,0,346,278,0,0,00,0,208,662,0,0,00,0,9,313,0,0,00,0,0,59,0,0,00,0,0,1,0,0,0
0.5271794871794871	0.48747462902412964	0.5271794871794871	0.4664464508154104	0,0,5,3,0,0,00,0,33,33,0,0,00,0,366,280,1,0,00,0,183,648,9,0,00,0,15,300,14,0,00,0,1,50,7,0,00,0,0,1,1,0,0
0.5374358974358975	0.5195841768143307	0.5374358974358975	0.47309371403476386	0,0,3,4,0,00,0,29,39,0,00,0,387,268,0,00,0,195,655,2,00,0,14,287,6,00,0,0,59,2,0
0.5343589743589744	0.4238579966399515	0.5343589743589744	0.4660106894072733	0,0,2,7,0,0,00,0,32,34,0,0,00,0,385,272,0,0,00,0,195,657,0,0,00,0,12,295,0,0,00,0,1,55,0,0,00,0,0,3,0,0,0
0.5466666666666666	0.5202843228182672	0.5466666666666666	0.4903492672022786	0,0,4,6,0,0,00,0,24,28,0,0,00,0,376,280,0,0,00,0,189,675,8,0,00,0,15,271,15,0,00,0,1,51,5,0,00,0,0,2,0,0,0
0.5225641025641026	0.40439126643974443	0.5225641025641026	0.45115089408863956	0,0,6,3,0,0,00,0,28,37,0,0,00,0,388,253,0,0,00,0,207,631,0,0,00,0,24,312,0,0,00,0,0,58,0,0,00,0,0,3,0,0,0
0.5282051282051282	0.42456749498267365	0.5282051282051282	0.4602261772044381	0,0,3,3,0,0,00,0,33,33,0,0,00,0,389,292,0,0,00,0,177,641,1,0,00,0,5,310,0,0,00,0,0,61,1,0,00,0,0,1,0,0,0
0.5451282051282051	0.5407973323222027	0.5451282051282051	0.47427276824048487	0,0,4,7,0,0,00,0,29,25,0,0,00,0,401,244,0,0,00,0,184,660,0,0,00,0,15,317,2,0,00,0,2,57,1,0,00,0,0,2,0,0,0
0.5271794871794871	0.4201916226009114	0.5271794871794871	0.4571726111327133	0,0,4,4,0,0,00,0,36,32,0,0,00,0,350,304,0,0,00,0,174,678,0,0,00,0,7,307,0,0,00,0,1,49,0,0,00,0,0,4,0,0,0
0.5446153846153846	0.43532520826465276	0.5446153846153846	0.4769587744687349	0,0,3,7,0,0,00,0,30,36,0,0,00,0,387,271,0,0,00,0,189,675,0,0,00,0,10,279,0,0,00,0,2,60,0,0,00,0,0,1,0,0,0
0.5	0.38180402488041704	0.5	0.42620974273425255	0,0,2,2,0,0,00,0,37,42,0,0,00,0,347,273,0,0,00,0,203,628,0,0,00,0,12,345,0,0,00,0,1,56,0,0,00,0,0,2,0,0,0
0.5266666666666666	0.4163487054250018	0.5266666666666666	0.4542106754904577	0,0,4,6,0,00,0,24,29,0,00,0,374,283,0,00,0,167,653,0,00,0,17,332,0,00,0,0,61,0,0
0.5230769230769231	0.4935296700634717	0.5230769230769231	0.4536441706836543	0,0,1,8,0,0,00,0,29,27,0,0,00,0,377,261,0,0,00,0,203,641,0,0,00,0,15,319,2,0,00,0,0,63,2,0,00,0,0,2,0,0,0
0.5251282051282051	0.4043384178282993	0.5251282051282051	0.4522779153709056	0,0,7,2,0,0,00,0,29,36,0,0,00,0,375,243,0,0,00,0,207,649,0,0,00,0,13,324,0,0,00,0,0,64,0,0,00,0,0,1,0,0,0
0.5348717948717949	0.4199813382637404	0.5348717948717949	0.4604666607113403	0,0,4,5,0,0,00,0,27,32,0,0,00,0,366,271,0,0,00,0,162,677,0,0,00,0,15,321,0,0,00,0,0,69,0,0,00,0,0,1,0,0,0
0.5415384615384615	0.5335839872924272	0.5415384615384615	0.4788985939270948	0,0,5,6,0,0,00,0,33,36,0,0,00,0,389,271,0,0,00,0,179,656,5,0,00,0,14,295,11,0,00,0,1,47,1,0,00,0,0,1,0,0,0
0.5441025641025641	0.4981675376585239	0.5441025641025641	0.4878528633697023	0,0,5,2,0,0,00,0,25,40,0,0,00,0,393,243,0,0,00,0,204,651,15,0,00,0,17,293,17,0,00,0,0,35,8,0,00,0,0,1,1,0,0
0.5343589743589744	0.47100378317802	0.5343589743589744	0.46393187182440027	0,0,3,3,0,0,00,0,36,36,0,0,00,0,388,243,0,0,00,0,191,651,4,0,00,0,12,316,3,0,00,0,2,58,1,0,00,0,0,2,1,0,0
0.5317948717948718	0.5063331357013956	0.5317948717948718	0.4597587451592034	0,0,3,9,0,0,00,0,38,45,0,0,00,0,399,226,0,0,00,0,205,635,2,0,00,0,18,303,3,0,00,0,1,62,0,0,00,0,0,1,0,0,0
0.5374358974358975	0.4193434491378132	0.5374358974358975	0.46706592236304695	0,0,6,7,0,0,00,0,32,31,0,0,00,0,378,245,0,0,00,0,208,670,0,0,00,0,11,304,0,0,00,0,2,54,0,0,00,0,0,2,0,0,0
0.5502564102564103	0.45039379361578513	0.5502564102564103	0.47837106701700344	0,0,5,4,0,0,00,0,22,26,0,0,00,0,358,313,0,0,00,0,128,715,0,0,00,0,14,307,0,0,00,0,2,54,0,0,00,0,0,2,0,0,0
0.5425641025641026	0.5254519232858006	0.5425641025641026	0.4720608870440146	0,0,5,6,0,0,00,0,34,30,0,0,00,0,362,270,0,0,00,0,171,693,1,0,00,0,16,304,3,0,00,0,0,53,1,0,00,0,0,1,0,0,0
