accuracy	precision	recall	f1	oob	confMatrxVars
0.5307692307692308	0.5191757750510991	0.5307692307692308	0.47085654610669314	0.4556850670771938	0,0,3,8,0,0,0,0,0,26,38,0,0,0,0,0,369,257,1,0,0,0,0,208,650,5,0,0,0,0,16,296,16,0,0,0,0,0,52,3,0,0,0,0,0,2,0,0,0
0.5512820512820513	0.5120347206666368	0.5512820512820513	0.5017009260638184	0.4603034968110842	0,0,4,4,0,0,0,0,0,30,27,1,0,0,0,0,414,238,1,0,0,0,0,213,632,13,0,0,0,0,18,260,29,0,0,0,0,1,49,14,0,0,0,0,0,2,0,0,0
0.5543589743589744	0.536000788156128	0.5543589743589744	0.4989183544544605	0.46206289861447103	0,0,1,4,0,0,0,0,29,31,0,0,0,0,392,259,0,0,0,0,184,667,6,0,0,0,12,287,22,0,0,0,0,47,9,0
0.5415384615384615	0.5016640660987912	0.5415384615384615	0.49191329767612685	0.4585440950076973	0,0,6,3,0,0,0,0,0,39,29,0,0,0,0,0,387,246,0,0,0,0,0,200,632,18,0,0,0,0,13,263,37,0,0,0,0,0,60,15,0,0,0,0,0,1,1,0,0
0.5312820512820513	0.5084805832465407	0.5312820512820513	0.47916924598806276	0.4475478337365296	0,0,5,4,0,0,0,0,0,34,39,0,0,0,0,0,343,284,1,0,0,0,0,167,656,19,0,0,0,0,15,289,37,0,0,0,0,0,46,9,0,0,0,0,0,2,0,0,0
0.5487179487179488	0.5224302682998018	0.5487179487179488	0.4995501141804836	0.4556850670771938	0,0,3,3,0,0,0,0,0,24,39,0,0,0,0,0,356,293,1,0,0,0,0,147,679,25,0,0,0,0,7,277,35,0,0,0,0,0,49,9,0,0,0,0,0,2,1,0,0
0.5497435897435897	0.5274525719711063	0.5497435897435897	0.5042551336115793	0.4561249175280405	0,0,4,5,0,0,0,0,0,35,34,0,0,0,0,0,376,261,1,0,0,0,0,212,659,14,0,0,0,0,13,249,37,0,0,0,0,0,43,6,0,0,0,0,0,0,1,0,0
0.5502564102564103	0.5126219292472038	0.5502564102564103	0.5012658843668755	0.4572245436551573	0,0,5,6,0,0,0,0,0,34,29,1,0,0,0,0,413,244,1,0,0,0,0,197,628,20,0,0,0,0,14,262,32,0,0,0,0,1,54,8,0,0,0,0,0,0,1,0,0
0.5476923076923077	0.5078873170382293	0.5476923076923077	0.49429905932610324	0.45546514185177045	0,0,5,8,0,0,0,0,0,36,32,0,0,0,0,0,385,229,2,0,0,0,0,190,650,18,0,0,0,0,11,289,33,0,0,0,0,1,48,12,0,0,0,0,0,1,0,0,0
0.541025641025641	0.5238972581806065	0.541025641025641	0.4843961664632652	0.45986364636023747	0,0,1,5,0,0,0,0,0,31,29,0,0,0,0,0,389,255,0,0,0,0,0,200,645,6,0,0,0,0,13,288,21,0,0,0,0,2,56,6,0,0,0,0,0,2,1,0,0
0.5538461538461539	0.5132232388519559	0.5538461538461539	0.5049889449337563	0.4592038706839674	0,0,2,6,0,0,0,0,0,32,31,0,0,0,0,0,375,260,3,0,0,0,0,176,672,21,0,0,0,0,9,274,33,0,0,0,0,0,38,16,0,0,0,0,0,2,0,0,0
0.5328205128205128	0.4989063804472326	0.5328205128205128	0.4719081203378581	0.45238618869584346	0,0,2,6,0,0,0,0,0,36,32,0,0,0,0,0,377,264,0,0,0,0,0,185,646,8,0,0,0,0,12,298,16,0,0,0,0,0,58,8,0,0,0,0,0,2,0,0,0
0.5471794871794872	0.5311758005257227	0.5471794871794872	0.49023443248395254	0.45744446888058066	0,0,6,8,0,0,0,0,0,30,26,0,0,0,0,0,393,225,1,0,0,0,0,206,647,5,0,0,0,0,15,293,27,0,0,0,0,0,60,7,0,0,0,0,0,0,1,0,0
0.5292307692307693	0.5197370534055317	0.5292307692307693	0.47185283182503773	0.4537057400483836	0,0,6,6,0,0,0,0,0,35,28,1,0,0,0,0,375,275,0,0,0,0,0,195,636,6,0,0,0,0,19,285,21,0,0,0,0,0,55,4,0,0,0,0,0,3,0,0,0
0.5512820512820513	0.5330267269382509	0.5512820512820513	0.5025837509528086	0.46096327248735425	0,0,3,4,0,0,0,0,34,31,0,0,0,0,398,263,2,0,0,0,185,642,14,0,0,0,17,261,35,0,0,0,0,56,5,0
0.5512820512820513	0.5109416367833164	0.5512820512820513	0.5004193540971118	0.4611831977127776	0,0,4,1,0,0,0,0,0,36,27,0,0,0,0,0,403,235,0,0,0,0,0,220,647,15,0,0,0,0,14,256,25,0,0,0,0,1,55,8,0,0,0,0,0,2,1,0,0
0.5384615384615384	0.5429298433390172	0.5384615384615384	0.4742013258801793	0.457664394106004	0,0,4,6,0,0,0,0,0,36,24,0,0,0,0,0,384,264,0,0,0,0,0,181,654,1,0,0,0,0,8,318,12,0,0,0,0,0,51,3,0,0,0,0,0,3,1,0,0
0.5517948717948717	0.5235940438511996	0.5517948717948717	0.49824327706686977	0.4556850670771938	0,0,6,6,0,0,0,0,0,31,27,0,0,0,0,0,392,266,0,0,0,0,0,163,657,17,0,0,0,0,9,288,27,0,0,0,0,1,50,8,0,0,0,0,0,2,0,0,0
0.5348717948717949	0.5206158867432966	0.5348717948717949	0.4760193997512314	0.4486474598636464	0,0,5,7,0,0,0,0,27,32,0,0,0,0,384,249,0,0,0,0,204,641,8,0,0,0,11,314,18,0,0,0,0,46,4,0
0.5317948717948718	0.5141323767166601	0.5317948717948718	0.4797345094078319	0.44842753463822305	0,0,4,9,0,0,0,0,0,30,33,0,0,0,0,0,371,262,0,0,0,0,0,192,632,15,0,0,0,0,15,290,34,0,0,0,0,2,52,7,0,0,0,0,0,2,0,0,0
0.5446153846153846	0.5116990509333186	0.5446153846153846	0.490443170768583	0.45546514185177045	0,0,4,3,0,0,0,0,40,32,0,0,0,0,404,257,1,0,0,0,167,631,20,0,0,0,10,296,27,0,0,0,0,51,7,0
0.5456410256410257	0.5550613750731459	0.5456410256410257	0.4887390382284697	0.4587640202331207	0,0,4,7,0,0,0,0,31,33,0,0,0,0,393,269,0,0,0,0,176,647,4,0,0,0,16,284,24,0,0,0,0,59,3,0
0.5641025641025641	0.528787114849832	0.5641025641025641	0.5127399143767828	0.4658016274466681	0,0,5,6,0,0,0,0,0,31,26,0,0,0,0,0,382,241,0,0,0,0,0,193,689,13,0,0,0,0,15,259,29,0,0,0,0,0,48,11,0,0,0,0,0,2,0,0,0
0.54	0.543774146657727	0.54	0.47809484404841585	0.45788431933142737	0,0,5,4,0,0,0,0,0,30,36,0,0,0,0,0,393,272,0,0,0,0,0,172,645,2,0,0,0,0,10,299,15,0,0,0,0,0,63,3,0,0,0,0,0,0,1,0,0
0.536923076923077	0.5430708035583544	0.536923076923077	0.46924835288536104	0.4581042445568507	0,0,4,2,0,0,0,0,0,28,35,0,0,0,0,0,402,221,0,0,0,0,0,210,636,2,0,0,0,0,18,317,9,0,0,0,0,0,61,1,0,0,0,0,0,4,0,0,0
