accuracy	precision	recall	f1	oob	confMatrxVars
0.6630769230769231	0.6811534698845292	0.6630769230769231	0.6468167757142816	0.32702881020453045	0,0,6,4,0,0,0,0,8,35,28,1,0,0,0,2,436,190,5,0,0,0,0,130,668,32,0,0,0,0,11,169,162,1,0,0,0,0,24,18,19,0,0,0,1,0,0,0,0
0.6733333333333333	0.6869195839789618	0.6733333333333333	0.656739548007524	0.31845172641301955	0,0,7,4,0,0,0,0,8,32,25,2,0,0,0,1,464,171,4,0,0,0,0,133,662,35,2,0,0,0,4,166,166,3,0,0,0,0,33,14,13,0,0,0,0,0,1,0,0
0.6784615384615384	0.6840800520065773	0.6784615384615384	0.6619481750974706	0.3241697822740268	0,0,5,7,0,0,0,0,6,35,24,1,0,0,0,2,454,149,3,0,0,0,0,150,676,41,1,0,0,0,7,157,170,1,0,0,0,0,20,23,17,0,0,0,0,1,0,0,0
0.6666666666666666	0.667483225449671	0.6666666666666666	0.6531153132186727	0.3191115020892896	0,0,5,4,0,0,0,0,10,31,21,1,0,0,0,4,456,170,3,0,0,0,1,138,654,54,2,0,0,0,12,155,165,3,0,0,0,0,23,21,15,0,0,0,0,1,1,0,0
0.6733333333333333	0.6772954811347345	0.6733333333333333	0.6602154153453204	0.3283483615570706	0,0,6,4,0,0,0,0,5,35,21,1,0,0,0,2,489,162,6,0,0,0,0,146,629,64,0,0,0,0,8,149,172,0,0,0,0,0,15,17,18,0,0,0,0,0,1,0,0
0.6887179487179487	0.6929255937792368	0.6887179487179487	0.6778968107065433	0.3417638003078953	0,0,4,3,0,0,0,1,9,29,17,1,0,0,0,3,459,166,4,0,0,0,1,136,675,50,0,0,0,0,6,137,179,4,0,0,0,0,28,16,21,0,0,0,0,0,1,0,0
0.6779487179487179	0.6891595426069879	0.6779487179487179	0.6684785592626864	0.33516604354519464	0,0,5,1,0,0,0,0,9,29,17,0,0,0,0,1,489,190,6,0,0,0,1,138,639,47,1,0,0,0,3,152,163,0,0,0,0,0,17,18,22,0,0,0,0,0,2,0,0
0.678974358974359	0.6882588846614642	0.678974358974359	0.6670555364821945	0.32900813723334066	0,0,4,2,0,0,0,1,7,41,22,0,0,0,0,2,461,206,6,0,0,0,0,137,664,43,1,0,0,0,8,121,171,1,0,0,0,0,16,13,21,0,0,0,0,0,2,0,0
0.678974358974359	0.6855115777591886	0.678974358974359	0.6661157320631306	0.33098746426215087	0,0,3,6,0,0,0,0,8,29,22,4,0,0,0,1,473,173,6,0,0,0,1,130,656,53,1,0,0,0,7,149,170,2,0,0,0,0,21,16,17,0,0,0,0,0,2,0,0
0.6697435897435897	0.6826112605017018	0.6697435897435897	0.6552132159652263	0.3279085111062239	0,0,4,2,0,0,0,1,6,33,22,0,0,0,0,1,453,172,3,0,0,0,0,130,668,52,0,0,0,0,8,177,160,2,0,0,0,0,20,16,19,0,0,0,0,0,1,0,0
0.6753846153846154	0.6830208284349804	0.6753846153846154	0.6617676881677221	0.3329667912909611	0,1,5,2,0,0,0,8,35,22,1,0,0,1,464,176,6,0,0,1,134,665,50,1,0,0,12,140,159,0,0,0,0,25,21,21
0.6661538461538462	0.6863844471348813	0.6661538461538462	0.6504009440140903	0.3338464921926545	0,0,4,4,1,0,0,1,8,36,26,1,0,0,0,1,457,192,3,0,0,0,0,114,658,47,0,0,0,0,6,165,154,0,0,0,0,0,26,22,22,0,0,0,0,0,2,0,0
0.6779487179487179	0.6915202781470784	0.6779487179487179	0.666860019881217	0.3272487354299538	0,0,4,4,0,0,0,0,11,31,19,0,0,0,0,0,461,169,3,0,0,0,1,151,653,41,2,0,0,0,5,154,176,0,0,0,0,0,23,19,21,0,0,0,0,2,0,0,0
0.6892307692307692	0.7039695859270082	0.6892307692307692	0.6735618673012389	0.3257092588519903	0,0,4,5,0,0,0,0,5,31,27,2,0,0,0,0,477,157,4,0,0,0,0,116,672,61,0,0,0,0,9,149,174,1,0,0,0,2,25,12,16,0,0,0,0,1,0,0,0
0.678974358974359	0.6864246191043302	0.678974358974359	0.6662594198440943	0.3296679129096107	0,1,2,5,0,0,0,0,7,35,19,0,0,0,0,2,452,171,4,0,0,0,0,134,669,50,0,0,0,0,8,159,177,0,0,0,0,0,16,18,19,0,0,0,0,1,1,0,0
0.6723076923076923	0.6824659457930907	0.6723076923076923	0.6618824488486493	0.3248295579502969	0,1,6,6,0,0,0,10,34,16,1,0,0,0,440,193,4,0,0,0,153,676,50,0,0,0,7,139,162,0,0,0,0,17,12,23
0.6728205128205128	0.6754214218719232	0.6728205128205128	0.6609907195053215	0.3303276885858808	0,0,4,4,0,0,0,0,5,33,19,1,0,0,0,4,488,166,3,0,0,0,0,150,620,57,0,0,0,0,9,153,181,1,0,0,0,0,19,14,18,0,0,0,0,0,1,0,0
0.6682051282051282	0.6823017836506987	0.6682051282051282	0.6546588253552611	0.33362656696723114	0,0,4,6,0,0,0,10,38,19,1,0,0,1,442,199,4,0,0,0,126,682,47,2,0,0,4,156,148,1,0,0,1,24,14,21
0.6728205128205128	0.6786228928742286	0.6728205128205128	0.6605260916945992	0.31889157686386627	0,0,3,9,0,0,0,0,8,31,19,3,0,0,0,3,445,189,3,0,0,0,0,138,667,41,3,0,0,0,7,149,166,1,0,0,0,0,18,19,26,0,0,0,0,0,2,0,0
0.6794871794871795	0.6866061018860551	0.6794871794871795	0.6634095130692762	0.32856828678249395	0,0,7,4,0,0,0,1,7,38,23,1,0,0,2,1,444,159,4,0,0,0,0,124,698,57,1,0,0,0,7,154,159,2,0,0,0,0,21,17,17,0,0,0,0,2,0,0,0
0.6717948717948717	0.6775886974152308	0.6717948717948717	0.6588424561853771	0.3252694084011436	0,0,6,5,0,0,0,0,7,31,17,0,0,0,0,2,437,190,3,0,0,0,1,127,678,49,2,0,0,0,7,158,169,1,0,0,0,1,20,18,19,0,0,0,1,0,1,0,0
0.6753846153846154	0.6820362124294641	0.6753846153846154	0.6648981270895893	0.3314273147129976	0,0,4,5,0,0,0,0,13,41,21,0,0,0,0,3,452,178,7,0,0,0,0,145,648,54,1,0,0,0,9,130,181,1,0,0,0,0,15,17,23,0,0,0,0,1,1,0,0
0.6871794871794872	0.7002690864919204	0.6871794871794872	0.6769686702001454	0.3263690345282604	0,0,7,0,0,0,0,11,37,18,0,0,0,0,447,180,7,0,0,1,145,681,40,0,0,0,4,134,177,1,0,0,0,20,16,24
0.683076923076923	0.6989366960825795	0.683076923076923	0.6675236878254486	0.3358258192214647	0,0,3,6,0,0,0,1,2,30,26,0,0,0,2,0,478,148,3,0,0,0,0,160,670,42,1,0,0,0,8,147,161,0,0,0,0,0,24,16,21,0,0,0,0,1,0,0,0
0.6666666666666666	0.6769336382990772	0.6666666666666666	0.6522031116984716	0.3296679129096107	0,0,5,4,0,0,0,0,9,39,20,3,0,0,0,2,452,197,3,0,0,0,0,120,660,51,0,0,0,0,9,150,159,3,0,0,0,1,20,21,20,0,0,0,0,1,1,0,0
