accuracy	precision	recall	f1	oob	confMatrxVars
0.5487179487179488	0.5128630638534047	0.5487179487179488	0.47866354901991837	0.468220804926325	0,0,4,6,0,0,0,0,0,36,38,0,0,0,0,0,396,262,0,0,0,0,0,169,672,1,0,0,0,0,18,289,2,0,0,0,0,1,53,1,0,0,0,0,0,2,0,0,0
0.5364102564102564	0.521696366338283	0.5364102564102564	0.4690089479907628	0.4627226742907411	0,0,4,7,0,0,0,0,0,26,36,0,0,0,0,0,380,261,0,0,0,0,0,184,660,2,0,0,0,0,12,310,6,0,0,0,0,0,59,1,0,0,0,0,0,1,1,0,0
0.5158974358974359	0.39843581620674495	0.5158974358974359	0.4430066363470081	0.4552452166263471	0,0,7,5,0,0,0,0,0,31,37,0,0,0,0,0,373,265,0,0,0,0,0,195,633,0,0,0,0,0,16,317,0,0,0,0,0,1,69,0,0,0,0,0,0,1,0,0,0
0.536923076923077	0.5868056139027522	0.536923076923077	0.46905455984393696	0.46756102925005494	0,0,6,5,0,0,0,0,0,29,31,0,0,0,0,0,375,274,0,0,0,0,0,194,671,0,0,0,0,0,16,298,1,0,0,0,0,0,48,0,0,0,0,0,0,2,0,0,0
0.5446153846153846	0.42782654258886654	0.5446153846153846	0.47585180107383696	0.4708599076314053	0,0,6,5,0,0,0,0,32,21,0,0,0,0,405,238,0,0,0,0,212,657,0,0,0,0,16,294,0,0,0,0,1,63,0,0
0.521025641025641	0.5501834143685291	0.521025641025641	0.4527543792358598	0.45986364636023747	0,0,3,7,0,0,0,0,0,39,36,0,0,0,0,0,378,289,0,0,0,0,0,175,633,0,0,0,0,0,7,316,5,0,0,0,0,1,58,1,0,0,0,0,0,2,0,0,0
0.5394871794871795	0.5661264499608851	0.5394871794871795	0.47355985658531097	0.4717396085330987	0,0,1,6,0,0,0,0,0,23,26,0,0,0,0,0,367,293,0,0,0,0,0,161,677,0,0,0,0,0,16,306,8,0,0,0,0,0,63,2,0,0,0,0,0,1,0,0,0
0.5241025641025641	0.49784349967859937	0.5241025641025641	0.45622493403979536	0.4618429733890477	0,0,0,7,0,0,0,0,0,33,43,0,0,0,0,0,349,270,0,0,0,0,0,188,666,5,0,0,0,0,17,309,7,0,0,0,0,1,53,1,0,0,0,0,0,1,0,0,0
0.5353846153846153	0.4233924650460945	0.5353846153846153	0.4642780071566198	0.46646140312293816	0,0,5,4,0,0,0,0,23,34,0,0,0,0,356,278,0,0,0,0,179,688,0,0,0,0,13,311,0,0,0,0,1,58,0,0
0.5405128205128205	0.5920107103746224	0.5405128205128205	0.4690569146321847	0.468220804926325	0,0,4,1,0,0,0,0,0,30,34,0,0,0,0,0,381,236,0,0,0,0,0,202,672,0,0,0,0,0,13,322,1,0,0,0,0,0,52,0,0,0,0,0,0,2,0,0,0
0.5446153846153846	0.4295026300536046	0.5446153846153846	0.4738250365740751	0.4688805806025951	0,0,5,4,0,0,0,0,0,31,34,0,0,0,0,0,381,260,0,0,0,0,0,183,681,0,0,0,0,0,15,298,0,0,0,0,0,1,55,0,0,0,0,0,0,2,0,0,0
0.5333333333333333	0.49853452192294667	0.5333333333333333	0.46111364908810343	0.4662414778975148	0,0,3,7,0,0,0,0,0,29,25,0,0,0,0,0,353,247,0,0,0,0,0,200,686,0,0,0,0,0,13,322,1,0,0,0,0,1,61,1,0,0,0,0,0,1,0,0,0
0.5579487179487179	0.5210838926903691	0.5579487179487179	0.49917030162412995	0.46998020672971186	0,0,5,3,0,0,0,0,0,29,28,0,0,0,0,0,404,270,1,0,0,0,0,170,672,7,0,0,0,0,10,277,12,0,0,0,0,0,54,5,0,0,0,0,0,2,1,0,0
0.5379487179487179	0.4165167002304643	0.5379487179487179	0.4644284529233065	0.46756102925005494	0,0,5,9,0,0,0,0,0,30,40,0,0,0,0,0,385,239,0,0,0,0,0,192,664,0,0,0,0,0,16,305,0,0,0,0,0,1,62,0,0,0,0,0,0,2,0,0,0
0.5184615384615384	0.4871602719254476	0.5184615384615384	0.4523023157063266	0.4583241697822741	0,0,2,7,0,0,0,0,0,36,35,0,0,0,0,0,372,292,0,0,0,0,0,201,637,1,0,0,0,0,14,285,2,0,0,0,0,1,61,1,0,0,0,0,0,3,0,0,0
0.5246153846153846	0.5190691715340544	0.5246153846153846	0.4544066283318659	0.46096327248735425	0,0,5,6,0,0,0,0,0,27,30,0,0,0,0,0,382,237,0,0,0,0,0,221,639,1,0,0,0,0,21,316,2,0,0,0,0,2,59,0,0,0,0,0,0,2,0,0,0
0.5374358974358975	0.5757749489514196	0.5374358974358975	0.46800076754529474	0.4697602815042885	0,0,1,5,0,0,0,0,0,37,41,0,0,0,0,0,368,249,0,0,0,0,0,209,679,0,0,0,0,0,13,291,1,0,0,0,0,1,54,0,0,0,0,0,0,1,0,0,0
0.521025641025641	0.4153849902236281	0.521025641025641	0.4526236740811678	0.4561249175280405	0,0,2,5,0,0,0,0,28,36,0,0,0,0,384,289,0,0,0,0,188,632,0,0,0,0,9,302,0,0,0,0,0,75,0,0
0.5261538461538462	0.4547117716170623	0.5261538461538462	0.45703806773190736	0.46602155267209144	0,0,2,4,0,0,0,0,0,34,26,0,0,0,0,0,370,270,0,0,0,0,0,198,655,1,0,0,0,0,13,314,1,0,0,0,0,0,59,2,0,0,0,0,0,1,0,0,0
0.536923076923077	0.42103311143247735	0.536923076923077	0.4667357557715606	0.46690125357378487	0,0,4,4,0,0,0,0,30,32,0,0,0,0,383,250,0,0,0,0,202,664,0,0,0,0,9,320,0,0,0,0,0,52,0,0
0.5425641025641026	0.43243632591269826	0.5425641025641026	0.47495589238077185	0.4717396085330987	0,0,1,3,0,0,0,0,0,33,28,0,0,0,0,0,384,268,0,0,0,0,0,195,674,0,0,0,0,0,9,305,0,0,0,0,0,1,46,0,0,0,0,0,0,3,0,0,0
0.5287179487179487	0.41289474517081426	0.5287179487179487	0.458552692964679	0.4653617769958214	0,0,3,1,0,0,0,0,0,33,41,0,0,0,0,0,375,261,0,0,0,0,0,204,656,0,0,0,0,0,16,304,0,0,0,0,0,2,52,0,0,0,0,0,0,2,0,0,0
0.5287179487179487	0.42178216890143494	0.5287179487179487	0.45614150842184314	0.4658016274466681	0,0,3,5,0,0,0,0,0,32,36,0,0,0,0,0,344,306,0,0,0,0,0,156,687,0,0,0,0,0,8,308,0,0,0,0,0,2,61,0,0,0,0,0,0,2,0,0,0
0.5348717948717949	0.41032872651280317	0.5348717948717949	0.46127349426112607	0.46338244996701117	0,0,6,6,0,0,0,0,0,31,27,0,0,0,0,0,393,219,0,0,0,0,0,213,650,0,0,0,0,0,13,327,0,0,0,0,0,0,63,0,0,0,0,0,0,2,0,0,0
0.5348717948717949	0.4153420217619262	0.5348717948717949	0.4614394516374713	0.4697602815042885	0,0,6,7,0,0,0,0,0,28,29,0,0,0,0,0,361,254,0,0,0,0,0,187,682,0,0,0,0,0,15,312,0,0,0,0,0,0,68,0,0,0,0,0,0,1,0,0,0
