accuracy	precision	recall	f1	oob	confMatrxVars
0.6071794871794872	0.6353740576647885	0.6071794871794872	0.577905931715235	0.38552892016714313	0,0,4,6,0,0,0,0,1,34,25,1,0,0,0,0,428,206,5,0,0,0,0,162,649,33,0,0,0,0,11,225,101,0,0,0,0,0,35,17,5,0,0,0,0,1,1,0,0
0.6338461538461538	0.6132547430369608	0.6338461538461538	0.6084585192957309	0.3936661535078073	0,0,7,3,0,0,0,0,0,37,28,1,0,0,0,0,439,169,1,0,0,0,0,166,671,56,1,0,0,0,9,192,120,0,0,0,0,0,26,16,6,0,0,0,0,2,0,0,0
0.6128205128205129	0.6430125289331907	0.6128205128205129	0.5883433778030275	0.38728832197053	0,0,5,4,0,0,0,0,2,31,19,0,0,0,0,0,420,196,3,0,0,0,0,175,648,34,0,0,0,0,11,224,118,0,0,0,0,0,39,13,7,0,0,0,0,0,1,0,0
0.6225641025641026	0.6485012372585772	0.6225641025641026	0.5946153862492087	0.3888277985484935	0,0,5,5,0,0,0,0,2,36,28,1,0,0,0,0,430,191,5,0,0,0,0,152,659,40,0,0,0,0,12,204,119,0,0,0,0,1,36,17,4,0,0,0,0,2,1,0,0
0.6210256410256411	0.6199609958147252	0.6210256410256411	0.5944479012073974	0.38596877061798984	0,0,7,3,0,0,0,0,1,33,21,0,0,0,0,1,453,175,3,0,0,0,0,177,648,49,0,0,0,0,10,203,104,1,0,0,0,0,39,15,5,0,0,0,0,0,2,0,0
0.5953846153846154	0.6142563600004323	0.5953846153846154	0.573256687362798	0.38442929404002635	0,0,3,4,0,0,0,2,39,23,1,0,0,1,420,226,4,0,0,0,176,611,50,0,0,0,6,202,122,0,0,0,0,35,19,6
0.6338461538461538	0.6479520534005703	0.6338461538461538	0.6073164492684663	0.3991642841433912	0,0,4,3,0,0,0,0,2,42,17,0,0,0,0,1,426,187,2,0,0,0,0,161,686,33,0,0,0,0,9,205,119,0,0,0,0,0,28,21,3,0,0,0,0,1,0,0,0
0.6092307692307692	0.6353860809679653	0.6092307692307692	0.5821569796313881	0.3916868264789971	0,0,3,4,0,0,0,0,1,34,28,1,0,0,0,0,432,195,1,0,0,0,0,185,650,36,0,0,0,0,6,219,97,0,0,0,0,0,32,17,8,0,0,0,0,1,0,0,0
0.5928205128205128	0.6067391845274203	0.5928205128205128	0.5564925093768658	0.3822300417857928	0,0,5,4,0,0,0,0,0,41,25,0,0,0,0,0,412,206,0,0,0,0,0,163,646,21,0,0,0,0,10,257,95,0,0,0,0,0,46,14,3,0,0,0,0,2,0,0,0
0.6030769230769231	0.6041400226853489	0.6030769230769231	0.5778041990374997	0.3870683967451066	0,0,3,6,0,0,0,0,0,30,24,0,0,0,0,1,413,225,5,0,0,0,0,172,646,38,0,0,0,0,10,202,112,0,0,0,0,0,40,16,5,0,0,0,0,0,2,0,0
0.6256410256410256	0.6220227338769534	0.6256410256410256	0.6000294370850222	0.3857488453925665	0,0,4,4,0,0,0,0,1,30,22,0,0,0,0,1,435,206,2,0,0,0,1,164,672,42,1,0,0,0,8,180,109,0,0,0,0,0,39,25,3,0,0,0,0,1,0,0,0
0.5969230769230769	0.606862477078665	0.5969230769230769	0.5724978506541651	0.38244996701121614	0,0,5,3,0,0,0,0,1,40,25,0,0,0,0,1,416,227,3,0,0,0,0,165,630,45,0,0,0,0,9,220,110,1,0,0,0,0,27,14,7,0,0,0,0,1,0,0,0
0.6153846153846154	0.6465537958238138	0.6153846153846154	0.5869092474225959	0.3897074994501869	0,0,3,6,0,0,0,0,2,34,28,0,0,0,0,0,426,225,5,0,0,0,0,152,658,31,0,0,0,0,7,187,111,0,0,0,0,0,42,27,3,0,0,0,0,2,1,0,0
0.6112820512820513	0.6332002898535156	0.6112820512820513	0.5863151503636486	0.3795909390807125	0,0,4,5,0,0,0,1,41,21,0,0,0,0,428,212,1,0,0,0,172,645,47,0,0,0,6,193,113,1,0,0,0,40,15,5
0.6307692307692307	0.6378853338653343	0.6307692307692307	0.6057468805948804	0.3963052562128876	0,0,5,3,1,0,0,0,1,42,18,0,0,0,0,1,412,192,3,0,0,0,0,168,685,39,0,0,0,0,8,190,129,0,0,0,0,0,31,18,3,0,0,0,0,0,1,0,0
0.6241025641025642	0.6543851062342011	0.6241025641025642	0.5983205348547728	0.40246316252474157	0,0,3,3,0,0,0,0,2,41,25,0,0,0,0,0,411,210,2,0,0,0,0,146,677,38,0,0,0,0,13,206,122,0,0,0,0,0,30,15,5,0,0,0,0,1,0,0,0
0.6061538461538462	0.5940444306378667	0.6061538461538462	0.5787162620604083	0.38904772377391683	0,0,4,3,0,0,0,0,0,34,28,0,0,0,0,0,407,221,1,0,0,0,0,165,666,46,1,0,0,0,10,201,106,0,0,0,0,0,38,14,3,0,0,0,0,0,2,0,0
0.6148717948717949	0.6142723928885262	0.6148717948717949	0.5857510856247281	0.3912469760281504	0,0,3,3,0,0,0,0,0,40,27,0,0,0,0,1,425,194,2,0,0,0,0,183,665,31,0,0,0,0,10,197,105,0,0,0,0,0,48,10,4,0,0,0,0,2,0,0,0
0.6138461538461538	0.6471026466437783	0.6138461538461538	0.5861813151933847	0.3923466021552672	0,0,4,5,0,0,0,0,2,40,22,1,0,0,0,0,414,218,2,0,0,0,0,161,667,28,0,0,0,0,5,206,108,0,0,0,0,0,41,18,6,0,0,0,0,2,0,0,0
0.6138461538461538	0.6051052962541335	0.6138461538461538	0.5899587012557017	0.39542555531119417	0,0,4,3,0,0,0,0,0,30,21,2,0,0,0,0,426,205,2,0,0,0,0,177,639,43,0,0,0,0,8,200,128,1,0,0,0,0,31,24,4,0,0,0,0,1,1,0,0
0.6153846153846154	0.6446292152619123	0.6153846153846154	0.5882027343392668	0.39300637783153725	0,0,3,5,0,0,0,2,42,26,0,0,0,0,418,186,3,0,0,0,175,657,38,0,0,0,13,205,118,0,0,0,0,38,16,5
0.6143589743589744	0.61107580404594	0.6143589743589744	0.5881326958306546	0.3888277985484935	0,0,3,5,0,0,0,0,0,35,24,1,0,0,0,2,410,201,2,0,0,0,0,172,664,44,0,0,0,0,15,185,119,0,0,0,0,0,47,15,5,0,0,0,0,0,1,0,0
0.6051282051282051	0.6318799245568142	0.6051282051282051	0.577143707967479	0.3846492192654497	0,0,5,2,0,0,0,0,1,41,27,1,0,0,0,0,398,213,2,0,0,0,0,169,672,40,0,0,0,0,7,208,102,0,0,0,0,0,35,19,7,0,0,0,0,0,1,0,0
0.6282051282051282	0.6224407537719355	0.6282051282051282	0.600894922936048	0.39894435891796787	0,0,4,5,0,0,0,0,41,23,1,0,0,0,411,222,3,0,0,0,132,693,43,0,0,0,11,189,116,0,0,0,1,36,14,5
0.6148717948717949	0.6036165602909106	0.6148717948717949	0.5860910354506408	0.38442929404002635	0,0,3,6,0,0,0,0,46,30,0,0,0,0,411,192,2,0,0,0,166,671,44,0,0,0,7,210,112,0,0,0,1,32,12,5
