accuracy	precision	recall	f1	oob	confMatrxVars
0.6476923076923077	0.659709789654745	0.6476923076923077	0.6315182682485853	0.3468220804926325	0,0,6,6,0,0,0,0,4,33,17,0,0,0,0,1,448,189,4,0,0,0,1,153,634,40,1,0,0,0,9,176,162,0,0,0,0,0,30,17,15,0,0,0,0,3,1,0,0
0.6553846153846153	0.6576610976494258	0.6553846153846153	0.6391953254837645	0.3510006597756763	0,0,2,4,0,0,0,0,4,36,26,1,0,0,0,2,443,210,6,0,0,0,2,129,668,61,0,0,0,0,7,139,152,1,0,0,0,1,23,20,11,0,0,0,0,0,2,0,0
0.6574358974358975	0.6719549730509704	0.6574358974358975	0.6390706962749971	0.351440510226523	0,1,4,6,1,0,0,0,5,27,36,0,0,0,0,0,427,178,4,0,0,0,0,139,670,50,1,0,0,0,6,166,169,0,0,0,0,0,31,16,11,0,0,0,0,2,0,0,0
0.6625641025641026	0.6687748498452993	0.6625641025641026	0.6445357884507189	0.35122058500109965	0,0,2,4,1,0,0,1,3,41,14,0,0,0,2,0,458,194,5,0,0,0,1,124,694,50,2,0,0,0,7,171,125,1,0,0,0,0,24,12,12,0,0,0,0,0,2,0,0
0.661025641025641	0.6709287919521744	0.661025641025641	0.6406304509577834	0.35363976248075657	0,0,2,6,0,0,0,1,2,39,34,0,0,0,2,1,453,169,3,0,0,0,1,159,667,24,0,0,0,0,9,168,156,1,0,0,0,1,27,12,11,0,0,0,0,0,2,0,0
0.6482051282051282	0.6642261957893626	0.6482051282051282	0.6261591177920349	0.34726193094347924	0,0,3,7,0,0,0,2,43,26,0,0,0,1,448,189,6,0,0,0,133,650,34,0,0,0,9,188,157,3,0,0,1,36,7,7
0.6512820512820513	0.6578330080647412	0.6512820512820513	0.6340884658611323	0.34726193094347924	0,0,4,7,0,0,0,1,2,44,16,1,0,0,0,2,468,210,2,0,0,0,3,131,626,35,0,0,0,0,10,168,160,1,0,0,0,0,29,14,14,0,0,0,0,1,1,0,0
0.6661538461538462	0.6699074952286752	0.6661538461538462	0.6489858057133737	0.351440510226523	0,0,8,5,0,0,0,5,41,27,0,0,0,5,447,175,3,0,0,2,140,666,36,0,0,0,9,161,166,0,0,0,1,24,14,15
0.6466666666666666	0.6615388245363826	0.6466666666666666	0.6230154015449367	0.3435232021112822	0,0,3,4,0,0,0,0,2,41,25,1,0,0,0,1,460,186,3,0,0,0,0,134,653,38,0,0,0,0,10,186,136,1,0,0,0,0,37,17,10,0,0,0,0,1,1,0,0
0.6635897435897435	0.672831496531185	0.6635897435897435	0.6450326089603544	0.3479217066197493	0,1,5,1,1,0,0,1,1,35,28,1,0,0,0,0,470,220,4,0,0,0,0,109,652,47,0,0,0,0,7,147,159,1,0,0,0,1,27,18,12,0,0,0,0,0,2,0,0
0.6492307692307693	0.6680957857931542	0.6492307692307693	0.627846915666478	0.34506267868924567	0,0,4,5,0,0,0,1,42,22,0,0,0,0,457,176,3,0,0,0,160,654,51,0,0,0,9,164,146,0,0,0,0,24,24,8
0.6384615384615384	0.6576835236295764	0.6384615384615384	0.6197573394124947	0.34110402463162526	0,0,7,5,0,0,0,0,3,41,25,0,0,0,0,1,412,197,4,1,0,0,0,165,653,32,0,0,0,0,9,170,164,0,0,0,0,0,36,9,13,0,0,0,0,1,2,0,0
0.6492307692307693	0.6646319154759653	0.6492307692307693	0.6291984080468799	0.3499010336485595	0,0,3,4,0,0,0,0,2,48,17,2,0,0,0,0,460,157,4,0,0,0,0,167,639,62,1,0,0,0,10,154,152,0,0,0,0,0,28,25,13,0,0,0,0,1,1,0,0
0.6476923076923077	0.6386906491687487	0.6476923076923077	0.6280369674282709	0.35473938860787335	0,0,4,1,0,0,0,0,0,48,21,0,0,0,0,0,439,203,3,0,0,0,0,129,645,48,0,0,0,0,6,176,163,1,0,0,0,0,26,19,16,0,0,0,0,2,0,0,0
0.658974358974359	0.6825833969052689	0.658974358974359	0.6398933366475358	0.35583901473499013	0,0,4,3,0,0,0,1,3,37,25,0,0,0,0,0,456,188,6,0,0,0,0,139,666,35,1,0,0,0,5,173,146,0,0,0,0,0,28,19,14,0,0,0,0,0,1,0,0
0.6646153846153846	0.6776208227524902	0.6646153846153846	0.6469104575422697	0.3529799868044865	0,0,8,2,0,0,0,0,4,32,29,0,0,0,0,2,450,194,2,0,0,0,0,148,677,31,0,0,0,0,7,154,154,1,0,0,0,2,30,9,11,0,0,0,0,2,1,0,0
0.6605128205128206	0.6613147913940857	0.6605128205128206	0.6454812678127994	0.351440510226523	0,0,7,4,0,0,0,0,3,27,20,1,0,0,0,1,429,209,4,0,0,0,2,118,683,49,3,0,0,0,11,167,155,2,0,0,0,0,15,20,18,0,0,0,0,0,2,0,0
0.6671794871794872	0.6664382392835931	0.6671794871794872	0.651222012208795	0.36089729491972733	0,0,4,7,0,0,0,0,3,41,16,1,0,0,0,3,461,185,6,0,0,0,0,142,656,58,0,0,0,0,7,126,164,1,0,0,0,0,31,18,17,0,0,0,0,1,2,0,0
0.6656410256410257	0.6712735406051958	0.6656410256410257	0.6509625808662497	0.35825819221464705	0,0,4,3,0,0,0,0,4,34,20,0,0,0,0,3,454,197,0,0,0,0,0,148,661,51,0,0,0,0,9,137,167,0,0,0,0,0,23,20,12,0,0,0,0,1,2,0,0
0.6538461538461539	0.6699073520460969	0.6538461538461539	0.6342036949254547	0.34374312733670553	0,0,2,1,0,0,0,0,3,46,24,0,0,0,0,1,449,188,6,0,0,0,0,145,668,34,0,0,0,0,11,174,140,1,0,0,0,0,25,16,15,0,0,0,0,1,0,0,0
0.662051282051282	0.6677847113416117	0.662051282051282	0.6480217432023085	0.35473938860787335	0,0,5,5,0,0,0,0,4,22,20,0,0,0,1,1,446,199,2,0,0,0,3,139,673,44,0,0,0,0,8,162,154,2,0,0,0,0,26,18,14,0,0,0,0,1,1,0,0
0.6487179487179487	0.6552354331000034	0.6487179487179487	0.6328683458362969	0.34770178139432595	0,0,5,7,0,0,0,0,3,41,14,1,0,0,0,1,439,161,9,0,0,0,0,175,645,55,0,0,0,0,11,167,163,1,0,0,0,0,26,10,15,0,0,0,0,0,1,0,0
0.642051282051282	0.6262234612089232	0.642051282051282	0.623736062063201	0.34154387508247197	0,0,5,6,0,0,0,0,0,50,17,0,0,0,0,0,449,206,2,0,0,0,1,159,649,54,0,0,0,0,6,160,139,0,0,0,0,0,20,11,15,0,0,0,0,0,1,0,0
0.6569230769230769	0.6796139017819078	0.6569230769230769	0.639488972286637	0.3564987904112602	0,0,4,1,0,0,0,0,6,46,15,1,0,0,0,0,447,194,1,1,0,0,0,141,662,43,0,0,0,0,5,167,154,0,0,0,0,0,31,17,12,0,0,0,0,2,0,0,0
0.6471794871794871	0.6527892036530426	0.6471794871794871	0.6266518988394595	0.3419837255333187	0,0,3,5,0,0,0,0,2,44,16,2,0,0,0,1,427,203,4,0,0,0,0,130,680,60,0,0,0,0,9,156,143,1,0,0,0,1,28,22,10,0,0,0,0,2,1,0,0
