accuracy	precision	recall	f1	oob	confMatrxVars
0.6364102564102564	0.649397790996798	0.6364102564102564	0.6159474543517983	0.3712337805146251	0,0,4,5,0,0,0,0,3,34,25,1,0,0,0,1,443,215,1,0,0,0,0,149,654,46,0,0,0,0,10,166,134,1,0,0,0,1,30,18,7,0,0,0,0,1,1,0,0
0.6148717948717949	0.6424894569546661	0.6148717948717949	0.5936391183340135	0.370574004838355	0,0,4,6,0,0,0,0,2,42,24,1,0,0,0,0,428,228,5,0,0,0,0,168,627,39,0,0,0,0,10,163,129,0,0,0,0,1,34,24,13,0,0,0,0,1,1,0,0
0.615897435897436	0.6434858644147258	0.615897435897436	0.5960069806449103	0.36485594897734774	0,0,6,2,0,0,0,0,2,30,27,0,0,0,0,0,406,235,6,0,0,0,0,140,647,55,0,0,0,0,8,189,137,0,0,0,0,0,31,19,9,0,0,0,0,0,1,0,0
0.6323076923076923	0.63561073839329	0.6323076923076923	0.6098811580335365	0.3666153507807346	0,0,7,3,0,0,0,3,39,25,1,0,0,2,458,185,5,0,0,1,165,639,43,0,0,0,10,182,126,0,0,0,0,21,28,7
0.6338461538461538	0.6435871475177445	0.6338461538461538	0.613177562276807	0.37189355619089515	0,0,5,4,0,0,0,0,3,35,15,0,0,0,0,3,417,203,4,0,0,0,0,169,679,25,0,0,0,0,11,189,127,0,0,0,0,0,23,26,10,0,0,0,0,1,1,0,0
0.6302564102564102	0.6386820690913405	0.6302564102564102	0.6083293976501215	0.36683527600615795	0,0,5,5,0,0,0,0,1,37,23,0,0,0,0,1,424,222,4,0,0,0,0,159,670,37,0,0,0,0,7,171,126,0,0,0,0,0,27,22,8,0,0,0,0,1,0,0,0
0.6169230769230769	0.6493680228101043	0.6169230769230769	0.5921198793669903	0.36727512645700466	0,0,5,4,0,0,0,1,42,27,1,0,0,0,431,211,2,0,0,0,167,642,30,0,0,0,5,204,121,1,0,0,0,34,14,8
0.6184615384615385	0.6594199399876969	0.6184615384615385	0.5922520594923064	0.3639762480756543	0,0,1,2,0,0,0,2,32,24,1,0,0,0,432,222,3,0,0,0,136,645,32,0,0,0,8,210,121,0,0,0,0,49,24,6
0.6307692307692307	0.6515766567650735	0.6307692307692307	0.6080597404873155	0.3681548273586981	0,0,4,5,0,0,0,0,1,37,26,1,0,0,0,0,442,206,7,0,0,0,0,151,643,47,0,0,0,0,9,172,138,1,0,0,0,0,33,20,6,0,0,0,0,0,1,0,0
0.6133333333333333	0.634266096688717	0.6133333333333333	0.590473671891136	0.35935781834176383	0,0,6,4,0,0,0,0,3,50,18,0,0,0,0,1,399,230,7,0,0,0,0,130,646,41,0,0,0,0,6,209,136,1,0,0,0,1,29,18,12,0,0,0,0,1,2,0,0
0.6082051282051282	0.6329661516960212	0.6082051282051282	0.5798600227915183	0.36837475258412145	0,0,4,6,0,0,0,0,3,35,26,1,0,0,0,1,413,211,1,0,0,0,0,143,653,38,0,0,0,0,11,216,108,0,0,0,0,0,48,20,9,0,0,0,0,1,2,0,0
0.6364102564102564	0.6440701950120448	0.6364102564102564	0.6167406459965822	0.3694743787112382	0,0,3,5,0,0,0,0,2,34,20,2,0,0,0,0,442,189,4,0,0,0,1,185,667,42,0,0,0,0,10,175,123,0,0,0,0,0,22,16,7,0,0,0,0,1,0,0,0
0.6343589743589744	0.6625601612115256	0.6343589743589744	0.6112067655179213	0.3776116120519023	0,0,3,4,0,0,0,0,3,46,23,0,0,0,0,0,427,208,5,0,0,0,0,124,662,48,0,0,0,0,2,196,137,1,0,0,0,0,37,15,8,0,0,0,0,1,0,0,0
0.615897435897436	0.6446920684923838	0.615897435897436	0.5907688848595817	0.35935781834176383	0,0,5,5,0,0,0,0,2,50,28,0,0,0,0,0,428,230,6,0,0,0,0,142,639,42,1,0,0,0,7,180,126,0,0,0,0,0,37,13,6,0,0,0,0,2,1,0,0
0.615897435897436	0.6168346900485997	0.615897435897436	0.5862059686117266	0.37629206069936216	0,0,9,3,0,0,0,0,1,47,23,0,0,0,0,2,417,214,4,0,0,0,0,146,662,30,0,0,0,0,12,189,115,2,0,0,0,0,47,20,6,0,0,0,0,1,0,0,0
0.6287179487179487	0.650200871570177	0.6287179487179487	0.6065869573674543	0.3710138552892017	0,0,3,4,0,0,0,0,3,45,24,0,0,0,0,0,407,184,5,0,0,0,0,173,673,44,1,0,0,0,13,181,135,0,0,0,0,0,34,10,8,0,0,0,0,1,2,0,0
0.6210256410256411	0.6245765440781109	0.6210256410256411	0.5982522965565782	0.36727512645700466	0,0,7,6,0,0,0,0,34,14,0,0,0,2,447,211,1,0,0,0,171,634,37,0,0,0,9,191,124,0,0,0,0,41,15,6
0.615897435897436	0.6060150153161729	0.615897435897436	0.58993911486013	0.3661755003298879	0,0,5,7,0,0,0,0,0,45,21,1,0,0,0,2,410,203,5,0,0,0,0,144,658,54,0,0,0,0,5,194,123,0,0,0,0,0,40,19,10,0,0,0,0,3,1,0,0
0.598974358974359	0.6310773541630962	0.598974358974359	0.5673799911399179	0.36573564987904117	0,0,4,6,0,0,0,0,1,47,32,0,0,0,0,0,408,217,3,0,0,0,1,148,644,23,0,0,0,0,6,246,110,0,0,0,0,0,40,8,5,0,0,0,0,1,0,0,0
0.6266666666666667	0.6308752729770775	0.6266666666666667	0.6058508716490291	0.36727512645700466	0,0,7,4,0,0,0,0,2,33,21,1,0,0,0,1,437,215,4,0,0,0,2,155,650,40,0,0,0,0,8,187,124,1,0,0,0,0,29,18,9,0,0,0,0,1,1,0,0
0.6251282051282051	0.6238733387745392	0.6251282051282051	0.6006058998393758	0.3685946778095448	0,0,5,3,0,0,0,0,0,35,23,2,0,0,0,0,436,210,6,0,0,0,0,143,651,40,0,0,0,0,9,202,124,0,0,0,0,0,38,14,8,0,0,0,0,0,1,0,0
0.6184615384615385	0.6239939170449267	0.6184615384615385	0.5947451697839469	0.37035407961293165	0,0,4,5,0,0,0,0,1,38,23,0,0,0,0,2,424,217,4,0,0,0,0,155,652,36,1,0,0,0,8,210,125,0,0,0,0,0,27,13,4,0,0,0,0,0,1,0,0
0.6358974358974359	0.6322855934468309	0.6358974358974359	0.61455019717855	0.3765119859247855	0,0,4,3,0,0,0,0,0,33,20,1,0,0,0,0,444,214,3,0,0,0,0,135,647,56,0,0,0,0,5,174,141,0,0,0,0,0,30,30,8,0,0,0,0,1,1,0,0
0.6097435897435898	0.6409679076167643	0.6097435897435898	0.5831163058173833	0.3655157246536178	0,0,9,3,1,0,0,0,1,40,34,0,0,0,0,0,418,206,5,0,0,0,0,168,636,36,0,0,0,0,9,192,127,0,0,0,0,0,38,18,7,0,0,0,0,2,0,0,0
0.6210256410256411	0.6345899426772168	0.6210256410256411	0.596313468669209	0.3760721354739388	0,0,6,2,0,0,0,0,1,37,22,0,0,0,0,2,416,233,4,0,0,0,0,147,661,30,0,0,0,0,7,185,127,0,0,0,0,0,41,20,6,0,0,0,0,2,1,0,0
