accuracy	precision	recall	f1	confMatrxVars
0.4574358974358974	0.42341722294216383	0.4574358974358974	0.4285765171546977	0,0,5,1,0,0,00,0,45,22,4,0,00,0,462,157,18,0,00,0,401,306,127,0,00,0,67,153,124,0,00,0,11,28,17,0,00,0,0,0,2,0,0
0.46615384615384614	0.4310742896209245	0.46615384615384614	0.44558645444512196	0,0,7,4,0,0,00,0,35,26,4,0,00,0,377,285,14,0,00,0,284,430,99,0,00,0,50,173,102,0,00,0,10,24,24,0,00,0,0,1,1,0,0
0.49743589743589745	0.45825373515864826	0.49743589743589745	0.47370756318264273	0,0,3,4,3,0,00,0,31,40,2,0,00,0,389,265,17,0,00,0,232,481,96,0,00,0,28,194,100,0,00,0,7,34,23,0,00,0,0,0,1,0,0
0.4856410256410256	0.4538581342029618	0.4856410256410256	0.45559135378163856	0,0,4,2,0,0,00,0,45,11,7,0,00,0,459,165,11,0,00,0,363,412,76,0,00,0,106,158,76,0,00,0,9,28,17,0,00,0,0,1,0,0,0
0.4815384615384615	0.3678994809400745	0.4815384615384615	0.41710284915997375	0,0,5,1,0,0,00,0,37,28,0,0,00,0,393,247,0,0,00,0,304,546,0,0,00,0,76,246,0,0,00,0,11,53,0,0,00,0,0,3,0,0,0
0.5271794871794871	0.41114687245212456	0.5271794871794871	0.4571435762529379	0,0,3,7,0,00,0,30,34,0,00,0,400,254,0,00,0,207,628,0,00,0,24,317,0,00,0,0,46,0,0
0.5312820512820513	0.4192382353564899	0.5312820512820513	0.45719680540121177	0,0,7,3,0,0,00,0,31,40,0,0,00,0,334,294,0,0,00,0,159,702,0,0,00,0,7,314,0,0,00,0,1,56,0,0,00,0,0,2,0,0,0
0.49333333333333335	0.4581132461171414	0.49333333333333335	0.43280620707378686	0,0,4,4,0,0,00,4,35,33,0,0,00,4,323,318,2,0,00,4,195,627,8,0,00,1,31,286,8,0,00,1,3,55,3,0,00,0,0,1,0,0,0
0.46717948717948715	0.36376906601385883	0.46717948717948715	0.39403516470377997	0,0,8,3,0,00,0,32,37,0,00,0,245,399,0,00,0,184,666,0,00,0,18,309,0,00,0,4,45,0,0
0.48	0.36092374335649186	0.48	0.4120075385146266	0,0,5,5,0,0,00,0,33,36,0,0,00,0,394,226,0,0,00,0,304,542,0,0,00,0,65,272,0,0,00,0,9,58,0,0,00,0,0,1,0,0,0
0.5241025641025641	0.48680567589887497	0.5241025641025641	0.4804447457702788	0,0,6,4,0,0,00,0,33,32,1,0,00,0,394,266,1,0,00,0,241,597,24,0,00,0,16,254,31,0,00,0,3,36,8,0,00,0,0,2,1,0,0
0.4753846153846154	0.4400262553068582	0.4753846153846154	0.453092149519716	0,0,5,4,2,0,00,0,30,43,8,0,00,0,311,328,24,0,00,0,206,532,119,0,00,0,37,171,84,0,00,0,2,26,17,0,00,0,0,0,1,0,0
0.5138461538461538	0.3960513745552588	0.5138461538461538	0.44501016497907425	0,0,6,8,0,0,00,0,35,30,0,0,00,0,412,242,0,0,00,0,239,590,1,0,00,0,29,301,0,0,00,0,1,55,0,0,00,0,0,1,0,0,0
0.4574358974358974	0.42572381761744343	0.4574358974358974	0.40499547679852255	0,0,2,9,1,0,00,0,22,46,3,0,00,0,154,457,16,0,00,0,121,667,66,0,00,0,12,244,71,0,00,0,5,39,13,0,00,0,0,0,2,0,0
0.5302564102564102	0.4237244340140841	0.5302564102564102	0.463917042315994	0,0,2,8,0,0,00,0,28,30,0,0,00,0,388,283,0,0,00,0,200,646,0,0,00,0,15,283,0,0,00,0,0,64,0,0,00,0,0,3,0,0,0
0.4594871794871795	0.3969839794536748	0.4594871794871795	0.3943037702227382	0,0,4,1,0,0,00,0,32,38,0,0,00,0,220,421,4,0,00,0,154,667,32,0,00,0,24,290,9,0,00,0,2,48,3,0,00,0,0,1,0,0,0
0.4574358974358974	0.4329278380463549	0.4574358974358974	0.3957515930848938	0,0,2,2,0,0,00,0,44,15,0,0,00,0,490,136,0,0,00,0,467,397,6,0,00,0,129,200,5,0,00,0,18,35,1,0,00,0,0,3,0,0,0
0.541025641025641	0.5006888744744162	0.541025641025641	0.4971145427894651	0,0,2,4,0,0,00,0,34,33,3,0,00,0,401,261,3,0,00,0,184,613,33,0,00,0,14,260,41,0,00,0,0,50,12,0,00,0,0,2,0,0,0
0.5297435897435897	0.43499231907784086	0.5297435897435897	0.45628467847216847	0,0,2,4,0,0,00,0,19,40,0,0,00,0,331,332,0,0,00,0,128,702,0,0,00,0,7,328,0,0,00,0,1,54,0,0,00,0,0,2,0,0,0
0.4707692307692308	0.4803275462430392	0.4707692307692308	0.41121529672352114	0,0,0,7,0,0,00,0,14,50,1,0,00,0,172,486,4,0,00,0,90,688,39,0,00,0,6,272,58,0,00,0,2,50,9,0,00,0,0,1,1,0,0
0.48923076923076925	0.4445651673064189	0.48923076923076925	0.43911575044062384	0,0,4,4,0,00,0,38,29,0,00,0,355,281,1,00,0,260,579,22,00,0,52,247,20,00,0,5,47,6,0
0.5	0.4618225522232993	0.5	0.47271664193316293	0,0,4,5,0,00,0,25,44,1,00,0,362,238,7,00,0,259,526,82,00,0,59,199,87,00,0,2,34,16,0
0.47846153846153844	0.4384665112753896	0.47846153846153844	0.45051516031697564	0,0,6,3,1,0,00,0,50,20,1,0,00,0,376,215,18,0,00,0,304,479,76,0,00,0,76,186,78,0,00,0,9,29,21,0,00,0,0,0,2,0,0
0.47846153846153844	0.36853204720640126	0.47846153846153844	0.4104832855936729	0,0,4,4,0,0,00,0,35,28,0,0,00,0,327,323,0,0,00,0,219,606,0,4,00,0,44,296,0,0,00,0,3,55,0,0,00,0,0,2,0,0,0
0.517948717948718	0.40460586267952	0.517948717948718	0.4523849480847452	0,0,2,6,0,0,00,2,33,28,0,0,00,2,445,220,0,0,00,4,255,563,0,0,00,7,43,281,0,0,00,3,4,50,0,0,00,0,0,2,0,0,0
0.521025641025641	0.46903420127357026	0.521025641025641	0.4861492459840127	0,0,7,5,0,0,00,0,44,28,4,0,00,0,411,204,8,0,00,0,250,542,67,0,00,0,23,235,63,0,00,0,1,35,21,0,00,0,0,1,1,0,0
0.5148717948717949	0.4761387585422506	0.5148717948717949	0.4936216504808656	0,0,5,4,0,0,00,0,29,31,4,0,00,0,379,212,28,0,00,0,239,525,120,0,00,0,25,197,100,0,00,0,0,34,16,0,00,0,0,2,0,0,0
0.5005128205128205	0.4810188902386425	0.5005128205128205	0.4521427401369403	0,0,4,2,0,0,00,0,30,26,2,0,00,0,224,414,6,0,00,0,104,687,50,0,00,0,22,251,65,0,00,0,9,44,9,0,00,0,0,0,1,0,0
0.5061538461538462	0.39928681652657005	0.5061538461538462	0.4406040699446516	0,0,4,4,0,0,00,7,26,26,0,0,00,4,335,277,0,0,00,9,215,645,0,0,00,3,40,287,0,0,00,1,3,62,0,0,00,0,0,2,0,0,0
0.52	0.4760683226419569	0.52	0.4765331869079318	0,0,2,6,0,0,00,0,40,27,1,0,00,0,398,211,2,0,00,0,268,574,34,0,00,0,37,242,42,0,00,0,4,51,10,0,00,0,0,1,0,0,0
0.5353846153846153	0.4931965409635312	0.5353846153846153	0.4950234025542181	0,0,6,4,0,00,0,29,21,0,00,0,474,185,1,00,0,267,517,41,00,0,32,250,53,00,0,2,53,15,0
0.4666666666666667	0.44019693704190666	0.4666666666666667	0.4106820831108038	0,0,4,7,0,0,00,0,32,28,0,0,00,0,282,348,1,0,00,0,218,607,13,0,00,0,40,278,21,0,00,0,8,53,7,0,00,0,0,3,0,0,0
0.5005128205128205	0.45788663274190594	0.5005128205128205	0.4711613776865475	0,0,3,4,0,0,00,0,33,47,0,0,00,0,415,243,8,0,00,0,260,487,73,0,00,0,47,202,74,0,00,0,7,25,20,0,00,0,0,1,1,0,0
0.44769230769230767	0.4165371428897625	0.44769230769230767	0.41503939016368735	0,0,4,4,1,0,00,0,28,38,1,0,00,0,376,251,3,0,00,0,357,447,47,0,00,0,78,213,50,0,00,0,7,30,14,0,00,0,0,1,0,0,0
0.5292307692307693	0.42153020411323	0.5292307692307693	0.45765430975623433	0,0,2,4,0,0,00,0,26,49,0,0,00,0,336,301,0,0,00,0,168,696,0,0,00,0,9,300,0,0,00,0,1,56,0,0,00,0,0,2,0,0,0
0.49435897435897436	0.4653670363067953	0.49435897435897436	0.44810774035556783	0,0,4,3,0,0,00,0,27,40,0,0,00,0,326,325,2,0,00,0,204,604,26,0,00,0,19,278,34,0,00,0,1,44,11,0,00,0,0,1,1,0,0
0.5015384615384615	0.4612738685924743	0.5015384615384615	0.4798800215314233	0,0,4,2,1,0,00,0,43,27,4,0,00,0,417,221,12,0,00,0,275,458,126,0,00,0,20,178,103,0,00,0,2,25,30,0,00,0,0,1,1,0,0
0.4646153846153846	0.46972408483236516	0.4646153846153846	0.40041257940264563	0,0,3,4,0,0,00,0,19,45,0,0,00,0,162,515,5,0,00,0,79,694,41,0,00,0,3,268,50,0,00,0,0,42,16,0,00,0,0,2,2,0,0
0.44666666666666666	0.4226630753011979	0.44666666666666666	0.39388802550641294	0,0,3,7,0,0,00,0,31,37,2,0,00,0,115,504,23,0,00,0,73,635,124,0,00,0,17,207,121,0,00,0,0,29,21,0,00,0,0,0,1,0,0
0.4676923076923077	0.450642009788636	0.4676923076923077	0.40095852697967665	0,1,1,4,0,0,00,5,17,46,0,0,00,7,197,453,3,0,00,3,123,696,20,0,00,1,12,287,14,0,00,0,0,54,4,0,00,0,0,2,0,0,0
0.5261538461538462	0.48599589103437585	0.5261538461538462	0.49555864930487786	0,0,2,5,1,0,00,0,35,38,1,0,00,0,388,230,11,0,00,0,222,552,68,0,00,0,26,225,86,0,00,0,1,45,12,0,00,0,0,2,0,0,0
0.47897435897435897	0.3697780170313999	0.47897435897435897	0.41660000256154106	0,0,5,7,0,0,00,0,38,22,0,0,00,0,367,304,0,0,00,0,270,567,0,0,00,0,84,226,0,0,00,0,19,38,0,0,00,0,2,1,0,0,0
0.5174358974358975	0.4224729196044946	0.5174358974358975	0.4533265746431005	0,0,6,2,0,0,00,0,37,21,0,0,00,0,444,176,7,0,00,0,291,562,13,0,00,0,28,309,3,0,00,0,2,48,0,0,00,0,0,1,0,0,0
0.4764102564102564	0.4411571393106663	0.4764102564102564	0.38450705599476687	0,0,2,6,1,00,0,13,46,3,00,0,143,513,9,00,0,66,781,14,00,0,4,303,5,00,0,0,38,3,0
0.4764102564102564	0.37182770007770005	0.4764102564102564	0.41608057386753594	0,0,5,2,0,0,00,0,46,20,0,0,00,0,428,221,0,0,00,0,360,501,0,0,00,0,99,217,0,0,00,0,22,28,0,0,00,0,0,1,0,0,0
0.5184615384615384	0.4847029433700852	0.5184615384615384	0.47612555765441195	0,0,2,6,0,0,00,0,22,46,2,0,00,0,350,270,5,0,00,0,209,613,33,0,00,0,24,264,48,0,00,0,3,42,10,0,00,0,0,1,0,0,0
0.45692307692307693	0.35885790236862397	0.45692307692307693	0.3953924720053578	0,0,4,1,0,0,00,0,52,14,0,0,00,0,475,171,0,0,00,0,451,416,0,0,00,0,91,228,0,0,00,0,12,33,0,0,00,0,0,2,0,0,0
0.49538461538461537	0.4632593705255576	0.49538461538461537	0.4310404030257571	0,0,8,5,0,0,00,0,44,25,0,0,00,0,475,169,0,0,00,0,356,489,1,6,00,0,74,240,2,1,00,0,8,45,1,0,00,0,1,0,0,0,0
0.4907692307692308	0.44748118893637406	0.4907692307692308	0.46449033563410536	0,0,3,4,0,0,00,0,28,30,5,0,00,0,436,195,12,0,00,0,314,449,104,0,00,0,42,199,72,0,00,0,5,26,25,0,00,0,0,0,1,0,0
0.4907692307692308	0.45556675046086814	0.4907692307692308	0.4555646308241985	0,0,1,2,2,0,00,0,18,39,2,0,00,0,273,329,7,0,00,0,199,619,60,0,00,0,29,244,65,0,00,0,2,41,16,0,00,0,0,1,1,0,0
