accuracy	precision	recall	f1	confMatrxVars
0.5076923076923077	0.4872425458328542	0.5076923076923077	0.4777633557612333	0,0,4,4,0,0,00,1,29,32,0,0,00,4,376,259,13,1,00,4,229,550,59,0,00,0,41,224,62,0,00,0,2,41,13,1,00,0,0,0,1,0,0
0.5194871794871795	0.49990719940867484	0.5194871794871795	0.49892117315455453	0,1,5,2,0,0,00,1,31,26,1,0,00,2,341,290,19,0,00,3,181,566,105,0,00,0,32,178,104,2,00,0,5,29,24,1,00,0,0,1,0,0,0
0.5071794871794871	0.4926602600826593	0.5071794871794871	0.48545618312678346	0,0,4,4,0,0,00,1,25,31,1,0,00,7,356,289,10,2,00,3,189,541,83,3,00,3,12,231,89,0,00,0,0,43,18,2,00,0,0,0,3,0,0
0.5230769230769231	0.4973071003636363	0.5230769230769231	0.5036489662216012	0,0,3,3,2,0,00,1,39,30,4,0,00,1,391,197,23,0,00,1,217,476,164,0,00,0,25,154,152,0,00,0,4,25,36,0,00,0,0,1,1,0,0
0.5302564102564102	0.499593743002271	0.5302564102564102	0.4925983621749219	0,0,1,7,0,0,00,0,35,36,3,2,00,0,309,319,15,2,00,0,135,657,54,0,00,0,15,230,67,0,00,0,2,35,24,1,00,0,0,1,0,0,0
0.5123076923076924	0.5046627442079717	0.5123076923076924	0.46629669203561425	0,0,4,4,0,0,00,4,32,29,0,0,00,7,371,275,3,0,00,9,193,593,19,2,00,1,32,277,29,1,00,1,3,51,7,2,00,0,0,1,0,0,0
0.5241025641025641	0.49244518041060326	0.5241025641025641	0.5055027366810774	0,0,4,2,0,0,02,1,39,23,6,0,02,6,409,205,23,0,02,1,242,488,114,0,01,0,29,169,124,0,00,0,0,29,28,0,00,0,0,1,0,0,0
0.5153846153846153	0.4741101992280475	0.5153846153846153	0.4860257140769961	0,0,4,6,0,0,00,0,31,26,1,0,00,2,404,251,10,0,00,6,226,546,71,0,00,1,17,238,55,0,00,0,1,34,18,0,00,0,0,0,2,0,0
0.5343589743589744	0.5093824158737477	0.5343589743589744	0.5099824755995537	0,0,2,2,2,0,00,2,17,36,2,0,00,3,348,269,17,0,00,5,187,598,66,1,00,1,14,224,94,0,00,0,1,36,21,0,00,0,0,0,2,0,0
0.5358974358974359	0.5026519267026291	0.5358974358974359	0.5062051450345765	0,0,4,6,0,00,0,35,24,1,00,0,375,282,9,00,0,171,591,68,00,0,14,232,79,10,0,0,37,21,0
0.5143589743589744	0.4905158526953028	0.5143589743589744	0.4434156828680211	0,0,5,5,0,0,00,0,37,24,0,0,00,0,324,307,0,1,01,0,174,677,2,0,02,0,18,323,2,0,00,0,2,45,0,0,00,0,0,1,0,0,0
0.4717948717948718	0.453384391048577	0.4717948717948718	0.44900669045961156	0,0,3,3,1,00,0,21,39,1,10,0,216,405,30,00,2,149,552,160,60,1,16,135,152,10,0,1,29,26,0
0.47897435897435897	0.46177090159980716	0.47897435897435897	0.4289776117616099	0,2,3,5,0,0,00,4,41,34,0,0,00,4,310,314,2,0,00,3,196,589,24,0,00,0,27,292,31,0,00,0,3,56,7,0,00,0,0,3,0,0,0
0.5143589743589744	0.4734267834671078	0.5143589743589744	0.49265663144939814	0,0,7,3,1,00,0,37,25,6,00,0,386,206,30,00,0,229,501,123,00,0,23,195,116,00,0,3,22,37,0
0.4846153846153846	0.45355250873035785	0.4846153846153846	0.4593578631447156	0,1,8,2,0,00,1,43,17,3,00,4,432,159,13,00,4,362,428,96,00,2,43,196,84,00,0,1,30,21,0
0.5071794871794871	0.45898616781461693	0.5071794871794871	0.4754609855013885	0,0,5,2,0,0,00,0,37,17,6,0,00,0,403,218,13,0,00,0,283,531,65,0,00,0,25,224,55,0,00,0,7,42,15,0,00,0,0,1,1,0,0
0.518974358974359	0.49723185530330544	0.518974358974359	0.49315247490556346	0,0,4,5,1,0,00,1,34,25,1,0,00,0,354,255,19,0,00,1,171,566,105,0,00,0,19,240,91,0,00,0,1,38,17,0,00,0,0,1,1,0,0
0.48512820512820515	0.4578054978078983	0.48512820512820515	0.46469244662218795	0,1,6,2,1,0,00,3,30,32,3,0,00,6,366,271,16,0,00,4,223,482,105,0,00,0,30,212,95,0,00,0,0,39,22,0,00,0,0,1,0,0,0
0.5158974358974359	0.5403158150433166	0.5158974358974359	0.4867602109733738	0,0,4,10,0,0,00,1,25,34,3,0,00,0,389,252,15,0,00,0,216,536,64,0,00,0,30,227,79,0,00,0,0,42,21,1,00,0,0,0,1,0,0
0.5184615384615384	0.5023391996967839	0.5184615384615384	0.48930813958581976	0,0,10,4,0,0,00,4,36,29,0,0,00,1,338,301,7,0,00,2,197,593,53,1,00,1,24,222,76,0,00,0,1,31,16,0,00,0,0,1,2,0,0
0.49538461538461537	0.4646851852342731	0.49538461538461537	0.4684254071570519	0,0,4,7,1,0,00,1,29,34,0,0,00,4,364,269,10,1,00,2,235,520,68,0,00,0,27,228,81,1,00,0,5,36,20,0,00,0,0,1,2,0,0
0.5102564102564102	0.4563120695064714	0.5102564102564102	0.459462097694745	0,1,6,2,0,0,00,3,32,28,2,0,00,6,415,226,5,0,00,1,270,564,20,0,00,0,38,262,13,0,00,1,1,49,4,0,00,0,0,1,0,0,0
0.5051282051282051	0.4871787833168087	0.5051282051282051	0.49084204926971975	1,1,2,9,0,0,00,4,33,25,1,0,02,3,373,237,27,0,00,2,201,480,163,0,01,0,15,180,127,0,00,0,5,31,25,0,00,0,0,2,0,0,0
0.5276923076923077	0.4857436863997948	0.5276923076923077	0.49630737362366306	0,0,2,6,0,0,00,0,27,33,2,0,00,0,394,264,11,0,00,0,205,571,65,0,00,0,31,214,64,0,00,0,8,36,16,0,00,0,0,1,0,0,0
0.5292307692307693	0.4953500601964842	0.5292307692307693	0.48873926930105277	0,0,5,6,0,0,00,0,25,32,0,0,00,0,387,253,13,0,00,0,187,602,41,6,00,0,19,268,40,3,00,0,3,48,6,3,00,0,0,3,0,0,0
0.4907692307692308	0.4599632926047029	0.4907692307692308	0.46062747754431344	0,0,7,4,0,0,00,2,32,29,0,0,00,4,405,240,7,1,00,4,279,499,53,7,00,0,44,217,50,5,00,0,3,41,14,1,00,0,0,2,0,0,0
0.518974358974359	0.4929084854946345	0.518974358974359	0.4917256225741093	0,0,1,3,1,0,01,1,44,31,4,0,01,0,413,201,22,0,01,0,254,522,83,0,01,1,29,206,76,0,00,0,5,28,18,0,00,0,0,1,2,0,0
0.5097435897435898	0.4892111176412831	0.5097435897435898	0.47701317379848024	0,0,10,3,0,00,3,43,21,1,00,4,374,256,10,40,2,223,562,41,50,0,26,240,50,100,0,2,45,10,5
0.5087179487179487	0.4920236830350443	0.5087179487179487	0.49124003535423616	0,0,6,2,0,0,00,0,33,24,3,0,00,0,404,222,15,0,00,0,234,468,146,1,00,0,26,182,116,1,00,0,1,28,31,4,00,0,1,1,1,0,0
0.5353846153846153	0.4953091844869214	0.5353846153846153	0.49591726669864106	0,0,3,6,1,0,00,0,32,31,1,0,00,0,431,208,1,2,00,0,251,567,37,5,00,0,20,248,46,1,00,0,1,45,9,0,00,0,1,2,1,0,0
0.5010256410256411	0.4766729245698902	0.5010256410256411	0.48330793190515103	0,0,9,3,1,0,00,6,37,15,3,0,00,4,442,185,23,0,00,8,309,412,125,0,00,2,45,145,117,0,00,0,11,23,23,0,00,0,0,0,2,0,0
0.4958974358974359	0.4775062767934629	0.4958974358974359	0.4692871415241935	0,0,2,4,1,0,00,1,38,29,1,0,00,2,356,287,10,0,00,1,236,531,65,1,00,0,33,207,78,1,00,0,3,39,21,1,00,0,0,0,2,0,0
0.49025641025641026	0.44771857942470533	0.49025641025641026	0.44371349456619863	0,0,3,3,0,0,00,4,39,32,0,0,00,12,414,209,3,2,00,7,273,518,35,2,00,1,40,272,18,2,00,0,3,54,1,2,00,0,0,1,0,0,0
0.49435897435897436	0.4654122252719371	0.49435897435897436	0.4651197678929952	0,0,9,2,0,0,00,0,43,18,0,0,00,2,401,263,7,0,01,2,262,499,52,2,00,0,52,212,64,8,00,0,5,35,10,0,00,0,0,1,0,0,0
0.4774358974358974	0.4431101503069418	0.4774358974358974	0.434020411754643	0,0,6,4,0,0,00,0,35,26,1,0,00,1,329,297,7,0,00,5,252,574,29,2,00,1,39,255,27,2,00,0,6,46,4,1,00,0,0,1,0,0,0
0.5143589743589744	0.48026396669786175	0.5143589743589744	0.4913116497661261	0,0,3,5,0,0,00,0,38,24,3,0,02,0,356,298,8,0,00,0,183,543,103,0,00,0,24,194,104,0,00,0,1,28,31,0,00,0,0,1,1,0,0
0.5338461538461539	0.5017271942096997	0.5338461538461539	0.5092373261606574	0,0,3,1,1,0,00,0,35,27,1,1,00,0,398,206,8,0,00,0,262,538,75,3,00,0,31,191,104,0,00,0,3,41,18,1,00,0,0,1,1,0,0
0.5312820512820513	0.49216774695830595	0.5312820512820513	0.4970854761273122	0,0,6,5,0,0,00,0,32,33,2,1,00,0,331,272,10,2,00,0,173,636,64,3,10,0,17,233,69,0,00,0,1,48,10,0,00,0,0,1,0,0,0
0.5076923076923077	0.5020153499277495	0.5076923076923077	0.48666724014843066	0,0,6,7,0,0,01,1,36,27,4,0,02,5,436,203,19,0,01,1,284,451,104,0,00,0,38,166,101,0,00,0,6,32,17,1,00,0,0,1,0,0,0
0.49846153846153846	0.512776612250102	0.49846153846153846	0.47211533990765764	0,0,4,7,1,0,00,1,34,28,3,1,02,0,313,338,10,1,01,0,143,574,106,0,00,0,24,218,83,0,00,0,4,33,19,1,00,0,0,0,1,0,0
0.49641025641025643	0.4719893316930939	0.49641025641025643	0.4703618675168476	0,1,6,4,0,0,00,4,39,20,1,0,00,1,421,195,9,0,00,2,328,473,72,1,00,0,71,176,70,0,00,2,6,31,15,0,00,0,0,0,2,0,0
0.4805128205128205	0.4721636487119447	0.4805128205128205	0.456433690937434	0,0,4,4,3,0,00,0,21,40,3,0,00,1,262,397,16,0,00,0,112,566,147,0,00,1,12,188,109,1,00,0,1,36,25,0,00,0,0,0,1,0,0
0.5282051282051282	0.49553333657697984	0.5282051282051282	0.5027049065324458	0,0,8,5,2,0,00,4,33,24,1,0,00,6,413,237,15,0,00,4,217,531,71,0,00,0,21,206,82,0,00,0,1,50,17,0,00,0,0,1,1,0,0
0.47794871794871796	0.45328692167443724	0.47794871794871796	0.44376235233589856	0,0,7,3,0,0,00,0,36,30,1,0,00,0,332,282,10,0,00,2,272,549,44,1,00,0,58,210,50,0,00,0,9,39,12,1,00,0,1,1,0,0,0
0.49641025641025643	0.46300691442850456	0.49641025641025643	0.47564156044614264	0,0,2,4,0,0,00,0,30,32,1,0,00,1,422,194,21,0,00,0,343,422,112,0,00,0,41,139,124,0,00,0,8,28,24,0,00,0,0,0,2,0,0
0.4687179487179487	0.45467511227352075	0.4687179487179487	0.43844892772942284	0,0,7,3,0,0,00,3,19,39,2,0,00,4,195,394,28,0,00,8,119,600,126,0,00,0,8,208,116,0,00,0,0,42,28,0,00,0,0,1,0,0,0
0.49230769230769234	0.4834755171019022	0.49230769230769234	0.44080046806068895	0,0,3,5,0,0,00,4,35,22,0,0,00,2,356,264,3,0,00,2,245,584,24,0,00,1,25,290,15,0,00,0,2,61,5,1,00,0,0,1,0,0,0
0.5066666666666667	0.47253126782330324	0.5066666666666667	0.4651042778795406	0,0,4,6,0,0,00,0,40,25,0,0,00,0,394,250,3,1,00,2,268,558,26,1,00,1,31,248,36,1,00,0,3,42,9,0,00,0,0,1,0,0,0
0.5225641025641026	0.5075207854852949	0.5225641025641026	0.5072321310842348	0,0,2,4,0,0,00,1,29,27,3,0,00,0,370,240,28,0,00,1,201,510,160,0,00,0,25,152,138,0,00,0,3,25,30,0,00,0,0,0,1,0,0
0.5261538461538462	0.469185022923413	0.5261538461538462	0.46622652611805715	0,0,3,5,0,0,00,0,33,33,0,0,00,0,378,281,3,0,00,0,181,638,16,0,00,0,13,295,10,0,00,0,0,55,4,0,00,0,0,2,0,0,0
