accuracy	precision	recall	f1	oob	confMatrxVars
0.5297435897435897	0.531577060796629	0.5297435897435897	0.47056649919261867	0.45040686166703325	0,0,3,6,0,0,0,0,28,31,0,0,0,0,366,283,0,0,0,0,171,646,7,0,0,0,9,318,21,0,0,0,1,56,4,0
0.5374358974358975	0.5194081959367298	0.5374358974358975	0.4808317188340466	0.4526061139212668	0,0,10,4,0,0,0,0,0,46,32,0,0,0,0,0,392,253,0,0,0,0,0,184,628,11,0,0,0,0,14,297,28,0,0,0,0,0,44,6,0,0,0,0,0,1,0,0,0
0.5328205128205128	0.5124502571419133	0.5328205128205128	0.479694486052676	0.4572245436551573	0,0,6,5,0,0,0,0,0,31,36,0,0,0,0,0,384,279,0,0,0,0,0,210,633,4,0,0,0,0,12,263,22,0,0,0,0,0,51,10,0,0,0,0,0,4,0,0,0
0.5497435897435897	0.5163084855421645	0.5497435897435897	0.5003258637562845	0.4528260391466902	0,0,2,2,0,0,0,0,0,28,33,0,0,0,0,0,367,255,0,0,0,0,0,199,673,16,0,0,0,0,17,268,32,0,0,0,0,1,43,12,0,0,0,0,0,1,1,0,0
0.5328205128205128	0.48326683821429456	0.5328205128205128	0.4745573451704999	0.4471079832856829	0,0,5,9,0,0,0,0,0,30,34,0,0,0,0,0,393,238,1,0,0,0,0,193,626,18,0,0,0,0,16,308,20,0,0,0,0,0,48,10,0,0,0,0,0,0,1,0,0
0.5502564102564103	0.5208277659318814	0.5502564102564103	0.49568891637351603	0.4572245436551573	0,0,4,4,0,0,0,0,0,39,45,0,0,0,0,0,401,236,0,0,0,0,0,181,641,17,0,0,0,0,16,282,31,0,0,0,0,1,45,5,0,0,0,0,0,1,1,0,0
0.558974358974359	0.5903620384294496	0.558974358974359	0.49600437170285244	0.4627226742907411	0,0,2,3,0,0,0,0,0,31,31,0,0,0,0,0,397,253,0,0,0,0,0,164,677,1,0,0,0,0,10,306,16,0,0,0,0,1,54,1,0,0,0,0,0,3,0,0,0
0.5517948717948717	0.5522849430858174	0.5517948717948717	0.4946659917142796	0.4611831977127776	0,0,3,3,0,0,0,0,0,28,26,0,0,0,0,0,384,236,0,0,0,0,0,196,667,5,0,0,0,0,10,310,25,0,0,0,0,1,48,5,0,0,0,0,0,3,0,0,0
0.5441025641025641	0.5061007640170221	0.5441025641025641	0.4889697597152344	0.45348581482296024	0,0,7,4,0,0,0,0,0,32,34,0,0,0,0,0,390,251,1,0,0,0,0,182,646,15,0,0,0,0,12,297,25,0,0,0,0,0,40,12,0,0,0,0,0,2,0,0,0
0.536923076923077	0.5060901786848863	0.536923076923077	0.4800090051407134	0.447767758961953	0,0,3,7,0,0,0,0,0,40,31,0,0,0,0,0,376,267,1,0,0,0,0,170,646,15,0,0,0,0,14,292,25,0,0,0,0,1,54,6,0,0,0,0,0,1,1,0,0
0.5302564102564102	0.5016550248740199	0.5302564102564102	0.47715904349345134	0.4526061139212668	0,0,2,4,0,0,0,0,0,33,34,0,0,0,0,0,377,268,0,0,0,0,0,199,632,15,0,0,0,0,8,292,25,0,0,0,0,2,50,7,0,0,0,0,0,1,1,0,0
0.5394871794871795	0.5123287153529243	0.5394871794871795	0.48659411652955353	0.45744446888058066	0,0,4,7,0,0,0,0,0,26,27,0,0,0,0,0,399,254,0,0,0,0,0,203,628,11,0,0,0,0,11,292,25,0,0,0,0,1,50,11,0,0,0,0,0,1,0,0,0
0.5307692307692308	0.5118940313303437	0.5307692307692308	0.4796600694289735	0.44952716076533983	0,0,7,4,0,0,0,0,25,30,0,0,0,0,374,258,1,0,0,0,206,630,16,0,0,0,14,293,31,0,0,0,0,56,5,0
0.5476923076923077	0.5132939802599986	0.5476923076923077	0.4960265210636223	0.4548053661755004	0,0,6,4,0,0,0,0,0,30,33,0,0,0,0,0,373,265,1,0,0,0,0,178,666,19,0,0,0,0,12,276,29,0,0,0,0,0,47,9,0,0,0,0,0,2,0,0,0
0.5430769230769231	0.5219256933542649	0.5430769230769231	0.4863755973426622	0.45898394545854404	0,0,4,7,0,0,0,0,0,36,43,0,0,0,0,0,389,248,1,0,0,0,0,195,646,7,0,0,0,0,13,285,24,0,0,0,0,0,43,7,0,0,0,0,0,2,0,0,0
0.5523076923076923	0.5136135560647475	0.5523076923076923	0.4921656971431926	0.4618429733890477	0,0,1,4,0,0,0,0,0,36,34,1,0,0,0,0,382,246,1,0,0,0,0,173,676,9,0,0,0,0,5,292,19,0,0,0,0,0,61,8,0,0,0,0,0,2,0,0,0
0.5394871794871795	0.5066510538641686	0.5394871794871795	0.4874417728987002	0.4510666373433033	0,0,6,5,0,0,0,0,0,33,39,0,0,0,0,0,380,268,0,0,0,0,0,178,640,16,0,0,0,0,10,275,32,0,0,0,0,1,53,12,0,0,0,0,0,1,1,0,0
0.5256410256410257	0.4963946132925296	0.5256410256410257	0.4638794218255632	0.45546514185177045	0,0,5,5,0,0,0,0,0,37,32,1,0,0,0,0,368,260,1,0,0,0,0,197,642,9,0,0,0,0,16,300,15,0,0,0,0,0,59,2,0,0,0,0,0,1,0,0,0
0.5194871794871795	0.484533251301544	0.5194871794871795	0.4671085504927189	0.4466681328348362	0,0,5,9,0,0,0,0,0,37,29,2,0,0,0,0,381,238,1,0,0,0,0,219,601,22,0,0,0,0,14,303,31,0,0,0,0,0,51,6,0,0,0,0,0,1,0,0,0
0.5323076923076923	0.5249028999951293	0.5323076923076923	0.47031797037539497	0.4572245436551573	0,0,8,6,0,0,0,0,0,30,30,0,0,0,0,0,389,246,0,0,0,0,0,199,632,4,0,0,0,0,13,317,17,0,0,0,0,2,50,5,0,0,0,0,0,2,0,0,0
0.5420512820512821	0.5179589036389963	0.5420512820512821	0.48983989144640216	0.4506267868924566	0,0,5,7,0,0,0,0,0,37,39,1,0,0,0,0,404,233,1,0,0,0,0,204,617,11,0,0,0,0,14,274,36,0,0,0,0,2,54,8,0,0,0,0,0,3,0,0,0
0.5512820512820513	0.5397584681358817	0.5512820512820513	0.49991552873614403	0.4567846932043106	0,0,0,8,0,0,0,0,0,35,30,0,0,0,0,0,367,265,1,0,0,0,0,187,676,9,0,0,0,0,9,277,32,0,0,0,0,0,47,6,0,0,0,0,0,1,0,0,0
0.5502564102564103	0.5306480740161774	0.5502564102564103	0.4960889201523981	0.4622828238398944	0,0,4,6,0,0,0,0,0,38,29,0,0,0,0,0,389,227,0,0,0,0,0,197,651,12,0,0,0,0,13,294,33,0,0,0,0,1,48,6,0,0,0,0,0,1,1,0,0
0.5502564102564103	0.5253930785242115	0.5502564102564103	0.49733916954505186	0.454585440950077	0,0,4,4,0,0,0,0,0,32,30,0,0,0,0,0,381,262,0,0,0,0,0,164,660,16,0,0,0,0,7,298,32,0,0,0,0,1,48,9,0,0,0,0,0,0,2,0,0
0.5333333333333333	0.5100158358050618	0.5333333333333333	0.47649957897050627	0.44688805806025955	0,0,4,8,0,0,0,0,0,40,23,0,0,0,0,0,385,282,0,0,0,0,0,187,637,8,0,0,0,0,8,292,18,0,0,0,0,1,49,7,0,0,0,0,0,1,0,0,0
