accuracy	precision	recall	f1	oob	confMatrxVars
0.5374358974358975	0.5320158389398842	0.5374358974358975	0.46539746085431144	0.46954035627886515	0,0,5,6,0,0,0,0,30,31,0,0,0,0,373,256,0,0,0,0,180,673,1,0,0,0,19,312,2,0,0,0,0,62,0,0
0.5097435897435898	0.5133233102338792	0.5097435897435898	0.4426551076473983	0.4587640202331207	0,0,2,6,0,0,0,0,0,30,42,0,0,0,0,0,358,307,0,0,0,0,0,192,634,1,0,0,0,0,11,306,2,0,0,0,0,1,57,0,0,0,0,0,0,1,0,0,0
0.521025641025641	0.40239589743589743	0.521025641025641	0.4469686015578892	0.4585440950076973	0,0,3,6,0,0,0,0,0,40,29,0,0,0,0,0,380,264,0,0,0,0,0,183,636,0,0,0,0,0,19,331,0,0,0,0,0,0,58,0,0,0,0,0,0,1,0,0,0
0.5353846153846153	0.5347374750554258	0.5353846153846153	0.46880956333668505	0.465141851770398	0,0,4,3,0,0,0,0,0,32,34,0,0,0,0,0,373,267,0,0,0,0,0,189,664,0,0,0,0,0,15,302,7,0,0,0,0,1,54,3,0,0,0,0,0,2,0,0,0
0.5153846153846153	0.40051068402702744	0.5153846153846153	0.445878126407334	0.46140312293820096	0,0,4,7,0,0,0,0,0,33,34,0,0,0,0,0,363,270,0,0,0,0,0,216,642,0,0,0,0,0,18,314,0,0,0,0,0,0,47,0,0,0,0,0,0,2,0,0,0
0.5533333333333333	0.5339501374179723	0.5533333333333333	0.4911394356717441	0.4666813283483615	0,0,4,7,0,0,0,0,0,33,31,0,0,0,0,0,425,221,0,0,0,0,0,215,644,5,0,0,0,0,16,289,10,0,0,0,0,1,47,1,0,0,0,0,0,1,0,0,0
0.5502564102564103	0.4971876512704915	0.5502564102564103	0.49159514529527076	0.4732790851110622	0,0,2,2,0,0,0,0,0,25,25,0,0,0,0,0,408,247,0,0,0,0,0,228,660,5,0,0,0,0,13,280,5,0,0,0,0,0,44,4,0,0,0,0,0,2,0,0,0
0.541025641025641	0.518718816325625	0.541025641025641	0.4701847577340582	0.46998020672971186	0,0,2,6,0,0,0,0,0,26,28,0,0,0,0,0,365,291,0,0,0,0,0,157,689,0,0,0,0,0,19,316,1,0,0,0,0,0,48,1,0,0,0,0,0,1,0,0,0
0.5358974358974359	0.5936222049870008	0.5358974358974359	0.46392085045650283	0.46756102925005494	0,0,4,8,0,0,0,0,0,29,34,0,0,0,0,0,367,283,0,0,0,0,0,159,676,0,0,0,0,0,17,313,2,0,0,0,0,0,57,0,0,0,0,0,0,1,0,0,0
0.5374358974358975	0.42178713359787173	0.5374358974358975	0.4662756621861383	0.46756102925005494	0,0,6,6,0,0,0,0,28,40,0,0,0,0,380,259,0,0,0,0,184,668,2,0,0,0,18,294,0,0,0,0,2,61,2,0
0.5164102564102564	0.4597546742094309	0.5164102564102564	0.44704271472453894	0.457664394106004	0,0,0,10,0,0,0,0,0,29,35,0,0,0,0,0,360,274,0,0,0,0,0,205,646,1,0,0,0,0,16,316,1,0,0,0,0,1,53,1,0,0,0,0,0,2,0,0,0
0.5302564102564102	0.503754339476624	0.5302564102564102	0.46164879190021546	0.4627226742907411	0,0,3,8,0,0,0,0,0,34,39,0,0,0,0,0,373,264,0,0,0,0,0,189,656,0,0,0,0,0,11,302,5,0,0,0,0,1,58,4,0,0,0,0,0,3,0,0,0
0.54	0.42075037101950474	0.54	0.46796440402720424	0.4737189355619089	0,0,5,7,0,0,0,0,0,33,26,0,0,0,0,0,391,243,0,0,0,0,0,194,662,0,0,0,0,0,14,310,0,0,0,0,0,1,61,0,0,0,0,0,0,3,0,0,0
0.5446153846153846	0.5157614962892756	0.5446153846153846	0.47814516176328764	0.46998020672971186	0,0,4,5,0,0,0,0,0,28,27,0,0,0,0,0,369,293,0,0,0,0,0,173,691,0,0,0,0,0,10,287,2,0,0,0,0,1,55,2,0,0,0,0,0,3,0,0,0
0.5287179487179487	0.4101700179711525	0.5287179487179487	0.4518619043520405	0.4658016274466681	0,0,6,9,0,0,0,0,0,36,27,0,0,0,0,0,372,265,0,0,0,0,0,157,659,0,0,0,0,0,11,339,0,0,0,0,0,1,65,0,0,0,0,0,0,3,0,0,0
0.5441025641025641	0.42352068027990064	0.5441025641025641	0.4690467591775573	0.4708599076314053	0,0,2,7,0,0,0,0,0,27,25,0,0,0,0,0,360,252,0,0,0,0,0,170,701,0,0,0,0,0,19,326,0,0,0,0,0,1,59,0,0,0,0,0,0,1,0,0,0
0.5461538461538461	0.5030759244752934	0.5461538461538461	0.4885548272466465	0.46756102925005494	0,0,1,6,0,0,0,0,0,32,31,0,0,0,0,0,362,273,1,0,0,0,0,168,685,15,0,0,0,0,9,291,18,0,0,0,0,0,47,9,0,0,0,0,0,2,0,0,0
0.541025641025641	0.47961178497033247	0.541025641025641	0.4719052696324214	0.46646140312293816	0,0,3,5,0,0,0,0,0,23,32,0,0,0,0,0,384,241,0,0,0,0,0,207,670,1,0,0,0,0,17,308,1,0,0,0,0,0,55,1,0,0,0,0,0,2,0,0,0
0.5430769230769231	0.5057114077584186	0.5430769230769231	0.47778097563067756	0.4697602815042885	0,0,5,5,0,0,0,0,0,27,31,0,0,0,0,0,397,258,0,0,0,0,0,197,658,1,0,0,0,0,10,278,4,0,0,0,0,0,74,3,0,0,0,0,0,2,0,0,0
0.5276923076923077	0.4250468077136799	0.5276923076923077	0.4614177658635708	0.46206289861447103	0,0,4,6,0,0,0,0,0,31,38,0,0,0,0,0,398,293,0,0,0,0,0,188,631,0,0,0,0,0,7,291,0,0,0,0,0,0,61,0,0,0,0,0,0,2,0,0,0
0.5292307692307693	0.4695528157882853	0.5292307692307693	0.4586548679305665	0.46492192654497466	0,0,5,5,0,0,0,0,0,33,40,0,0,0,0,0,367,276,0,0,0,0,0,184,664,0,0,0,0,0,16,301,1,0,0,0,0,0,54,2,0,0,0,0,0,2,0,0,0
0.5102564102564102	0.395736293955466	0.5102564102564102	0.4354144769547754	0.4607433472619309	0,0,5,6,0,0,0,0,0,35,33,0,0,0,0,0,347,288,0,0,0,0,0,173,648,0,0,0,0,0,11,347,0,0,0,0,0,0,56,0,0,0,0,0,0,1,0,0,0
0.5441025641025641	0.5110054081817632	0.5441025641025641	0.4746303317698388	0.4693204310534418	0,0,1,8,0,0,0,0,0,27,35,0,0,0,0,0,369,259,0,0,0,0,0,191,691,0,0,0,0,0,20,300,1,0,0,0,0,0,46,1,0,0,0,0,0,1,0,0,0
0.522051282051282	0.40442734780146067	0.522051282051282	0.4482416140043259	0.4622828238398944	0,0,6,7,0,0,0,0,0,30,27,0,0,0,0,0,369,265,0,0,0,0,0,184,649,0,0,0,0,0,16,329,0,0,0,0,0,0,66,0,0,0,0,0,0,2,0,0,0
0.5415384615384615	0.4234163813304169	0.5415384615384615	0.4710800431673512	0.4702001319551352	0,0,5,4,0,0,0,0,0,35,30,0,0,0,0,0,367,248,0,0,0,0,0,203,689,0,0,0,0,0,12,305,0,0,0,0,0,0,50,0,0,0,0,0,0,2,0,0,0
