accuracy	precision	recall	f1	oob	confMatrxVars
0.6717948717948717	0.6725161649864861	0.6717948717948717	0.6595197839563929	0.3564987904112602	0,0,5,2,0,0,0,0,10,33,16,1,0,0,0,3,441,179,9,0,0,0,0,137,694,62,0,0,0,0,9,140,151,4,0,0,0,1,20,17,14,0,0,0,0,1,1,0,0
0.6615384615384615	0.6640903397429422	0.6615384615384615	0.6480351234487484	0.3600175940180339	0,0,4,7,0,0,0,1,8,43,20,0,0,0,0,3,452,182,10,0,0,0,2,139,638,47,0,0,0,0,17,147,169,2,0,0,0,1,14,19,23,0,0,0,0,1,1,0,0
0.6635897435897435	0.6689233106519842	0.6635897435897435	0.6515866987890115	0.35979766879261055	0,0,5,0,0,0,0,0,12,37,16,0,0,0,0,3,459,186,6,1,0,0,0,142,653,57,2,0,0,0,10,149,158,0,0,0,0,0,18,22,12,0,0,0,0,1,1,0,0
0.6548717948717949	0.6618894126069915	0.6548717948717949	0.6418252895527683	0.35825819221464705	0,1,3,4,0,0,0,0,7,36,26,1,0,0,0,2,444,200,3,0,0,0,2,131,640,58,1,0,0,0,8,156,164,0,0,0,0,1,22,16,22,0,0,0,0,1,1,0,0
0.6625641025641026	0.6695590366900996	0.6625641025641026	0.648665090852301	0.3553991642841434	0,1,6,3,0,0,0,0,6,42,17,2,0,0,0,2,458,189,4,0,0,0,3,133,632,44,0,0,0,0,11,158,176,1,0,0,0,3,27,11,20,0,0,0,0,0,1,0,0
0.6666666666666666	0.6674162898021206	0.6666666666666666	0.6546522571716831	0.3611172201451507	0,0,3,3,1,0,0,1,5,32,18,1,0,0,0,3,469,186,7,0,0,0,1,155,651,50,0,0,0,1,17,133,156,0,0,0,0,1,17,18,19,0,0,0,0,0,2,0,0
0.6476923076923077	0.6603110963719565	0.6476923076923077	0.6321322918519078	0.35825819221464705	0,0,4,5,0,0,0,0,3,42,22,2,0,0,0,0,443,186,7,0,0,0,0,153,643,69,0,0,0,0,11,140,149,3,0,0,0,0,20,21,25,0,0,0,0,1,1,0,0
0.6635897435897435	0.6664882638673841	0.6635897435897435	0.6499123642548542	0.3727732570925886	0,0,7,4,0,0,0,0,7,44,18,1,0,0,0,0,446,175,9,0,0,0,1,150,654,78,1,0,0,0,9,116,174,4,0,0,0,1,18,19,13,0,0,0,0,0,1,0,0
0.6666666666666666	0.6734945826263038	0.6666666666666666	0.6549177368803044	0.37387288321970535	0,0,2,3,0,0,0,7,34,19,0,0,0,1,464,183,6,1,0,1,168,651,46,1,0,0,7,131,160,2,0,0,1,25,19,18
0.6692307692307692	0.6691952312275832	0.6692307692307692	0.6540932850435563	0.36441609852650103	0,0,5,6,1,0,0,0,5,44,18,3,0,0,0,4,447,164,6,0,0,0,0,143,657,55,0,0,0,0,8,146,173,1,0,0,0,0,25,15,23,0,0,0,0,1,0,0,0
0.6666666666666666	0.6635320356804382	0.6666666666666666	0.6504486777232991	0.35737849131295363	0,0,8,2,0,0,0,0,4,37,20,3,0,0,0,2,477,181,3,0,0,0,5,133,649,53,0,0,0,0,14,142,156,1,0,0,0,0,29,15,14,0,0,0,0,1,1,0,0
0.6492307692307693	0.6609854281456172	0.6492307692307693	0.6347246457550714	0.351440510226523	0,0,5,2,0,0,0,0,8,32,27,2,0,0,0,4,423,227,5,0,0,0,2,115,653,45,0,0,0,0,11,155,164,2,0,0,0,2,23,23,18,0,0,0,0,1,1,0,0
0.6651282051282051	0.6716031643782602	0.6651282051282051	0.653577779389958	0.3710138552892017	0,0,4,5,0,0,0,0,6,28,19,0,0,0,0,3,449,187,4,1,0,0,0,143,648,50,1,0,0,0,9,159,174,1,0,0,0,0,19,19,20,0,0,0,1,0,0,0,0
0.6712820512820513	0.679694391496235	0.6712820512820513	0.6607774696602425	0.35715856608753027	1,0,4,5,1,0,0,1,8,30,20,0,0,0,0,2,462,203,8,0,0,0,2,130,655,53,1,0,0,0,9,135,165,1,0,0,0,0,22,12,18,0,0,0,0,2,0,0,0
0.6646153846153846	0.6751311697122415	0.6646153846153846	0.651150590033955	0.3624367714976908	0,0,4,3,0,0,0,1,8,34,28,2,0,0,0,3,445,173,6,0,0,0,0,154,650,39,1,0,0,0,7,157,172,2,0,0,0,0,25,13,21,0,0,0,0,1,1,0,0
0.6671794871794872	0.6642795910569034	0.6671794871794872	0.6544578942440198	0.3569386408621069	0,0,7,3,0,0,0,5,26,22,0,1,0,6,463,185,8,0,0,0,133,633,57,2,0,0,12,136,186,3,0,0,0,26,22,14
0.6584615384615384	0.6688140513314033	0.6584615384615384	0.6421740822056394	0.3626566967231142	0,0,7,3,0,0,0,6,47,20,2,0,0,1,466,180,8,0,0,0,145,631,61,1,0,0,6,136,166,1,0,0,0,28,20,15
0.6430769230769231	0.6404593092685564	0.6430769230769231	0.6333097366011392	0.3479217066197493	0,0,3,3,0,0,0,0,7,31,14,1,0,0,0,3,422,174,7,0,0,0,2,193,651,71,1,0,0,0,7,147,159,4,0,0,0,0,21,12,15,0,0,0,0,2,0,0,0
0.6676923076923077	0.6668288532093039	0.6676923076923077	0.6530397889150749	0.3540796129316033	0,0,10,5,0,0,0,0,5,29,20,3,1,0,0,2,473,178,4,0,0,0,0,146,647,57,0,0,0,0,12,137,161,3,0,0,0,1,16,23,16,0,0,0,0,1,0,0,0
0.6702564102564103	0.681595458166308	0.6702564102564103	0.6552641463983755	0.35825819221464705	0,0,4,5,0,0,0,1,7,35,23,1,0,0,0,4,471,160,5,0,0,0,0,155,638,37,0,0,0,0,12,154,176,0,0,0,0,2,29,15,15,0,0,0,0,1,0,0,0
0.6558974358974359	0.669049376676379	0.6558974358974359	0.6408358823178683	0.35517923905872006	0,0,3,5,0,0,0,5,38,17,2,0,0,0,457,179,7,0,2,2,147,638,43,0,0,0,15,165,162,1,0,0,0,31,14,17
0.6697435897435897	0.6751447234869191	0.6697435897435897	0.6583403374730554	0.36331647239938425	0,0,7,5,0,0,0,0,9,32,17,0,0,0,0,4,443,199,3,0,0,0,1,127,669,62,0,0,0,0,6,141,168,1,0,0,0,1,28,8,17,0,0,0,0,1,1,0,0
0.6584615384615384	0.6644143571973243	0.6584615384615384	0.6454656084375487	0.3549593138332967	0,0,5,3,0,0,0,0,7,34,19,1,0,0,0,2,441,184,8,0,0,0,1,149,654,66,1,0,0,0,5,138,166,0,0,0,0,0,27,22,16,0,0,0,0,0,1,0,0
0.6584615384615384	0.6646054428279624	0.6584615384615384	0.6439801056581828	0.35232021112821643	0,0,4,2,0,0,0,0,4,44,19,1,0,0,0,1,436,190,6,0,0,0,2,142,659,51,0,0,0,0,11,158,164,0,0,0,0,0,22,12,21,0,0,0,0,1,0,0,0
0.6723076923076923	0.6777846913964346	0.6723076923076923	0.6576428377545209	0.3624367714976908	0,1,4,4,0,0,0,0,7,39,24,0,0,0,2,0,450,192,7,1,0,0,1,117,674,56,3,0,0,0,10,133,162,0,0,0,0,0,19,22,18,0,0,0,0,2,2,0,0
