accuracy	precision	recall	f1	oob	confMatrxVars
0.5635897435897436	0.5427220427053134	0.5635897435897436	0.5166039068884488	0.4471079832856829	0,0,4,3,0,0,0,0,0,26,26,0,0,0,0,0,397,256,1,0,0,0,0,175,664,16,0,0,0,0,11,282,38,0,0,0,0,0,38,12,0,0,0,0,0,1,0,0,0
0.5574358974358974	0.5338441334308657	0.5574358974358974	0.5174578332175372	0.444688805806026	0,0,4,3,0,0,0,0,0,37,27,1,0,0,0,0,400,257,2,0,0,0,0,190,632,22,0,0,0,0,10,261,55,0,0,0,0,0,35,13,0,0,0,0,0,0,1,0,0
0.558974358974359	0.5327259353231272	0.558974358974359	0.5176952670594615	0.44534858148229606	0,0,3,4,0,0,0,0,33,34,0,0,0,0,399,243,3,0,0,0,200,643,25,0,0,0,6,264,48,0,0,0,0,37,8,0
0.536923076923077	0.5043949145020624	0.536923076923077	0.4966465396951227	0.4442489553551793	0,0,5,8,0,0,0,0,0,37,29,1,0,0,0,0,365,256,2,0,0,0,0,194,621,37,0,0,0,0,10,258,61,0,0,0,0,1,54,10,0,0,0,0,0,1,0,0,0
0.5512820512820513	0.5197523411018667	0.5512820512820513	0.5050554880942738	0.45150648779415004	0,0,2,4,0,0,0,0,38,31,1,0,0,0,397,246,1,0,0,0,197,636,19,0,0,0,17,259,42,0,0,0,0,48,12,0
0.5430769230769231	0.5150337884262807	0.5430769230769231	0.4969701867720807	0.444688805806026	0,0,8,5,0,0,0,0,0,32,29,0,0,0,0,0,387,248,4,0,0,0,0,197,628,20,0,0,0,0,12,274,44,0,0,0,0,0,51,9,0,0,0,0,0,1,1,0,0
0.5528205128205128	0.5458601243875733	0.5528205128205128	0.5001317629892831	0.45392566527380696	0,0,5,5,0,0,0,0,0,34,27,0,0,0,0,0,401,246,0,0,0,0,0,160,637,13,0,0,0,0,11,315,40,0,0,0,0,1,45,9,0,0,0,0,0,1,0,0,0
0.5574358974358974	0.5345077438171075	0.5574358974358974	0.5146594437215594	0.4512865625687267	0,0,2,5,0,0,0,0,0,36,33,0,0,0,0,0,372,239,1,0,0,0,0,197,658,20,0,0,0,0,11,261,57,0,0,0,0,0,47,10,0,0,0,0,0,0,1,0,0
0.5528205128205128	0.5184480483659111	0.5528205128205128	0.5056023566990175	0.4427094787772158	0,0,2,8,0,0,0,0,0,34,38,0,0,0,0,0,380,233,1,0,0,0,0,173,649,31,0,0,0,0,14,281,49,0,0,0,0,1,44,9,0,0,0,0,0,1,2,0,0
0.5517948717948717	0.5046601843840929	0.5517948717948717	0.49768218963159794	0.44578843193314277	0,0,5,6,0,0,0,0,0,40,34,0,0,0,0,0,390,223,5,0,0,0,0,177,650,17,0,0,0,0,14,283,36,0,0,0,0,0,52,16,0,0,0,0,0,1,1,0,0
0.5487179487179488	0.5330360204628072	0.5487179487179488	0.5098799363423088	0.4431493292280625	0,0,4,6,0,0,0,0,0,31,27,0,0,0,0,0,399,270,1,0,0,0,0,195,616,22,0,0,0,0,9,261,55,0,0,0,0,0,41,11,0,0,0,0,0,2,0,0,0
0.5646153846153846	0.5421457085396654	0.5646153846153846	0.5152457964804698	0.4532658895975369	0,0,5,7,0,0,0,0,0,27,22,0,0,0,0,0,388,219,1,0,0,0,0,210,679,15,0,0,0,0,11,278,34,0,0,0,0,0,48,5,0,0,0,0,0,1,0,0,0
0.5461538461538461	0.5411674907796638	0.5461538461538461	0.4956291217074679	0.44336925445348585	0,0,1,3,0,0,0,0,0,33,39,0,0,0,0,0,392,242,2,0,0,0,0,194,632,9,0,0,0,0,19,280,41,0,0,0,0,1,56,5,0,0,0,0,0,1,0,0,0
0.5482051282051282	0.5133049322471388	0.5482051282051282	0.5050688164700418	0.44380910490433256	0,0,5,5,0,0,0,0,0,35,30,0,0,0,0,0,387,240,2,0,0,0,0,203,627,19,0,0,0,0,7,263,55,0,0,0,0,1,47,22,0,0,0,0,0,1,1,0,0
0.5712820512820512	0.5359336213889369	0.5712820512820512	0.5278984034079381	0.4497470859907632	0,0,7,4,0,0,0,0,0,29,22,0,0,0,0,0,388,245,0,0,0,0,0,176,677,23,0,0,0,0,10,255,49,0,0,0,0,0,43,20,0,0,0,0,0,2,0,0,0
0.5528205128205128	0.51579517009863	0.5528205128205128	0.512393818825865	0.444688805806026	0,0,4,4,0,0,0,0,0,32,27,1,0,0,0,0,393,265,1,0,0,0,0,182,636,35,0,0,0,0,17,239,49,0,0,0,0,0,50,13,0,0,0,0,0,1,1,0,0
0.5507692307692308	0.5126700686342988	0.5507692307692308	0.5082131861825439	0.4512865625687267	0,0,5,4,0,0,0,0,0,33,23,0,0,0,0,0,370,237,1,0,0,0,0,196,653,35,0,0,0,0,11,267,51,0,0,0,0,0,49,13,0,0,0,0,0,1,1,0,0
0.58	0.5624855563431147	0.58	0.5376067450854499	0.45942379590939075	0,0,2,4,0,0,0,0,32,29,0,0,0,0,397,256,0,0,0,0,162,680,16,0,0,0,7,253,54,0,0,0,0,45,13,0
0.5497435897435897	0.5242778938482642	0.5497435897435897	0.5043669154691514	0.4451286562568727	0,0,5,2,0,0,0,0,0,34,27,1,0,0,0,0,396,233,2,0,0,0,0,212,632,18,0,0,0,0,12,277,44,0,0,0,0,1,43,10,0,0,0,0,0,1,0,0,0
0.5476923076923077	0.5236876006441225	0.5476923076923077	0.49899248106026284	0.44490873103144934	0,0,6,7,0,0,0,0,0,39,31,0,0,0,0,0,389,238,1,0,0,0,0,177,631,23,0,0,0,0,17,285,48,0,0,0,0,0,48,8,0,0,0,0,0,2,0,0,0
0.5456410256410257	0.5272143425709486	0.5456410256410257	0.49602580648909456	0.44798768418737633	0,0,2,5,0,0,0,0,0,38,25,0,0,0,0,0,388,261,1,0,0,0,0,179,636,12,0,0,0,0,12,286,40,0,0,0,0,0,51,13,0,0,0,0,0,1,0,0,0
0.5574358974358974	0.5216915326357825	0.5574358974358974	0.5142315478277473	0.44732790851110626	0,0,6,3,1,0,0,0,0,44,24,0,0,0,0,0,372,247,3,0,0,0,0,185,663,26,0,0,0,0,11,261,52,0,0,0,0,0,37,14,0,0,0,0,0,0,1,0,0
0.563076923076923	0.5451605406088164	0.563076923076923	0.5153450957007728	0.45238618869584346	0,0,3,7,0,0,0,0,0,34,25,0,0,0,0,0,424,229,1,0,0,0,0,202,636,11,0,0,0,0,9,280,38,0,0,0,0,0,39,10,0,0,0,0,0,2,0,0,0
0.5558974358974359	0.5320242648225854	0.5558974358974359	0.5099109219564476	0.4486474598636464	0,0,5,4,1,0,0,0,0,22,30,0,0,0,0,0,418,258,0,0,0,0,0,198,633,15,0,0,0,0,14,263,33,0,0,0,0,0,46,9,0,0,0,0,0,0,1,0,0
0.5774358974358974	0.5538959134611233	0.5774358974358974	0.5363885227370718	0.45502529140092374	0,0,7,5,0,0,0,0,31,26,0,0,0,0,378,253,0,0,0,0,166,689,23,0,0,0,16,247,59,0,0,0,0,37,13,0
