accuracy	precision	recall	f1	confMatrxVars
0.62	0.6148335279402564	0.62	0.5975369861754892	0,0,5,3,0,0,00,1,44,22,1,0,00,2,416,219,6,0,00,1,162,660,45,0,00,0,6,168,123,1,00,0,0,31,23,9,00,0,0,0,2,0,0
0.6205128205128205	0.6349486173450972	0.6205128205128205	0.5982473461942303	0,0,4,5,0,0,00,2,35,25,0,0,00,1,407,211,5,0,00,0,181,667,33,0,00,0,8,183,129,0,00,0,0,29,16,5,00,0,0,2,2,0,0
0.6184615384615385	0.6289388085745025	0.6184615384615385	0.5925924840323646	0,0,1,5,0,0,00,1,44,23,1,0,00,1,429,216,2,0,00,0,140,660,47,0,00,0,7,210,109,0,00,0,0,31,15,7,00,0,0,0,1,0,0
0.6287179487179487	0.6291610365186426	0.6287179487179487	0.5990412897844035	0,0,6,6,0,0,01,0,42,25,0,0,00,0,432,200,3,0,00,0,144,661,29,0,00,0,6,192,128,0,00,0,2,47,20,5,00,0,0,1,0,0,0
0.6333333333333333	0.6191733379700407	0.6333333333333333	0.6079596690309755	0,0,5,0,1,0,00,0,47,25,1,0,00,2,448,188,1,0,00,1,159,661,50,0,00,0,8,174,120,0,00,0,1,33,17,6,00,0,0,1,1,0,0
0.6230769230769231	0.6097636255106653	0.6230769230769231	0.5925021287088963	0,0,4,2,0,0,00,0,45,31,3,0,00,1,442,184,3,0,00,1,144,643,44,0,00,0,10,188,125,1,00,0,0,53,19,5,00,0,0,1,1,0,0
0.6256410256410256	0.6389765878257768	0.6256410256410256	0.6056050185408032	0,0,5,3,0,0,00,1,33,20,1,0,00,0,435,232,8,0,00,1,145,646,43,0,00,0,4,185,130,0,00,0,0,32,16,8,00,0,0,1,1,0,0
0.622051282051282	0.6099256328544781	0.622051282051282	0.5963293808973689	0,2,3,9,0,0,00,0,45,24,1,0,00,3,431,204,7,0,00,1,153,660,36,0,00,0,11,189,112,0,00,0,0,27,19,10,00,0,0,1,2,0,0
0.6148717948717949	0.5916542200467603	0.6148717948717949	0.5870572061303023	0,0,6,6,0,0,00,0,50,19,0,0,00,0,430,189,4,1,00,0,175,647,42,1,00,0,10,187,117,2,00,0,0,41,17,5,00,0,0,1,0,0,0
0.6194871794871795	0.6198059765721988	0.6194871794871795	0.5977662131731115	0,0,5,4,0,00,1,42,22,2,00,3,427,187,1,00,0,183,629,44,00,0,10,182,141,10,0,0,39,17,10
0.6333333333333333	0.631444911656116	0.6333333333333333	0.6107850351770048	0,0,3,4,0,0,00,1,25,23,1,0,00,3,440,187,5,0,00,0,138,659,47,1,00,0,14,210,126,1,00,0,0,30,20,9,00,0,0,1,2,0,0
0.6312820512820513	0.6433669315223445	0.6312820512820513	0.6097686175589969	0,0,3,3,0,0,00,1,42,15,0,0,00,1,466,224,5,0,00,0,139,630,39,2,00,0,6,180,126,0,00,0,0,45,12,8,00,0,0,2,1,0,0
0.6241025641025642	0.6286445975251945	0.6241025641025642	0.6034236964910769	0,0,2,4,0,0,00,1,27,17,0,0,00,1,438,183,1,0,00,1,176,636,52,0,00,0,14,204,137,0,00,0,0,27,22,5,00,0,0,1,1,0,0
0.6215384615384615	0.6281116322316995	0.6215384615384615	0.5960105613567624	0,0,5,6,0,0,00,1,32,20,1,0,00,2,421,195,1,0,00,0,170,666,34,0,00,0,12,204,118,0,00,0,0,35,18,6,00,0,0,1,2,0,0
0.6266666666666667	0.6263420785385018	0.6266666666666667	0.6002172756640461	0,0,5,6,0,0,00,1,39,28,0,0,00,2,406,185,0,0,00,0,149,681,52,0,00,0,9,196,127,0,00,0,0,32,24,7,00,0,0,1,0,0,0
0.6405128205128205	0.6515317249428821	0.6405128205128205	0.6203173322033835	0,0,1,9,0,0,00,2,39,18,2,0,00,1,437,210,3,1,00,0,143,665,46,0,00,0,5,171,134,0,00,0,0,32,19,11,00,0,0,1,0,0,0
0.6358974358974359	0.6598613617136583	0.6358974358974359	0.6162229191214807	0,0,5,4,0,0,00,2,30,21,1,0,00,0,459,220,6,0,00,0,135,635,37,0,00,0,9,188,134,3,00,0,0,32,17,10,00,0,0,2,0,0,0
0.6282051282051282	0.6111153216221596	0.6282051282051282	0.6034087953831074	0,0,3,5,0,0,00,0,46,28,1,0,00,0,460,195,3,0,00,0,162,629,49,0,00,0,14,170,131,1,00,0,0,33,14,5,00,0,0,0,1,0,0
0.6471794871794871	0.6657181449067148	0.6471794871794871	0.6257442350095145	0,0,5,4,0,0,00,3,34,20,0,0,00,0,455,167,8,0,00,0,176,667,36,0,00,0,7,181,130,0,00,0,0,31,17,7,00,0,0,1,1,0,0
0.62	0.6290757742402302	0.62	0.6014045589515487	0,0,7,2,0,0,00,1,31,21,2,0,00,0,442,234,1,0,00,1,158,626,57,0,00,0,13,160,130,0,00,0,0,33,20,10,00,0,0,0,1,0,0
0.6343589743589744	0.661114225121957	0.6343589743589744	0.613254227158299	0,0,4,4,0,0,00,1,36,23,0,0,00,0,388,218,6,0,00,0,159,696,26,0,00,0,6,189,143,0,00,0,1,22,16,9,00,0,0,0,3,0,0
0.6271794871794871	0.6572906020350687	0.6271794871794871	0.6039475581035446	0,0,2,8,0,0,00,1,39,23,0,0,02,0,409,233,6,0,00,0,137,672,34,0,00,0,12,176,132,0,00,0,0,33,19,9,00,0,0,2,1,0,0
0.6107692307692307	0.6120232501980231	0.6107692307692307	0.5898295083714641	0,0,4,3,0,0,00,1,32,23,0,0,00,2,438,206,4,0,00,0,179,626,52,0,00,0,9,193,118,1,00,0,1,33,16,8,00,0,0,1,0,0,0
0.6374358974358975	0.6386551379041421	0.6374358974358975	0.6168984945747821	0,0,8,2,0,0,00,1,30,28,0,0,00,2,431,217,3,0,00,1,150,664,43,0,00,0,14,160,140,0,00,0,2,27,18,7,00,0,0,2,0,0,0
0.6353846153846154	0.6415352824553479	0.6353846153846154	0.6107285545654625	0,0,3,4,0,0,00,2,51,24,1,0,00,1,428,198,8,0,00,0,148,676,40,2,00,0,11,175,128,0,00,0,0,32,11,5,00,0,0,2,0,0,0
0.6517948717948718	0.6380974623954183	0.6517948717948718	0.6279050054058212	0,0,1,3,0,0,00,0,50,21,0,0,00,2,470,164,1,0,00,1,149,653,43,0,00,0,6,185,139,2,00,0,0,36,13,9,00,0,0,1,1,0,0
0.6297435897435898	0.6476656751922067	0.6297435897435898	0.6063985526949549	0,0,6,6,0,0,00,2,37,23,1,0,00,0,444,201,4,0,00,0,146,644,49,1,00,0,7,187,132,0,00,0,1,26,25,6,00,0,0,2,0,0,0
0.6256410256410256	0.6435335902358389	0.6256410256410256	0.6006928134503035	0,0,8,5,0,0,01,1,34,17,0,0,00,0,424,201,3,0,00,0,159,673,49,0,00,0,15,184,118,0,00,0,0,36,15,4,00,0,0,1,2,0,0
0.6430769230769231	0.6673352199957704	0.6430769230769231	0.6160556761778392	0,0,4,4,0,0,00,3,45,22,0,0,00,0,457,168,7,0,00,0,140,660,41,0,00,0,8,195,128,0,00,0,0,39,21,6,00,0,0,1,1,0,0
0.6343589743589744	0.6567030252168193	0.6343589743589744	0.6094451075847487	0,0,3,3,0,0,00,1,42,20,0,0,00,0,436,207,8,0,00,0,150,673,39,0,00,0,6,180,123,0,00,0,1,29,21,4,00,0,0,2,2,0,0
0.6297435897435898	0.6415081768974599	0.6297435897435898	0.6040584513987085	0,0,5,5,0,0,00,2,37,17,2,0,00,1,437,183,4,0,00,0,159,666,33,1,00,0,7,209,113,0,00,0,2,36,20,10,00,0,0,1,0,0,0
0.6538461538461539	0.6577877887478131	0.6538461538461539	0.6294169026634815	0,0,6,2,0,0,00,2,41,19,0,0,00,0,457,181,3,0,00,2,140,688,42,0,00,0,11,177,123,0,00,0,0,31,18,5,00,0,0,1,1,0,0
0.6271794871794871	0.618922167091003	0.6271794871794871	0.6045959527279944	0,0,5,5,0,0,00,0,29,30,1,0,00,1,435,203,2,1,00,0,165,654,35,1,00,0,14,197,129,2,00,0,0,28,7,5,00,0,0,1,0,0,0
0.6374358974358975	0.6661205441171691	0.6374358974358975	0.6132663166820406	0,0,6,3,0,0,00,2,43,17,0,0,00,0,434,212,2,0,00,0,145,674,30,0,00,0,9,187,126,0,00,0,1,35,14,7,00,0,0,0,3,0,0
0.6215384615384615	0.6118075482719691	0.6215384615384615	0.5978925082474186	0,0,4,3,0,0,00,0,38,31,1,0,00,0,408,206,5,0,00,0,170,663,41,0,00,0,12,179,134,0,00,0,1,30,15,7,00,0,0,0,2,0,0
0.6102564102564103	0.6112012586127406	0.6102564102564103	0.582957099608136	0,0,8,1,0,0,00,1,54,21,2,0,00,1,429,187,2,0,00,0,183,643,35,1,00,0,15,209,110,3,00,0,1,25,10,7,00,0,0,0,2,0,0
0.6394871794871795	0.6461097098007086	0.6394871794871795	0.6196948762094616	0,0,3,4,0,0,00,3,40,27,1,0,00,2,417,186,6,0,00,0,160,678,47,0,00,0,13,175,138,0,00,0,0,24,14,11,00,0,0,0,1,0,0
0.6492307692307693	0.6734071398919443	0.6492307692307693	0.628689265700537	0,0,3,3,0,00,1,36,27,1,00,0,468,202,1,00,0,143,656,41,00,0,10,174,131,20,0,0,31,10,10
0.6297435897435898	0.6522179421915919	0.6297435897435898	0.6100547516844884	0,0,3,2,0,0,00,1,37,23,1,0,00,0,418,187,9,0,00,0,171,655,50,0,00,0,10,186,145,0,00,0,1,31,9,9,00,0,0,1,1,0,0
0.622051282051282	0.6194501562531901	0.622051282051282	0.5972071631093044	0,0,7,4,0,0,00,1,44,20,0,0,00,2,433,212,5,0,00,1,147,645,40,0,00,0,10,187,129,2,00,0,0,40,14,5,00,0,0,2,0,0,0
0.6276923076923077	0.6412189285283618	0.6276923076923077	0.6082386228106142	0,0,2,3,0,0,00,2,43,24,1,0,00,1,449,227,4,0,00,0,160,644,46,0,00,0,4,164,117,0,00,0,0,29,17,12,00,0,0,0,1,0,0
0.642051282051282	0.6456445648991452	0.642051282051282	0.6224376986438702	0,2,2,5,0,0,00,2,39,14,1,0,00,0,432,175,3,0,00,0,166,668,59,0,00,0,11,172,142,0,00,0,0,38,9,8,00,0,0,1,1,0,0
0.6138461538461538	0.595920282449214	0.6138461538461538	0.5892706877207458	0,0,9,4,0,0,00,0,41,27,2,0,00,0,426,197,2,0,00,0,164,638,56,0,00,0,14,189,123,1,00,0,1,27,17,10,00,0,0,1,1,0,0
0.6323076923076923	0.6484260561386969	0.6323076923076923	0.6100516017327403	0,0,6,2,0,0,00,3,35,17,2,0,00,1,440,194,6,0,00,0,157,655,36,0,00,0,13,196,127,0,00,0,1,31,17,8,00,0,0,2,1,0,0
0.6261538461538462	0.6192304921938808	0.6261538461538462	0.6027037693293622	0,0,4,7,0,0,00,0,36,24,1,0,00,0,449,204,1,0,00,0,162,637,39,0,00,0,6,194,127,1,00,0,1,30,18,8,00,0,0,1,0,0,0
0.6276923076923077	0.6363870350193357	0.6276923076923077	0.6067933347334032	0,0,4,3,0,00,2,48,20,1,00,1,424,230,3,00,1,147,665,45,00,0,9,172,123,00,0,0,29,13,10
0.6374358974358975	0.6511564912280702	0.6374358974358975	0.6121173431348393	0,0,4,2,0,0,00,1,43,23,0,0,00,1,440,209,4,0,00,0,127,666,35,0,00,0,11,193,128,0,00,0,0,32,22,8,00,0,0,0,1,0,0
0.6369230769230769	0.6391413326378361	0.6369230769230769	0.6122144254081957	0,0,5,5,0,0,00,2,32,20,1,0,00,1,419,201,4,0,00,0,135,685,50,0,00,0,14,183,134,1,00,0,0,34,18,2,00,0,0,3,1,0,0
0.6133333333333333	0.6360253764713861	0.6133333333333333	0.5896033875810567	0,0,2,5,0,0,00,2,41,30,1,0,00,1,455,211,2,0,00,0,170,609,35,0,00,0,12,191,123,0,00,0,0,37,15,7,00,0,0,0,1,0,0
0.6266666666666667	0.650703698383862	0.6266666666666667	0.6029557163216182	0,0,4,5,0,0,00,3,34,29,0,0,00,0,424,180,1,0,00,0,185,653,38,0,00,0,13,182,137,0,00,0,0,29,26,5,00,0,0,1,1,0,0
