accuracy	precision	recall	f1	confMatrxVars
0.5317948717948718	0.49045433773104635	0.5317948717948718	0.4649718016110835	0,0,4,7,0,0,00,0,26,39,0,0,00,0,391,287,0,0,00,0,177,644,2,0,00,0,12,299,2,0,00,0,1,56,1,0,00,0,0,2,0,0,0
0.5523076923076923	0.43429007239633294	0.5523076923076923	0.4831174184425369	0,0,2,9,0,00,0,24,38,0,00,0,393,226,0,00,0,213,684,0,00,0,15,299,0,00,0,0,47,0,0
0.5184615384615384	0.3978158405870979	0.5184615384615384	0.44677822424977304	0,0,6,4,0,0,00,0,36,34,0,0,00,0,395,242,0,0,00,0,220,616,0,0,00,0,19,313,0,0,00,0,3,59,0,0,00,0,0,3,0,0,0
0.5194871794871795	0.4014369105696679	0.5194871794871795	0.45004646345610383	0,0,1,5,0,0,00,0,44,30,0,0,00,0,393,246,0,0,00,0,230,620,0,0,00,0,18,299,0,0,00,0,1,62,0,0,00,0,0,1,0,0,0
0.5333333333333333	0.5111511673759326	0.5333333333333333	0.46971868195882477	0,0,4,7,0,0,00,0,30,35,0,0,00,0,378,249,0,0,00,0,196,648,4,0,00,0,19,303,14,0,00,0,1,55,6,0,00,0,0,1,0,0,0
0.5364102564102564	0.5879650056773473	0.5364102564102564	0.4617952245191664	0,0,1,4,0,0,00,0,35,34,0,0,00,0,354,249,0,0,00,0,178,690,0,0,00,0,12,327,2,0,00,0,1,61,0,0,00,0,0,2,0,0,0
0.536923076923077	0.5477149880408989	0.536923076923077	0.4720487646998975	0,0,2,2,0,0,00,0,20,40,0,0,00,0,367,284,0,0,00,0,176,673,2,0,00,0,7,317,7,0,00,0,0,50,1,0,00,0,0,2,0,0,0
0.5225641025641026	0.49713092995807406	0.5225641025641026	0.457766013010179	0,0,4,4,0,0,00,0,35,37,0,0,00,0,394,267,0,0,00,0,202,618,3,0,00,0,17,300,7,0,00,0,1,55,3,0,00,0,0,3,0,0,0
0.5276923076923077	0.509904515083406	0.5276923076923077	0.4635418594388193	0,0,1,6,0,0,00,0,31,34,0,0,00,0,353,304,0,0,00,0,169,668,5,0,00,0,5,307,8,0,00,0,0,56,2,0,00,0,0,1,0,0,0
0.5456410256410257	0.5977501449191603	0.5456410256410257	0.4707921151721151	0,0,6,7,0,0,00,0,39,29,0,0,00,0,345,276,0,0,00,0,145,716,0,0,00,0,13,318,3,0,00,0,0,51,0,0,00,0,0,2,0,0,0
0.5374358974358975	0.4247083011650867	0.5374358974358975	0.4646024442162303	0,0,4,3,0,0,00,0,33,40,0,0,00,0,380,272,0,0,00,0,164,668,0,0,00,0,9,321,0,0,00,0,1,53,0,0,00,0,0,2,0,0,0
0.5148717948717949	0.39895700197238665	0.5148717948717949	0.44448468114170026	0,0,2,4,0,0,00,0,31,25,0,0,00,0,385,258,0,0,00,0,215,619,0,0,00,0,17,333,0,0,00,0,0,60,0,0,00,0,0,1,0,0,0
0.5312820512820513	0.5862908077953949	0.5312820512820513	0.46307904446903014	0,0,1,3,0,0,00,0,29,36,0,0,00,0,399,253,0,0,00,0,210,636,0,0,00,0,14,315,1,0,00,0,1,51,0,0,00,0,0,1,0,0,0
0.5441025641025641	0.542738639628555	0.5441025641025641	0.4761798220896334	0,0,5,6,0,0,00,0,31,28,0,0,00,0,408,257,0,0,00,0,188,651,1,0,00,0,16,310,2,0,00,0,0,46,0,0,00,0,0,1,0,0,0
0.5492307692307692	0.4308773559492072	0.5492307692307692	0.4794146271460343	0,0,2,6,0,0,00,0,36,28,0,0,00,0,412,235,0,0,00,0,203,659,0,0,00,0,22,291,0,0,00,0,1,53,0,0,00,0,0,2,0,0,0
0.5230769230769231	0.49183328142842314	0.5230769230769231	0.456219735919661	0,0,4,6,0,0,00,0,36,27,0,0,00,0,380,260,0,0,00,0,212,636,2,0,00,0,17,312,4,0,00,0,1,49,2,0,00,0,0,2,0,0,0
0.5205128205128206	0.5011397419022873	0.5205128205128206	0.4478354420946509	0,0,1,9,0,0,00,0,25,35,0,0,00,0,340,308,0,0,00,0,156,674,0,0,00,0,13,325,1,0,00,0,0,60,0,0,00,0,0,2,1,0,0
0.5282051282051282	0.4242087338349086	0.5282051282051282	0.46032318168819725	0,0,1,8,0,0,00,0,23,33,0,0,00,0,378,291,0,0,00,0,181,652,1,0,00,0,12,314,0,0,00,0,0,53,2,0,00,0,0,1,0,0,0
0.5307692307692308	0.5823032246938622	0.5307692307692308	0.463886500006185	0,0,2,4,0,0,00,0,27,29,0,0,00,0,388,257,0,0,00,0,214,645,0,0,00,0,11,309,2,0,00,0,2,59,0,0,00,0,0,1,0,0,0
0.5143589743589744	0.4175005009260784	0.5143589743589744	0.4457477591722627	0,0,3,5,0,0,00,0,30,36,0,0,00,0,358,333,0,0,00,0,163,645,0,0,00,0,11,306,0,0,00,0,0,59,0,0,00,0,0,1,0,0,0
0.5328205128205128	0.41619249082985194	0.5328205128205128	0.46025341487152144	0,0,3,5,0,0,00,0,29,32,0,0,00,0,371,260,0,0,00,0,185,668,0,0,00,0,13,320,0,0,00,0,1,62,0,0,00,0,0,1,0,0,0
0.54	0.5912903844935116	0.54	0.4670955961174105	0,0,4,4,0,0,00,0,33,40,0,0,00,0,373,274,0,0,00,0,156,678,0,0,00,0,15,307,2,0,00,0,0,62,0,0,00,0,0,2,0,0,0
0.5307692307692308	0.5787030797610099	0.5307692307692308	0.4612169489687333	0,0,2,10,0,0,00,0,32,33,0,0,00,0,376,277,0,0,00,0,185,658,0,0,00,0,13,297,1,0,00,0,0,65,0,0,00,0,0,1,0,0,0
0.5276923076923077	0.5033701181708173	0.5276923076923077	0.4659612840460356	0,0,1,4,0,00,0,35,43,0,00,0,333,292,1,00,0,188,682,2,00,0,13,289,14,00,0,0,45,8,0
0.5271794871794871	0.4132295168829853	0.5271794871794871	0.45369210560458073	0,0,6,3,0,0,00,0,28,38,0,0,00,0,351,281,0,0,00,0,168,677,1,0,00,0,16,317,0,0,00,0,0,59,3,0,00,0,0,2,0,0,0
0.5271794871794871	0.49145929311745196	0.5271794871794871	0.45563490886877495	0,0,1,2,0,0,00,0,42,32,0,0,00,0,371,248,0,0,00,0,207,656,0,0,00,0,16,315,1,0,00,0,0,56,1,0,00,0,0,2,0,0,0
0.5276923076923077	0.5322625436578926	0.5276923076923077	0.4625810061886135	0,0,4,3,0,0,00,0,28,32,0,0,00,0,375,254,0,0,00,0,224,649,0,0,00,0,13,312,5,0,00,0,1,47,2,0,00,0,0,1,0,0,0
0.5323076923076923	0.584132031830649	0.5323076923076923	0.46054596012468196	0,0,2,6,0,0,00,0,36,35,0,0,00,0,383,249,0,0,00,0,192,653,0,0,00,0,12,321,2,0,00,0,1,55,0,0,00,0,0,3,0,0,0
0.5328205128205128	0.41692658036640856	0.5328205128205128	0.46259928732803207	0,0,5,4,0,0,00,0,29,35,0,0,00,0,383,254,0,0,00,0,203,656,0,0,00,0,14,309,0,0,00,0,0,56,0,0,00,0,0,2,0,0,0
0.5307692307692308	0.49121708866019015	0.5307692307692308	0.4568309966194958	0,0,3,6,0,0,00,0,38,34,0,0,00,0,384,223,0,0,00,0,211,650,0,0,00,0,21,318,1,0,00,0,2,57,1,0,00,0,0,1,0,0,0
0.5415384615384615	0.5049368603096178	0.5415384615384615	0.47850819669369676	0,0,2,5,0,0,00,0,32,42,0,0,00,0,391,266,1,0,00,0,167,654,9,0,00,0,10,313,11,0,00,0,0,40,4,0,00,0,0,3,0,0,0
0.5266666666666666	0.40883805960227165	0.5266666666666666	0.4553285717651451	0,0,1,6,0,00,0,30,41,0,00,0,389,250,0,00,0,205,638,0,00,0,19,317,0,00,0,2,52,0,0
0.536923076923077	0.48202984890886885	0.536923076923077	0.4672560836686974	0,0,2,3,0,0,00,0,39,31,0,0,00,0,376,236,0,0,00,0,191,665,6,0,00,0,19,313,6,0,00,0,2,57,3,0,00,0,0,1,0,0,0
0.5235897435897436	0.3995270216962525	0.5235897435897436	0.4498851141298246	0,0,4,6,0,0,00,0,43,28,0,0,00,0,374,237,0,0,00,0,212,647,0,0,00,0,16,324,0,0,00,0,1,57,0,0,00,0,0,1,0,0,0
0.5276923076923077	0.5178490596644908	0.5276923076923077	0.4582309093662759	0,0,4,6,0,00,0,48,43,0,00,0,382,231,0,00,0,211,639,0,00,0,15,294,8,00,0,1,65,3,0
0.5358974358974359	0.4098283777398319	0.5358974358974359	0.46072291218022593	0,0,4,7,0,0,00,0,39,38,0,0,00,0,361,233,0,0,00,0,197,684,0,0,00,0,18,308,0,0,00,0,0,60,0,0,00,0,0,1,0,0,0
0.5297435897435897	0.5794553362470758	0.5297435897435897	0.4606199920034819	0,0,2,5,0,0,00,0,28,44,0,0,00,0,389,256,0,0,00,0,201,642,0,0,00,0,12,308,2,0,00,0,1,58,0,0,00,0,0,2,0,0,0
0.5317948717948718	0.5771272479469202	0.5317948717948718	0.46008027195940404	0,0,7,5,0,0,00,0,40,30,0,0,00,0,388,226,0,0,00,0,214,646,0,0,00,0,16,315,3,0,00,0,1,58,0,0,00,0,0,1,0,0,0
0.5343589743589744	0.4997643269428746	0.5343589743589744	0.4636901828040408	0,0,8,3,0,00,0,36,37,0,00,0,387,263,0,00,0,187,654,0,00,0,17,301,1,00,0,0,55,1,0
0.5338461538461539	0.5363283076684612	0.5338461538461539	0.4632238785411296	0,0,3,5,0,0,00,0,25,41,0,0,00,0,361,269,0,0,00,0,164,674,1,0,00,0,8,332,6,0,00,0,0,58,2,0,00,0,0,1,0,0,0
0.5564102564102564	0.5236141534995968	0.5564102564102564	0.49652640741633847	0,0,5,4,0,0,00,0,33,26,1,0,00,0,382,245,1,0,00,0,186,687,7,0,00,0,16,286,16,0,00,0,0,48,4,0,00,0,0,2,1,0,0
0.5076923076923077	0.3945531211622006	0.5076923076923077	0.43671518686745775	0,0,3,6,0,0,00,0,30,47,0,0,00,0,353,283,0,0,00,0,202,637,0,0,00,0,13,316,0,0,00,0,2,55,1,0,00,0,0,2,0,0,0
0.5328205128205128	0.43266360036194323	0.5328205128205128	0.4653995668977604	0,0,4,5,0,0,00,0,23,29,0,0,00,0,382,301,0,0,00,0,169,657,1,0,00,0,8,307,0,0,00,0,1,60,1,0,00,0,0,2,0,0,0
0.5548717948717948	0.5132644111343753	0.5548717948717948	0.48791990757780235	0,0,4,6,0,0,00,0,33,29,0,0,00,0,394,239,0,0,00,0,170,678,4,0,00,0,19,302,10,0,00,0,1,53,7,0,00,0,0,1,0,0,0
0.5323076923076923	0.5287855209806429	0.5323076923076923	0.46133048502719326	0,0,6,8,0,0,00,0,26,33,0,0,00,0,380,256,0,0,00,0,188,656,1,0,00,0,15,316,2,0,00,0,0,60,0,0,00,0,0,3,0,0,0
0.5507692307692308	0.493304610809975	0.5507692307692308	0.4825075578295402	0,0,3,6,0,00,0,36,42,0,00,0,396,238,0,00,0,189,674,3,00,0,14,283,4,00,0,1,58,3,0
0.5302564102564102	0.41559954252307246	0.5302564102564102	0.46191450697513003	0,0,2,4,0,0,00,0,28,28,0,0,00,0,402,247,0,0,00,0,218,632,1,0,00,0,16,310,0,0,00,0,2,59,0,0,00,0,0,1,0,0,0
0.5451282051282051	0.5183472406282568	0.5451282051282051	0.48557166716563194	0,0,6,4,0,00,0,35,29,0,00,0,391,236,0,00,0,208,656,8,00,0,13,294,16,00,0,0,50,4,0
0.538974358974359	0.46758311735032837	0.538974358974359	0.4645828483223396	0,0,5,7,0,0,00,0,39,34,0,0,00,0,390,221,0,0,00,0,199,660,1,0,00,0,21,304,1,0,00,0,1,65,1,0,00,0,0,1,0,0,0
0.541025641025641	0.548174280878847	0.541025641025641	0.4725102850585876	0,0,1,7,0,00,0,22,37,0,00,0,356,303,0,00,0,158,697,0,00,0,11,310,2,00,0,1,44,1,0
