accuracy	precision	recall	f1	confMatrxVars
0.5923076923076923	0.5572094035995395	0.5923076923076923	0.5593390795076105	0,0,6,3,0,0,00,0,33,24,2,0,00,0,420,207,3,0,00,0,199,657,36,0,00,0,6,221,78,0,00,0,0,41,13,0,00,0,0,1,0,0,0
0.5769230769230769	0.5386986701960597	0.5769230769230769	0.539323890726459	0,0,5,5,0,0,00,0,33,26,0,0,00,1,392,223,3,0,00,0,176,663,37,0,00,0,9,245,70,0,00,0,0,41,18,0,00,0,0,0,3,0,0
0.5851282051282052	0.5941473924236125	0.5851282051282052	0.5499607624014476	0,0,4,5,0,00,0,39,24,0,00,0,420,241,2,00,0,143,634,31,00,0,7,256,86,00,0,0,39,18,1
0.5928205128205128	0.5852599468973737	0.5928205128205128	0.5617500711578923	0,0,5,6,0,0,00,0,33,31,0,0,00,0,404,218,4,0,00,0,172,654,44,0,00,0,13,213,97,0,00,0,0,38,15,1,00,0,0,0,2,0,0
0.5825641025641025	0.5545667383836274	0.5825641025641025	0.5508402062811404	0,0,5,4,0,0,00,0,32,32,0,0,00,0,393,228,3,0,00,0,186,648,36,0,00,0,10,221,95,0,00,0,0,43,13,0,00,0,0,1,0,0,0
0.5948717948717949	0.5990680441232723	0.5948717948717949	0.5633943160253019	0,0,3,2,0,0,00,1,36,37,0,0,00,0,404,228,5,0,00,0,149,661,50,0,00,0,9,220,94,0,00,0,0,35,12,0,00,0,0,2,2,0,0
0.563076923076923	0.5676931036034929	0.563076923076923	0.5254220474689947	0,0,6,6,0,0,00,1,33,26,0,0,00,0,407,241,3,0,00,0,170,621,34,0,00,0,8,266,69,0,00,0,0,44,13,0,00,0,0,1,1,0,0
0.5917948717948718	0.5950903272462233	0.5917948717948718	0.5580498530053535	0,0,5,4,0,0,00,0,37,25,1,0,00,0,423,234,4,0,00,0,150,643,31,0,00,0,15,240,86,0,00,0,0,38,9,2,00,0,0,1,2,0,0
0.5687179487179487	0.5262015850636474	0.5687179487179487	0.5358458894640327	0,0,8,2,0,0,00,0,47,16,0,0,00,0,396,225,2,0,00,0,183,619,53,0,00,0,10,223,94,0,00,0,0,44,25,0,00,0,0,1,2,0,0
0.5846153846153846	0.5656133482218096	0.5846153846153846	0.5445894930509481	0,0,5,5,0,0,00,0,37,29,0,0,00,0,412,209,2,0,00,0,173,648,19,0,00,0,14,258,80,0,00,0,0,46,12,0,00,0,0,0,1,0,0
0.5841025641025641	0.5488373942954471	0.5841025641025641	0.5542292653717993	0,0,7,4,1,0,00,0,29,26,2,0,00,0,412,226,3,0,00,0,186,638,49,0,00,0,12,214,89,0,00,0,0,35,16,0,00,0,0,0,1,0,0
0.5876923076923077	0.5617824179323628	0.5876923076923077	0.5552291168869947	0,0,4,0,0,00,0,37,22,0,00,0,401,224,0,00,0,189,652,29,00,0,16,221,93,00,0,0,45,17,0
0.5779487179487179	0.5470279617305891	0.5779487179487179	0.5414982852371533	0,0,5,5,1,00,0,34,28,0,00,0,389,234,3,00,0,168,653,31,00,0,9,236,85,00,0,0,51,18,0
0.5687179487179487	0.5308843844821266	0.5687179487179487	0.5296803877266681	0,0,1,7,0,00,0,33,30,1,00,1,398,253,6,00,0,155,649,35,00,0,9,238,62,00,0,0,50,22,0
0.5861538461538461	0.5836110519478774	0.5861538461538461	0.552900444332247	0,0,2,5,0,0,00,0,43,21,1,0,00,1,414,221,3,0,00,0,180,643,34,0,00,0,9,230,85,0,00,0,0,41,14,1,00,0,0,1,1,0,0
0.598974358974359	0.6306452180191152	0.598974358974359	0.5674971121896656	0,0,2,4,0,00,1,38,25,0,00,0,394,235,3,00,0,147,679,40,00,0,14,222,92,00,0,0,40,12,2
0.5923076923076923	0.5570919119792794	0.5923076923076923	0.5585867247539925	0,0,4,4,0,0,00,0,44,27,1,0,00,1,413,223,6,0,00,0,164,653,39,0,00,0,9,214,89,0,00,0,0,46,12,0,00,0,0,1,0,0,0
0.5856410256410256	0.594879408776076	0.5856410256410256	0.553355679616142	0,0,4,3,0,0,00,0,33,22,1,0,00,0,427,234,3,0,00,0,166,626,27,0,00,0,5,255,87,0,00,0,1,36,16,2,00,0,0,1,1,0,0
0.5892307692307692	0.5623205907215991	0.5892307692307692	0.5517845491126651	0,0,6,6,0,0,00,0,36,33,0,0,00,0,401,218,2,0,00,0,171,659,20,0,00,0,11,237,89,0,00,0,0,39,20,0,00,0,0,2,0,0,0
0.5738461538461539	0.5538118003813127	0.5738461538461539	0.5468716568941419	0,0,4,5,0,0,00,1,38,24,0,0,00,2,391,270,2,0,00,0,179,642,52,0,00,0,7,204,85,0,00,0,0,24,17,0,00,0,0,2,1,0,0
0.6005128205128205	0.6129212064593159	0.6005128205128205	0.5705031146172914	0,0,5,3,0,00,1,34,26,0,00,1,430,222,5,00,0,177,652,33,00,0,10,205,86,00,0,1,41,16,2
0.5876923076923077	0.5916294376570008	0.5876923076923077	0.5546905687619974	0,0,6,3,0,0,00,1,44,34,0,0,00,0,423,229,4,0,00,0,182,639,33,0,00,0,12,207,83,0,00,0,0,31,17,0,00,0,0,1,1,0,0
0.581025641025641	0.5894148990055792	0.581025641025641	0.5433913342456849	0,0,6,3,0,0,00,0,31,31,1,0,00,0,419,213,2,0,00,0,174,634,26,0,00,0,14,256,78,0,00,0,0,48,11,2,00,0,0,1,0,0,0
0.5851282051282052	0.5570640770310776	0.5851282051282052	0.5521247216976493	0,0,4,3,0,0,00,0,34,30,1,0,00,0,410,255,1,0,00,0,175,646,24,0,00,0,15,206,85,0,00,0,1,36,22,0,00,0,0,2,0,0,0
0.5723076923076923	0.5513651883008577	0.5723076923076923	0.5333723537531004	0,0,7,5,0,0,00,0,36,29,0,0,00,1,395,261,1,0,00,0,142,644,25,0,00,0,7,255,77,0,00,0,0,43,21,0,00,0,0,1,0,0,0
0.5671794871794872	0.5235830330419546	0.5671794871794872	0.5336045877990581	0,0,4,4,0,0,00,0,40,29,2,0,00,0,385,209,5,0,00,0,194,626,49,0,00,0,15,228,95,0,00,0,0,36,28,0,00,0,0,1,0,0,0
0.578974358974359	0.5822011631783742	0.578974358974359	0.5452358868235113	0,0,6,6,0,0,00,0,33,23,0,0,00,0,395,236,3,0,00,0,186,650,26,0,00,0,9,233,83,0,00,0,0,41,18,1,00,0,0,0,1,0,0
0.5943589743589743	0.5496290869032803	0.5943589743589743	0.5598695537190274	0,0,4,6,0,0,00,0,44,30,0,0,00,0,419,219,1,0,00,0,173,653,39,0,00,0,8,201,87,0,00,0,0,38,27,0,00,0,0,0,1,0,0
0.5912820512820512	0.5925869185482306	0.5912820512820512	0.5578900158053925	0,0,2,4,0,00,0,40,25,1,00,0,400,231,4,00,0,172,664,27,00,0,11,225,88,00,0,0,40,15,1
0.5953846153846154	0.5870447994621726	0.5953846153846154	0.5661882166258984	0,0,5,7,0,00,0,40,27,0,00,0,426,232,2,00,0,174,640,46,00,0,13,193,94,00,0,0,37,13,1
0.5887179487179487	0.5591714167206017	0.5887179487179487	0.5572775276189219	0,0,5,5,0,0,00,0,38,31,1,0,00,0,395,256,2,0,00,0,148,649,39,0,00,0,7,209,104,1,00,0,0,38,21,0,00,0,0,0,1,0,0
0.5912820512820512	0.6002535501403544	0.5912820512820512	0.5628630543788251	0,0,7,4,1,0,00,1,31,25,0,0,00,1,411,236,3,0,00,0,168,646,44,0,00,0,9,219,94,0,00,0,0,31,16,1,00,0,0,0,2,0,0
0.5743589743589743	0.5420944443523629	0.5743589743589743	0.5389050511531605	0,0,6,5,0,0,00,0,38,37,0,0,00,1,401,238,1,0,00,0,173,637,36,0,00,0,12,227,82,0,00,0,0,38,17,0,00,0,0,1,0,0,0
0.5861538461538461	0.5836536387868052	0.5861538461538461	0.5539888644983803	0,0,6,3,0,0,00,0,47,14,0,0,00,0,420,236,3,0,00,0,164,633,37,0,00,0,8,230,88,0,00,0,0,37,20,2,00,0,0,1,1,0,0
0.6082051282051282	0.6015318402749753	0.6082051282051282	0.5792819769766266	0,0,4,3,0,0,00,0,38,28,0,0,00,0,438,247,0,0,00,0,148,656,35,0,00,0,7,211,90,1,00,0,0,29,11,2,00,0,0,2,0,0,0
0.5923076923076923	0.5951887815696772	0.5923076923076923	0.5601522012502201	0,0,4,7,0,0,00,0,34,24,0,0,00,0,416,210,1,0,00,0,188,648,30,0,00,0,12,235,89,0,00,0,0,39,10,2,00,0,0,0,1,0,0
0.5743589743589743	0.5777859891709786	0.5743589743589743	0.5393230367359947	0,0,4,5,0,0,00,0,40,31,0,0,00,0,412,235,0,0,00,0,167,625,32,0,00,0,7,266,81,0,00,0,0,29,10,2,00,0,0,3,1,0,0
0.5815384615384616	0.5918754399839138	0.5815384615384616	0.5512992730785332	0,0,5,4,0,0,00,0,30,29,0,0,00,0,400,266,3,0,00,0,150,639,36,0,00,0,4,234,94,0,00,0,0,39,14,1,00,0,0,1,1,0,0
0.5794871794871795	0.543744477058366	0.5794871794871795	0.5426953413197577	0,0,3,5,0,0,00,0,30,33,0,0,00,0,404,234,4,0,00,0,165,649,33,0,00,0,16,230,77,0,00,0,0,41,22,0,00,0,0,2,2,0,0
0.58	0.5543332801879577	0.58	0.5458097349408972	0,0,7,6,0,0,00,0,36,20,1,0,00,0,382,252,2,0,00,0,160,669,36,1,00,0,6,245,80,0,00,0,0,29,15,0,00,0,0,2,1,0,0
0.5861538461538461	0.5774175068384575	0.5861538461538461	0.5539095684800226	0,0,5,4,0,0,00,0,35,26,1,0,00,1,417,227,3,0,00,0,169,642,43,0,00,0,16,220,82,0,00,0,0,34,22,2,00,0,0,0,1,0,0
0.5882051282051282	0.6282530347235029	0.5882051282051282	0.5552315450586484	0,0,7,6,0,0,00,1,38,31,0,0,00,0,424,213,1,0,00,0,201,636,21,0,00,0,10,219,83,0,00,0,0,46,9,3,00,0,0,0,1,0,0
0.5774358974358974	0.542474109369646	0.5774358974358974	0.5491500141353772	0,0,3,6,0,0,00,0,32,23,0,0,00,0,405,224,4,0,00,0,195,627,55,0,00,0,15,214,94,0,00,0,0,33,18,0,00,0,0,0,2,0,0
0.6102564102564103	0.6058605845717032	0.6102564102564103	0.5775133041128775	0,0,6,2,0,0,00,0,34,23,0,0,00,1,437,197,1,0,00,0,179,666,27,0,00,0,18,223,85,0,00,0,0,30,17,2,00,0,0,1,1,0,0
0.6123076923076923	0.6171227987188861	0.6123076923076923	0.5774296715302164	0,0,5,5,0,0,00,0,36,24,0,0,00,0,447,229,1,0,00,0,142,670,26,0,00,0,9,235,76,0,00,0,0,34,9,1,00,0,0,1,0,0,0
0.5928205128205128	0.5914249781209782	0.5928205128205128	0.5587440953392669	0,0,5,6,0,0,00,1,34,22,0,0,00,0,421,226,1,0,00,0,157,648,38,0,00,0,8,229,86,0,00,0,0,52,15,0,00,0,0,1,0,0,0
0.5933333333333334	0.6298784266071433	0.5933333333333334	0.5569770262397136	0,0,5,7,0,0,00,1,32,37,0,0,00,0,418,235,1,0,00,0,153,657,26,0,00,0,9,221,80,0,00,0,0,44,21,1,00,0,0,1,1,0,0
0.5902564102564103	0.5655453841307703	0.5902564102564103	0.5578325256100085	0,0,3,3,1,0,00,0,31,34,0,0,00,0,418,231,2,0,00,0,174,645,32,0,00,0,10,225,88,0,00,0,0,38,12,0,00,0,0,2,1,0,0
0.6041025641025641	0.574928437467096	0.6041025641025641	0.5736062248414852	0,0,3,5,0,0,00,0,29,26,0,0,00,0,435,220,2,0,00,0,158,653,45,0,00,0,10,223,90,0,00,0,0,34,15,0,00,0,0,1,1,0,0
0.5876923076923077	0.5635237273245688	0.5876923076923077	0.5530539006765423	0,0,4,5,0,0,00,0,37,31,1,0,00,0,435,242,4,0,00,0,157,631,29,0,00,0,11,231,80,0,00,0,0,37,14,0,00,0,0,1,0,0,0
