accuracy	precision	recall	f1	oob	confMatrxVars
0.6015384615384616	0.5940436030755623	0.6015384615384616	0.5722204407580906	0.4092808445128656	0,0,4,6,0,0,0,0,0,34,20,1,0,0,0,1,416,215,8,0,0,0,0,162,655,42,0,0,0,0,12,215,100,0,0,0,0,1,32,21,2,0,0,0,0,0,3,0,0
0.6	0.6136929450991132	0.6	0.5694888876689935	0.40906091928744226	0,0,4,4,0,0,0,0,1,29,30,0,0,0,0,1,404,221,6,0,0,0,0,150,665,45,0,0,0,0,12,213,98,0,0,0,0,0,49,13,2,0,0,0,0,1,2,0,0
0.5871794871794872	0.5843009363517838	0.5871794871794872	0.5533898457592167	0.4073015174840554	0,0,8,7,0,0,0,0,35,28,1,0,0,1,417,206,0,0,0,0,179,637,42,0,0,0,10,230,90,0,0,0,0,47,11,1
0.6035897435897436	0.583384841091834	0.6035897435897436	0.5740748494007396	0.4062018913569386	0,0,8,1,0,0,0,0,0,45,22,1,0,0,0,0,401,191,0,0,0,0,0,183,665,42,1,0,0,0,9,215,107,2,0,0,0,1,35,14,4,0,0,0,0,2,1,0,0
0.615897435897436	0.646393321333078	0.615897435897436	0.5826617227448428	0.4108203210908291	0,0,7,4,0,0,0,0,1,45,25,1,0,0,0,0,438,198,2,0,0,0,0,156,660,26,0,0,0,0,12,213,98,0,0,0,0,0,38,20,4,0,0,0,0,1,1,0,0
0.5943589743589743	0.5872682315858281	0.5943589743589743	0.5651341965250858	0.40158346162304814	0,0,7,5,0,0,0,0,0,46,21,0,0,0,0,1,391,230,5,0,0,0,0,142,654,51,0,0,0,0,8,219,109,0,0,0,0,0,35,19,5,0,0,0,0,1,1,0,0
0.5974358974358974	0.6249421298589203	0.5974358974358974	0.5693001139686641	0.4029030129755883	0,0,5,3,0,0,0,0,1,44,21,0,0,0,0,0,427,207,3,0,0,0,0,168,627,47,0,0,0,0,13,223,106,0,0,0,0,0,36,14,4,0,0,0,0,0,1,0,0
0.6066666666666667	0.6110296213150868	0.6066666666666667	0.5781277737189822	0.4044424895535518	0,0,7,4,0,0,0,0,1,44,21,1,0,0,0,1,436,225,7,0,0,0,0,157,646,44,0,0,0,0,11,189,98,0,0,0,0,0,31,22,2,0,0,0,0,1,2,0,0
0.6005128205128205	0.5990955977332383	0.6005128205128205	0.5745534297814988	0.40708159225863205	0,0,5,2,0,0,0,0,0,36,28,0,0,0,0,0,428,211,2,0,0,0,0,179,623,44,0,0,0,0,17,197,114,0,0,0,0,0,45,12,6,0,0,0,0,0,1,0,0
0.583076923076923	0.6177956330697313	0.583076923076923	0.5533277976688625	0.39806465801627444	0,0,2,5,0,0,0,0,1,41,26,0,0,0,0,0,417,240,3,0,0,0,0,164,618,39,0,0,0,0,10,224,99,0,0,0,0,0,35,23,2,0,0,0,0,1,0,0,0
0.5876923076923077	0.5942261732925752	0.5876923076923077	0.5601125667018518	0.4088409940620189	0,0,3,6,0,0,0,0,1,40,26,2,0,0,0,1,409,224,6,0,0,0,0,171,621,47,0,0,0,1,11,208,113,0,0,0,0,1,36,20,2,0,0,0,0,1,0,0,0
0.602051282051282	0.592841272844224	0.602051282051282	0.5775062646342576	0.4185177039806466	0,0,3,3,0,0,0,0,0,37,22,1,0,0,0,0,395,214,6,0,0,0,0,196,667,41,0,0,0,0,11,187,105,0,0,0,0,0,36,15,7,0,0,0,0,1,3,0,0
0.5907692307692308	0.6299099885392397	0.5907692307692308	0.5635186137224997	0.40158346162304814	0,0,6,2,0,0,0,0,1,42,20,0,0,0,0,0,416,244,2,0,0,0,0,164,625,32,0,0,0,0,4,227,106,0,0,0,0,0,39,13,4,0,0,0,0,1,2,0,0
0.5953846153846154	0.5962125673225567	0.5953846153846154	0.5697694015906145	0.4123597976687926	0,0,2,3,0,0,0,0,0,32,28,0,0,0,0,2,430,245,3,0,0,0,0,176,627,32,0,0,0,0,12,200,100,0,0,0,0,0,31,20,4,0,0,0,0,0,3,0,0
0.5964102564102564	0.6236319647631576	0.5964102564102564	0.5633235557923684	0.4108203210908291	0,0,4,5,0,0,0,0,1,45,33,0,0,0,0,0,431,191,5,0,0,0,0,185,636,35,0,0,0,0,17,210,92,0,0,0,0,0,35,21,3,0,0,0,0,1,0,0,0
0.6133333333333333	0.6051949764777477	0.6133333333333333	0.5888716536529932	0.40752144270947877	0,0,1,0,0,0,0,0,44,24,1,0,0,0,411,208,3,0,0,0,178,659,39,0,0,0,7,203,121,1,0,0,0,32,13,5
0.6194871794871795	0.6228391442773441	0.6194871794871795	0.5893166134127872	0.4154387508247196	0,0,1,2,0,0,0,0,0,38,25,0,0,0,0,0,454,220,3,0,0,0,0,150,656,29,0,0,0,0,10,202,95,0,0,0,0,0,45,16,3,0,0,0,0,1,0,0,0
0.5841025641025641	0.587445006567934	0.5841025641025641	0.5527660748341148	0.4042225643281284	0,0,6,5,0,0,0,0,0,35,20,1,0,0,0,1,413,231,2,0,0,0,0,163,633,38,0,0,0,0,12,246,90,0,0,0,0,0,38,11,3,0,0,0,0,1,1,0,0
0.6046153846153847	0.5938623098379772	0.6046153846153847	0.5753571465374298	0.40752144270947877	0,0,6,4,0,0,0,0,0,38,26,1,0,0,0,0,436,203,4,0,0,0,0,172,641,33,2,0,0,0,7,228,96,0,0,0,0,0,32,14,6,0,0,0,0,1,0,0,0
0.5974358974358974	0.5881744000792211	0.5974358974358974	0.5691216115926852	0.40862106883659555	0,0,3,6,0,0,0,0,0,33,30,1,0,0,0,0,404,244,4,0,0,0,0,148,649,42,0,0,0,0,6,210,110,1,0,0,0,0,35,20,2,0,0,0,0,1,1,0,0
0.5892307692307692	0.6055012809252409	0.5892307692307692	0.5600466274838086	0.4026830877501649	0,0,8,3,0,0,0,0,1,40,25,1,0,0,0,1,434,243,0,0,0,0,0,177,620,33,0,0,0,0,11,203,92,0,0,0,0,0,39,15,2,0,0,0,0,1,1,0,0
0.6061538461538462	0.5983360016501097	0.6061538461538462	0.5779022285572962	0.4079612931603255	0,0,5,3,0,0,0,0,0,36,22,1,0,0,0,0,442,203,1,0,0,0,0,175,633,35,0,0,0,0,11,229,103,1,0,0,0,0,26,18,4,0,0,0,0,2,0,0,0
0.6071794871794872	0.6013471762900024	0.6071794871794872	0.5734907166745697	0.40752144270947877	0,0,5,7,0,0,0,0,38,33,1,0,0,0,436,182,4,0,0,0,169,646,35,0,0,0,8,223,98,0,0,0,2,45,14,4
0.578974358974359	0.5842783823149683	0.578974358974359	0.5441106313150608	0.40554211568066856	0,0,4,3,0,0,0,0,0,47,27,1,0,0,0,0,386,254,3,0,0,0,0,155,649,28,0,0,0,0,10,228,93,0,0,0,0,0,45,15,1,0,0,0,0,0,1,0,0
0.601025641025641	0.597434018067623	0.601025641025641	0.5717540193219269	0.4026830877501649	0,0,1,2,0,0,0,0,0,47,23,0,0,0,0,0,419,213,2,0,0,0,0,174,646,35,0,0,0,0,7,212,101,0,0,0,0,0,41,19,6,0,0,0,0,0,2,0,0
