accuracy	precision	recall	f1	oob	confMatrxVars
0.658974358974359	0.6697842956099713	0.658974358974359	0.6452990182896907	0.3318671651638443	0,1,6,3,0,0,0,0,7,50,22,0,0,0,0,0,450,201,6,0,0,0,0,137,629,62,1,0,0,0,10,132,176,1,0,0,0,1,12,18,23,0,0,0,0,2,0,0,0
0.6758974358974359	0.6723691000559456	0.6758974358974359	0.6626915151795767	0.33362656696723114	0,1,9,3,1,0,0,0,11,33,21,0,0,0,0,2,459,141,4,0,0,0,2,146,656,63,2,0,0,0,8,147,172,4,0,0,0,0,23,21,20,0,0,0,0,0,1,0,0
0.6856410256410257	0.695403657283163	0.6856410256410257	0.673817618731016	0.3389047723773917	0,0,6,5,0,0,0,0,9,32,16,0,0,0,0,2,476,184,5,0,0,0,0,123,665,45,0,0,0,0,10,147,168,2,0,0,0,1,22,11,19,0,0,0,0,1,1,0,0
0.6682051282051282	0.679149301597144	0.6682051282051282	0.6521756318851986	0.3303276885858808	0,0,5,2,0,0,0,0,5,31,29,2,0,0,0,0,454,175,12,0,0,0,1,138,655,47,1,0,0,0,6,148,176,2,0,0,0,0,31,16,13,0,0,0,0,1,0,0,0
0.6774358974358974	0.6728713504667778	0.6774358974358974	0.664855000977829	0.33450626786892457	0,1,4,2,1,0,0,9,34,18,2,0,0,5,459,158,3,0,0,1,127,671,66,2,0,0,10,152,166,5,0,0,0,23,15,16
0.6630769230769231	0.6701583231214489	0.6630769230769231	0.6492875860562679	0.32351000659775675	0,0,4,2,0,0,0,9,37,29,0,0,0,1,458,164,1,0,0,1,151,652,61,1,0,0,5,161,155,5,0,0,0,22,12,19
0.6871794871794872	0.6959948167260264	0.6871794871794872	0.6774177530030427	0.3408840994062019	0,0,3,3,0,0,0,1,8,27,21,1,0,0,0,0,468,177,6,0,0,0,0,130,673,66,3,0,0,0,5,133,171,3,0,0,0,0,18,11,20,0,0,0,1,0,1,0,0
0.6882051282051282	0.6935977514803502	0.6882051282051282	0.6740501706231963	0.33362656696723114	0,0,5,3,0,0,1,7,36,22,1,0,0,2,463,161,2,1,0,2,126,675,39,1,0,0,6,155,174,2,0,0,2,21,20,23
0.6723076923076923	0.6682524550395736	0.6723076923076923	0.6580393623857604	0.3338464921926545	0,0,6,4,1,0,0,1,3,40,21,1,0,0,0,3,444,173,4,0,0,0,2,141,655,50,2,0,0,0,8,142,184,0,0,0,0,0,23,15,25,0,0,0,0,1,1,0,0
0.6794871794871795	0.6820419125476229	0.6794871794871795	0.6650258750451289	0.33010776336045744	0,0,4,6,0,0,0,0,7,41,18,0,0,0,0,5,464,158,2,0,0,0,1,139,663,45,1,0,0,0,11,156,175,0,0,0,0,0,23,13,16,0,0,0,1,0,1,0,0
0.6887179487179487	0.6891909240659476	0.6887179487179487	0.6762701968254159	0.3347261930943479	0,0,4,2,0,0,0,0,7,39,19,1,0,0,0,3,465,160,8,0,0,0,1,143,669,47,0,0,0,0,10,129,181,3,0,0,0,0,20,15,21,0,0,0,0,1,2,0,0
0.6846153846153846	0.698974148829434	0.6846153846153846	0.673832205271574	0.34066417418077855	0,1,3,4,0,0,0,0,9,33,16,0,0,0,0,0,472,193,3,0,0,0,0,113,658,51,2,0,0,0,3,151,176,2,0,0,0,0,24,15,20,0,0,0,0,1,0,0,0
0.6748717948717948	0.6748965567318902	0.6748717948717948	0.6640151553669207	0.33670552012315813	0,1,5,4,0,0,0,0,9,38,21,0,0,0,0,4,468,176,3,0,0,0,0,148,646,61,0,0,0,0,6,137,170,4,0,0,0,0,17,7,23,0,0,0,1,1,0,0,0
0.6805128205128205	0.6785571129916345	0.6805128205128205	0.6682342604658398	0.3404442489553552	0,0,6,3,0,0,0,5,36,17,1,0,0,3,437,162,7,0,0,4,140,684,58,0,0,0,6,140,180,0,0,0,0,22,18,21
0.6805128205128205	0.6823108580964686	0.6805128205128205	0.668586020075317	0.332307015614691	0,0,3,4,0,0,0,0,7,35,25,0,0,0,0,3,457,169,6,0,0,0,0,138,667,62,1,0,0,0,7,132,173,3,0,0,0,0,17,17,23,0,0,0,0,1,0,0,0
0.6774358974358974	0.6853099257434998	0.6774358974358974	0.6653023137672401	0.3338464921926545	0,1,6,4,0,0,0,0,8,29,19,0,0,0,0,1,444,177,6,0,0,0,0,144,680,54,0,0,0,0,12,136,173,0,0,0,0,0,24,15,16,0,0,0,0,1,0,0,0
0.678974358974359	0.6863696143379305	0.678974358974359	0.6660989860255678	0.3358258192214647	0,0,6,5,0,0,0,0,7,37,14,1,0,0,0,1,470,152,2,0,0,0,1,162,650,44,0,0,0,0,8,150,175,2,0,0,0,0,25,15,22,0,0,0,0,0,1,0,0
0.6712820512820513	0.6721034575481216	0.6712820512820513	0.6621726980083671	0.33956454805366176	0,1,4,4,0,0,0,0,11,24,23,1,0,0,0,3,453,207,3,0,0,0,3,131,669,61,2,0,0,0,7,131,158,4,0,0,0,0,16,15,18,0,0,0,0,1,0,0,0
0.6753846153846154	0.6842333779866917	0.6753846153846154	0.6599609650273365	0.3307675390367275	0,0,2,4,0,0,0,0,5,34,28,2,0,0,0,3,453,188,4,0,0,0,0,119,670,40,0,0,0,0,8,153,165,2,0,0,0,0,21,23,24,0,0,0,0,1,1,0,0
0.7020512820512821	0.7037622558224699	0.7020512820512821	0.688281155972891	0.3419837255333187	0,0,4,2,0,0,0,0,5,37,19,0,0,0,0,1,475,152,4,0,0,0,1,141,696,44,1,0,0,0,5,125,173,2,0,0,0,1,19,21,20,0,0,0,0,0,2,0,0
0.6733333333333333	0.6825806840525639	0.6733333333333333	0.6608006880209925	0.3334066417418078	0,1,5,4,0,0,0,11,38,19,0,0,0,0,449,197,3,0,0,4,128,667,48,0,0,0,8,135,168,1,0,0,0,29,17,18
0.6641025641025641	0.6738297030527856	0.6641025641025641	0.6518209200504637	0.3232900813723334	0,0,6,5,0,0,0,0,8,34,25,0,0,0,0,0,480,197,11,0,0,0,2,123,627,57,0,0,0,0,9,147,156,3,0,0,0,0,20,14,24,0,0,0,0,2,0,0,0
0.6738461538461539	0.6725102827195318	0.6738461538461539	0.6626142465255234	0.3389047723773917	0,0,5,9,0,0,0,0,12,32,19,0,0,0,0,3,448,164,7,1,0,0,2,160,658,52,2,0,0,0,11,129,182,2,0,0,0,0,23,13,14,0,0,0,0,1,1,0,0
0.6856410256410257	0.6937516667453902	0.6856410256410257	0.6705918306534343	0.3314273147129976	0,0,4,6,0,0,0,0,7,40,20,1,0,0,0,1,452,153,5,0,0,0,0,131,689,57,0,0,0,0,5,145,167,1,0,0,0,0,24,18,22,0,0,0,0,0,2,0,0
0.6692307692307692	0.6777008777649125	0.6692307692307692	0.6560042994234081	0.33208709038926765	0,0,6,5,0,0,1,6,33,22,3,0,0,2,474,200,5,0,0,0,118,652,61,0,0,0,6,148,156,3,0,0,1,22,9,17
