accuracy	precision	recall	f1	oob	confMatrxVars
0.6702564102564103	0.6738295157159018	0.6702564102564103	0.6534116201284061	0.33098746426215087	0,1,3,4,0,0,0,0,3,36,27,1,0,0,0,1,467,164,5,0,0,0,0,143,658,46,0,0,0,0,7,163,158,2,0,0,0,1,22,15,21,0,0,0,0,1,1,0,0
0.6738461538461539	0.6716256799018503	0.6738461538461539	0.6558726556360311	0.335385968770618	0,1,6,2,1,0,0,0,5,47,27,1,0,0,0,3,456,189,7,0,0,0,1,116,682,48,1,0,0,0,9,128,150,1,0,0,0,0,23,24,21,0,0,0,0,0,1,0,0
0.6779487179487179	0.6826132199789628	0.6779487179487179	0.6645965178954172	0.3334066417418078	0,0,7,4,0,0,1,9,22,19,0,0,0,3,448,180,2,0,0,0,134,692,43,1,0,0,7,152,158,4,0,0,0,27,22,15
0.6764102564102564	0.6799415438323243	0.6764102564102564	0.6631248501661514	0.3389047723773917	0,0,9,4,0,0,0,0,7,34,22,1,0,0,0,3,467,170,4,0,0,0,0,145,654,48,0,0,0,0,6,145,168,3,0,0,0,0,23,12,23,0,0,0,0,1,1,0,0
0.6779487179487179	0.6866373496052101	0.6779487179487179	0.663261368149634	0.33714537057400484	0,0,4,4,0,0,0,0,7,36,20,0,0,0,2,0,469,169,3,0,0,0,1,135,676,51,0,0,0,0,5,160,160,3,0,0,0,0,20,14,10,0,0,0,0,0,1,0,0
0.6743589743589744	0.6864438092569162	0.6743589743589744	0.6607111504127875	0.32504948317572024	0,0,6,2,0,0,0,0,6,44,17,1,0,0,0,1,458,205,4,0,0,0,0,124,659,53,0,0,0,0,12,126,172,1,0,0,0,0,21,16,20,0,0,0,0,1,1,0,0
0.6676923076923077	0.6663589814102258	0.6676923076923077	0.651231984234357	0.3327468660655377	0,0,2,7,0,0,0,0,3,45,23,1,0,0,0,2,456,162,6,0,0,0,2,149,654,40,1,0,0,0,10,167,168,2,0,0,0,1,16,11,21,0,0,0,0,1,0,0,0
0.6661538461538462	0.6667632847948914	0.6661538461538462	0.6524466146019594	0.3206509786672531	0,1,7,5,0,0,0,0,10,42,17,2,0,0,0,3,442,186,6,0,0,0,1,127,653,61,2,0,0,0,11,137,179,1,0,0,0,0,22,18,15,0,0,0,0,0,2,0,0
0.6692307692307692	0.6706522125158336	0.6692307692307692	0.6566666160900716	0.33208709038926765	0,1,4,5,0,0,0,0,9,31,19,1,0,0,0,2,479,159,4,0,0,0,1,162,646,49,2,0,0,0,10,159,154,3,0,0,0,1,20,11,17,0,0,0,0,0,1,0,0
0.662051282051282	0.6777314068173665	0.662051282051282	0.6458626746049339	0.3252694084011436	0,0,2,4,0,0,0,0,7,44,24,2,0,0,0,0,440,173,6,1,0,0,0,130,652,56,2,0,0,0,7,159,174,2,0,0,0,0,25,20,18,0,0,0,0,1,1,0,0
0.6758974358974359	0.6886184026878626	0.6758974358974359	0.6636633293282229	0.3369254453485815	0,0,8,2,0,0,0,1,5,33,16,1,0,0,0,0,458,190,8,0,0,0,0,138,657,52,1,0,0,0,3,137,177,1,0,0,0,1,19,19,21,0,0,0,0,1,1,0,0
0.6764102564102564	0.6913625710411424	0.6764102564102564	0.6633130251062037	0.33252694084011436	0,0,5,5,0,0,0,1,10,34,23,1,0,0,0,0,435,191,9,0,0,0,0,110,690,58,0,0,0,0,8,149,164,2,0,0,0,0,22,11,20,0,0,0,0,0,2,0,0
0.6825641025641026	0.683222832801531	0.6825641025641026	0.6733369724912902	0.33406641741807785	0,0,5,0,0,0,0,1,6,34,18,0,0,0,2,4,474,175,4,0,0,0,5,137,651,50,1,0,0,0,5,144,172,3,0,0,0,1,21,7,28,0,0,0,0,2,0,0,0
0.6717948717948717	0.6817165812255157	0.6717948717948717	0.6586081268165391	0.33318671651638443	0,0,3,7,0,0,0,9,27,28,0,0,0,2,461,197,2,0,0,0,132,664,47,2,0,0,12,139,162,1,0,0,0,20,21,14
0.6856410256410257	0.7062111045060041	0.6856410256410257	0.6731902786841363	0.3358258192214647	0,0,2,5,0,0,0,0,7,30,20,0,0,0,0,0,471,187,2,1,0,0,0,130,666,32,0,0,0,0,13,151,174,1,0,0,0,1,20,17,19,0,0,0,0,1,0,0,0
0.6764102564102564	0.68513681299709	0.6764102564102564	0.6639903212874443	0.3338464921926545	0,0,3,1,0,0,0,7,35,20,0,0,0,3,447,187,6,0,0,1,121,683,57,1,0,0,9,139,159,0,0,0,0,35,13,23
0.6564102564102564	0.6665582565926079	0.6564102564102564	0.6401479276742559	0.32944798768418737	0,1,3,3,0,0,0,6,39,19,2,0,0,1,454,186,6,0,0,1,130,645,61,0,0,0,12,151,161,0,0,0,0,29,26,14
0.681025641025641	0.6896123028812036	0.681025641025641	0.665201009430126	0.3349461183197713	0,0,5,2,0,0,0,0,7,47,21,1,0,0,2,1,472,166,4,1,0,0,0,131,660,53,0,0,0,0,7,135,176,3,0,0,0,0,22,20,13,0,0,0,0,1,0,0,0
0.6666666666666666	0.685045740743875	0.6666666666666666	0.654801006519741	0.33560589399604135	0,0,1,3,0,0,0,9,38,21,1,0,0,0,459,180,2,0,0,2,152,650,43,0,0,0,7,165,160,0,0,0,0,27,8,22
0.678974358974359	0.68271121697923	0.678974358974359	0.6672948784816456	0.34066417418077855	0,1,6,3,0,0,0,0,8,33,22,1,0,0,0,2,496,174,7,0,0,0,1,138,625,52,2,0,0,0,10,135,176,1,0,0,0,0,24,13,19,0,0,0,0,1,0,0,0
0.6723076923076923	0.6686972895269484	0.6723076923076923	0.6591431697131047	0.3268088849791071	0,1,5,5,1,0,0,0,2,30,27,2,0,0,2,2,467,188,1,0,0,0,1,129,639,50,2,0,0,2,5,150,180,2,0,0,0,0,21,12,23,0,0,0,0,0,1,0,0
0.6594871794871795	0.6672773757209469	0.6594871794871795	0.6471420000148389	0.32856828678249395	0,0,4,4,0,0,0,10,44,20,0,0,0,3,436,190,3,0,0,2,132,649,57,0,0,0,6,159,166,1,0,0,2,17,20,25
0.6871794871794872	0.6901544391029835	0.6871794871794872	0.6762821858954816	0.3314273147129976	0,0,2,3,0,0,0,0,6,33,21,2,0,0,0,1,466,180,7,0,0,0,3,140,661,48,0,0,0,0,4,129,189,3,0,0,0,0,22,11,18,0,0,0,0,0,1,0,0
0.6764102564102564	0.676745909386772	0.6764102564102564	0.6648771123483793	0.3364855948977348	0,0,7,5,0,0,0,0,8,34,18,2,0,0,0,3,459,165,7,0,0,0,1,151,661,55,1,0,0,0,7,141,167,1,0,0,0,0,18,14,24,0,0,0,0,0,1,0,0
0.6861538461538461	0.6948045170207207	0.6861538461538461	0.6720292499452527	0.3338464921926545	0,0,1,5,1,0,0,1,8,36,20,2,0,0,1,1,489,168,6,0,0,0,2,125,671,42,1,0,0,0,6,156,154,0,0,0,0,0,22,14,16,0,0,0,0,1,1,0,0
