accuracy	precision	recall	f1	oob	confMatrxVars
0.6646153846153846	0.6769333728260994	0.6646153846153846	0.6503059225165302	0.3237299318231801	0,0,6,4,0,0,0,0,4,28,20,0,0,0,0,2,462,181,2,0,0,0,1,134,640,42,0,0,0,0,10,176,170,1,0,0,0,2,29,15,20,0,0,0,0,0,1,0,0
0.6687179487179488	0.6859207972156041	0.6687179487179488	0.6537008344282654	0.3213107543435232	0,0,4,7,0,0,0,1,5,33,22,0,0,0,0,1,460,190,2,0,0,0,0,141,664,36,0,0,0,0,5,162,155,0,0,0,0,0,23,17,20,0,0,0,0,2,0,0,0
0.6635897435897435	0.6722473405406487	0.6635897435897435	0.649239534734124	0.3318671651638443	0,0,7,6,0,0,0,0,7,41,21,0,0,0,0,3,458,177,4,0,0,0,0,145,634,43,1,0,0,0,8,157,172,1,0,0,0,0,25,15,23,0,0,0,0,1,1,0,0
0.6779487179487179	0.6931085901642989	0.6779487179487179	0.6646714673245366	0.332307015614691	0,0,6,3,0,0,1,6,35,23,0,0,0,0,456,183,4,0,0,1,108,656,68,0,0,0,10,137,179,0,0,0,1,28,20,25
0.6661538461538462	0.6673923612933247	0.6661538461538462	0.6499986712370961	0.3318671651638443	0,0,4,7,0,0,0,0,6,48,24,1,0,0,0,2,458,165,1,0,0,0,2,152,646,47,0,0,0,0,8,151,167,2,0,0,0,0,18,16,22,0,0,0,0,1,2,0,0
0.6835897435897436	0.6948690965155202	0.6835897435897436	0.6705563781964328	0.3349461183197713	0,0,3,2,0,0,0,0,5,38,11,0,0,0,0,0,480,188,2,0,0,0,1,130,678,41,1,0,0,0,8,158,150,1,0,0,0,1,15,16,20,0,0,0,0,1,0,0,0
0.6656410256410257	0.6712466706355324	0.6656410256410257	0.6513090095378498	0.3263690345282604	0,0,5,2,1,0,0,0,5,40,20,1,0,0,0,2,455,173,2,0,0,0,1,156,641,47,0,0,0,0,15,148,182,1,0,0,0,0,21,15,15,0,0,0,0,1,1,0,0
0.6569230769230769	0.6612484895884282	0.6569230769230769	0.6412835739667171	0.32746866065537716	0,0,7,2,0,0,0,5,44,23,1,0,0,1,437,178,5,0,0,2,148,653,49,1,0,0,6,159,164,2,0,0,0,23,18,22
0.6738461538461539	0.6864418062459388	0.6738461538461539	0.6616274329209418	0.3347261930943479	0,0,4,4,0,0,0,10,29,29,1,0,0,3,467,176,5,0,0,0,136,649,39,1,0,0,5,170,167,2,0,0,0,16,16,21
0.6651282051282051	0.6762298183353534	0.6651282051282051	0.6539030395538095	0.3226303056960633	0,1,5,3,0,0,0,8,36,15,1,0,0,1,460,198,4,0,0,0,138,636,48,1,0,0,7,156,175,4,0,0,0,23,12,18
0.6758974358974359	0.6881669139164885	0.6758974358974359	0.6614971207674022	0.3338464921926545	0,0,4,6,0,0,0,0,7,34,27,0,0,0,0,1,446,183,3,0,0,0,0,125,667,50,1,0,0,0,12,142,181,3,0,0,0,0,27,13,17,0,0,0,0,1,0,0,0
0.6779487179487179	0.6844514350224479	0.6779487179487179	0.6636558161586532	0.32812843633164723	0,1,6,3,1,0,0,0,6,27,23,2,0,0,0,1,450,183,5,1,0,0,0,120,679,48,0,0,0,0,7,158,169,2,0,0,0,0,21,16,18,0,0,0,1,0,2,0,0
0.6774358974358974	0.6906035039979297	0.6774358974358974	0.6632444927144157	0.3373652957994282	0,0,3,6,0,0,0,1,8,33,20,0,0,0,0,1,457,193,6,0,0,0,1,116,682,49,1,0,0,0,6,149,161,0,0,0,0,0,29,14,13,0,0,0,0,0,1,0,0
0.6738461538461539	0.6789872515005418	0.6738461538461539	0.6597887858843036	0.33604574444688806	0,0,7,1,0,0,1,7,35,20,1,0,0,1,464,151,4,0,0,3,144,651,52,1,0,0,17,153,172,0,0,0,0,26,19,20
0.6651282051282051	0.6753620953685715	0.6651282051282051	0.6512913401581722	0.32900813723334066	0,0,5,0,0,0,0,1,3,32,24,0,0,0,0,1,402,235,8,0,0,0,1,115,684,50,0,0,0,0,9,130,188,0,0,0,0,0,20,18,20,0,0,0,0,1,3,0,0
0.6856410256410257	0.6936406564627812	0.6856410256410257	0.6692589307315853	0.33362656696723114	0,0,5,6,0,0,0,0,4,36,16,0,0,0,0,1,475,163,4,0,0,0,0,138,686,33,0,0,0,0,10,156,149,3,0,0,0,0,23,17,23,0,0,0,1,1,0,0,0
0.6717948717948717	0.6835733951738723	0.6717948717948717	0.660104821800946	0.3283483615570706	0,0,4,6,0,0,1,7,33,19,1,0,0,0,469,180,8,0,0,0,140,637,57,0,0,0,4,147,179,5,0,0,0,18,17,18
0.68	0.6833393611013363	0.68	0.6651874629972181	0.3413239498570486	0,0,5,8,0,0,0,0,5,34,22,0,0,0,0,2,450,174,1,0,0,0,2,138,682,38,0,0,0,0,6,144,163,3,0,0,0,1,28,17,26,0,0,0,0,1,0,0,0
0.6676923076923077	0.6786833578358556	0.6676923076923077	0.6511801779045832	0.3272487354299538	0,0,2,9,0,0,0,0,6,42,20,1,0,0,0,0,450,191,8,0,0,0,0,130,684,54,1,0,0,0,6,141,149,3,0,0,0,0,22,17,13,0,0,0,0,1,0,0,0
0.6707692307692308	0.6697807784600547	0.6707692307692308	0.6564816031282921	0.3369254453485815	0,0,3,4,0,0,0,0,8,41,18,0,0,0,0,5,427,178,5,0,0,0,2,136,679,46,0,0,0,0,5,143,176,4,0,0,0,1,23,25,18,0,0,0,0,0,3,0,0
0.676923076923077	0.6804514415327904	0.676923076923077	0.659811143965569	0.3382449967011216	0,0,5,5,0,0,0,1,6,35,28,0,0,0,0,2,450,184,5,0,0,0,1,112,695,50,2,0,0,0,7,143,153,2,0,0,0,0,30,15,16,0,0,0,0,1,2,0,0
0.658974358974359	0.6650969773687069	0.658974358974359	0.6453370479461402	0.33252694084011436	0,1,4,5,0,0,0,0,6,35,25,1,0,0,0,1,442,185,8,0,0,0,0,137,644,63,1,0,0,0,7,155,176,1,0,0,0,0,17,17,17,0,0,0,0,0,2,0,0
0.661025641025641	0.6739329164819611	0.661025641025641	0.6461117257494806	0.3338464921926545	0,0,8,1,0,0,0,0,5,44,22,1,0,0,1,1,449,208,2,0,0,0,0,121,652,59,0,0,0,0,6,151,164,1,0,0,0,0,15,18,19,0,0,0,0,1,1,0,0
0.6779487179487179	0.6898154885541925	0.6779487179487179	0.6634276586265593	0.3358258192214647	0,0,2,4,0,0,0,0,5,31,33,1,0,0,0,1,471,183,5,0,0,0,1,113,652,50,0,0,0,0,5,157,173,2,0,0,0,1,21,15,21,0,0,0,0,1,2,0,0
0.6687179487179488	0.6689685165068197	0.6687179487179488	0.6517376395472544	0.3237299318231801	0,0,5,6,1,0,0,1,3,46,16,1,0,0,0,2,457,196,3,0,0,0,2,126,667,37,2,0,0,0,14,146,156,1,0,0,0,2,26,11,21,0,0,0,0,0,2,0,0
