accuracy	precision	recall	f1	oob	confMatrxVars
0.5317948717948718	0.4378675861745423	0.5317948717948718	0.45780912666725815	0.4748185616890257	0,0,3,4,0,0,0,0,27,28,0,0,0,0,326,345,0,0,0,0,119,711,0,0,0,0,9,316,0,0,0,0,1,61,0,0
0.5353846153846153	0.42807681320774066	0.5353846153846153	0.46199184356638073	0.47547833736529577	0,0,3,2,0,0,0,0,0,22,34,0,0,0,0,0,347,296,0,0,0,0,0,150,697,0,0,0,0,0,11,327,0,0,0,0,0,1,57,0,0,0,0,0,0,3,0,0,0
0.5405128205128205	0.43248725705089947	0.5405128205128205	0.4711187877306173	0.4792170661974928	0,0,2,5,0,0,0,0,0,35,29,0,0,0,0,0,347,298,0,0,0,0,0,172,707,0,0,0,0,0,12,293,0,0,0,0,0,1,47,0,0,0,0,0,0,2,0,0,0
0.538974358974359	0.4229200270614968	0.538974358974359	0.4687429976518668	0.477457664394106	0,0,7,4,0,0,0,0,0,24,38,0,0,0,0,0,374,257,0,0,0,0,0,197,677,0,0,0,0,0,19,296,0,0,0,0,0,2,54,0,0,0,0,0,0,1,0,0,0
0.521025641025641	0.40747862149840564	0.521025641025641	0.4466265912883921	0.46954035627886515	0,0,4,8,0,0,0,0,0,31,27,0,0,0,0,0,341,294,0,0,0,0,0,165,675,0,0,0,0,0,19,326,0,0,0,0,0,0,58,0,0,0,0,0,0,2,0,0,0
0.5174358974358975	0.40938339891419795	0.5174358974358975	0.44390584438078007	0.4686606553771717	0,0,3,5,0,0,0,0,0,27,27,0,0,0,0,0,337,309,0,0,0,0,0,160,672,0,0,0,0,0,16,330,0,0,0,0,0,0,61,0,0,0,0,0,0,3,0,0,0
0.5246153846153846	0.4040689312318997	0.5246153846153846	0.4471508062738353	0.4688805806025951	0,0,3,8,0,0,0,0,0,36,39,0,0,0,0,0,332,273,0,0,0,0,0,164,691,0,0,0,0,0,13,330,0,0,0,0,0,0,60,0,0,0,0,0,0,1,0,0,0
0.5328205128205128	0.4187605439444404	0.5328205128205128	0.46464922379208096	0.47657796349241255	0,0,6,5,0,0,0,0,0,29,31,0,0,0,0,0,365,264,0,0,0,0,0,212,674,0,0,0,0,0,18,290,0,0,0,0,0,1,53,0,0,0,0,0,0,2,0,0,0
0.5287179487179487	0.42380168428464227	0.5287179487179487	0.45260701541211884	0.4739388607873323	0,0,7,8,0,0,0,0,0,29,35,0,0,0,0,0,331,318,0,0,0,0,0,129,700,0,0,0,0,0,10,318,0,0,0,0,0,0,64,0,0,0,0,0,0,1,0,0,0
0.5297435897435897	0.41393236546977863	0.5297435897435897	0.4577465729776515	0.471299758082252	0,0,4,6,0,0,0,0,0,34,40,0,0,0,0,0,365,268,0,0,0,0,0,187,668,0,0,0,0,0,12,305,0,0,0,0,0,1,57,0,0,0,0,0,0,3,0,0,0
0.5312820512820513	0.4284254810755078	0.5312820512820513	0.45922563656245113	0.4702001319551352	0,0,2,1,0,0,0,0,27,34,0,0,0,0,321,320,0,0,0,0,153,715,0,0,0,0,5,311,0,0,0,0,0,61,0,0
0.522051282051282	0.4099605975737529	0.522051282051282	0.44868189418121013	0.46954035627886515	0,0,6,5,0,0,0,0,0,30,39,0,0,0,0,0,360,291,0,0,0,0,0,166,658,0,0,0,0,0,19,315,0,0,0,0,0,0,60,0,0,0,0,0,0,1,0,0,0
0.5446153846153846	0.42781917926467183	0.5446153846153846	0.47394325625433653	0.4752584121398724	0,0,4,1,0,0,0,0,0,27,31,0,0,0,0,0,380,250,0,0,0,0,0,193,682,0,0,0,0,0,18,307,0,0,0,0,0,0,56,0,0,0,0,0,0,1,0,0,0
0.5287179487179487	0.41177683380992147	0.5287179487179487	0.45677574879742056	0.4653617769958214	0,0,4,5,0,0,0,0,0,26,38,0,0,0,0,0,370,260,0,0,0,0,0,194,661,0,0,0,0,0,18,319,0,0,0,0,0,1,52,0,0,0,0,0,0,2,0,0,0
0.541025641025641	0.4344727906247977	0.541025641025641	0.4709654519099099	0.47855729052122276	0,0,1,5,0,0,0,0,26,45,0,0,0,0,356,291,0,0,0,0,167,699,0,0,0,0,9,295,0,0,0,0,0,56,0,0
0.5302564102564102	0.42156339666195025	0.5302564102564102	0.4603123810453397	0.4702001319551352	0,0,3,7,0,0,0,0,0,28,27,0,0,0,0,0,353,290,0,0,0,0,0,181,681,0,0,0,0,0,9,317,0,0,0,0,0,0,53,0,0,0,0,0,0,1,0,0,0
0.538974358974359	0.4348541946965282	0.538974358974359	0.4663570372282952	0.47459863646360234	0,0,2,5,0,0,0,0,0,21,36,0,0,0,0,0,352,300,0,0,0,0,0,145,699,0,0,0,0,0,9,315,0,0,0,0,0,2,63,0,0,0,0,0,0,1,0,0,0
0.5302564102564102	0.4162745050333503	0.5302564102564102	0.4582574529725728	0.4728392346602155	0,0,6,9,0,0,0,0,0,28,28,0,0,0,0,0,366,274,0,0,0,0,0,180,668,0,0,0,0,0,14,314,0,0,0,0,0,1,59,0,0,0,0,0,0,3,0,0,0
0.5420512820512821	0.42922350371087525	0.5420512820512821	0.4707315371632529	0.47899714097206947	0,0,5,4,0,0,0,0,0,32,33,0,0,0,0,0,354,280,0,0,0,0,0,172,703,0,0,0,0,0,13,295,0,0,0,0,0,1,54,0,0,0,0,0,0,4,0,0,0
0.5353846153846153	0.4227386768148214	0.5353846153846153	0.4659818675191099	0.4739388607873323	0,0,4,3,0,0,0,0,0,29,35,0,0,0,0,0,373,272,0,0,0,0,0,192,671,0,0,0,0,0,19,293,0,0,0,0,0,0,58,0,0,0,0,0,0,1,0,0,0
0.5435897435897435	0.42804492266641186	0.5435897435897435	0.4727109059032281	0.4739388607873323	0,0,3,3,0,0,0,0,0,31,31,0,0,0,0,0,364,265,0,0,0,0,0,184,696,0,0,0,0,0,20,297,0,0,0,0,0,0,55,0,0,0,0,0,0,1,0,0,0
0.5276923076923077	0.41277653366931305	0.5276923076923077	0.45027715169322796	0.46910050582801843	0,0,5,4,0,0,0,0,0,31,41,0,0,0,0,0,328,292,0,0,0,0,0,146,701,0,0,0,0,0,12,326,0,0,0,0,0,1,60,0,0,0,0,0,0,3,0,0,0
0.5271794871794871	0.4205661797172833	0.5271794871794871	0.46157767747850686	0.474378711238179	0,0,5,8,0,0,0,0,0,24,36,0,0,0,0,0,366,288,0,0,0,0,0,210,662,0,0,0,0,0,14,285,0,0,0,0,0,1,49,0,0,0,0,0,0,2,0,0,0
0.5153846153846153	0.4224777801290869	0.5153846153846153	0.44219562853045546	0.4666813283483615	0,0,4,3,0,0,0,0,0,31,38,0,0,0,0,0,321,361,0,0,0,0,0,129,684,0,0,0,0,0,10,309,0,0,0,0,0,1,56,0,0,0,0,0,0,3,0,0,0
0.5184615384615384	0.4207924811475107	0.5184615384615384	0.4437463212201651	0.46690125357378487	0,0,2,4,0,0,0,0,0,27,43,0,0,0,0,0,339,331,0,0,0,0,0,128,672,0,0,0,0,0,11,331,0,0,0,0,0,0,60,0,0,0,0,0,0,2,0,0,0
