accuracy	precision	recall	f1	oob	confMatrxVars
0.6241025641025642	0.6247328853487645	0.6241025641025642	0.6005552020995389	0.36881460303496816	0,0,5,5,0,0,0,0,0,35,25,1,0,0,0,0,444,221,4,0,0,0,0,157,641,29,0,0,0,0,8,188,122,0,0,0,0,0,37,16,10,0,0,0,0,0,2,0,0
0.6328205128205128	0.6233302229112287	0.6328205128205128	0.6103547382722477	0.3765119859247855	0,0,6,3,0,0,0,0,0,37,26,0,0,0,0,1,442,193,5,0,0,0,0,162,659,42,0,0,0,0,8,198,125,0,0,0,0,0,23,11,8,0,0,0,0,0,1,0,0
0.6251282051282051	0.6246681584466462	0.6251282051282051	0.6011876096534811	0.3760721354739388	0,0,4,4,0,0,0,0,0,30,19,0,0,0,0,1,423,210,3,0,0,0,0,168,680,31,1,0,0,0,5,207,109,0,0,0,0,1,34,12,7,0,0,0,0,1,0,0,0
0.6394871794871795	0.655037355736162	0.6394871794871795	0.6190224569277366	0.38442929404002635	0,0,2,3,0,0,0,2,32,18,0,0,0,2,439,214,1,0,0,0,142,659,41,0,0,0,9,176,139,0,0,0,0,37,26,8
0.6241025641025642	0.6394399961203845	0.6241025641025642	0.6011881899606498	0.3776116120519023	0,0,2,5,0,0,0,2,39,26,0,0,2,2,430,220,2,0,0,1,144,654,34,0,0,0,9,191,121,0,0,0,1,37,18,10
0.6271794871794871	0.6464964005216619	0.6271794871794871	0.6044238952734827	0.36881460303496816	0,0,2,5,0,0,0,0,3,37,29,0,0,0,0,0,429,183,3,0,0,0,0,178,652,46,0,0,0,0,9,177,132,1,0,0,0,1,32,22,7,0,0,0,0,0,2,0,0
0.6210256410256411	0.6482540120085759	0.6210256410256411	0.5977607792047067	0.3740928084451287	0,0,4,4,0,0,0,0,2,25,21,1,0,0,0,0,422,224,3,0,0,0,0,151,669,38,0,0,0,0,9,208,112,0,0,0,0,1,33,16,6,0,0,0,0,1,0,0,0
0.6241025641025642	0.6254658125842085	0.6241025641025642	0.6019202936693839	0.37695183637563223	0,0,6,4,0,0,0,0,1,36,22,1,0,0,0,2,426,203,2,0,0,0,0,167,652,37,0,0,0,0,11,194,129,1,0,0,0,0,25,20,9,0,0,0,0,0,2,0,0
0.6266666666666667	0.6541635089681574	0.6266666666666667	0.6057408949690225	0.3725533318671652	0,0,4,5,0,0,0,0,2,41,21,1,0,0,0,0,438,195,2,0,0,0,0,149,624,52,0,0,0,0,12,199,149,0,0,0,0,0,33,12,9,0,0,0,0,1,1,0,0
0.6374358974358975	0.6556745534567002	0.6374358974358975	0.6182313972079365	0.3727732570925886	0,0,2,6,0,0,0,0,3,38,21,0,0,0,0,0,449,176,4,0,0,0,0,175,648,51,0,0,0,0,10,184,133,0,0,0,0,1,26,11,10,0,0,0,0,0,2,0,0
0.6323076923076923	0.6454054240677994	0.6323076923076923	0.6084497017534451	0.37695183637563223	0,0,2,7,0,0,0,0,2,44,22,0,0,0,0,1,452,192,3,0,0,0,0,155,646,44,0,0,0,0,13,180,125,0,0,0,0,1,34,18,8,0,0,0,0,0,1,0,0
0.6241025641025642	0.6473281008379185	0.6241025641025642	0.6008415294608693	0.381130415658676	0,0,4,2,0,0,0,0,2,39,16,0,0,0,0,0,420,209,7,0,0,0,0,145,665,39,0,0,0,0,11,206,119,1,0,0,0,1,33,18,11,0,0,0,0,1,1,0,0
0.6317948717948718	0.6526390038731594	0.6317948717948718	0.6083071057257565	0.3760721354739388	0,0,6,4,0,0,0,0,1,51,19,0,0,0,0,0,446,181,6,0,0,0,0,166,646,52,0,0,0,0,10,169,129,0,0,0,0,0,35,18,10,0,0,0,0,1,0,0,0
0.6364102564102564	0.6455986172521575	0.6364102564102564	0.6177400412043573	0.37827138772817237	0,0,5,4,0,0,0,2,34,22,1,0,0,1,438,222,8,0,0,0,132,664,58,0,0,0,7,174,128,1,0,0,0,26,14,9
0.6297435897435898	0.6450126819615593	0.6297435897435898	0.6047372821635197	0.3721134814163185	0,0,3,4,0,0,0,2,40,24,0,0,0,1,422,195,2,0,0,0,151,666,36,0,0,0,8,205,133,1,0,0,0,33,19,5
0.6317948717948718	0.6339881744951051	0.6317948717948718	0.6098793742107591	0.3760721354739388	0,0,3,4,0,0,0,0,1,31,29,0,0,0,0,2,439,205,2,1,0,0,0,148,653,45,0,0,0,0,8,196,134,0,0,0,0,1,24,18,5,0,0,0,0,0,1,0,0
0.617948717948718	0.629277589554794	0.617948717948718	0.5942708084754367	0.37739168682647894	0,0,0,3,0,0,0,0,2,39,22,1,0,0,0,2,433,217,2,0,0,0,0,161,649,39,0,0,0,0,7,196,116,1,0,0,0,0,39,13,5,0,0,0,0,3,0,0,0
0.637948717948718	0.6690683110936688	0.637948717948718	0.6120384675847105	0.3740928084451287	0,0,5,4,0,0,0,1,49,26,2,0,0,0,427,206,1,0,0,0,143,677,31,0,0,0,5,185,131,0,0,0,0,30,19,8
0.6282051282051282	0.6304725960558502	0.6282051282051282	0.6069283822708009	0.373652957994282	0,0,6,5,0,0,0,0,1,35,25,0,0,0,0,1,421,210,3,0,0,0,0,155,672,52,0,0,0,0,11,182,121,0,0,0,0,0,22,15,10,0,0,0,0,2,1,0,0
0.6169230769230769	0.6216153219631702	0.6169230769230769	0.5937420736953968	0.3756322850230921	0,0,5,5,0,0,0,0,1,36,31,1,0,0,0,1,412,194,4,0,0,0,0,165,645,50,0,0,0,0,17,187,135,0,0,0,0,0,26,22,10,0,0,0,0,1,2,0,0
0.6430769230769231	0.6651747002164698	0.6430769230769231	0.6205649960295584	0.381130415658676	0,0,2,5,0,0,0,0,1,45,17,1,0,0,0,0,423,183,2,0,0,0,0,154,677,47,0,0,0,0,12,180,146,0,0,0,0,0,31,14,7,0,0,0,0,2,1,0,0
0.6241025641025642	0.6307886443336828	0.6241025641025642	0.6014261841875281	0.38398944358917964	0,0,4,7,0,0,0,0,1,38,25,0,0,0,0,4,416,228,4,0,0,0,0,141,668,31,1,0,0,0,5,205,124,1,0,0,0,0,30,8,8,0,0,0,0,1,0,0,0
0.6261538461538462	0.6503912345613159	0.6261538461538462	0.6058333111925772	0.367495051682428	0,0,1,2,0,0,0,0,4,42,21,1,0,0,0,0,427,204,9,0,0,0,0,161,655,51,0,0,0,0,9,173,126,0,0,0,0,0,38,16,9,0,0,0,0,1,0,0,0
0.6292307692307693	0.6388847548353905	0.6292307692307693	0.6051923426407902	0.373652957994282	0,0,7,3,0,0,0,0,1,38,24,0,0,0,0,1,419,201,7,0,0,0,0,152,664,37,0,0,0,0,11,186,135,0,0,0,0,0,35,18,8,0,0,0,0,1,2,0,0
0.6328205128205128	0.6452793237866772	0.6328205128205128	0.6108966464460243	0.37783153727732566	0,0,3,6,0,0,0,1,38,22,1,0,0,0,424,211,5,0,0,1,144,667,38,0,0,0,15,189,132,0,0,0,0,31,12,10
