accuracy	precision	recall	f1	oob	confMatrxVars
0.6507692307692308	0.6557331343685052	0.6507692307692308	0.6325778912796214	0.3349461183197713	0,0,4,7,0,0,0,0,4,39,23,1,0,0,0,2,446,181,3,0,0,0,1,142,645,47,1,0,0,0,11,174,162,1,0,0,0,1,25,16,12,0,0,0,0,1,1,0,0
0.6574358974358975	0.6698494264662916	0.6574358974358975	0.6429388845785738	0.33318671651638443	0,0,6,3,0,0,1,6,38,16,0,0,0,1,473,187,4,0,0,0,150,637,46,1,0,0,5,173,154,2,0,0,0,21,14,12
0.661025641025641	0.6672039092706099	0.661025641025641	0.645948435775724	0.3419837255333187	0,1,1,8,0,0,0,0,3,33,24,0,0,0,0,1,428,195,5,0,0,0,1,139,671,50,0,0,0,0,6,150,167,0,0,0,0,0,31,14,20,0,0,0,0,1,1,0,0
0.6348717948717949	0.66807790667477	0.6348717948717949	0.6122587356982996	0.335385968770618	0,0,2,5,0,0,0,0,1,41,31,1,0,0,0,0,439,223,2,0,0,0,0,130,636,41,0,0,0,0,8,163,151,1,0,0,0,0,43,18,11,0,0,0,0,1,2,0,0
0.6748717948717948	0.6739122566183973	0.6748717948717948	0.6602589433058813	0.34374312733670553	0,0,7,5,0,0,0,1,3,29,15,2,0,0,0,1,458,179,4,0,0,0,2,130,680,60,0,0,0,0,13,139,157,0,0,0,0,0,19,25,18,0,0,0,0,2,1,0,0
0.6661538461538462	0.6649208975828371	0.6661538461538462	0.6476628921874719	0.3389047723773917	0,0,8,6,2,0,0,1,3,40,20,0,0,0,0,1,455,156,4,0,0,0,1,143,666,60,0,0,0,0,5,153,158,2,0,0,0,0,33,14,17,0,0,0,0,2,0,0,0
0.6558974358974359	0.6622370526480116	0.6558974358974359	0.6414172387175817	0.338464921926545	0,0,4,6,0,0,0,0,6,36,23,0,0,0,0,2,449,184,4,0,0,0,0,157,652,66,0,0,0,0,11,139,161,0,0,0,0,0,18,20,11,0,0,0,0,0,1,0,0
0.6682051282051282	0.6866853638086476	0.6682051282051282	0.649889081872998	0.35451946338245	0,0,3,3,0,0,0,0,4,43,30,0,0,0,0,0,447,172,3,0,0,0,0,136,657,54,1,0,0,0,5,149,183,1,0,0,0,0,26,19,12,0,0,0,0,1,1,0,0
0.6758974358974359	0.6832080014050421	0.6758974358974359	0.6594896230691665	0.3459423795909391	0,0,4,2,0,0,0,1,3,35,12,0,0,0,0,1,472,172,6,0,0,0,0,139,676,46,0,0,0,0,10,145,151,2,0,0,0,1,34,20,16,0,0,0,1,0,1,0,0
0.6574358974358975	0.6629401508073574	0.6574358974358975	0.6432178033035295	0.3474818561689026	0,0,6,2,0,0,0,1,3,26,20,1,0,0,0,0,448,190,1,0,0,0,2,164,653,44,1,0,0,0,5,154,162,1,0,0,0,1,25,21,16,0,0,0,0,1,2,0,0
0.6415384615384615	0.6642095140790524	0.6415384615384615	0.6186320052298151	0.3364855948977348	0,0,2,5,0,0,0,0,2,49,23,0,0,0,0,0,459,176,5,0,0,0,0,135,640,47,1,0,0,0,3,201,134,0,0,0,0,1,26,23,16,0,0,0,0,0,2,0,0
0.6707692307692308	0.6698158558386212	0.6707692307692308	0.6570137359589235	0.3479217066197493	0,0,6,5,0,0,0,0,4,31,19,0,0,0,0,2,472,170,4,0,0,0,2,152,660,58,0,0,0,0,5,151,159,1,0,0,0,0,25,10,13,0,0,0,0,0,1,0,0
0.6492307692307693	0.6506160468876621	0.6492307692307693	0.6328872087265093	0.3334066417418078	0,0,7,5,0,0,0,1,36,18,1,0,0,1,445,189,7,0,0,0,144,654,69,0,0,0,5,166,153,0,0,0,0,28,8,13
0.6579487179487179	0.6702136605283459	0.6579487179487179	0.6436972255013856	0.34660215526720917	0,0,2,8,0,0,0,0,6,31,22,0,0,0,0,1,458,188,4,0,0,0,1,156,633,50,0,0,0,0,4,148,174,1,0,0,0,0,36,13,12,0,0,0,0,1,1,0,0
0.6702564102564103	0.6793327666477793	0.6702564102564103	0.6530843318917807	0.3419837255333187	0,0,2,5,0,0,0,1,3,32,20,2,0,0,0,1,474,162,4,0,0,0,0,166,660,37,0,0,0,0,9,154,159,1,0,0,0,1,27,15,11,0,0,0,0,2,2,0,0
0.6671794871794872	0.6603853657698916	0.6671794871794872	0.6513986412929175	0.3435232021112822	0,0,6,3,0,0,0,0,1,35,19,1,0,0,0,2,451,186,4,0,0,0,0,147,672,57,1,0,0,0,12,131,161,1,0,0,0,0,26,16,16,0,0,0,0,0,2,0,0
0.6671794871794872	0.6737601225306635	0.6671794871794872	0.651037891289109	0.34506267868924567	0,0,2,5,1,0,0,3,38,22,1,0,0,0,482,173,9,0,0,1,132,654,61,0,0,0,11,162,148,0,0,0,0,16,15,14
0.6630769230769231	0.6718882944806378	0.6630769230769231	0.645769842651633	0.33956454805366176	0,0,7,3,0,0,0,0,2,37,23,0,0,0,0,1,432,179,3,0,0,0,0,141,666,49,0,0,0,0,4,159,175,1,0,0,0,0,33,14,18,0,0,0,0,0,3,0,0
0.6641025641025641	0.668623580044083	0.6641025641025641	0.6482112272981594	0.33670552012315813	0,0,4,5,0,0,0,4,44,19,1,0,0,1,468,176,4,0,0,1,151,653,51,0,0,0,9,152,153,1,0,0,0,19,17,17
0.6641025641025641	0.6694481659852289	0.6641025641025641	0.6465242489933865	0.34110402463162526	0,1,4,7,0,0,0,0,7,42,18,0,0,0,0,2,477,167,4,0,0,0,1,151,657,34,1,0,0,0,8,178,140,1,0,0,0,0,19,14,14,0,0,0,0,3,0,0,0
0.6646153846153846	0.6638798064760653	0.6646153846153846	0.6504175891141495	0.3393446228282384	0,0,5,4,0,0,0,0,5,37,27,0,0,0,0,3,442,173,5,0,0,0,0,156,662,66,0,0,0,0,8,132,172,2,0,0,0,0,22,11,15,0,0,0,0,1,2,0,0
0.6702564102564103	0.6693765260320945	0.6702564102564103	0.656507798357248	0.35078073455025294	0,1,1,2,0,0,0,0,4,37,20,2,0,0,0,4,446,188,10,0,0,0,1,129,671,61,1,0,0,0,5,136,171,0,0,0,0,0,25,18,15,0,0,0,0,1,1,0,0
0.6697435897435897	0.6830788604962558	0.6697435897435897	0.6540956878421856	0.33956454805366176	0,0,5,3,1,0,0,0,5,33,26,0,0,0,0,1,476,189,5,0,0,0,1,139,655,34,0,0,0,0,3,163,156,1,0,0,0,0,23,16,14,0,0,0,0,1,0,0,0
0.6512820512820513	0.6611727950898815	0.6512820512820513	0.6358118402839963	0.3318671651638443	0,0,6,1,0,0,0,0,4,38,19,0,0,0,0,2,425,189,2,0,0,0,0,147,663,53,0,0,0,0,7,172,160,0,0,0,0,0,25,16,18,0,0,0,0,2,1,0,0
0.6666666666666666	0.6750517394396706	0.6666666666666666	0.649720194526337	0.34506267868924567	0,0,2,4,0,0,0,0,3,48,20,0,0,0,0,2,456,179,2,0,0,0,0,150,656,34,0,0,0,0,17,150,166,1,0,0,0,0,21,19,19,0,0,0,0,0,1,0,0
