accuracy	precision	recall	f1	oob	confMatrxVars
0.6702564102564103	0.6737583973102138	0.6702564102564103	0.6569741321448814	0.3243897074994502	0,0,9,2,0,0,0,0,7,29,26,3,0,0,0,2,454,167,7,0,0,0,1,142,645,59,0,0,0,0,8,141,181,3,0,0,0,0,27,16,20,0,0,0,0,1,0,0,0
0.6943589743589743	0.6998046443514078	0.6943589743589743	0.6824370029333672	0.33912469760281505	0,0,8,5,0,0,0,0,9,31,24,1,0,0,0,2,440,170,3,0,0,0,0,130,690,49,1,0,0,0,3,125,186,3,0,0,0,0,23,17,29,0,0,0,0,1,0,0,0
0.6615384615384615	0.66775781120469	0.6615384615384615	0.649543010271187	0.32504948317572024	0,1,4,3,0,0,0,0,8,38,20,0,0,0,0,1,443,189,3,0,0,0,1,149,653,61,0,0,0,0,7,139,162,1,0,0,0,0,23,17,24,0,0,0,0,1,2,0,0
0.6687179487179488	0.6744445968007725	0.6687179487179488	0.6560928787037424	0.3307675390367275	0,0,5,3,0,0,0,0,4,42,13,0,0,0,0,1,425,203,4,0,0,0,1,138,670,49,1,0,0,0,12,137,185,2,0,0,0,0,21,13,20,0,0,0,0,0,1,0,0
0.6676923076923077	0.68252541491671	0.6676923076923077	0.6521063394120085	0.3217506047943699	0,0,8,2,0,0,0,1,8,36,27,0,0,0,0,1,467,186,2,0,0,0,0,133,652,45,1,0,0,0,10,150,157,0,0,0,0,0,20,24,18,0,0,0,0,2,0,0,0
0.6851282051282052	0.6947750487285165	0.6851282051282052	0.6742667634450505	0.33362656696723114	0,0,5,4,1,0,0,0,10,34,21,0,0,0,0,0,459,174,7,0,0,0,0,140,685,59,0,0,0,0,5,136,157,0,0,0,0,0,12,14,25,0,0,0,0,1,1,0,0
0.6702564102564103	0.667196085626716	0.6702564102564103	0.6574624734319925	0.33604574444688806	0,1,6,2,0,0,0,0,4,32,22,0,0,0,0,5,424,194,5,0,0,0,1,134,679,54,0,0,0,0,10,137,182,2,0,0,0,1,18,17,18,0,0,0,0,2,0,0,0
0.6574358974358975	0.6628446632389452	0.6574358974358975	0.6456262561833108	0.3232900813723334	0,0,7,4,0,0,0,0,7,27,22,1,0,0,0,2,447,195,6,0,0,0,2,140,635,58,0,0,0,0,10,154,178,2,0,0,0,1,22,13,15,0,0,0,0,1,1,0,0
0.701025641025641	0.7069550303087181	0.701025641025641	0.6924363185647694	0.3448427534638223	0,0,8,3,0,0,0,1,9,23,12,2,0,0,0,0,453,184,5,0,0,0,1,108,695,68,1,0,0,0,3,131,194,2,0,0,0,0,17,13,16,0,0,0,0,1,0,0,0
0.6907692307692308	0.6908733338740949	0.6907692307692308	0.6757214280000593	0.335385968770618	0,0,4,4,0,0,0,4,40,18,0,0,0,2,484,158,6,0,0,1,140,685,43,0,0,0,9,140,155,1,0,0,0,18,19,19
0.6835897435897436	0.6874899180164172	0.6835897435897436	0.6674092308167491	0.3378051462502749	0,0,6,5,1,0,0,0,6,35,26,1,0,0,0,2,489,173,4,0,0,0,1,113,655,45,2,0,0,0,9,147,166,3,0,0,0,1,26,15,17,0,0,0,0,2,0,0,0
0.6856410256410257	0.7002709848385653	0.6856410256410257	0.6729574802736881	0.33560589399604135	0,0,4,6,0,0,0,0,9,34,28,1,0,0,0,1,454,187,2,0,0,0,0,130,676,41,2,0,0,0,5,138,179,1,0,0,0,1,21,10,19,0,0,0,0,1,0,0,0
0.678974358974359	0.6757356290871338	0.678974358974359	0.6658450620569022	0.33010776336045744	0,0,6,3,0,0,0,0,5,37,13,1,0,0,0,3,461,175,2,1,0,0,1,118,681,65,2,0,0,0,9,153,155,2,0,0,0,1,17,16,22,0,0,0,0,0,1,0,0
0.6651282051282051	0.6776257667817652	0.6651282051282051	0.6503658122213868	0.32702881020453045	0,0,4,7,0,0,0,0,8,40,15,0,0,0,0,1,442,185,5,0,0,0,1,134,658,47,0,0,0,0,7,160,174,0,0,0,0,0,21,24,15,0,0,0,0,2,0,0,0
0.6825641025641026	0.686019920890479	0.6825641025641026	0.6681686105926524	0.3241697822740268	0,0,7,6,0,0,0,0,10,40,18,2,0,0,0,0,456,164,9,0,0,0,0,118,677,58,0,0,0,2,4,143,168,5,0,0,0,0,24,18,20,0,0,0,0,0,1,0,0
0.6579487179487179	0.6640279519009571	0.6579487179487179	0.6431056191551471	0.3213107543435232	0,0,5,6,1,0,0,0,4,38,16,3,0,0,0,1,432,192,6,0,0,0,0,148,663,56,2,0,0,0,4,146,167,1,0,0,0,0,26,14,17,0,0,0,0,1,1,0,0
0.6764102564102564	0.6853688431049823	0.6764102564102564	0.6648330075887178	0.3276885858808005	0,0,4,5,0,0,0,0,10,36,17,1,0,0,0,1,428,174,3,0,0,0,0,143,668,51,2,0,0,0,5,144,194,3,0,0,0,1,20,20,19,0,0,0,0,1,0,0,0
0.6764102564102564	0.6811114333414845	0.6764102564102564	0.663244064605172	0.33208709038926765	0,0,3,5,0,0,0,0,9,35,21,1,0,0,0,4,430,180,3,0,0,0,0,125,697,59,0,0,0,0,4,151,166,1,0,0,0,1,18,18,17,0,0,0,0,1,1,0,0
0.6835897435897436	0.6883585592618078	0.6835897435897436	0.6745338068253987	0.3417638003078953	0,0,5,4,0,0,0,1,9,32,13,1,0,0,0,2,478,193,7,0,0,0,2,128,656,61,1,0,0,0,6,127,171,0,0,0,0,0,18,15,19,0,0,0,0,0,1,0,0
0.678974358974359	0.6896895164359514	0.678974358974359	0.6631158233815846	0.3364855948977348	0,0,5,5,0,0,0,0,8,40,19,1,0,0,0,1,447,179,1,0,0,0,0,133,686,45,0,0,0,0,4,144,169,2,0,0,0,0,24,20,14,0,0,0,1,2,0,0,0
0.6774358974358974	0.683692169237764	0.6774358974358974	0.6652852037017732	0.3362656696723114	0,0,5,5,0,0,0,9,35,32,0,0,0,3,459,167,3,0,0,0,150,652,53,2,0,0,6,143,183,0,0,0,0,14,11,18
0.6851282051282052	0.6889971857586507	0.6851282051282052	0.6741940737742308	0.34220365075874204	0,0,4,5,0,0,0,0,9,29,18,1,0,0,0,2,483,178,5,1,0,0,2,138,662,45,0,0,0,0,11,137,163,2,0,0,0,0,20,15,19,0,0,0,0,0,1,0,0
0.6835897435897436	0.6915588224198536	0.6835897435897436	0.6729230073077396	0.329228062458764	0,0,4,5,0,0,0,0,11,30,23,0,0,0,0,3,490,170,4,0,0,0,0,138,641,53,0,0,0,0,7,139,168,1,0,0,0,1,21,16,23,0,0,0,0,1,1,0,0
0.68	0.6831594035740003	0.68	0.6670432167511556	0.329228062458764	0,0,3,3,0,0,0,0,9,36,18,0,0,0,0,3,464,173,2,0,0,0,2,142,681,45,1,0,0,0,10,143,156,2,0,0,0,0,25,14,16,0,0,0,1,0,1,0,0
0.6805128205128205	0.6926673489722683	0.6805128205128205	0.6707380633348836	0.32307015614691004	0,0,1,3,0,0,0,1,11,40,16,1,0,0,2,2,453,174,2,0,0,0,0,145,665,49,0,0,0,0,11,142,173,0,0,0,0,0,13,20,25,0,0,0,0,0,1,0,0
