accuracy	precision	recall	f1	oob	confMatrxVars
0.6230769230769231	0.6545916003942877	0.6230769230769231	0.5997448281521732	0.3681548273586981	0,0,1,4,1,0,0,0,2,40,24,0,0,0,0,0,426,213,3,0,0,0,0,168,653,26,0,0,0,0,8,196,127,0,0,0,0,0,28,21,7,0,0,0,0,1,1,0,0
0.6133333333333333	0.6438330847100238	0.6133333333333333	0.5896181330561265	0.3745326588959754	0,0,6,4,0,0,0,0,2,39,21,0,0,0,0,0,409,210,3,0,0,0,0,155,648,42,0,0,0,0,2,219,129,0,0,0,0,1,36,14,8,0,0,0,0,0,2,0,0
0.6353846153846154	0.6239474680617517	0.6353846153846154	0.6095504086896097	0.3732131075434353	0,0,5,4,0,0,0,0,0,48,25,1,0,0,0,0,428,173,5,0,0,0,0,155,662,43,0,0,0,0,8,187,138,0,0,0,0,1,38,17,11,0,0,0,0,1,0,0,0
0.6307692307692307	0.6532025688852753	0.6307692307692307	0.6072514627762577	0.36881460303496816	0,0,5,2,0,0,0,0,1,47,20,0,0,0,0,0,435,199,5,0,0,0,0,166,670,43,0,0,0,0,7,182,117,0,0,0,0,0,30,13,7,0,0,0,0,1,0,0,0
0.6282051282051282	0.6229520468737908	0.6282051282051282	0.6063694497869735	0.373652957994282	0,0,1,7,0,0,0,0,0,37,20,1,0,0,0,1,434,229,2,0,0,0,0,139,652,48,1,0,0,0,10,179,133,0,0,0,0,1,33,14,6,0,0,0,0,1,1,0,0
0.6256410256410256	0.6337692631235621	0.6256410256410256	0.6053307939061693	0.37739168682647894	0,0,3,3,0,0,0,0,1,35,25,1,0,0,0,1,431,206,2,0,0,0,0,178,638,41,0,0,0,0,7,175,143,1,0,0,0,0,33,17,7,0,0,0,0,1,1,0,0
0.6317948717948718	0.6476664200083618	0.6317948717948718	0.6055685330110713	0.37981086430613586	0,0,4,3,0,0,0,1,44,29,0,0,0,1,441,206,4,0,0,0,135,661,28,0,0,0,6,212,120,1,0,0,0,30,15,9
0.6394871794871795	0.6446796862000003	0.6394871794871795	0.616741090720883	0.3791510886298658	0,0,5,6,0,0,0,0,1,36,24,0,0,0,0,1,446,204,1,0,0,0,0,143,671,40,0,0,0,0,8,190,117,1,0,0,0,1,23,18,12,0,0,0,0,2,0,0,0
0.6461538461538462	0.6596435003082406	0.6461538461538462	0.6225018519870571	0.37497250934682214	0,0,4,3,0,0,0,0,2,40,24,1,0,0,0,2,444,182,6,0,0,0,0,146,678,29,0,0,0,0,9,202,127,0,0,0,0,0,32,8,9,0,0,0,0,2,0,0,0
0.6271794871794871	0.6367334546547279	0.6271794871794871	0.6033673922156155	0.37431273367055207	0,0,5,4,0,0,0,0,3,32,24,0,0,0,0,5,428,199,2,0,0,0,0,159,671,31,0,0,0,0,10,205,113,0,0,0,0,0,34,14,8,0,0,0,0,0,3,0,0
0.6215384615384615	0.6337897745261439	0.6215384615384615	0.5939791155722455	0.373652957994282	0,0,3,5,0,0,0,1,51,22,0,0,0,2,441,191,3,0,0,0,132,633,35,0,0,0,11,229,127,1,0,0,0,39,14,10
0.6492307692307693	0.6775333897190813	0.6492307692307693	0.6245595441496975	0.3831097426874862	0,0,1,3,0,0,0,1,46,21,1,0,0,0,443,197,2,0,0,0,138,680,39,0,0,0,11,166,135,0,0,0,1,39,19,7
0.6410256410256411	0.6732486506774932	0.6410256410256411	0.6164864249766271	0.37541235979766874	0,0,5,4,0,0,0,0,3,32,31,0,0,0,0,0,447,204,4,0,0,0,0,140,671,22,1,0,0,0,5,205,123,0,0,0,0,0,31,14,6,0,0,0,0,1,1,0,0
0.6312820512820513	0.6326282730216568	0.6312820512820513	0.6088543132189149	0.370574004838355	0,0,5,2,0,0,0,0,1,33,28,0,0,0,0,1,408,211,10,0,0,0,1,139,677,52,0,0,0,0,17,170,140,0,0,0,0,0,29,20,5,0,0,0,0,0,1,0,0
0.6276923076923077	0.6191722862692375	0.6276923076923077	0.6027626535626597	0.37079393006377837	0,0,5,5,0,0,0,0,0,36,29,1,0,0,0,2,448,204,1,0,0,0,0,159,638,34,0,0,0,0,11,184,133,1,0,0,0,0,31,21,5,0,0,0,0,1,1,0,0
0.6302564102564102	0.64299314916812	0.6302564102564102	0.6096009490265363	0.3787112381790191	0,0,5,2,0,0,0,0,3,41,18,0,0,0,0,2,428,205,1,0,0,0,0,167,653,39,0,0,0,0,13,176,138,0,0,0,0,0,32,17,7,0,0,0,0,0,3,0,0
0.6312820512820513	0.6365129605020726	0.6312820512820513	0.606321974967364	0.3721134814163185	0,0,2,5,0,0,0,0,2,52,21,0,0,0,0,0,433,182,4,0,0,0,1,161,666,51,0,0,0,0,14,173,124,1,0,0,0,1,33,16,6,0,0,0,0,1,1,0,0
0.6271794871794871	0.6421469080925546	0.6271794871794871	0.6038144930855452	0.36925445348581487	0,0,7,4,0,0,0,0,2,41,25,0,0,0,0,0,422,217,4,0,0,0,1,139,660,42,0,0,0,0,12,182,130,1,0,0,0,0,37,14,9,0,0,0,0,1,0,0,0
0.6210256410256411	0.6293681111796506	0.6210256410256411	0.5978465416305546	0.373652957994282	0,1,3,6,0,0,0,0,1,40,23,0,0,0,0,2,472,189,0,0,0,0,0,178,595,35,0,0,0,0,12,190,135,0,0,0,0,0,39,20,8,0,0,0,0,1,0,0,0
0.6333333333333333	0.660614362165578	0.6333333333333333	0.6100433224674582	0.3776116120519023	0,0,3,1,0,0,0,0,3,36,29,0,0,0,0,0,428,212,2,0,0,0,0,142,675,37,1,0,0,0,12,190,121,0,0,0,0,0,32,17,8,0,0,0,0,1,0,0,0
0.6302564102564102	0.64540047780716	0.6302564102564102	0.6068225339930534	0.3696943039366616	0,0,5,1,0,0,0,0,2,37,24,0,0,0,0,1,432,195,5,0,0,0,0,174,663,32,0,0,0,0,10,181,126,0,0,0,0,0,33,22,6,0,0,0,0,0,1,0,0
0.6117948717948718	0.6200341021136329	0.6117948717948718	0.5902428937840292	0.3641961733010777	0,0,5,6,0,0,0,0,2,39,27,1,0,0,0,2,425,182,9,0,0,0,0,185,605,51,0,0,0,0,8,176,150,0,0,0,0,1,40,23,11,0,0,0,0,0,2,0,0
0.6251282051282051	0.6369508021910044	0.6251282051282051	0.6019494408371255	0.37739168682647894	0,0,7,5,0,0,0,0,2,42,25,0,0,0,0,1,434,200,2,0,0,0,1,167,646,32,0,0,0,0,13,185,126,0,0,0,0,1,32,17,11,0,0,0,0,1,0,0,0
0.6215384615384615	0.6460362159773936	0.6215384615384615	0.5982599930813611	0.37497250934682214	0,0,4,4,0,0,0,0,2,37,22,1,0,0,0,0,426,211,4,0,0,0,0,166,648,31,0,0,0,0,10,186,127,1,0,0,0,0,33,25,9,0,0,0,0,2,1,0,0
0.6333333333333333	0.6620360672318161	0.6333333333333333	0.6111255308957032	0.3751924345722454	0,0,5,1,0,0,0,0,2,43,20,0,0,0,0,0,440,197,2,0,0,0,0,180,655,27,0,0,0,0,7,188,133,0,0,0,0,0,26,18,5,0,0,0,0,0,1,0,0
