accuracy	precision	recall	f1	oob	confMatrxVars
0.678974358974359	0.6886757435578422	0.678974358974359	0.6648403379752459	0.3279085111062239	0,1,6,5,0,0,0,0,7,38,21,0,0,0,0,1,464,187,4,0,0,0,0,121,671,45,0,0,0,0,8,159,158,1,0,0,0,0,16,11,24,0,0,0,1,0,1,0,0
0.6887179487179487	0.6945551091489764	0.6887179487179487	0.6727495745362876	0.3327468660655377	0,1,4,2,0,0,0,6,46,22,2,0,0,2,484,167,3,0,0,0,123,671,43,1,0,0,10,146,163,0,0,0,1,18,16,19
0.6682051282051282	0.675820105653327	0.6682051282051282	0.6527018199613912	0.3329667912909611	0,0,5,3,0,0,0,1,5,36,22,1,0,0,0,3,443,189,4,1,0,0,0,129,673,39,1,0,0,0,12,158,161,0,0,0,0,2,19,20,21,0,0,0,0,2,0,0,0
0.6656410256410257	0.6715316780283576	0.6656410256410257	0.6517966252615426	0.32394985704860346	0,0,5,5,0,0,1,6,37,23,1,0,0,2,454,186,3,0,0,1,140,653,47,0,0,0,7,158,165,4,0,0,1,16,15,20
0.6651282051282051	0.67336722588586	0.6651282051282051	0.6497640130532295	0.3252694084011436	0,0,9,3,0,0,0,0,6,38,21,1,0,0,0,1,429,162,0,0,0,0,1,154,661,44,1,0,0,0,12,159,178,1,0,0,0,1,23,19,23,0,0,0,0,1,2,0,0
0.6897435897435897	0.6875698865764877	0.6897435897435897	0.675983457821076	0.3378051462502749	0,1,5,6,0,0,0,8,33,18,4,0,0,3,464,142,6,1,0,1,152,675,38,1,0,0,11,138,180,3,0,0,0,21,21,18
0.6784615384615384	0.6914962595694296	0.6784615384615384	0.6643950531737637	0.33098746426215087	0,0,7,1,1,0,1,7,37,23,1,0,0,0,440,176,3,0,0,1,132,686,45,1,0,0,7,153,167,2,0,0,0,25,11,23
0.6712820512820513	0.6806223018526015	0.6712820512820513	0.656756889010356	0.3318671651638443	0,0,4,3,0,0,0,9,39,30,1,0,0,2,456,191,6,0,0,2,110,659,47,2,0,0,10,156,167,2,0,0,0,19,17,18
0.6733333333333333	0.6797342406972383	0.6733333333333333	0.6563251830354359	0.33604574444688806	0,1,3,4,0,0,0,0,4,35,19,1,0,0,0,1,438,182,5,0,0,0,1,110,685,49,1,0,0,0,9,161,168,0,0,0,0,0,27,25,18,0,0,0,0,2,1,0,0
0.6851282051282052	0.6897855410247092	0.6851282051282052	0.6727142729506991	0.33010776336045744	0,0,6,5,0,0,0,8,30,22,0,0,0,3,452,172,4,0,0,0,124,679,50,1,0,0,10,148,176,3,0,0,0,19,17,21
0.6743589743589744	0.6859216378767357	0.6743589743589744	0.6642688856888994	0.3307675390367275	0,1,3,4,0,0,0,0,8,31,21,0,0,0,0,1,446,206,2,0,0,0,1,127,657,51,0,0,0,0,6,149,181,0,0,0,0,0,15,14,23,0,0,0,0,2,1,0,0
0.6794871794871795	0.6877613574926563	0.6794871794871795	0.6673310221269594	0.33054761381130415	0,0,3,6,0,0,0,0,7,28,19,2,0,0,0,2,451,190,4,0,0,0,1,120,674,51,0,0,0,0,9,139,168,2,0,0,0,0,26,22,25,0,0,0,0,1,0,0,0
0.6733333333333333	0.6783640227395968	0.6733333333333333	0.6586196173693823	0.3296679129096107	0,0,2,5,1,0,0,0,8,46,23,2,0,0,0,2,452,183,2,0,0,0,1,138,666,45,0,0,0,0,11,136,167,4,0,0,0,1,16,18,20,0,0,0,0,0,1,0,0
0.6656410256410257	0.6719551370557647	0.6656410256410257	0.6516350631252954	0.33054761381130415	0,0,8,5,0,0,0,0,8,35,26,0,0,0,0,2,444,165,4,0,0,0,0,142,657,61,1,0,0,0,10,159,169,0,0,0,0,0,17,16,20,0,0,0,0,0,1,0,0
0.6625641025641026	0.6651965683921696	0.6625641025641026	0.647644896862702	0.33406641741807785	0,0,1,6,0,0,0,0,6,36,21,2,0,0,0,2,438,184,5,0,0,0,1,106,669,65,3,0,0,0,17,165,157,4,0,0,0,0,21,18,22,0,0,0,0,0,1,0,0
0.681025641025641	0.6913616120192647	0.681025641025641	0.6666277639908826	0.335385968770618	0,0,6,6,0,0,0,0,9,39,14,2,0,0,0,1,455,164,3,0,0,0,0,132,680,47,0,0,0,0,8,162,166,1,0,0,0,0,20,16,18,0,0,0,0,0,1,0,0
0.6646153846153846	0.6854654839391928	0.6646153846153846	0.651535760486343	0.3276885858808005	0,0,3,3,0,0,0,7,35,17,1,0,0,0,461,183,5,0,0,0,152,647,40,0,0,0,7,161,160,1,0,0,0,29,17,21
0.6733333333333333	0.6836582665080027	0.6733333333333333	0.6573327244383993	0.3252694084011436	0,0,3,5,0,0,0,1,9,41,30,0,0,0,0,1,453,179,6,0,0,0,2,140,682,38,0,0,0,0,10,135,149,0,0,0,0,0,24,20,20,0,0,0,0,0,2,0,0
0.6676923076923077	0.6830610283382603	0.6676923076923077	0.6524759795438367	0.32043105344182976	0,0,4,5,0,0,0,0,5,40,34,0,0,0,0,1,454,200,2,0,0,0,0,126,649,49,0,0,0,0,9,147,173,2,0,0,0,1,14,13,21,0,0,0,0,1,0,0,0
0.6702564102564103	0.6720188807540762	0.6702564102564103	0.6579403015990335	0.32746866065537716	0,0,2,3,0,0,0,0,8,36,17,2,0,0,0,6,443,187,3,0,0,0,2,136,675,46,0,0,0,0,8,149,160,3,0,0,0,0,22,19,21,0,0,0,0,1,1,0,0
0.676923076923077	0.6917835526494684	0.676923076923077	0.6608793404470783	0.3287882120079173	0,0,3,6,0,0,0,1,7,39,22,1,0,0,0,1,461,195,1,0,0,0,1,105,673,45,0,0,0,0,10,158,164,1,0,0,0,1,22,16,15,0,0,0,0,0,2,0,0
0.6871794871794872	0.6885207671293883	0.6871794871794872	0.6756064686596945	0.3364855948977348	0,1,6,6,0,0,0,0,7,33,12,0,0,0,0,2,483,176,5,1,0,0,0,137,668,48,2,0,0,0,7,137,161,1,0,0,0,0,23,11,21,0,0,0,0,1,1,0,0
0.6656410256410257	0.6750157717077399	0.6656410256410257	0.6532284800697303	0.3307675390367275	0,0,6,2,0,0,0,0,10,42,21,1,0,0,0,0,439,167,4,0,0,0,2,157,649,58,0,0,0,0,11,137,178,2,0,0,0,1,24,16,22,0,0,0,0,1,0,0,0
0.6825641025641026	0.686812001656726	0.6825641025641026	0.6704370139688118	0.3338464921926545	0,0,4,4,0,0,0,8,34,22,0,0,0,6,487,165,5,0,0,0,126,639,55,0,0,0,5,153,180,1,0,0,0,19,20,17
0.6661538461538462	0.6695387309367562	0.6661538461538462	0.6510956534278202	0.3279085111062239	0,0,7,4,0,0,0,1,7,40,28,0,0,0,0,3,457,196,4,0,0,0,2,121,664,54,0,0,0,0,6,153,155,1,0,0,0,0,16,13,16,0,0,0,0,1,1,0,0
