accuracy	precision	recall	f1	oob	confMatrxVars
0.5815384615384616	0.5538127347204252	0.5815384615384616	0.5487825490028347	0.41565867605014295	0,0,5,7,0,0,0,0,0,35,19,0,0,0,0,0,428,202,3,0,0,0,0,218,623,30,0,0,0,0,11,230,83,0,0,0,0,0,43,12,0,0,0,0,0,0,1,0,0
0.5820512820512821	0.554222813879549	0.5820512820512821	0.5433577191748619	0.41411919947217946	0,0,4,6,0,0,0,0,0,27,31,0,0,0,0,0,398,245,1,0,0,0,0,146,663,31,0,0,0,0,15,241,74,0,0,0,0,0,47,19,0,0,0,0,0,2,0,0,0
0.5805128205128205	0.5798324964341298	0.5805128205128205	0.5445912463336834	0.4174180778535298	0,0,3,8,0,0,0,0,1,39,29,0,0,0,0,0,388,215,1,0,0,0,0,171,650,37,0,0,0,0,8,238,93,0,0,0,0,0,48,20,0,0,0,0,0,0,1,0,0
0.5876923076923077	0.5567886919775165	0.5876923076923077	0.5496006060162646	0.42027710578403343	0,0,7,7,0,0,0,0,0,38,27,0,0,0,0,0,417,228,1,0,0,0,0,162,654,29,0,0,0,0,12,236,75,0,0,0,0,0,39,17,0,0,0,0,0,1,0,0,0
0.5764102564102564	0.5456960608902345	0.5764102564102564	0.5368672271877968	0.4127996481196393	0,0,7,4,0,0,0,0,0,36,33,0,0,0,0,0,416,221,0,0,0,0,0,174,634,29,0,0,0,0,10,247,74,0,0,0,0,2,47,15,0,0,0,0,0,0,1,0,0
0.5897435897435898	0.5933750580205791	0.5897435897435898	0.5548927397024439	0.41939740488234	0,0,4,6,0,0,0,0,0,36,26,0,0,0,0,0,414,225,4,0,0,0,0,152,644,33,0,0,0,0,13,234,90,0,0,0,0,0,48,18,2,0,0,0,0,0,1,0,0
0.5682051282051283	0.6058786694083201	0.5682051282051283	0.5337346240427111	0.4123597976687926	0,0,3,5,0,0,0,0,1,44,32,0,0,0,0,0,402,244,1,0,0,0,0,192,627,26,0,0,0,0,12,226,76,0,0,0,0,0,40,14,2,0,0,0,0,0,3,0,0
0.602051282051282	0.6085005995397575	0.602051282051282	0.5719849867811462	0.4185177039806466	0,0,5,3,0,0,0,1,29,22,0,0,0,0,433,227,2,0,0,0,159,648,36,0,0,0,11,233,92,0,0,0,0,37,12,0
0.5948717948717949	0.5641568962718788	0.5948717948717949	0.5599236664882675	0.41763800307895316	0,0,7,3,0,0,0,0,0,33,28,1,0,0,0,0,407,217,2,0,0,0,0,160,663,34,0,0,0,0,8,241,90,0,0,0,0,0,34,20,0,0,0,0,0,2,0,0,0
0.5851282051282052	0.6227395410948237	0.5851282051282052	0.5507406847161337	0.4213767319111502	0,0,4,4,0,0,0,0,1,35,27,0,0,0,0,0,413,244,2,0,0,0,0,166,648,27,0,0,0,0,12,227,78,0,0,0,0,0,45,15,1,0,0,0,0,1,0,0,0
0.5738461538461539	0.5406896084264691	0.5738461538461539	0.5394445710525514	0.41257972289421596	0,0,5,2,0,0,0,0,0,40,24,0,0,0,0,0,410,234,1,0,0,0,0,192,626,31,0,0,0,0,8,222,83,0,0,0,0,0,51,19,0,0,0,0,0,1,1,0,0
0.597948717948718	0.5614808447017468	0.597948717948718	0.5662133223060056	0.42269628326369035	0,0,5,6,0,0,0,0,38,31,1,0,0,1,422,215,1,0,0,0,165,646,47,0,0,0,13,206,98,0,0,0,0,39,16,0
0.5994871794871794	0.595219577891035	0.5994871794871794	0.5683434483683245	0.42731471299758084	0,0,4,6,0,0,0,0,32,21,0,0,0,0,430,214,6,0,0,0,170,651,42,0,0,0,11,215,87,0,0,0,0,43,17,1
0.5743589743589743	0.5506778312952445	0.5743589743589743	0.5398674817954149	0.41455904992302617	0,0,3,4,0,0,0,0,0,36,28,0,0,0,0,0,397,245,1,0,0,0,0,171,640,33,0,0,0,0,7,245,83,0,0,0,0,0,41,15,0,0,0,0,0,0,1,0,0
0.6056410256410256	0.5776029055649358	0.6056410256410256	0.5735952429737071	0.4270947877721575	0,0,3,6,0,0,0,0,0,40,21,0,0,0,0,0,421,229,2,0,0,0,0,169,671,27,0,0,0,0,11,210,89,0,0,0,0,0,33,16,0,0,0,0,0,0,2,0,0
0.5856410256410256	0.5533528710313352	0.5856410256410256	0.5503023199023198	0.42115680668572686	0,0,4,1,0,0,0,0,0,32,24,0,0,0,0,0,407,226,3,0,0,0,0,170,657,34,0,0,0,0,11,242,78,0,0,0,0,0,38,22,0,0,0,0,0,1,0,0,0
0.5835897435897436	0.5697883688951842	0.5835897435897436	0.5451530569625147	0.4213767319111502	0,0,6,5,0,0,0,0,0,37,36,0,0,0,0,0,403,219,3,0,0,0,0,179,651,13,0,0,0,0,9,251,84,0,0,0,0,0,41,11,0,0,0,0,0,1,1,0,0
0.5902564102564103	0.55514706029373	0.5902564102564103	0.5552229678014927	0.41873762920606994	0,0,6,3,0,0,0,0,0,36,20,1,0,0,0,0,433,184,2,0,0,0,0,214,639,32,0,0,0,0,13,227,79,0,0,0,0,0,45,14,0,0,0,0,0,1,1,0,0
0.5738461538461539	0.5693582284985	0.5738461538461539	0.541323303643148	0.4114800967670992	0,0,6,4,0,0,0,0,0,32,32,1,0,0,0,0,404,247,4,0,0,0,0,188,636,33,0,0,0,0,7,219,78,0,0,0,0,0,37,19,1,0,0,0,0,1,1,0,0
0.5841025641025641	0.5537946280940804	0.5841025641025641	0.5514064278179699	0.4229162084891137	0,0,8,4,0,0,0,0,0,35,24,0,0,0,0,1,436,237,1,0,0,0,0,170,618,38,0,0,0,0,10,217,85,0,0,0,0,0,49,16,0,0,0,0,0,1,0,0,0
0.5974358974358974	0.5739420147280808	0.5974358974358974	0.56569945288016	0.42379590939080714	0,0,4,10,0,0,0,0,40,20,0,0,0,0,428,226,1,0,0,0,172,643,31,0,0,0,7,222,94,0,0,0,0,40,12,0
0.6	0.5983073175168668	0.6	0.5655973238790569	0.42071695623488015	0,0,5,5,0,0,0,0,0,40,18,0,0,0,0,0,411,222,4,0,0,0,0,159,672,29,0,0,0,0,11,226,85,0,0,0,0,0,42,17,2,0,0,0,0,0,2,0,0
0.5728205128205128	0.5670061815413135	0.5728205128205128	0.5337615571137759	0.4127996481196393	0,0,3,5,0,0,0,0,52,25,0,0,0,1,431,201,1,0,0,0,193,610,31,0,0,0,14,242,75,0,0,0,0,44,21,1
0.5882051282051282	0.5552648610597821	0.5882051282051282	0.5539261236999348	0.4149989003738729	0,0,5,3,0,0,0,0,0,39,34,1,0,0,0,0,406,230,2,0,0,0,0,159,647,36,0,0,0,0,11,227,94,0,0,0,0,0,34,21,0,0,0,0,0,0,1,0,0
0.5866666666666667	0.5935318458718629	0.5866666666666667	0.5544472534432213	0.4103804706399824	0,0,3,3,0,0,0,0,0,36,24,0,0,0,0,0,423,234,1,0,0,0,0,179,635,28,0,0,0,0,7,230,84,0,0,0,0,0,45,14,2,0,0,0,0,1,1,0,0
