accuracy	precision	recall	f1	oob	confMatrxVars
0.676923076923077	0.6838037302051945	0.676923076923077	0.66358548462783	0.3268088849791071	0,0,8,2,0,0,0,1,10,41,14,0,0,0,0,3,476,161,6,0,0,0,1,140,654,42,0,0,0,0,13,154,154,2,0,0,0,1,27,13,26,0,0,0,0,0,1,0,0
0.6594871794871795	0.6650426711164256	0.6594871794871795	0.6445742008586297	0.3217506047943699	0,0,4,6,0,0,0,0,7,29,21,0,0,0,0,1,449,147,6,0,0,0,1,155,645,51,0,0,0,0,10,189,166,3,0,0,0,1,19,18,19,0,0,0,0,0,3,0,0
0.6774358974358974	0.6892086028431451	0.6774358974358974	0.6596266887910041	0.3217506047943699	0,0,7,9,0,0,0,0,6,41,21,0,0,0,0,1,477,162,5,0,0,0,0,118,659,43,1,0,0,0,11,169,157,2,0,0,0,0,27,10,22,0,0,0,0,2,0,0,0
0.6835897435897436	0.6835771238014738	0.6835897435897436	0.6730851367772561	0.34022432372993183	0,0,4,3,0,0,0,1,10,40,16,0,0,0,0,4,446,171,8,0,0,0,3,128,678,63,1,0,0,0,5,127,173,1,0,0,0,0,22,17,26,0,0,0,0,2,1,0,0
0.6543589743589744	0.6666853222780157	0.6543589743589744	0.640188953644073	0.3221904552452166	0,0,5,3,0,0,0,0,7,41,22,1,0,0,0,0,456,185,5,0,0,0,0,142,639,68,0,0,0,0,7,156,158,4,0,0,0,0,17,17,16,0,0,0,0,1,0,0,0
0.6717948717948717	0.6826795118344307	0.6717948717948717	0.6593815514536874	0.3312073894875742	0,1,3,2,0,0,0,0,8,26,26,0,0,0,0,1,469,207,8,0,0,0,1,113,663,49,2,0,0,0,9,141,148,1,0,0,0,0,25,22,22,0,0,0,0,1,2,0,0
0.6702564102564103	0.6792377949363579	0.6702564102564103	0.6565693127442102	0.3202111282164064	0,0,6,3,0,0,0,0,6,39,18,1,0,0,0,4,435,192,7,0,0,0,0,123,655,44,1,0,0,0,9,147,188,0,0,0,0,0,30,16,23,0,0,0,0,2,1,0,0
0.6646153846153846	0.6725425700086006	0.6646153846153846	0.6490260711673476	0.3213107543435232	0,0,4,3,0,0,0,6,34,32,1,0,0,0,466,184,8,0,0,1,140,667,53,2,0,0,11,144,142,3,0,0,0,21,13,15
0.6723076923076923	0.6750193400151292	0.6723076923076923	0.6586408266393985	0.33164723993842093	0,0,5,2,0,0,0,0,6,43,22,0,0,0,0,3,434,181,6,0,0,0,1,123,673,58,1,0,0,0,13,145,173,1,0,0,0,1,20,13,25,0,0,0,0,1,0,0,0
0.681025641025641	0.6840735947461607	0.681025641025641	0.6684655369016731	0.32460963272487353	0,0,3,5,0,0,1,7,36,19,2,0,0,2,461,169,6,0,0,2,123,671,65,1,0,0,10,137,168,0,0,0,1,21,19,21
0.6784615384615384	0.6908705189889986	0.6784615384615384	0.664903773001432	0.3296679129096107	0,0,5,7,0,0,0,7,25,25,0,0,0,1,412,201,4,1,0,0,128,708,37,1,0,0,6,146,181,1,0,0,1,19,19,15
0.6825641025641026	0.6818867174492081	0.6825641025641026	0.6700433137983367	0.33868484715196834	0,0,4,6,0,0,0,0,8,41,25,0,0,0,0,3,470,177,8,0,0,0,3,147,662,42,0,0,0,0,3,125,164,1,0,0,0,0,17,13,27,0,0,0,0,2,2,0,0
0.6774358974358974	0.6900893072342436	0.6774358974358974	0.6657313830544941	0.3307675390367275	0,0,8,3,0,0,0,0,11,32,22,1,0,0,0,1,453,190,2,0,0,0,1,134,659,46,1,0,0,0,9,140,181,0,0,0,0,0,24,13,17,0,0,0,0,2,0,0,0
0.68	0.6754098782159916	0.68	0.6654622443408021	0.32197053001979326	0,0,4,5,0,0,0,1,5,36,23,1,0,0,0,2,451,172,7,0,0,0,2,137,683,48,0,0,0,0,10,135,171,6,0,0,0,1,15,16,16,0,0,0,0,1,2,0,0
0.6835897435897436	0.6918690961457765	0.6835897435897436	0.6723950408297832	0.32812843633164723	0,0,1,5,0,0,0,0,8,35,12,1,0,0,0,1,489,162,5,0,0,0,0,149,648,49,1,0,0,0,7,144,165,2,0,0,0,0,21,21,23,0,0,0,0,0,1,0,0
0.6656410256410257	0.6712905949801232	0.6656410256410257	0.654652951608303	0.3241697822740268	0,1,6,5,0,0,0,0,8,27,16,2,0,0,0,1,435,188,7,0,0,0,1,147,666,60,0,0,0,0,4,140,167,1,0,0,0,0,27,18,22,0,0,0,0,0,1,0,0
0.6605128205128206	0.6666224222727744	0.6605128205128206	0.6518707714994931	0.32900813723334066	0,1,6,4,0,0,0,14,27,21,0,0,0,3,463,197,5,0,0,1,143,621,61,1,0,0,6,146,171,3,0,0,0,20,17,19
0.6594871794871795	0.6588069936725367	0.6594871794871795	0.6442814569573988	0.31801187596217284	0,0,7,5,0,0,0,2,36,20,0,0,0,5,445,219,4,0,0,1,117,656,48,2,0,0,4,149,165,1,0,0,0,23,23,18
0.6820512820512821	0.6964052357230303	0.6820512820512821	0.6707804190992187	0.3298878381350341	0,0,2,4,0,0,0,0,10,34,23,0,0,0,0,1,482,171,6,0,0,0,1,140,642,40,0,0,0,0,4,152,173,2,0,0,0,1,25,13,23,0,0,0,0,0,1,0,0
0.6717948717948717	0.6713518095088842	0.6717948717948717	0.6551631578551629	0.3298878381350341	0,0,6,7,0,0,0,0,5,42,24,0,0,0,0,2,453,163,10,0,0,0,1,142,661,48,1,0,0,0,4,143,171,1,0,0,0,0,21,21,20,0,0,0,0,2,2,0,0
0.6779487179487179	0.6877101745757606	0.6779487179487179	0.6633437445439319	0.33406641741807785	0,0,4,4,0,0,0,0,10,35,23,1,0,0,0,1,457,157,5,0,0,0,1,135,677,58,0,0,0,0,11,136,156,0,0,0,0,1,26,28,22,0,0,0,0,2,0,0,0
0.678974358974359	0.677556607818029	0.678974358974359	0.6672522446711668	0.332307015614691	0,0,7,3,0,0,0,0,5,27,17,0,0,0,0,1,453,181,7,0,0,0,3,150,672,53,0,0,0,0,3,129,180,3,0,0,0,0,25,15,14,0,0,0,0,0,2,0,0
0.6902564102564103	0.7084060249229674	0.6902564102564103	0.6807144181710248	0.3298878381350341	0,0,4,3,0,0,0,0,10,23,23,0,0,0,0,0,462,194,7,0,0,0,0,105,662,41,2,0,0,0,7,158,188,5,0,0,0,0,14,16,24,0,0,0,1,0,1,0,0
0.6569230769230769	0.6676357384132882	0.6569230769230769	0.6394787961604844	0.32812843633164723	0,0,2,5,0,0,0,0,5,37,30,1,0,0,0,1,450,161,3,0,0,0,0,156,642,49,0,0,0,0,12,163,167,2,0,0,0,0,17,28,17,0,0,0,0,1,1,0,0
0.681025641025641	0.6939362167955088	0.681025641025641	0.6694165344318486	0.3347261930943479	0,0,3,2,0,0,0,1,9,30,28,0,0,0,2,2,461,183,3,0,0,0,0,124,672,50,1,0,0,0,7,145,164,2,0,0,0,1,22,15,22,0,0,0,0,1,0,0,0
