accuracy	precision	recall	f1	oob	confMatrxVars
0.6738461538461539	0.6709895455368622	0.6738461538461539	0.6593043500828062	0.3248295579502969	0,1,4,2,0,0,0,3,46,19,0,0,0,2,457,179,3,0,0,3,133,653,62,0,0,0,5,132,183,1,0,0,1,33,10,18
0.6835897435897436	0.6867195158642527	0.6835897435897436	0.6684039845469782	0.3342863426435012	0,0,5,4,0,0,0,0,4,33,24,0,0,0,0,1,459,177,3,0,0,0,1,121,676,56,1,0,0,0,8,133,176,2,0,0,0,1,26,19,18,0,0,0,0,0,2,0,0
0.6723076923076923	0.6787595049740053	0.6723076923076923	0.6624949023818886	0.326149109302837	0,0,2,2,1,0,1,9,35,14,0,0,0,3,464,171,4,0,0,0,166,653,53,0,0,0,12,134,163,2,0,0,0,22,17,22
0.6820512820512821	0.6779122507730223	0.6820512820512821	0.6679034787339075	0.3268088849791071	0,1,5,7,0,0,0,0,7,37,19,2,0,0,0,2,469,167,3,0,0,0,1,129,676,56,2,0,0,0,6,145,153,4,0,0,0,0,16,14,25,0,0,0,0,2,2,0,0
0.6794871794871795	0.6824197258376883	0.6794871794871795	0.6672978079913073	0.3296679129096107	0,0,6,5,0,0,0,0,8,31,19,0,0,0,0,3,468,161,1,0,0,0,1,146,657,51,1,0,0,0,7,154,172,1,0,0,0,0,20,16,20,0,0,0,0,0,2,0,0
0.6692307692307692	0.6755498555960464	0.6692307692307692	0.6547464701763434	0.3213107543435232	0,0,5,2,0,0,0,5,28,21,1,0,0,1,463,190,5,1,0,2,121,655,48,2,0,0,8,156,169,3,0,0,0,36,15,13
0.6912820512820513	0.7008553989007973	0.6912820512820513	0.6770271171403137	0.33956454805366176	0,0,5,3,0,0,0,0,7,36,29,0,0,0,0,2,476,185,5,0,0,0,0,118,669,50,0,0,0,0,8,114,174,0,0,0,0,0,20,24,22,0,0,0,0,0,3,0,0
0.6697435897435897	0.6785620040635332	0.6697435897435897	0.654361084156763	0.3283483615570706	0,0,7,6,0,0,0,0,7,38,26,1,0,0,0,2,436,176,4,0,0,0,1,153,672,28,1,0,0,0,7,157,175,2,0,0,0,0,19,14,16,0,0,0,0,1,1,0,0
0.6866666666666666	0.6823383497181019	0.6866666666666666	0.67330874265504	0.3404442489553552	0,1,5,6,0,0,0,0,8,36,22,2,0,0,0,3,442,153,6,0,0,0,1,144,690,52,0,0,0,0,4,137,182,5,0,0,0,0,15,18,17,0,0,0,0,0,1,0,0
0.6717948717948717	0.6814116849021516	0.6717948717948717	0.6568812995375258	0.3329667912909611	0,0,2,2,0,0,0,0,5,39,18,1,0,0,0,2,452,169,6,0,0,0,0,137,665,52,1,0,0,0,8,153,170,0,0,0,0,0,31,18,18,0,0,0,0,0,1,0,0
0.6712820512820513	0.6795511623066343	0.6712820512820513	0.6589729787652889	0.3318671651638443	0,0,7,4,0,0,0,0,9,35,24,1,0,0,0,0,438,179,4,0,0,0,1,130,659,61,3,0,0,0,9,146,179,2,0,0,0,0,17,17,24,0,0,0,0,0,1,0,0
0.6851282051282052	0.6909694400298936	0.6851282051282052	0.6696108421008521	0.3338464921926545	0,0,7,4,0,0,0,0,5,36,17,1,0,0,0,1,465,174,2,0,0,0,0,130,679,44,1,0,0,0,3,143,169,3,0,0,0,0,22,23,18,0,0,0,0,2,1,0,0
0.6723076923076923	0.6753564077298091	0.6723076923076923	0.657825365359576	0.3243897074994502	0,0,3,7,0,0,0,0,9,37,23,0,0,0,0,4,438,179,3,0,0,0,1,129,670,49,2,0,0,0,9,147,180,1,0,0,0,0,23,19,14,0,0,0,0,1,2,0,0
0.6784615384615384	0.681283662902858	0.6784615384615384	0.6666154622631002	0.32351000659775675	0,1,4,4,0,0,0,9,33,24,0,0,0,4,457,164,3,0,0,1,130,651,61,2,0,0,6,151,190,1,0,0,0,26,12,16
0.68	0.6856009029581325	0.68	0.6670628874417508	0.32241038047063997	0,1,6,4,0,0,0,0,9,28,19,0,0,0,0,0,470,181,8,0,0,0,0,125,670,50,3,0,0,0,7,146,162,2,0,0,0,0,20,22,15,0,0,0,0,0,2,0,0
0.6692307692307692	0.6710998830138253	0.6692307692307692	0.6572224835660213	0.3221904552452166	0,1,4,5,0,0,0,0,7,32,18,2,0,0,0,3,444,181,4,0,0,0,2,138,668,57,0,0,0,0,6,151,164,1,0,0,0,0,23,16,22,0,0,0,0,0,1,0,0
0.678974358974359	0.6840521368457685	0.678974358974359	0.669877362822262	0.3338464921926545	0,0,3,6,0,0,1,10,28,21,0,0,0,4,476,196,4,0,0,1,130,656,59,1,0,0,4,137,165,2,0,0,2,17,10,17
0.6979487179487179	0.7070306394670587	0.6979487179487179	0.6878995950533028	0.34110402463162526	0,0,2,2,0,0,0,0,8,31,19,1,0,0,0,1,452,162,5,0,0,0,1,150,704,39,0,0,0,0,2,141,171,1,0,0,0,0,19,12,26,0,0,0,1,0,0,0,0
0.6682051282051282	0.6768771586926889	0.6682051282051282	0.6558746758727382	0.329228062458764	0,0,3,6,0,0,0,0,6,36,22,1,0,0,2,0,454,204,3,0,0,0,1,152,663,42,1,0,0,0,6,132,156,4,0,0,0,0,13,16,24,0,0,0,0,0,3,0,0
0.6784615384615384	0.6842166030605737	0.6784615384615384	0.6650098298883728	0.332307015614691	0,0,2,3,0,0,0,0,6,40,22,1,0,0,0,2,433,183,4,0,0,0,1,127,674,50,1,0,0,0,10,134,187,3,0,0,0,0,27,15,23,0,0,0,0,1,1,0,0
0.6738461538461539	0.6821051977234566	0.6738461538461539	0.6597727522124929	0.3303276885858808	0,0,3,6,0,0,0,0,9,36,18,0,0,0,0,1,438,187,0,0,0,0,1,122,693,56,0,0,0,0,9,155,159,2,0,0,0,0,20,19,15,0,0,0,0,0,1,0,0
0.678974358974359	0.6827529170058428	0.678974358974359	0.6664292142591985	0.32900813723334066	0,0,3,4,0,0,1,7,29,16,1,0,0,1,443,180,13,0,0,2,123,691,60,2,0,0,9,129,167,1,0,0,0,26,26,16
0.6743589743589744	0.6752060456874166	0.6743589743589744	0.6601698312935	0.32592918407741367	0,0,9,4,0,0,0,0,6,33,20,1,0,0,0,2,449,192,5,0,0,0,1,127,679,57,1,0,0,0,10,127,162,1,0,0,0,0,23,18,19,0,0,0,0,1,3,0,0
0.6682051282051282	0.6742269779457387	0.6682051282051282	0.6565040462248829	0.34154387508247197	0,0,1,3,0,0,0,0,8,33,20,0,0,0,0,2,460,176,5,0,0,0,1,160,643,56,1,0,0,0,12,123,174,2,0,0,0,1,30,20,18,0,0,0,0,0,1,0,0
0.6528205128205128	0.6668536171557983	0.6528205128205128	0.637522507250442	0.3237299318231801	0,0,3,3,0,0,0,1,3,30,27,0,0,0,0,0,427,187,3,0,0,0,1,153,656,43,0,0,0,0,8,172,167,1,0,0,0,1,18,25,20,0,0,0,0,1,0,0,0
