accuracy	precision	recall	f1	oob	confMatrxVars
0.6723076923076923	0.6801998040995656	0.6723076923076923	0.6591325571553376	0.3268088849791071	0,0,2,7,0,0,0,0,8,32,24,1,0,0,0,1,442,188,1,0,0,0,1,139,673,44,1,0,0,0,7,148,170,5,0,0,0,0,21,14,18,0,0,0,0,1,2,0,0
0.6779487179487179	0.680788046623517	0.6779487179487179	0.6639317164382642	0.3342863426435012	0,0,5,3,0,0,0,0,7,42,21,0,0,0,0,3,457,166,1,0,0,0,0,138,669,53,2,0,0,0,8,144,168,4,0,0,0,0,24,13,21,0,0,0,0,1,0,0,0
0.6820512820512821	0.6875522018312342	0.6820512820512821	0.6667964209899669	0.3263690345282604	0,0,5,7,0,0,0,1,4,43,19,0,0,0,0,1,477,167,1,0,0,0,0,146,664,48,1,0,0,0,7,140,163,2,0,0,0,1,17,11,22,0,0,0,0,2,1,0,0
0.6938461538461539	0.7018813690011628	0.6938461538461539	0.6805295705510412	0.33406641741807785	0,0,5,2,0,0,0,0,8,40,18,2,0,0,0,0,466,165,6,0,0,0,1,137,693,45,1,0,0,0,6,129,167,2,0,0,0,1,22,14,19,0,0,0,0,0,1,0,0
0.6758974358974359	0.6810839014949821	0.6758974358974359	0.6615859778371536	0.3329667912909611	0,0,5,5,0,0,0,1,7,28,20,0,0,0,2,2,451,158,2,0,0,0,0,140,679,53,0,0,0,0,12,154,166,3,0,0,0,0,24,22,15,0,0,0,0,1,0,0,0
0.6564102564102564	0.6590452748317751	0.6564102564102564	0.6414206779622019	0.3182318011875962	0,1,4,4,0,0,0,6,40,22,0,0,0,1,487,183,3,0,0,0,163,623,56,2,0,0,8,139,152,2,0,0,0,17,25,12
0.6846153846153846	0.6795546842938528	0.6846153846153846	0.6697557436136846	0.3327468660655377	0,2,5,6,0,0,0,3,36,22,1,0,0,3,455,184,3,0,0,1,119,688,54,2,0,0,4,131,168,0,0,0,1,26,15,21
0.683076923076923	0.6911106213233819	0.683076923076923	0.6695932621349078	0.3342863426435012	0,0,7,1,0,0,0,0,9,29,18,1,0,0,0,3,454,181,2,0,0,0,0,117,699,44,1,0,0,0,11,164,150,2,0,0,0,0,21,15,20,0,0,0,0,1,0,0,0
0.6779487179487179	0.6877704395646731	0.6779487179487179	0.6633867584670144	0.326149109302837	0,0,4,4,0,0,0,1,3,35,16,1,0,0,0,1,469,187,2,0,0,0,0,129,668,45,0,0,0,0,7,151,162,3,0,0,0,0,26,15,20,0,0,0,0,0,1,0,0
0.6805128205128205	0.684780521030562	0.6805128205128205	0.6652977692828941	0.3382449967011216	0,1,1,3,0,0,0,0,3,30,22,1,0,0,0,2,480,157,6,0,0,0,0,151,668,38,0,0,0,0,5,156,154,0,0,0,0,0,27,21,22,0,0,0,0,1,1,0,0
0.6733333333333333	0.6761399934748112	0.6733333333333333	0.659594811879307	0.32900813723334066	0,0,4,4,0,0,0,4,35,22,0,0,0,3,458,194,6,0,0,1,122,659,49,0,0,0,5,149,175,4,0,0,0,22,17,17
0.6856410256410257	0.6931479883370799	0.6856410256410257	0.6711259278961952	0.3334066417418078	0,1,5,5,0,0,0,0,6,40,22,1,0,0,0,1,480,187,4,0,0,0,1,113,657,41,2,0,0,0,4,151,178,1,0,0,0,0,18,15,16,0,0,0,0,0,1,0,0
0.6779487179487179	0.694502606962454	0.6779487179487179	0.6639768854286361	0.3287882120079173	0,0,2,5,1,0,0,0,8,37,19,3,0,0,0,0,470,182,5,0,0,0,0,131,652,63,0,0,0,0,5,120,174,0,0,0,0,0,30,21,18,0,0,0,0,2,2,0,0
0.6676923076923077	0.6685304467451412	0.6676923076923077	0.6554712436064335	0.32702881020453045	0,0,7,6,0,0,0,0,10,34,20,2,0,0,0,3,443,194,8,0,0,0,1,135,657,56,1,0,0,0,9,132,177,3,0,0,0,1,19,15,15,0,0,0,0,0,1,1,0
0.6861538461538461	0.6874928659924511	0.6861538461538461	0.669327307715879	0.32900813723334066	0,0,10,4,0,0,0,0,5,45,18,0,0,0,0,1,479,153,3,0,0,0,3,126,650,57,0,0,0,0,2,141,188,0,0,0,0,0,30,18,16,0,0,0,0,0,1,0,0
0.6666666666666666	0.6791035403192233	0.6666666666666666	0.6515309528857712	0.32812843633164723	0,0,1,6,0,0,0,5,38,21,2,0,0,3,455,195,5,0,0,0,118,655,39,0,0,0,11,168,162,2,0,0,1,22,18,23
0.6861538461538461	0.6905998979526817	0.6861538461538461	0.6730616717934746	0.3296679129096107	0,0,5,4,0,0,0,1,8,32,15,0,0,0,0,1,479,150,5,0,0,0,1,146,662,46,1,0,0,0,7,145,167,2,0,0,0,0,25,22,22,0,0,0,0,2,2,0,0
0.6841025641025641	0.6952376608422256	0.6841025641025641	0.6688442939829949	0.32241038047063997	0,0,7,4,0,0,0,1,9,29,22,1,0,0,0,1,464,152,4,0,0,0,0,149,684,48,0,0,0,0,7,139,163,0,0,0,0,0,31,19,14,0,0,0,1,0,1,0,0
0.6651282051282051	0.6654553594766763	0.6651282051282051	0.6534229291399921	0.3314273147129976	0,0,8,7,0,0,0,7,30,22,1,0,0,2,435,184,2,0,0,2,135,658,66,5,0,0,5,145,171,1,0,0,0,26,12,26
0.661025641025641	0.66002050642298	0.661025641025641	0.6448965726155397	0.3252694084011436	0,0,4,8,0,0,0,0,5,33,24,0,0,0,0,3,458,161,5,0,0,0,1,147,661,57,0,0,0,0,12,163,145,1,0,0,0,0,23,17,20,0,0,0,0,0,2,0,0
0.6779487179487179	0.6790047138272031	0.6779487179487179	0.6638098824528516	0.33604574444688806	0,1,9,5,0,0,0,8,38,14,1,0,0,1,443,168,8,0,0,2,138,685,40,0,0,0,6,152,163,4,0,0,1,21,19,23
0.6912820512820513	0.6935456930848614	0.6912820512820513	0.6784645452493294	0.33802507147569827	0,0,4,5,0,0,0,0,7,40,22,0,0,0,0,1,468,166,4,0,0,0,2,134,675,57,1,0,0,0,3,129,179,0,0,0,0,1,11,21,19,0,0,0,0,1,0,0,0
0.6728205128205128	0.6796476399245208	0.6728205128205128	0.655781227034437	0.33098746426215087	0,0,9,5,0,0,0,0,7,45,22,0,0,0,0,1,458,165,5,0,0,0,0,151,674,41,0,0,0,0,6,150,157,2,0,0,0,1,12,20,16,0,0,0,0,1,2,0,0
0.6671794871794872	0.6772328425583404	0.6671794871794872	0.6529041397280883	0.33054761381130415	0,0,4,2,0,0,1,7,41,19,1,0,0,3,452,162,2,0,0,0,153,657,44,1,0,0,7,169,166,1,0,0,1,24,14,19
0.6717948717948717	0.6818384729606016	0.6717948717948717	0.6528478358053545	0.32351000659775675	0,0,8,9,0,0,0,0,7,41,21,0,0,0,0,3,464,168,4,0,0,0,1,131,665,31,1,0,0,0,5,163,158,0,0,0,0,1,36,14,16,0,0,0,0,3,0,0,0
