accuracy	precision	recall	f1	oob	confMatrxVars
0.4717948717948718	0.3988727494527049	0.4717948717948718	0.35551360008401595	0.534858148229602	0,0,3,8,0,0,0,0,0,10,64,0,0,0,0,0,104,501,0,0,0,0,0,42,816,0,0,0,0,0,4,327,0,0,0,0,0,0,69,0,0,0,0,0,0,2,0,0,0
0.5015384615384615	0.4290638990638991	0.5015384615384615	0.4089831657511421	0.5067077193754124	0,0,5,5,0,0,0,0,0,12,46,0,0,0,0,0,176,466,0,0,0,0,0,74,802,0,0,0,0,0,3,295,0,0,0,0,0,0,63,0,0,0,0,0,0,3,0,0,0
0.48512820512820515	0.42132585223917657	0.48512820512820515	0.3871797876654722	0.5045084671211788	0,0,2,6,0,0,0,0,0,15,50,0,0,0,0,0,159,493,0,0,0,0,0,63,787,0,0,0,0,0,2,325,0,0,0,0,0,0,47,0,0,0,0,0,0,1,0,0,0
0.4646153846153846	0.41293578279763615	0.4646153846153846	0.3616459701007872	0.5240818121838575	0,0,4,6,0,0,0,0,0,10,56,0,0,0,0,0,135,547,0,0,0,0,0,61,771,0,0,0,0,0,1,298,0,0,0,0,0,0,58,0,0,0,0,0,0,3,0,0,0
0.47435897435897434	0.39319331983805667	0.47435897435897434	0.36440085849265635	0.5265009896635144	0,0,5,6,0,0,0,0,9,49,0,0,0,0,115,491,0,0,0,0,59,810,0,0,0,0,2,326,0,0,0,0,0,78,0,0
0.47897435897435897	0.417122718358249	0.47897435897435897	0.37100236798826197	0.5313393446228283	0,0,2,9,0,0,0,0,0,12,43,0,0,0,0,0,122,527,0,0,0,0,0,52,812,0,0,0,0,0,3,316,0,0,0,0,0,0,51,0,0,0,0,0,0,1,0,0,0
0.4897435897435897	0.43099732074610386	0.4897435897435897	0.3873006240125176	0.5236419617330108	0,0,2,7,0,0,0,0,7,49,0,0,0,0,145,487,0,0,0,0,54,810,0,0,0,0,1,320,0,0,0,0,0,68,0,0
0.44256410256410256	0.3962346666666667	0.44256410256410256	0.3017367002308194	0.5425555311194195	0,0,1,7,0,0,0,0,0,5,68,0,0,0,0,0,47,604,0,0,0,0,0,22,816,0,0,0,0,0,0,315,0,0,0,0,0,0,64,0,0,0,0,0,0,1,0,0,0
0.5035897435897436	0.43079054892879776	0.5035897435897436	0.40600502483318224	0.5119859247855729	0,0,0,9,0,0,0,0,0,18,49,0,0,0,0,0,163,465,0,0,0,0,0,60,819,0,0,0,0,0,4,312,0,0,0,0,0,0,49,0,0,0,0,0,0,2,0,0,0
0.5061538461538462	0.4062563381536171	0.5061538461538462	0.4291922913809996	0.48559489773477016	0,0,1,3,0,0,0,0,0,25,42,0,0,0,0,0,276,363,0,0,0,0,0,136,711,0,0,0,0,0,13,320,0,0,0,0,0,1,57,0,0,0,0,0,0,2,0,0,0
0.4753846153846154	0.425221591379999	0.4753846153846154	0.3612732042766978	0.5423356058939961	0,0,1,8,0,0,0,0,0,10,56,0,0,0,0,0,112,522,0,0,0,0,0,37,815,0,0,0,0,0,1,327,0,0,0,0,0,0,57,0,0,0,0,0,0,4,0,0,0
0.47333333333333333	0.41272343234451564	0.47333333333333333	0.36222851751738	0.5293600175940181	0,0,1,7,0,0,0,0,0,14,50,0,0,0,0,0,114,535,0,0,0,0,0,48,809,0,0,0,0,0,2,306,0,0,0,0,0,0,63,0,0,0,0,0,0,1,0,0,0
0.49538461538461537	0.40739611790079083	0.49538461538461537	0.4101499707896237	0.49065317791950736	0,0,2,3,0,0,0,0,25,45,0,0,0,0,208,436,0,0,0,0,102,758,0,0,0,0,8,315,0,0,0,0,0,48,0,0
0.5030769230769231	0.4314614250913183	0.5030769230769231	0.4094640479356454	0.5152848031669233	0,0,2,10,0,0,0,0,0,16,35,0,0,0,0,0,172,472,0,0,0,0,0,70,809,0,0,0,0,0,4,299,0,0,0,0,0,0,59,0,0,0,0,0,0,2,0,0,0
0.48102564102564105	0.4096601305387563	0.48102564102564105	0.3743527775861109	0.5284803166923246	0,0,2,8,0,0,0,0,0,12,55,0,0,0,0,0,129,493,0,0,0,0,0,55,809,0,0,0,0,0,3,322,0,0,0,0,0,0,61,0,0,0,0,0,0,1,0,0,0
0.521025641025641	0.4281658851308657	0.521025641025641	0.44018558588562223	0.4983505608093248	0,0,3,6,0,0,0,0,0,29,38,0,0,0,0,0,272,371,0,0,0,0,0,98,744,0,0,0,0,0,6,319,0,0,0,0,0,0,63,0,0,0,0,0,0,1,0,0,0
0.5071794871794871	0.4241084594712544	0.5071794871794871	0.42675287366240516	0.5038486914449087	0,0,6,7,0,0,0,0,0,16,52,0,0,0,0,0,242,412,0,0,0,0,0,105,747,0,0,0,0,0,5,303,0,0,0,0,0,0,54,0,0,0,0,0,0,1,0,0,0
0.5046153846153846	0.41004783116479154	0.5046153846153846	0.4261227872236646	0.48713437431273365	0,0,1,8,0,0,0,0,0,21,51,0,0,0,0,0,253,379,0,0,0,0,0,129,731,0,0,0,0,0,3,324,0,0,0,0,0,1,45,0,0,0,0,0,0,4,0,0,0
0.5123076923076924	0.4187915789121786	0.5123076923076924	0.4347538274694569	0.48757422476358037	0,0,2,5,0,0,0,0,0,21,44,0,0,0,0,0,265,371,0,0,0,0,0,126,734,0,0,0,0,0,1,314,0,0,0,0,0,1,65,0,0,0,0,0,0,1,0,0,0
0.5133333333333333	0.4369167273947502	0.5133333333333333	0.42632778081716843	0.5091268968550693	0,0,5,11,0,0,0,0,0,22,48,0,0,0,0,0,214,436,0,0,0,0,0,75,787,0,0,0,0,0,3,283,0,0,0,0,0,0,65,0,0,0,0,0,0,1,0,0,0
0.5025641025641026	0.42328829920159783	0.5025641025641026	0.4112694301083481	0.5009896635144051	0,0,3,7,0,0,0,0,0,17,57,0,0,0,0,0,215,406,0,0,0,0,0,66,765,0,0,0,0,0,3,346,0,0,0,0,0,0,64,0,0,0,0,0,0,1,0,0,0
0.5256410256410257	0.43536742277956336	0.5256410256410257	0.4435668244981403	0.49527160765339784	0,0,2,6,0,0,0,0,0,22,51,0,0,0,0,0,265,368,0,0,0,0,0,91,760,0,0,0,0,0,4,327,0,0,0,0,0,1,52,0,0,0,0,0,0,1,0,0,0
0.4712820512820513	0.41841716549033614	0.4712820512820513	0.3719589973360755	0.5212227842533539	0,0,2,12,0,0,0,0,0,12,42,0,0,0,0,0,152,518,0,0,0,0,0,62,767,0,0,0,0,0,0,334,0,0,0,0,0,0,48,0,0,0,0,0,0,1,0,0,0
0.49230769230769234	0.40197738536979044	0.49230769230769234	0.40836578963392056	0.49461183197712777	0,0,3,4,0,0,0,0,0,22,52,0,0,0,0,0,232,406,0,0,0,0,0,105,728,0,0,0,0,0,6,327,0,0,0,0,0,2,62,0,0,0,0,0,0,1,0,0,0
0.4707692307692308	0.40341003725619107	0.4707692307692308	0.36984215722425096	0.5009896635144051	0,0,2,0,0,0,0,0,0,21,53,0,0,0,0,0,146,512,0,0,0,0,0,64,772,0,0,0,0,0,1,322,0,0,0,0,0,0,54,0,0,0,0,0,0,3,0,0,0
