accuracy	precision	recall	f1	oob	confMatrxVars
0.6630769230769231	0.6688022920430665	0.6630769230769231	0.6504042104194617	0.31141411919947215	0,0,1,1,0,0,0,0,4,38,26,0,0,0,2,3,450,213,3,0,0,0,2,125,646,48,1,0,0,0,4,136,164,3,0,0,0,0,28,20,29,0,0,0,0,1,2,0,0
0.6579487179487179	0.6643700436572066	0.6579487179487179	0.6436083630708904	0.3155926984825159	0,0,6,6,0,0,0,0,6,33,19,1,0,0,0,3,440,185,4,0,0,0,2,137,646,42,1,0,0,0,6,172,169,1,0,0,0,0,24,23,22,0,0,0,0,1,1,0,0
0.6523076923076923	0.6557729981468686	0.6523076923076923	0.637001646602756	0.3217506047943699	0,0,3,5,0,0,0,0,3,39,19,0,0,0,0,1,430,204,2,0,0,0,1,147,672,54,1,0,0,0,8,150,148,2,0,0,0,1,24,16,19,0,0,0,0,1,0,0,0
0.6861538461538461	0.6946920731926484	0.6861538461538461	0.6722656201836776	0.3252694084011436	0,0,4,2,0,0,1,7,39,17,1,0,0,1,444,169,6,0,0,1,114,697,57,1,0,0,6,146,169,1,0,0,0,28,18,21
0.681025641025641	0.6846830743279568	0.681025641025641	0.6683054888034724	0.3397844732790851	0,0,5,4,0,0,0,5,26,25,0,0,0,1,467,183,3,0,0,1,142,673,54,1,0,0,8,133,172,2,0,0,0,22,12,11
0.6656410256410257	0.6819042709833057	0.6656410256410257	0.6501770061213066	0.3228502309214867	0,0,4,6,0,0,0,0,7,37,24,1,0,0,0,1,462,186,9,0,0,0,1,125,647,39,0,0,0,0,7,168,162,0,0,0,0,1,26,14,20,0,0,0,0,1,2,0,0
0.66	0.6726501803018592	0.66	0.6475065120277465	0.3177919507367495	0,1,3,2,0,0,0,0,9,35,20,0,0,0,0,0,447,187,2,0,0,0,0,139,632,61,0,0,0,0,11,151,183,3,0,0,0,0,25,21,16,0,0,0,0,1,1,0,0
0.6892307692307692	0.6973457556535633	0.6892307692307692	0.6748791120670042	0.3296679129096107	0,0,8,3,1,0,0,7,39,26,0,0,0,1,485,171,6,0,0,0,142,659,49,2,0,0,6,115,178,0,0,0,0,24,13,15
0.6743589743589744	0.6786530425710398	0.6743589743589744	0.6627316846245159	0.32746866065537716	0,0,5,6,0,0,0,0,9,33,20,1,0,0,0,3,445,185,2,0,0,0,1,146,670,46,0,0,0,0,7,136,164,3,0,0,0,0,22,17,27,0,0,0,0,1,1,0,0
0.6866666666666666	0.6922661027683035	0.6866666666666666	0.67308445626713	0.33208709038926765	0,0,6,6,0,0,0,0,7,31,25,0,0,0,0,2,456,185,3,0,0,0,2,111,686,47,1,0,0,0,9,147,169,0,0,0,0,0,17,17,21,0,0,0,0,2,0,0,0
0.6779487179487179	0.6855103436874017	0.6779487179487179	0.6661664500592245	0.3303276885858808	0,0,4,7,0,0,0,0,7,34,23,0,0,0,0,3,476,191,4,0,0,0,0,130,643,47,1,0,0,0,6,140,169,2,0,0,0,0,21,13,27,0,0,0,0,1,1,0,0
0.6779487179487179	0.6838006156093034	0.6779487179487179	0.6620171192857849	0.32460963272487353	0,1,6,7,0,0,0,0,7,36,17,0,0,0,0,3,465,190,5,0,0,0,1,114,669,36,1,0,0,0,4,154,166,2,0,0,0,1,29,19,15,0,0,0,0,0,2,0,0
0.661025641025641	0.6756942626763136	0.661025641025641	0.6481507243554121	0.31185396965031886	0,0,4,5,0,0,0,7,39,17,0,0,0,0,449,192,2,0,0,0,143,639,52,1,0,0,10,155,179,5,0,0,2,20,14,15
0.6723076923076923	0.6875849208563959	0.6723076923076923	0.6564774285920018	0.3272487354299538	0,0,4,4,0,0,0,0,5,32,22,1,0,0,0,0,446,172,4,0,0,0,0,143,690,43,0,0,0,0,8,164,153,3,0,0,0,0,27,11,17,0,0,0,0,0,1,0,0
0.6738461538461539	0.6856231086365036	0.6738461538461539	0.6582125861600197	0.32746866065537716	0,0,4,6,0,0,0,0,5,34,27,2,0,0,0,3,482,201,4,1,0,0,0,110,650,41,0,0,0,0,8,150,157,0,0,0,0,0,23,20,20,0,0,0,0,2,0,0,0
0.6820512820512821	0.697892899951327	0.6820512820512821	0.6689697195224017	0.3382449967011216	0,0,4,4,0,0,0,0,10,39,22,0,0,0,0,2,484,181,6,0,0,0,0,118,652,38,1,0,0,0,6,164,161,0,0,0,0,0,18,16,23,0,0,0,0,0,1,0,0
0.6692307692307692	0.6775733482425406	0.6692307692307692	0.6568208837183158	0.32394985704860346	0,0,5,2,0,0,0,0,9,39,21,1,0,0,0,0,459,170,2,0,0,0,1,152,642,58,1,0,0,0,5,143,177,6,0,0,0,0,24,14,18,0,0,0,0,1,0,0,0
0.6743589743589744	0.6763245117560492	0.6743589743589744	0.6619765015057656	0.33252694084011436	0,1,5,1,0,0,0,0,7,32,24,0,0,0,0,3,445,180,3,0,0,0,2,130,676,55,1,0,0,0,13,150,167,1,0,0,0,0,23,9,20,0,0,0,0,0,2,0,0
0.6676923076923077	0.6702347202175227	0.6676923076923077	0.6515026217645999	0.3248295579502969	0,0,6,2,1,0,0,1,5,45,20,1,0,0,0,3,441,172,8,0,0,0,0,128,657,75,0,0,0,0,8,123,183,1,0,0,0,0,25,27,16,0,0,0,0,1,1,0,0
0.683076923076923	0.6894911931265644	0.683076923076923	0.6702698759596883	0.32900813723334066	0,0,6,2,0,0,0,1,7,35,21,1,0,0,0,2,461,158,6,0,0,0,2,144,659,40,0,0,0,0,7,148,181,2,0,0,0,2,26,14,24,0,0,0,0,0,1,0,0
0.676923076923077	0.6896091298584905	0.676923076923077	0.6670227358044537	0.33670552012315813	0,0,6,3,0,0,1,11,32,22,1,0,0,1,460,193,6,0,0,0,137,661,62,0,0,0,5,122,164,0,0,0,0,19,20,24
0.6723076923076923	0.6757520972170356	0.6723076923076923	0.6557523827564018	0.3298878381350341	0,0,6,4,0,0,0,0,4,45,26,1,0,0,0,1,468,161,7,1,0,0,0,151,658,61,1,0,0,0,7,128,163,1,0,0,0,0,19,17,18,0,0,0,0,0,2,0,0
0.6574358974358975	0.6655831392478061	0.6574358974358975	0.6422704488993943	0.31757202551132613	0,0,7,3,0,0,0,0,9,45,20,1,0,0,0,2,423,187,5,0,0,0,0,141,666,63,0,0,0,0,8,143,172,1,0,0,0,1,22,17,12,0,0,0,0,0,2,0,0
0.6702564102564103	0.6779243875987908	0.6702564102564103	0.657635313126474	0.32197053001979326	0,0,2,4,0,0,0,1,7,35,22,0,0,0,0,1,454,177,5,0,0,0,1,138,661,61,2,0,0,0,10,147,169,0,0,0,0,0,21,15,16,0,0,0,0,1,0,0,0
0.6651282051282051	0.6690797450838601	0.6651282051282051	0.6499933085878233	0.32856828678249395	0,1,6,4,0,0,0,0,12,37,26,0,0,0,0,1,446,175,5,0,0,0,0,142,682,55,2,0,0,0,11,145,143,2,0,0,0,0,21,18,14,0,0,0,0,0,2,0,0
