accuracy	precision	recall	f1	oob	confMatrxVars
0.6487179487179487	0.6516887627481229	0.6487179487179487	0.6304296511213319	0.36441609852650103	0,0,4,4,0,0,0,2,30,27,0,0,0,2,430,215,7,0,0,0,139,677,47,1,0,0,8,150,146,1,0,0,0,26,24,10
0.6446153846153846	0.6544171105528479	0.6446153846153846	0.6233129206333903	0.36837475258412145	0,0,5,3,0,0,0,0,3,40,27,0,0,0,0,2,430,171,4,0,0,0,0,163,667,35,1,0,0,0,9,188,148,0,0,0,0,0,28,15,9,0,0,0,0,1,1,0,0
0.6328205128205128	0.6425112645090743	0.6328205128205128	0.611863162196086	0.3549593138332967	0,0,6,3,0,0,0,2,32,24,1,0,0,0,433,197,9,0,0,1,156,661,51,0,0,0,10,168,128,0,0,0,2,30,26,10
0.6189743589743589	0.6305203103470353	0.6189743589743589	0.5962823810410594	0.3510006597756763	0,0,2,4,0,0,0,3,45,22,0,0,0,2,426,207,5,0,0,1,142,641,47,0,0,0,12,198,126,0,0,0,0,33,23,11
0.642051282051282	0.6492668598777313	0.642051282051282	0.6214723927268349	0.36221684627226747	0,0,4,4,0,0,0,0,2,47,16,0,0,0,0,1,436,210,1,0,0,0,1,148,672,39,0,0,0,0,12,173,132,0,0,0,0,1,23,17,10,0,0,0,0,0,1,0,0
0.6476923076923077	0.6370285601221156	0.6476923076923077	0.626800469656028	0.36441609852650103	0,0,4,1,0,0,0,0,0,37,25,0,0,0,0,1,453,205,2,0,0,0,0,141,661,42,1,0,0,0,18,162,138,0,0,0,0,1,24,19,11,0,0,0,0,3,1,0,0
0.6543589743589744	0.6554120705112747	0.6543589743589744	0.6301168630812994	0.351440510226523	0,0,7,4,0,0,0,0,1,42,24,0,0,0,0,1,431,164,5,1,0,0,0,149,692,32,0,0,0,0,9,182,140,2,0,0,0,0,33,17,12,0,0,0,0,1,1,0,0
0.6430769230769231	0.6552960719637619	0.6430769230769231	0.6212329138962075	0.3580382669892237	0,0,4,2,0,0,0,0,2,33,30,1,0,0,0,1,427,200,3,1,0,0,0,142,677,42,0,0,0,0,6,179,140,0,0,0,0,0,32,18,8,0,0,0,0,0,2,0,0
0.6502564102564102	0.6731524668954963	0.6502564102564102	0.6315661963237348	0.35715856608753027	0,0,4,3,0,0,0,0,1,37,16,1,0,0,0,0,446,194,3,0,0,0,0,146,658,38,0,0,0,0,9,185,149,1,0,0,0,0,26,18,14,0,0,0,0,1,0,0,0
0.6353846153846154	0.6381403637462069	0.6353846153846154	0.6119834283176598	0.3624367714976908	0,0,5,5,0,0,0,1,47,18,2,0,0,3,435,160,1,0,0,1,178,649,38,0,0,0,11,190,146,0,0,0,1,41,10,8
0.6528205128205128	0.6559460592955891	0.6528205128205128	0.6346330202695838	0.3677149769078514	0,0,3,6,0,0,0,0,1,33,30,0,0,0,0,1,450,193,1,0,0,0,0,162,666,46,0,0,0,0,10,154,145,1,0,0,0,0,25,11,11,0,0,0,0,1,0,0,0
0.6441025641025641	0.6476742755452434	0.6441025641025641	0.6237414787504381	0.35627886518583685	0,0,3,5,0,0,0,0,1,31,16,2,0,0,0,1,451,185,4,0,0,0,1,163,658,44,0,0,0,0,3,178,138,0,0,0,0,0,34,22,8,0,0,0,0,2,0,0,0
0.6312820512820513	0.6337756380297299	0.6312820512820513	0.6100855085329979	0.35737849131295363	0,0,4,4,0,0,0,0,2,41,19,1,0,0,0,2,443,178,3,0,0,0,0,161,637,65,0,0,0,0,8,181,143,0,0,0,0,2,24,25,6,0,0,0,0,0,1,0,0
0.6461538461538462	0.6608375533909666	0.6461538461538462	0.6270132231002653	0.36287662194853754	0,0,3,7,0,0,0,0,2,38,24,1,0,0,0,0,471,190,6,0,0,0,1,151,632,42,0,0,0,0,4,174,141,0,0,0,0,0,36,11,14,0,0,0,0,1,1,0,0
0.6415384615384615	0.6523266779313688	0.6415384615384615	0.6241008943263435	0.3661755003298879	0,0,4,3,0,0,0,0,2,27,19,1,0,0,0,2,433,203,3,0,0,0,0,156,667,46,0,0,0,0,2,185,139,0,0,0,0,0,32,15,10,0,0,0,0,1,0,0,0
0.6358974358974359	0.6533755000614561	0.6358974358974359	0.6134571999012562	0.3569386408621069	0,0,7,5,0,0,0,0,1,35,29,1,0,0,0,1,427,225,4,0,0,0,0,138,659,29,0,0,0,0,5,176,143,0,0,0,0,0,36,17,10,0,0,0,0,2,0,0,0
0.6456410256410257	0.6504979905346047	0.6456410256410257	0.6267121876900472	0.3604574444688806	0,0,8,5,0,0,0,2,37,21,0,0,0,2,448,200,1,0,0,0,149,659,45,0,0,0,11,166,135,1,0,0,0,30,15,15
0.6405128205128205	0.654943106313273	0.6405128205128205	0.6147456092124322	0.35671871563668356	0,0,7,5,0,0,0,3,39,27,0,0,0,1,434,184,4,0,0,1,153,676,28,0,0,0,9,181,128,0,0,0,1,39,22,8
0.6471794871794871	0.6478273550819674	0.6471794871794871	0.6249438972075394	0.3580382669892237	0,0,3,6,1,0,0,0,2,38,24,0,0,0,0,2,446,178,7,0,0,0,0,157,672,43,0,0,0,0,12,163,134,1,0,0,0,1,32,19,8,0,0,0,0,1,0,0,0
0.6456410256410257	0.6761259080488858	0.6456410256410257	0.6237591719493523	0.3626566967231142	0,0,7,5,0,0,0,0,2,41,27,0,0,0,0,0,450,217,4,0,0,0,0,119,653,39,0,0,0,0,6,170,141,1,0,0,0,0,40,14,13,0,0,0,0,0,1,0,0
0.6492307692307693	0.6532111044570722	0.6492307692307693	0.6305134890854468	0.3600175940180339	0,0,4,4,0,0,0,0,3,30,19,2,0,0,0,2,437,191,3,0,0,0,0,145,675,56,0,0,0,0,11,164,143,1,0,0,0,0,31,19,8,0,0,0,0,1,1,0,0
0.6538461538461539	0.6642435423232708	0.6538461538461539	0.6341648546185849	0.3611172201451507	0,0,3,4,0,0,0,0,1,32,17,1,0,0,0,3,461,211,4,0,0,0,0,137,660,24,0,0,0,0,8,173,143,1,0,0,0,1,38,16,10,0,0,0,0,0,2,0,0
0.6353846153846154	0.6383909573016552	0.6353846153846154	0.6138960621432158	0.35715856608753027	0,0,4,3,0,0,0,0,1,40,30,1,0,0,0,2,439,202,4,0,0,0,0,155,647,41,0,0,0,0,7,172,142,0,0,0,0,0,31,16,10,0,0,0,0,1,2,0,0
0.6466666666666666	0.6566776455243148	0.6466666666666666	0.6270175943039669	0.35473938860787335	0,0,5,4,0,0,0,2,40,16,0,0,0,2,436,197,2,0,0,2,147,667,36,0,0,0,4,185,147,0,0,0,0,36,13,9
0.6374358974358975	0.6444680695495294	0.6374358974358975	0.6148665856013066	0.3589179678909171	0,0,4,4,0,0,0,0,1,46,22,0,0,0,0,3,430,226,3,0,0,0,1,115,664,42,0,0,0,0,6,184,139,0,0,0,0,0,35,15,9,0,0,0,0,1,0,0,0
