accuracy	precision	recall	f1	oob	confMatrxVars
0.5333333333333333	0.5303137556025538	0.5333333333333333	0.5064160292040244	0.812843633164724	0,0,2,4,0,0,0,3,32,27,2,0,0,9,358,251,5,0,0,2,230,603,40,0,0,1,20,239,72,2,0,0,1,33,10,4
0.5435897435897435	0.5080196572468115	0.5435897435897435	0.5167414408688767	0.8060259511765999	0,0,6,6,0,0,0,0,0,34,26,0,0,0,1,3,373,271,17,0,0,1,0,162,593,77,0,0,0,0,21,202,94,0,0,0,1,3,35,23,0,0,0,0,0,0,1,0,0
0.5251282051282051	0.5071051432385225	0.5251282051282051	0.5066418551298606	0.7992082691884759	0,0,8,2,0,0,0,0,4,37,22,1,1,0,0,4,396,169,24,0,0,0,2,253,496,127,2,0,0,0,30,184,127,0,0,0,0,4,30,25,1,0,0,0,0,1,0,0,0
0.5153846153846153	0.47343760847457667	0.5153846153846153	0.47258893123471285	0.8071255773037167	0,1,7,4,1,0,0,0,1,46,22,0,0,0,0,4,446,207,9,0,0,0,2,269,527,33,3,0,0,0,25,251,30,1,0,0,0,0,51,7,1,0,0,0,0,2,0,0,0
0.5287179487179487	0.508320059848647	0.5287179487179487	0.5037683347571904	0.8082252034308335	0,1,4,6,0,0,0,0,0,25,26,1,0,0,0,1,311,352,16,2,0,0,0,142,613,82,2,0,0,0,15,179,107,3,0,0,0,4,38,19,0,0,0,0,0,1,0,0,0
0.5143589743589744	0.48875127701691795	0.5143589743589744	0.4875562013218476	0.8060259511765999	0,0,5,7,0,0,0,1,35,26,1,1,0,1,417,215,13,0,0,2,270,512,55,8,0,0,30,217,73,9,0,0,0,38,14,0
0.5051282051282051	0.48627105852131774	0.5051282051282051	0.4611622134029563	0.791290961073235	0,0,4,5,0,0,0,0,0,39,31,1,0,0,3,7,362,247,1,0,0,0,0,226,575,23,3,0,0,0,40,272,48,2,0,0,0,3,47,9,0,0,0,0,0,2,0,0,0
0.4948717948717949	0.4695746546514475	0.4948717948717949	0.47497058260051955	0.8064658016274466	0,1,10,6,0,0,0,0,3,31,22,2,0,0,0,8,375,237,20,0,0,0,2,246,497,103,0,0,0,1,31,203,89,3,0,0,0,4,24,30,1,0,0,0,0,1,0,0,0
0.5025641025641026	0.48627637858365175	0.5025641025641026	0.48739041007040684	0.8053661755003299	0,1,4,6,2,0,0,2,0,22,35,0,0,0,3,2,315,300,33,1,0,2,5,167,553,130,6,0,0,1,19,165,109,4,0,0,1,3,31,23,3,0,0,0,0,0,2,0,0
0.536923076923077	0.4959637547225361	0.536923076923077	0.5050074005763981	0.7917308115240818	0,1,4,4,1,0,0,0,0,31,33,4,0,0,0,0,381,262,11,0,0,0,0,187,582,55,1,0,0,0,14,213,84,1,0,0,0,1,55,23,0,0,0,0,0,1,1,0,0
0.5276923076923077	0.5009467644823432	0.5276923076923077	0.5112611980345683	0.8014075214427094	0,0,3,4,0,0,0,0,2,21,32,3,0,0,1,6,374,220,30,0,0,3,3,227,534,105,0,0,0,1,17,189,119,0,0,2,0,0,30,22,0,0,0,0,0,1,1,0,0
0.517948717948718	0.49452394241393954	0.517948717948718	0.4911220490781081	0.8014075214427094	1,0,2,4,0,0,0,0,2,29,22,5,0,0,0,4,385,220,15,0,0,1,1,253,554,67,2,0,0,0,41,216,67,0,0,0,0,9,31,17,1,0,0,0,0,0,1,0,0
0.5251282051282051	0.5043798593208304	0.5251282051282051	0.4843668935841753	0.7910710358478117	0,0,5,1,0,0,0,1,42,22,2,0,1,1,356,273,11,0,0,0,181,612,35,0,0,0,15,270,55,0,0,0,0,50,17,0
0.4707692307692308	0.4629283343908025	0.4707692307692308	0.45138180170607545	0.8187816142511546	0,1,2,6,0,1,0,6,23,36,1,1,0,3,271,349,10,3,0,2,220,545,86,6,0,0,18,203,94,1,0,0,1,39,20,2
0.5164102564102564	0.48362176335452756	0.5164102564102564	0.49261723650454564	0.8110842313613371	0,0,6,3,1,0,0,0,45,26,6,0,0,1,361,238,26,0,0,0,227,541,83,3,0,0,50,173,103,1,0,0,7,30,17,2
0.5143589743589744	0.48653270888952416	0.5143589743589744	0.4862096785581865	0.813503408840994	0,1,4,5,0,0,0,0,2,33,31,0,0,0,0,3,336,286,15,0,0,0,0,201,591,71,1,0,0,0,28,212,74,0,0,0,0,2,36,15,0,0,0,0,0,1,2,0,0
0.5446153846153846	0.5191478803337101	0.5446153846153846	0.5154846696772893	0.8047063998240598	0,0,3,2,0,0,0,0,3,38,25,1,0,0,1,3,403,214,11,1,0,0,13,205,592,43,9,0,0,4,24,230,61,4,0,0,0,0,43,11,3,0,0,0,0,2,1,0,0
0.5425641025641026	0.5059073635263452	0.5425641025641026	0.512103498797646	0.8108643061359138	0,0,7,3,0,0,0,1,43,27,2,0,0,4,427,211,16,0,0,0,230,552,55,0,0,0,29,208,78,0,0,0,4,37,16,0
0.5	0.4941926184265951	0.5	0.46257437564028336	0.8216406421816582	0,1,4,4,0,0,0,0,4,25,37,0,0,0,1,3,234,408,6,0,0,0,3,110,655,69,1,0,0,0,8,223,82,0,0,0,0,3,45,22,0,0,0,0,0,1,1,0,0
0.4938461538461538	0.4642582556581873	0.4938461538461538	0.46706867332849833	0.8044864745986364	0,0,4,6,1,0,0,0,2,30,31,4,0,0,0,4,335,284,26,0,0,0,2,188,548,87,0,0,0,0,26,229,78,1,0,0,0,3,40,19,0,0,0,0,0,1,1,0,0
0.5215384615384615	0.4896668091369357	0.5215384615384615	0.47428989134242816	0.8047063998240598	0,0,5,4,0,0,0,0,1,35,33,2,0,0,0,1,410,215,5,1,0,0,0,241,576,32,3,0,0,0,33,255,29,1,0,0,0,3,53,8,1,0,0,0,1,2,0,0,0
0.5128205128205128	0.4932776588950765	0.5128205128205128	0.4959758160582102	0.8075654277545634	0,0,4,3,1,0,0,0,1,32,24,6,0,0,0,2,387,245,29,0,0,0,0,207,483,118,7,0,0,0,29,176,128,3,0,0,0,0,27,36,1,0,0,0,0,0,1,0,0
0.5	0.502914991225853	0.5	0.47984459945400115	0.8146030349681108	0,0,6,2,1,0,0,0,2,32,24,1,0,0,0,2,275,367,18,0,0,1,6,168,580,102,0,0,1,3,26,166,117,0,0,0,1,7,22,17,1,0,0,0,0,0,2,0,0
0.5158974358974359	0.49239996923200313	0.5158974358974359	0.4961511415995025	0.8055861007257532	0,0,7,5,1,0,0,1,26,29,4,0,0,2,348,293,17,0,0,1,173,547,123,0,0,0,20,182,110,0,0,0,0,27,34,0
0.5082051282051282	0.4766694698967329	0.5082051282051282	0.49076522555633384	0.813503408840994	0,0,6,3,0,0,0,0,0,41,16,5,0,0,0,0,328,285,25,0,0,0,3,188,517,153,0,0,0,0,28,146,146,0,0,0,0,6,28,25,0,0,0,0,0,0,1,0,0
