accuracy	precision	recall	f1	oob	confMatrxVars
0.5292307692307693	0.518235046660291	0.5292307692307693	0.5207322272982637	0.8113041565867605	0,0,1,4,0,0,0,1,5,29,23,4,0,0,0,18,389,238,23,0,0,0,12,197,516,110,5,0,0,3,30,162,113,11,0,0,0,0,27,19,9,0,0,0,0,0,1,0,0
0.5148717948717949	0.4964552240318311	0.5148717948717949	0.49987624716971324	0.8099846052342203	0,0,3,6,0,0,0,2,3,32,25,2,1,0,0,4,373,231,21,1,0,0,2,223,511,116,4,0,0,3,42,172,112,6,0,0,0,7,24,18,5,0,0,0,1,0,0,0,0
0.5328205128205128	0.5018686085313483	0.5328205128205128	0.51286272013865	0.7998680448647459	0,1,4,6,0,0,0,0,0,48,28,1,0,0,0,13,411,160,21,1,0,1,9,242,507,85,9,0,0,5,32,166,117,7,0,0,0,6,33,31,4,0,0,0,0,0,1,1,0
0.5292307692307693	0.5160679634693548	0.5292307692307693	0.5212914931352112	0.8044864745986364	0,0,2,2,0,0,2,1,41,17,6,0,2,15,394,217,22,3,5,20,214,495,113,3,0,3,32,145,138,8,0,0,4,22,20,4
0.5230769230769231	0.5068705734012495	0.5230769230769231	0.512617825994975	0.8062458764020233	0,0,2,7,0,0,0,0,1,27,19,6,1,0,1,15,379,209,30,3,0,2,15,213,523,88,13,1,0,2,40,162,110,17,0,0,0,4,35,16,7,0,0,0,0,1,0,1,0
0.5143589743589744	0.5023731375097956	0.5143589743589744	0.5039719647852638	0.8051462502749065	0,0,4,1,1,1,0,3,29,20,4,0,2,13,339,256,26,1,3,10,186,536,110,8,1,4,25,174,117,8,0,0,4,33,23,8
0.5117948717948718	0.49439355816773467	0.5117948717948718	0.5003512403378017	0.8007477457664394	0,0,3,3,1,0,0,2,4,39,15,1,0,0,2,10,349,248,25,2,0,0,10,216,518,105,8,2,0,3,21,170,125,5,1,1,1,2,31,24,2,0,0,0,0,1,0,0,0
0.5035897435897436	0.4935508998946048	0.5035897435897436	0.4960002900898632	0.7897514844952715	1,1,4,5,1,0,0,0,4,36,25,3,0,0,0,18,360,225,35,1,0,2,7,214,479,157,10,0,0,3,27,135,132,4,0,0,0,3,31,19,6,0,0,0,1,0,1,0,0
0.49846153846153846	0.4836528589987318	0.49846153846153846	0.4888556795835948	0.7998680448647459	0,0,3,1,2,0,0,1,0,46,20,6,0,0,1,6,374,191,44,1,0,1,8,258,455,146,12,0,0,3,28,130,134,13,1,0,0,6,21,27,9,0,0,0,0,0,2,0,0
0.5169230769230769	0.5083261462146766	0.5169230769230769	0.5107685936465284	0.8071255773037167	0,0,9,2,0,1,0,3,6,30,18,5,0,0,6,9,378,246,23,0,0,1,20,205,489,117,10,0,0,5,22,157,127,6,0,0,0,1,24,21,8,0,0,0,1,0,0,0,0
0.536923076923077	0.5191550503273943	0.536923076923077	0.5253244922409883	0.812843633164724	0,3,2,2,1,0,0,0,3,24,24,1,1,0,0,16,353,226,20,2,0,0,12,174,561,117,6,0,0,3,30,173,128,6,0,1,1,1,25,30,2,0,0,0,1,0,1,0,0
0.522051282051282	0.5147717471143726	0.522051282051282	0.513413337871649	0.797448867385089	0,2,6,5,1,0,0,2,8,27,27,5,0,0,3,20,371,225,25,4,0,5,12,184,509,133,4,0,0,3,24,148,124,1,0,0,0,1,37,27,6,0,0,0,0,1,0,0,0
0.5030769230769231	0.48463203973241575	0.5030769230769231	0.49220851971924956	0.8095447547833736	0,0,6,2,1,0,0,0,2,35,31,4,0,0,3,16,377,194,31,5,0,2,7,246,480,121,10,0,0,0,26,177,117,8,0,1,0,9,19,14,5,0,0,0,0,1,0,0,0
0.5225641025641026	0.5108090017665569	0.5225641025641026	0.5155000761225184	0.8117440070376072	0,1,5,2,0,0,0,1,5,29,18,2,2,0,0,14,368,218,31,8,0,1,8,229,527,113,10,0,1,3,32,150,107,6,0,1,0,3,30,12,12,0,0,0,0,0,1,0,0
0.5533333333333333	0.5432663555206215	0.5533333333333333	0.5466199510050095	0.8055861007257532	1,0,4,4,1,0,0,1,4,28,17,3,0,0,6,12,396,177,46,4,0,4,11,198,522,120,9,0,0,1,30,137,150,3,0,0,0,3,29,22,6,0,0,0,0,0,1,0,0
0.5374358974358975	0.5234413418605054	0.5374358974358975	0.5260716532999947	0.7908511106223883	1,0,4,3,0,0,0,1,2,37,17,5,1,0,0,11,407,217,25,1,0,0,15,203,500,96,5,0,0,2,40,155,127,7,0,0,0,7,28,20,11,0,0,0,0,1,1,0,0
0.5148717948717949	0.4935842278155739	0.5148717948717949	0.5008946496200924	0.8014075214427094	0,1,4,4,1,0,0,0,2,33,23,2,1,0,1,18,364,248,32,0,0,0,7,173,516,115,12,0,0,1,27,175,122,3,0,0,1,3,42,18,0,0,0,0,0,1,0,0,0
0.5297435897435897	0.5276564404705709	0.5297435897435897	0.5240585584445907	0.794369914229162	0,0,3,3,1,0,0,1,6,34,22,2,0,0,2,24,350,271,29,1,0,3,14,176,530,106,4,0,1,1,12,155,136,9,0,0,1,1,18,22,11,0,0,0,0,1,0,0,0
0.5112820512820513	0.4999016627131379	0.5112820512820513	0.50461872550653	0.8121838574884539	0,3,6,1,0,0,0,0,5,31,19,5,0,0,3,10,374,236,23,3,0,0,14,231,491,107,15,2,0,5,28,145,115,14,0,0,0,7,23,20,12,0,0,0,0,1,1,0,0
0.5317948717948718	0.5177164580541976	0.5317948717948718	0.5161593424426112	0.8106443809104904	0,1,4,5,0,0,0,1,5,25,32,2,0,0,4,23,370,245,15,1,0,2,5,193,570,66,11,0,0,2,28,186,82,11,0,0,0,3,33,14,10,0,0,0,0,0,1,0,0
0.5333333333333333	0.5176812212154843	0.5333333333333333	0.5226927919023532	0.7950296899054321	0,1,5,1,0,0,0,1,4,31,24,4,0,0,3,11,393,206,16,2,0,4,10,221,530,103,11,0,1,3,22,177,106,6,0,1,0,3,25,17,7,0,0,0,0,1,0,0,0
0.5169230769230769	0.5001095789177936	0.5169230769230769	0.501467552943909	0.8126237079393006	0,0,4,5,3,0,0,0,3,25,29,5,1,0,2,15,391,224,21,1,0,0,9,233,510,81,2,0,0,3,28,187,97,4,1,0,0,2,28,26,7,0,0,0,0,3,0,0,0
0.5087179487179487	0.4988951321496753	0.5087179487179487	0.4988290090643581	0.8150428854189575	0,2,2,3,2,0,0,0,7,42,16,3,0,0,1,17,418,173,29,0,0,0,10,256,418,161,9,0,0,2,44,121,144,5,0,0,1,7,21,29,5,0,0,0,1,1,0,0,0
0.5261538461538462	0.5076587904961986	0.5261538461538462	0.5143126122924715	0.7941499890037387	0,1,3,2,0,0,0,0,5,37,23,3,0,0,1,10,354,206,25,2,0,1,14,198,533,114,11,0,0,2,23,176,128,8,0,0,0,2,31,28,6,0,0,0,1,2,0,0,0
0.5133333333333333	0.49723143968808625	0.5133333333333333	0.5034539878739379	0.7970090169342423	0,0,8,7,0,0,0,0,5,32,20,6,1,0,3,15,382,197,25,4,0,2,13,216,499,106,23,0,1,1,18,189,109,9,0,0,1,5,30,16,6,0,0,0,0,1,0,0,0
