accuracy	precision	recall	f1	oob	confMatrxVars
0.6728205128205128	0.6724171607821489	0.6728205128205128	0.6548836283281069	0.33670552012315813	0,0,4,3,0,0,0,0,4,47,20,1,0,0,0,3,445,180,3,0,0,0,0,134,681,45,3,0,0,0,9,129,164,1,0,0,0,1,33,18,18,0,0,0,0,2,2,0,0
0.6707692307692308	0.691140591914696	0.6707692307692308	0.6544541421800755	0.33208709038926765	0,0,4,6,0,0,0,0,7,44,22,1,0,0,0,2,440,202,5,0,0,0,0,125,679,21,0,0,0,0,8,168,164,1,0,0,0,0,18,13,18,0,0,0,0,1,1,0,0
0.6651282051282051	0.6677663528390462	0.6651282051282051	0.6526613662307988	0.33098746426215087	0,1,9,5,0,0,0,6,23,20,1,0,0,0,438,186,5,0,0,2,129,664,64,2,0,0,9,155,171,1,0,0,0,24,17,18
0.6661538461538462	0.6736362367523555	0.6661538461538462	0.6525950056548401	0.329228062458764	0,0,4,8,0,0,0,7,38,18,0,0,0,2,453,181,9,0,0,1,141,658,52,0,0,0,12,145,162,0,0,0,0,27,13,19
0.6569230769230769	0.6779934554165163	0.6569230769230769	0.6423876660747135	0.32592918407741367	0,0,5,3,0,0,0,0,7,47,17,0,0,0,0,0,463,216,8,0,0,0,0,113,639,49,2,0,0,0,8,163,151,2,0,0,0,0,20,15,21,0,0,0,0,1,0,0,0
0.6825641025641026	0.6896579644548583	0.6825641025641026	0.6705922462731897	0.3296679129096107	0,0,3,1,0,0,0,0,7,39,18,0,0,0,0,2,478,171,5,0,0,0,1,159,659,37,1,0,0,0,13,132,170,1,0,0,0,0,21,13,17,0,0,0,0,2,0,0,0
0.6738461538461539	0.6910704967791237	0.6738461538461539	0.6606026350814576	0.3327468660655377	0,0,3,3,0,0,0,1,9,40,15,0,0,0,0,2,439,176,5,0,0,0,0,143,667,33,1,0,0,0,8,159,182,0,0,0,0,0,29,17,17,0,0,0,0,0,1,0,0
0.6702564102564103	0.6819464272295633	0.6702564102564103	0.6572431004594409	0.3329667912909611	0,0,4,4,1,0,0,0,11,40,25,0,0,0,0,0,440,164,3,0,0,0,0,148,672,64,0,0,0,0,5,150,163,2,0,0,0,1,20,9,21,0,0,0,0,0,3,0,0
0.6656410256410257	0.6858949426193611	0.6656410256410257	0.6524821695570121	0.3283483615570706	0,0,2,3,0,0,0,1,11,38,23,3,0,0,0,0,468,194,3,0,0,0,0,136,639,42,1,0,0,0,3,160,165,3,0,0,0,0,23,13,15,0,0,0,0,2,2,0,0
0.6815384615384615	0.6927814565134534	0.6815384615384615	0.66677708610854	0.3272487354299538	0,0,1,6,0,0,0,0,7,33,20,0,0,0,0,2,460,180,3,0,0,0,0,118,683,37,2,0,0,0,6,165,160,3,0,0,0,0,25,17,19,0,0,0,0,2,1,0,0
0.6917948717948718	0.702612250699825	0.6917948717948718	0.6813218267647083	0.3334066417418078	0,0,4,7,0,0,0,0,10,31,21,0,0,0,0,1,471,182,3,1,0,0,1,120,670,49,0,0,0,0,5,144,173,1,0,0,0,0,20,10,25,0,0,0,0,1,0,0,0
0.6758974358974359	0.6761629284778371	0.6758974358974359	0.6609978762820192	0.3369254453485815	0,1,8,5,0,0,0,0,6,31,30,0,0,0,0,1,454,175,4,0,0,0,1,139,678,48,0,0,0,0,5,145,157,4,0,0,0,0,16,17,23,0,0,0,0,1,1,0,0
0.6943589743589743	0.7048021790036869	0.6943589743589743	0.6797477297614979	0.33802507147569827	0,0,7,5,0,0,0,0,4,33,19,2,0,0,0,0,448,162,1,0,0,0,0,133,708,50,0,0,0,0,4,141,171,1,0,0,0,0,17,20,23,0,0,0,0,0,1,0,0
0.6825641025641026	0.691547834929989	0.6825641025641026	0.6678718141702463	0.3318671651638443	0,0,6,1,0,0,0,0,5,40,19,0,0,0,0,1,462,165,8,0,0,0,0,131,673,46,1,0,0,0,6,157,171,1,0,0,0,0,18,17,20,0,0,0,0,1,1,0,0
0.6661538461538462	0.683303578816951	0.6661538461538462	0.6510990095030347	0.3243897074994502	0,0,8,4,0,0,0,0,5,38,29,1,0,0,0,0,452,191,6,0,0,0,0,146,642,41,1,0,0,0,11,140,182,2,0,0,0,0,16,16,18,0,0,0,0,1,0,0,0
0.683076923076923	0.6860094034007481	0.683076923076923	0.6676306226471123	0.33912469760281505	0,0,4,3,0,0,0,0,8,38,23,0,0,0,0,3,490,143,5,0,0,0,1,155,653,45,1,0,0,0,10,136,166,1,0,0,0,0,31,16,15,0,0,0,0,2,1,0,0
0.6579487179487179	0.6653411387438399	0.6579487179487179	0.640387289525954	0.32197053001979326	0,0,5,4,0,0,0,1,4,47,23,0,0,0,0,2,446,174,6,1,0,0,0,154,645,41,1,0,0,0,8,151,172,1,0,0,0,0,32,14,16,0,0,0,0,0,2,0,0
0.6671794871794872	0.6787165479678047	0.6671794871794872	0.6580244683604191	0.3248295579502969	0,1,2,1,0,0,0,0,9,32,24,0,0,0,0,1,455,201,10,0,0,0,1,131,637,63,0,0,0,0,5,135,172,1,0,0,0,1,21,18,28,0,0,0,0,1,0,0,0
0.6841025641025641	0.691393005762571	0.6841025641025641	0.6700720198939933	0.3268088849791071	0,1,3,7,0,0,0,0,5,34,15,1,0,0,0,1,451,182,5,0,0,0,0,126,699,43,1,0,0,0,7,155,160,0,0,0,0,0,21,13,19,0,0,0,0,1,0,0,0
0.6641025641025641	0.663228973372119	0.6641025641025641	0.6473097259779028	0.332307015614691	0,1,4,3,0,0,0,0,3,47,19,1,0,0,0,4,457,170,2,1,0,0,0,135,645,45,0,0,0,0,6,182,174,2,0,0,0,1,16,15,16,0,0,0,0,1,0,0,0
0.6846153846153846	0.6920702656067871	0.6846153846153846	0.6703900699085885	0.32856828678249395	0,0,2,4,0,0,0,0,6,36,16,1,0,0,0,1,469,160,4,0,0,0,2,142,682,33,1,0,0,0,12,161,156,2,0,0,0,0,23,14,22,0,0,0,0,1,0,0,0
0.6687179487179488	0.6875382402243354	0.6687179487179488	0.6520451623166835	0.32812843633164723	0,0,5,4,0,0,0,4,32,29,0,0,0,1,452,209,1,0,0,0,127,671,36,0,0,0,4,145,161,2,0,0,1,33,17,16
0.6702564102564103	0.6815910648662934	0.6702564102564103	0.6585628866996379	0.32746866065537716	0,0,6,4,0,0,0,10,29,25,1,0,0,4,453,206,3,0,0,0,129,665,45,0,0,0,5,147,160,2,0,0,1,23,13,19
0.6697435897435897	0.6886675225641473	0.6697435897435897	0.6551823523958804	0.33054761381130415	0,1,5,2,0,0,0,4,37,28,1,0,0,0,446,201,6,0,0,0,130,651,38,0,0,0,6,146,182,1,0,0,0,28,14,23
0.6723076923076923	0.680620245351876	0.6723076923076923	0.6611806992801186	0.3314273147129976	0,0,8,3,0,0,0,0,7,30,20,0,0,0,0,2,437,196,1,0,0,0,1,139,669,50,0,0,0,0,2,147,173,1,0,0,0,0,22,16,25,0,0,0,0,0,1,0,0
