accuracy	precision	recall	f1	oob	confMatrxVars
0.536923076923077	0.42536709971796804	0.536923076923077	0.46511086695664766	0.487354299538157	0,0,5,4,0,0,0,0,0,37,36,0,0,0,0,0,358,290,0,0,0,0,0,165,689,0,0,0,0,0,14,301,0,0,0,0,0,1,48,0,0,0,0,0,0,2,0,0,0
0.5235897435897436	0.43118963949162126	0.5235897435897436	0.4529386854743888	0.48427534638223	0,0,1,8,0,0,0,0,0,30,40,0,0,0,0,0,346,346,0,0,0,0,0,136,675,0,0,0,0,0,11,292,0,0,0,0,0,0,64,0,0,0,0,0,0,1,0,0,0
0.5123076923076924	0.4006149551835274	0.5123076923076924	0.4473899990807929	0.4772377391686826	0,0,2,5,0,0,0,0,35,34,0,0,0,0,392,258,0,0,0,0,254,607,0,0,0,0,22,287,0,0,0,0,0,54,0,0
0.5225641025641026	0.4070137866489736	0.5225641025641026	0.44814181511809714	0.47195953375852207	0,0,4,3,0,0,0,0,0,27,43,0,0,0,0,0,367,272,0,0,0,0,0,172,652,0,0,0,0,0,16,330,0,0,0,0,0,1,60,0,0,0,0,0,0,3,0,0,0
0.4948717948717949	0.3806025512223957	0.4948717948717949	0.4294550575599561	0.477457664394106	0,0,2,5,0,0,0,0,0,34,38,0,0,0,0,0,415,236,0,0,0,0,0,289,550,0,0,0,0,0,25,292,0,0,0,0,0,3,60,0,0,0,0,0,0,1,0,0,0
0.5035897435897436	0.40525278209635757	0.5035897435897436	0.4327586818449424	0.4833956454805366	0,0,3,4,0,0,0,0,0,24,36,0,0,0,0,0,313,350,0,0,0,0,0,165,669,0,0,0,0,0,12,312,0,0,0,0,0,1,59,0,0,0,0,0,0,2,0,0,0
0.5138461538461538	0.4170787202257788	0.5138461538461538	0.4398192438791513	0.4748185616890257	0,0,3,6,0,0,0,0,0,34,25,0,0,0,0,0,316,355,0,0,0,0,0,133,686,0,0,0,0,0,10,320,0,0,0,0,0,1,60,0,0,0,0,0,0,1,0,0,0
0.49435897435897436	0.38018374851431336	0.49435897435897436	0.4295579537614435	0.48317572025511324	0,0,6,7,0,0,0,0,0,29,26,0,0,0,0,0,393,238,0,0,0,0,0,296,571,0,0,0,0,0,40,287,0,0,0,0,0,10,45,0,0,0,0,0,0,2,0,0,0
0.5379487179487179	0.4244710351377018	0.5379487179487179	0.4672533801171261	0.4884539256652738	0,0,1,3,0,0,0,0,30,35,0,0,0,0,372,265,0,0,0,0,186,677,0,0,0,0,10,304,0,0,0,0,1,66,0,0
0.5317948717948718	0.4264901227427543	0.5317948717948718	0.45893489446505775	0.4919727292720475	0,0,5,7,0,0,0,0,0,29,41,0,0,0,0,0,332,315,0,0,0,0,0,149,705,0,0,0,0,0,10,294,0,0,0,0,0,0,61,0,0,0,0,0,0,2,0,0,0
0.5338461538461539	0.4286724941346912	0.5338461538461539	0.46034396810319345	0.4950516824279745	0,0,5,4,0,0,0,0,0,31,38,0,0,0,0,0,325,322,0,0,0,0,0,142,716,0,0,0,0,0,11,302,0,0,0,0,0,2,50,0,0,0,0,0,0,2,0,0,0
0.5174358974358975	0.40609731518060227	0.5174358974358975	0.4437262834390473	0.47811744007037604	0,0,4,5,0,0,0,0,0,25,38,0,0,0,0,0,330,301,0,0,0,0,0,169,679,0,0,0,0,0,16,324,0,0,0,0,0,1,57,0,0,0,0,0,0,1,0,0,0
0.5333333333333333	0.4201505461343974	0.5333333333333333	0.46307036987011135	0.49461183197712777	0,0,1,5,0,0,0,0,0,36,39,0,0,0,0,0,368,276,0,0,0,0,0,187,672,0,0,0,0,0,18,294,0,0,0,0,0,0,52,0,0,0,0,0,0,2,0,0,0
0.522051282051282	0.4102688838936056	0.522051282051282	0.45017617283999034	0.47965691664833954	0,0,4,9,0,0,0,0,0,31,37,0,0,0,0,0,358,285,0,0,0,0,0,180,660,0,0,0,0,0,11,311,0,0,0,0,0,0,63,0,0,0,0,0,0,1,0,0,0
0.5287179487179487	0.40297865806847843	0.5287179487179487	0.4543348849520961	0.4748185616890257	0,0,4,3,0,0,0,0,0,43,29,0,0,0,0,0,390,228,0,0,0,0,0,209,641,0,0,0,0,0,20,310,0,0,0,0,0,2,69,0,0,0,0,0,0,2,0,0,0
0.5138461538461538	0.40903482185649903	0.5138461538461538	0.44279663618462095	0.47415878601275563	0,0,4,7,0,0,0,0,0,28,40,0,0,0,0,0,340,316,0,0,0,0,0,171,662,0,0,0,0,0,10,306,0,0,0,0,0,1,64,0,0,0,0,0,0,1,0,0,0
0.522051282051282	0.4155418241528642	0.522051282051282	0.449237592115804	0.4858148229601935	0,0,2,6,0,0,0,0,0,26,35,0,0,0,0,0,324,312,0,0,0,0,0,162,694,0,0,0,0,0,7,324,0,0,0,0,0,2,54,0,0,0,0,0,0,2,0,0,0
0.5184615384615384	0.4098544366899302	0.5184615384615384	0.4478533458337047	0.47415878601275563	0,0,5,10,0,0,0,0,0,25,33,0,0,0,0,0,363,294,0,0,0,0,0,181,648,0,0,0,0,0,16,316,0,0,0,0,0,0,57,0,0,0,0,0,0,2,0,0,0
0.5302564102564102	0.4126759627836197	0.5302564102564102	0.45558630884114476	0.4723993842093688	0,0,2,5,0,0,0,0,0,26,31,0,0,0,0,0,355,263,0,0,0,0,0,175,679,0,0,0,0,0,11,335,0,0,0,0,0,2,64,0,0,0,0,0,0,2,0,0,0
0.5358974358974359	0.42582687175754863	0.5358974358974359	0.4647939478851921	0.48977347701781393	0,0,3,4,0,0,0,0,0,33,36,0,0,0,0,0,354,295,0,0,0,0,0,167,691,0,0,0,0,0,18,297,0,0,0,0,0,1,50,0,0,0,0,0,0,1,0,0,0
0.5364102564102564	0.42401367521367517	0.5364102564102564	0.4597498158387818	0.4849351220585001	0,0,3,10,0,0,0,0,29,35,0,0,0,0,343,286,0,0,0,0,140,703,0,0,0,0,10,330,0,0,0,0,0,61,0,0
0.5307692307692308	0.42527839196628525	0.5307692307692308	0.4614757448083195	0.4844952716076534	0,0,4,7,0,0,0,0,24,45,0,0,0,0,367,294,0,0,0,0,175,668,0,0,0,0,8,304,0,0,0,0,2,52,0,0
0.5215384615384615	0.4181357412255628	0.5215384615384615	0.4497453579088734	0.4888937761161205	0,0,3,6,0,0,0,0,0,25,40,0,0,0,0,0,319,329,0,0,0,0,0,159,698,0,0,0,0,0,15,302,0,0,0,0,0,0,51,0,0,0,0,0,0,3,0,0,0
0.5169230769230769	0.4044957020259005	0.5169230769230769	0.4459113459348613	0.4809764680008797	0,0,2,4,0,0,0,0,25,40,0,0,0,0,364,285,0,0,0,0,190,644,0,0,0,0,22,296,0,0,0,0,5,73,0,0
0.5271794871794871	0.4201266027340077	0.5271794871794871	0.4555595306417672	0.48009676709918625	0,0,4,10,0,0,0,0,28,33,0,0,0,0,336,306,0,0,0,0,166,692,0,0,0,0,9,302,0,0,0,0,0,64,0,0
