accuracy	precision	recall	f1	oob	confMatrxVars
0.6405128205128205	0.6430620630140653	0.6405128205128205	0.6282074426154315	0.3846492192654497	0,0,3,4,0,0,0,9,36,24,3,0,2,2,440,187,6,0,0,3,157,633,72,0,0,0,12,152,153,2,0,0,1,17,18,14
0.6517948717948718	0.6540292781167005	0.6517948717948718	0.6403633705519237	0.3756322850230921	0,0,7,1,0,0,0,1,10,28,19,1,0,0,0,0,437,179,7,1,0,0,3,178,661,58,1,0,0,1,19,138,152,0,0,0,0,1,22,12,11,0,0,0,0,1,1,0,0
0.6758974358974359	0.6804696196449819	0.6758974358974359	0.6630691229885174	0.37233340664174186	0,0,3,2,0,0,0,0,4,30,21,1,0,0,1,1,479,189,9,0,0,0,1,148,651,42,1,0,0,0,14,128,170,1,0,0,0,0,20,16,14,0,0,0,1,1,2,0,0
0.6482051282051282	0.6408841137253901	0.6482051282051282	0.6340384602923724	0.37695183637563223	0,0,3,4,0,0,0,0,4,43,18,1,0,0,0,10,434,206,5,0,0,0,0,153,647,53,3,0,0,0,12,132,167,0,0,0,0,2,16,24,12,0,0,0,0,0,1,0,0
0.6302564102564102	0.6248831934026949	0.6302564102564102	0.6138046862105607	0.3624367714976908	0,0,5,6,1,0,0,1,6,48,22,0,0,0,0,3,425,183,11,0,0,0,4,160,628,68,0,0,0,1,18,142,157,1,0,0,0,0,21,23,13,0,0,0,0,1,2,0,0
0.6476923076923077	0.6537841904742736	0.6476923076923077	0.6321907543287811	0.36881460303496816	0,0,4,5,0,0,0,1,5,46,25,2,0,0,0,3,430,194,3,0,0,0,0,140,636,60,2,0,0,0,11,153,173,0,0,0,0,1,25,10,19,0,0,0,0,1,1,0,0
0.6471794871794871	0.6440191137283768	0.6471794871794871	0.6331832138208195	0.373652957994282	0,0,4,3,0,0,0,0,5,35,21,1,0,0,0,3,426,179,8,1,0,0,2,156,645,65,1,0,0,0,2,156,172,3,0,0,0,2,26,18,14,0,0,0,0,2,0,0,0
0.6651282051282051	0.6627670960170204	0.6651282051282051	0.6546401370251728	0.39146690125357375	0,1,5,5,0,0,0,9,27,17,2,0,2,5,423,181,14,0,0,0,131,684,70,1,0,1,12,144,167,2,0,0,0,17,16,14
0.6512820512820513	0.6468361654283078	0.6512820512820513	0.6395546841725167	0.38047063998240593	0,2,4,2,1,0,0,0,5,43,15,4,0,0,0,1,441,199,9,0,0,0,3,137,639,85,0,0,0,0,11,128,164,2,0,0,0,1,19,13,21,0,0,0,0,0,1,0,0
0.6512820512820513	0.6480340873750953	0.6512820512820513	0.6353761006469889	0.3740928084451287	0,0,6,4,0,0,0,0,5,46,20,1,0,0,0,0,463,156,13,1,0,0,2,168,628,59,4,0,0,0,13,141,158,5,0,0,0,3,17,20,16,0,0,0,0,0,1,0,0
0.6512820512820513	0.6590871271153799	0.6512820512820513	0.6367175160537809	0.3740928084451287	0,0,3,2,0,0,0,1,4,35,32,2,0,0,0,1,463,189,5,0,0,0,1,152,616,59,1,0,0,0,14,142,168,0,0,0,0,0,22,16,19,0,0,0,0,2,1,0,0
0.6574358974358975	0.6608034629919762	0.6574358974358975	0.6439487241435825	0.3767319111502089	0,0,6,3,0,0,0,0,6,34,22,2,0,0,0,0,459,197,5,0,0,0,1,149,642,58,1,0,0,1,18,133,162,3,0,0,0,0,18,16,13,0,0,0,0,1,0,0,0
0.661025641025641	0.6725503094935068	0.661025641025641	0.6470234172562679	0.3826698922366395	0,0,5,2,0,0,0,0,8,31,17,2,0,0,0,2,433,171,4,0,0,0,0,139,657,53,1,0,0,0,15,168,173,0,0,0,0,1,29,18,18,0,0,0,0,2,1,0,0
0.6482051282051282	0.6453222669986322	0.6482051282051282	0.6348177141803645	0.37145370574004843	0,0,5,7,1,0,0,0,5,28,20,1,0,0,0,6,429,201,5,1,0,0,1,139,654,63,0,0,0,1,11,155,164,2,0,0,0,0,23,15,12,0,0,0,0,1,0,0,0
0.6497435897435897	0.6494783629934124	0.6497435897435897	0.6333730908661961	0.3727732570925886	0,0,3,9,0,0,0,0,3,44,20,1,0,0,0,1,459,185,1,0,0,0,1,146,629,72,0,0,0,0,3,154,160,1,0,0,0,1,19,19,16,0,0,0,0,1,1,1,0
0.6333333333333333	0.6371406883763534	0.6333333333333333	0.6173639274909332	0.36331647239938425	0,0,6,6,0,0,0,0,4,42,24,1,0,0,0,2,423,177,9,0,0,0,0,174,626,53,3,0,0,0,8,170,162,1,0,0,0,1,21,16,20,0,0,0,0,0,1,0,0
0.6687179487179488	0.6682706813387782	0.6687179487179488	0.6582711496912396	0.36991422916208494	0,1,4,1,0,0,0,0,7,26,20,0,0,0,2,4,443,158,12,1,0,0,0,145,653,73,1,0,0,0,11,143,186,1,0,0,0,0,24,17,15,0,0,0,0,1,1,0,0
0.6394871794871795	0.6471072986818039	0.6394871794871795	0.6235139791424194	0.37893116340444244	0,0,6,3,0,0,0,0,5,35,22,1,0,0,0,1,438,195,9,0,0,0,0,157,639,54,1,0,0,0,17,154,152,3,0,0,0,1,26,17,13,0,0,0,0,0,1,0,0
0.6487179487179487	0.6528067384706556	0.6487179487179487	0.6358592881224769	0.37079393006377837	0,0,2,6,0,0,0,1,6,35,20,2,0,0,0,2,439,184,6,0,0,0,2,160,638,59,0,0,0,0,7,152,161,2,0,0,0,2,25,17,21,0,0,0,0,1,0,0,0
0.6548717948717949	0.6535831280317403	0.6548717948717949	0.639794014907001	0.384209368814603	0,1,11,6,0,0,0,0,5,31,18,2,0,0,0,4,443,212,3,0,0,0,1,124,660,47,2,0,0,0,10,163,152,3,0,0,0,1,15,18,17,0,0,0,0,1,0,0,0
0.638974358974359	0.6456030439856988	0.638974358974359	0.6215455948358725	0.37387288321970535	0,0,4,3,0,0,0,0,6,48,22,3,0,0,0,1,441,198,7,0,0,0,1,124,624,64,2,0,0,2,5,168,161,0,0,0,0,0,28,22,14,0,0,0,0,1,1,0,0
0.6661538461538462	0.6676561930705255	0.6661538461538462	0.6496518942802033	0.38135034088409936	0,0,8,1,2,0,0,0,8,41,23,0,1,0,0,3,465,167,8,0,0,0,0,145,660,51,0,0,0,0,11,148,154,2,0,0,0,4,20,15,12,0,0,0,0,0,1,0,0
0.6528205128205128	0.6564702934739695	0.6528205128205128	0.6402175397990898	0.370574004838355	0,0,4,5,0,0,0,0,7,39,16,1,0,0,0,4,442,196,5,1,0,0,0,150,641,58,0,0,0,0,11,140,163,2,0,0,0,1,26,17,20,0,0,0,0,0,1,0,0
0.6543589743589744	0.66181591957502	0.6543589743589744	0.6403639982968825	0.37981086430613586	0,0,6,3,0,0,0,0,6,41,20,1,0,0,0,1,458,188,6,0,0,0,0,147,640,62,0,0,0,0,13,159,151,3,0,0,0,1,14,6,21,0,0,0,0,2,1,0,0
0.6584615384615384	0.6693648268617034	0.6584615384615384	0.6447452590127002	0.384209368814603	0,0,8,5,1,0,0,0,7,35,23,0,0,0,0,0,425,190,8,0,0,0,1,136,658,63,0,0,0,0,7,153,178,0,0,0,0,0,19,16,16,0,0,0,0,0,1,0,0
