accuracy	precision	recall	f1	oob	confMatrxVars
0.6446153846153846	0.646402646386688	0.6446153846153846	0.6252193748854049	0.3740928084451287	0,0,4,4,0,0,0,0,4,48,20,1,0,0,0,1,457,194,4,0,0,0,1,157,651,50,2,0,0,0,11,152,138,1,0,0,0,0,27,15,7,0,0,0,0,1,0,0,0
0.6476923076923077	0.6575169498642199	0.6476923076923077	0.6326137908157706	0.3716736309654718	0,0,3,2,0,0,0,0,4,31,18,1,0,0,0,2,436,198,4,0,0,0,0,152,667,51,0,0,0,0,9,168,138,0,0,0,0,0,27,19,18,0,0,0,0,1,1,0,0
0.6492307692307693	0.6520161208099274	0.6492307692307693	0.6322020008242382	0.3721134814163185	0,0,3,7,0,0,0,0,3,41,21,1,0,0,0,0,440,173,6,1,0,0,1,167,659,46,0,0,0,1,11,170,145,2,0,0,0,0,23,9,19,0,0,0,0,0,1,0,0
0.6446153846153846	0.666398114747894	0.6446153846153846	0.6261234139908717	0.3712337805146251	0,0,2,6,0,0,0,0,4,41,31,2,0,0,0,0,428,201,7,1,0,0,0,155,650,36,1,0,0,0,6,155,160,1,0,0,0,1,25,20,15,0,0,0,0,1,1,0,0
0.6482051282051282	0.6479085963408666	0.6482051282051282	0.6295636092207445	0.3685946778095448	0,0,4,3,0,0,0,0,3,49,28,0,0,0,0,2,440,194,0,0,0,0,1,138,655,65,0,0,0,0,5,151,151,1,0,0,0,1,21,21,15,0,0,0,0,1,1,0,0
0.6364102564102564	0.636153097362385	0.6364102564102564	0.6199073128167454	0.38091049043325265	0,0,6,4,0,0,1,2,38,15,0,0,0,1,410,163,7,0,0,1,198,664,44,2,0,0,10,176,153,3,0,0,0,26,14,12
0.6482051282051282	0.6675778746092428	0.6482051282051282	0.6277118775753338	0.3670552012315813	0,0,2,4,0,0,0,0,3,50,25,0,0,0,0,0,464,168,5,0,0,0,0,153,638,44,3,0,0,0,13,175,142,1,0,0,0,0,27,15,17,0,0,0,0,0,1,0,0
0.6564102564102564	0.6719188395782053	0.6564102564102564	0.634847483990107	0.3690345282603915	0,0,8,4,0,0,0,0,4,52,22,1,0,0,0,0,426,192,7,0,0,0,0,134,684,44,2,0,0,0,7,151,157,0,0,0,0,0,24,20,9,0,0,0,0,1,1,0,0
0.6492307692307693	0.658126632451433	0.6492307692307693	0.6306645022875614	0.3800307895315592	0,0,6,4,0,0,0,0,2,35,20,1,0,0,0,0,433,176,5,0,0,0,0,160,679,62,2,0,0,0,7,162,143,0,0,0,0,0,23,19,9,0,0,0,0,1,1,0,0
0.6558974358974359	0.6504629611483377	0.6558974358974359	0.6391764685579215	0.3806905652078293	0,0,2,6,1,0,0,0,2,37,21,1,0,0,0,4,435,182,5,0,0,0,0,140,662,52,1,0,0,0,9,165,165,3,0,0,0,1,22,18,15,0,0,0,1,0,0,0,0
0.6507692307692308	0.6395676069639687	0.6507692307692308	0.6290680523189501	0.3784913129535957	0,2,3,4,0,0,0,0,0,47,15,1,0,0,0,0,457,184,0,0,0,0,0,157,659,37,1,0,0,0,9,174,144,1,0,0,0,1,30,13,9,0,0,0,0,2,0,0,0
0.6497435897435897	0.6493064386883626	0.6497435897435897	0.6327137638537355	0.38398944358917964	0,1,4,5,0,0,0,0,3,34,26,0,0,0,0,1,468,188,10,0,0,0,2,157,620,45,2,0,0,0,7,146,164,0,0,0,0,0,30,22,12,0,0,0,0,2,1,0,0
0.6579487179487179	0.6592767168978132	0.6579487179487179	0.6434453831987662	0.3694743787112382	0,0,7,5,0,0,0,0,3,29,16,0,0,0,0,4,441,174,6,0,0,0,0,174,668,38,0,0,0,0,8,157,151,1,0,0,0,1,25,21,20,0,0,0,0,1,0,0,0
0.6384615384615384	0.6440258993064548	0.6384615384615384	0.6225970980512381	0.3725533318671652	0,0,6,5,0,0,0,0,3,35,27,0,0,0,0,1,427,189,5,0,0,0,1,169,647,58,0,0,0,0,10,162,152,0,0,0,0,1,26,9,16,0,0,0,0,0,1,0,0
0.6312820512820513	0.650144280703268	0.6312820512820513	0.6113587469932102	0.3751924345722454	0,0,8,4,0,0,0,0,3,34,33,1,0,0,0,0,424,162,3,0,0,0,0,171,631,62,0,0,0,0,11,175,156,0,0,0,0,0,27,25,17,0,0,0,0,2,1,0,0
0.6271794871794871	0.6302701423716333	0.6271794871794871	0.6100621553491208	0.37079393006377837	0,0,4,5,0,0,0,0,3,35,16,2,0,0,0,3,435,212,6,0,0,0,3,145,628,56,0,0,0,1,3,182,148,1,0,0,0,1,30,21,9,0,0,0,0,1,0,0,0
0.6471794871794871	0.6464627501995923	0.6471794871794871	0.6309529423586879	0.3690345282603915	0,1,4,5,0,0,0,0,3,38,12,2,0,0,1,3,460,184,5,0,0,0,2,158,637,58,1,0,0,0,6,158,153,0,0,0,0,0,39,10,9,0,0,0,0,1,0,0,0
0.6569230769230769	0.6487902207216952	0.6569230769230769	0.6395620150938509	0.3771717616010556	0,0,6,2,0,0,0,1,1,40,22,0,0,0,0,1,470,176,3,0,0,0,1,171,656,53,0,0,0,0,7,149,143,2,0,0,0,2,19,13,11,0,0,0,1,0,0,0,0
0.637948717948718	0.6356117383418499	0.637948717948718	0.6187346059464607	0.3727732570925886	0,0,3,4,0,0,0,0,1,44,19,0,0,0,0,2,439,186,4,0,0,0,0,161,636,51,0,0,0,0,8,165,153,2,0,0,0,0,31,25,15,0,0,0,0,0,1,0,0
0.6476923076923077	0.6503120411209641	0.6476923076923077	0.62959371727351	0.37827138772817237	0,0,2,3,0,0,0,0,3,40,21,0,0,0,0,3,434,185,5,0,0,0,1,148,668,49,0,0,0,0,10,178,147,0,0,0,0,0,21,19,11,0,0,0,0,2,0,0,0
0.6302564102564102	0.6316949620481015	0.6302564102564102	0.6093032663918855	0.36485594897734774	0,1,5,5,0,0,0,0,1,34,31,3,0,0,0,0,426,213,6,0,0,0,1,132,641,49,0,0,0,0,9,183,149,1,0,0,0,1,24,20,12,0,0,0,0,2,1,0,0
0.6358974358974359	0.643903636253446	0.6358974358974359	0.6162653766755976	0.3765119859247855	0,0,7,4,1,0,0,0,3,45,18,0,0,0,0,1,439,201,6,0,0,0,0,158,641,45,1,0,0,0,11,162,147,1,0,0,0,0,25,23,10,0,0,0,0,1,0,0,0
0.6333333333333333	0.640940729954678	0.6333333333333333	0.6159364396838343	0.36837475258412145	0,0,5,3,0,0,0,1,5,32,27,0,0,0,0,3,413,208,7,0,0,0,2,146,649,60,0,0,0,0,13,149,158,0,0,0,0,0,31,27,10,0,0,0,0,1,0,0,0
0.6446153846153846	0.650183153670536	0.6446153846153846	0.6260452257254775	0.37783153727732566	0,1,3,2,0,0,0,0,4,40,20,0,0,0,0,1,438,186,5,0,0,0,1,160,664,42,0,0,0,0,13,170,138,0,0,0,0,1,21,24,13,0,0,0,0,1,2,0,0
0.6425641025641026	0.6493938116677843	0.6425641025641026	0.625858354029841	0.3694743787112382	0,0,4,5,0,0,0,1,3,30,23,0,0,0,0,4,427,211,2,0,0,0,3,138,659,46,0,0,0,0,11,165,150,0,0,0,0,0,32,21,14,0,0,0,0,0,1,0,0
