accuracy	precision	recall	f1	oob	confMatrxVars
0.6594871794871795	0.6592305894064432	0.6594871794871795	0.6463996713070469	0.3615570705959974	0,0,2,5,0,0,0,0,7,35,25,0,0,0,0,6,437,194,6,0,0,0,1,137,658,55,1,0,0,0,10,143,168,3,0,0,0,1,21,18,16,0,0,0,0,0,1,0,0
0.6733333333333333	0.6827868762417683	0.6733333333333333	0.6605382555295999	0.35122058500109965	0,0,4,4,0,0,0,0,8,40,17,3,0,0,0,1,435,206,4,0,0,0,3,112,651,49,0,0,0,1,9,137,200,1,0,0,0,1,22,22,19,0,0,0,1,0,0,0,0
0.6574358974358975	0.6592415899367993	0.6574358974358975	0.646122664630834	0.35671871563668356	0,0,9,3,0,0,0,11,33,19,0,0,0,4,473,167,4,1,0,2,156,617,65,0,0,0,15,150,161,1,0,0,1,23,15,20
0.6641025641025641	0.6687639696717808	0.6641025641025641	0.6488150404086046	0.36485594897734774	0,0,4,3,1,0,0,0,4,32,28,1,0,0,0,2,477,168,4,0,0,0,0,131,623,68,1,0,0,0,11,146,168,1,0,0,0,3,23,25,23,0,0,0,1,2,0,0,0
0.6661538461538462	0.6628716691217714	0.6661538461538462	0.6546999179726247	0.3468220804926325	0,0,3,3,1,0,0,0,7,30,22,0,0,0,0,4,471,156,9,0,0,0,1,155,624,68,2,0,0,0,12,140,179,3,0,0,0,0,20,19,18,0,0,0,0,2,1,0,0
0.6784615384615384	0.6846646384864091	0.6784615384615384	0.668391700613676	0.3494611831977128	0,0,3,4,0,0,0,0,15,36,17,1,0,0,0,2,474,175,4,0,0,0,2,131,636,59,1,0,0,0,12,133,177,2,0,0,0,2,19,22,21,0,0,0,0,2,0,0,0
0.6579487179487179	0.662582216313589	0.6579487179487179	0.6440282013646514	0.3490213327468661	0,1,6,3,0,0,0,0,7,41,12,1,0,0,0,2,439,161,4,0,0,0,2,166,655,42,0,0,0,0,9,174,158,3,0,0,0,0,26,12,24,0,0,0,1,1,0,0,0
0.6676923076923077	0.6639784757929443	0.6676923076923077	0.6526634646516903	0.351440510226523	0,0,6,5,0,0,0,0,6,39,22,1,0,0,0,4,458,151,4,0,0,0,3,156,653,54,0,0,0,0,11,149,165,0,0,0,0,0,19,20,20,0,0,0,0,1,3,0,0
0.6728205128205128	0.6748199154272029	0.6728205128205128	0.6636229713077184	0.36089729491972733	0,1,5,3,0,0,0,0,14,35,13,0,0,0,0,1,476,170,5,0,0,0,2,142,623,62,1,0,0,0,5,152,183,7,0,0,0,0,17,16,16,0,0,0,0,1,0,0,0
0.6471794871794871	0.6461018023310577	0.6471794871794871	0.6327897530717063	0.35627886518583685	0,0,5,3,0,0,0,1,6,35,18,0,0,0,0,3,457,152,3,0,0,0,0,176,629,63,2,0,0,0,12,173,153,4,0,0,0,3,19,13,17,0,0,0,0,1,1,1,0
0.66	0.667249786509107	0.66	0.6461212279234265	0.36089729491972733	0,1,4,2,0,0,0,0,9,42,25,1,0,0,0,1,447,188,7,0,0,0,1,130,640,64,0,0,0,0,18,135,174,2,0,0,0,1,21,19,17,0,0,0,0,0,1,0,0
0.6743589743589744	0.6724358070073551	0.6743589743589744	0.6648259982586164	0.370574004838355	0,0,3,1,0,0,0,8,42,13,3,0,0,1,449,156,7,0,0,3,166,666,72,1,0,1,9,129,171,3,0,0,0,15,10,21
0.6702564102564103	0.6771075327591556	0.6702564102564103	0.6588499071897401	0.3569386408621069	0,0,6,3,0,0,0,0,6,30,14,0,0,0,0,4,455,185,7,0,0,0,0,133,649,44,2,0,0,0,9,167,175,0,0,0,0,1,17,20,22,0,0,0,1,0,0,0,0
0.6651282051282051	0.6723208256027484	0.6651282051282051	0.6524866688796017	0.35517923905872006	0,0,7,5,1,0,0,0,7,32,22,1,0,0,0,1,450,178,6,0,0,0,0,145,642,58,2,0,0,0,9,146,176,2,0,0,0,1,22,13,22,0,0,0,1,0,1,0,0
0.6733333333333333	0.672778372523261	0.6733333333333333	0.6600253099057551	0.3560589399604135	0,0,8,3,0,0,0,1,9,37,23,2,0,0,0,4,475,168,5,0,0,0,1,149,653,48,2,0,0,0,18,138,158,1,0,0,0,0,14,13,18,0,0,0,0,1,1,0,0
0.6758974358974359	0.6847616369960108	0.6758974358974359	0.6656489900695189	0.35166043545194636	0,0,6,4,0,0,0,1,8,27,21,0,0,0,0,0,458,204,4,0,0,0,2,112,644,63,2,0,0,1,7,141,192,0,0,0,0,2,16,17,16,0,0,0,0,0,2,0,0
0.6764102564102564	0.687856452459715	0.6764102564102564	0.6638813393531791	0.3670552012315813	0,0,5,1,1,0,0,8,42,17,2,0,0,0,469,158,4,0,0,0,154,646,54,1,0,0,14,148,177,3,0,0,1,11,15,19
0.6728205128205128	0.6789815298177001	0.6728205128205128	0.6604808520590932	0.36287662194853754	0,0,2,2,1,0,0,7,38,16,1,0,0,2,468,160,7,0,0,0,151,654,54,0,0,1,15,152,162,1,0,0,1,24,10,21
0.6615384615384615	0.6635028769436743	0.6615384615384615	0.6525205312580235	0.3569386408621069	0,0,5,2,0,0,0,0,13,37,17,1,0,0,2,4,449,186,3,0,0,0,2,145,633,80,1,0,0,0,9,122,177,2,0,0,0,0,20,19,18,0,0,0,0,1,2,0,0
0.6733333333333333	0.6770371204571752	0.6733333333333333	0.6587987962269114	0.3553991642841434	0,0,6,7,0,0,0,0,10,37,18,1,0,0,0,1,464,152,7,0,0,0,1,144,654,57,2,0,0,0,12,146,170,1,0,0,0,1,26,16,15,0,0,0,0,1,1,0,0
0.6523076923076923	0.6530779865990987	0.6523076923076923	0.6424017354671684	0.35122058500109965	0,0,7,6,0,0,0,0,10,28,25,0,0,0,0,4,444,200,7,0,0,0,4,151,635,63,1,0,0,0,8,139,161,0,0,0,0,2,14,18,22,0,0,0,0,0,1,0,0
0.6558974358974359	0.6544960664832143	0.6558974358974359	0.6439820990609487	0.34770178139432595	0,0,5,6,0,0,0,0,13,37,15,2,0,0,0,4,440,179,6,0,0,0,3,148,654,60,2,0,0,0,19,144,154,2,0,0,0,0,23,13,18,0,0,0,0,1,2,0,0
0.6564102564102564	0.6597147146601586	0.6564102564102564	0.6451617945858491	0.35166043545194636	0,0,4,2,0,0,0,0,7,39,19,1,0,0,0,2,449,169,8,0,0,0,0,165,634,75,1,0,0,0,18,134,172,2,0,0,0,1,13,16,18,0,0,0,1,0,0,0,0
0.6482051282051282	0.6453517087734545	0.6482051282051282	0.6365522503944232	0.3556190895095668	0,0,8,2,1,0,0,0,7,36,14,1,0,0,0,3,448,199,5,0,0,0,2,154,632,60,3,0,0,0,14,143,156,4,0,0,0,1,17,16,21,0,0,0,0,3,0,0,0
0.6712820512820513	0.6729360930779574	0.6712820512820513	0.6600461714667163	0.3584781174400704	0,0,6,5,0,0,0,1,10,33,15,1,0,0,0,5,438,174,5,0,0,0,1,146,656,55,0,0,0,0,11,136,188,3,0,0,0,0,27,15,17,0,0,0,0,1,1,0,0
