accuracy	precision	recall	f1	oob	confMatrxVars
0.6348717948717949	0.6565858168060695	0.6348717948717949	0.6141466156815438	0.39454585440950074	0,0,4,5,0,0,0,0,1,31,19,0,0,0,0,0,429,215,5,0,0,0,0,130,665,64,0,0,0,0,6,175,136,0,0,0,0,1,36,19,7,0,0,0,0,0,2,0,0
0.6374358974358975	0.6300571207218187	0.6374358974358975	0.6142972850550071	0.3822300417857928	0,0,2,5,0,0,0,0,1,42,19,1,0,0,1,3,434,213,5,0,0,0,0,139,678,51,1,0,0,0,8,161,126,0,0,0,0,0,31,23,4,0,0,0,0,0,2,0,0
0.6102564102564103	0.6038915797851165	0.6102564102564103	0.5845654424052336	0.394106003958654	0,0,4,3,1,0,0,0,1,50,27,3,0,0,0,1,441,187,3,0,0,0,1,172,609,57,0,0,0,0,12,181,134,1,0,0,0,0,32,24,5,0,0,0,0,1,0,0,0
0.6225641025641026	0.624332552951691	0.6225641025641026	0.6032531066264243	0.38794809764680005	0,0,4,2,0,0,0,0,0,30,17,0,0,0,0,0,421,226,3,0,0,0,0,168,650,38,0,0,0,0,8,188,134,1,0,0,0,0,35,15,9,0,0,0,0,1,0,0,0
0.6138461538461538	0.613924423628969	0.6138461538461538	0.5932298397992726	0.3982845832416978	0,0,3,4,0,0,0,0,1,37,29,0,0,0,0,2,445,206,9,0,0,0,1,173,614,54,0,0,0,0,18,164,128,0,0,0,0,0,39,13,9,0,0,0,0,1,0,0,0
0.6061538461538462	0.6051823667926267	0.6061538461538462	0.5825187399985713	0.3912469760281504	0,0,7,0,0,0,0,0,0,40,20,2,0,0,0,0,439,211,4,0,0,0,0,160,606,51,0,0,0,0,13,202,129,0,0,0,0,0,45,11,8,0,0,0,0,1,1,0,0
0.6276923076923077	0.6438386816487338	0.6276923076923077	0.6046893212808471	0.38684847151968327	0,0,7,5,0,0,0,3,28,21,1,0,0,1,428,198,5,0,0,0,169,655,41,0,0,0,12,181,136,0,0,0,1,36,20,2
0.617948717948718	0.6390936287325399	0.617948717948718	0.5901218604635994	0.39102705080272704	0,0,2,7,0,0,0,0,4,37,25,2,0,0,0,2,411,212,5,0,0,0,0,148,674,28,0,0,0,0,9,210,112,0,0,0,0,0,37,20,4,0,0,0,0,1,0,0,0
0.6307692307692307	0.6310509747092112	0.6307692307692307	0.6049259457255732	0.38728832197053	0,0,4,1,0,0,0,0,1,29,26,2,0,0,0,2,449,170,4,0,0,0,0,177,660,38,0,0,0,0,13,195,115,1,0,0,0,1,42,13,5,0,0,0,1,1,0,0,0
0.6276923076923077	0.6528739963616712	0.6276923076923077	0.6045318288520872	0.39300637783153725	0,0,3,6,0,0,0,0,1,38,22,0,0,0,0,0,437,205,5,0,0,0,0,156,648,39,1,0,0,0,10,184,130,0,0,0,0,0,40,16,8,0,0,0,0,1,0,0,0
0.6317948717948718	0.6333722058995308	0.6317948717948718	0.6083914162848444	0.39256652738069053	0,1,0,4,0,0,0,0,2,50,30,0,0,0,0,1,438,188,12,0,0,0,0,152,656,47,0,0,0,0,6,179,127,1,0,0,0,0,29,17,9,0,0,0,0,0,1,0,0
0.6205128205128205	0.6444482053128128	0.6205128205128205	0.5935848342851807	0.39190675170442046	0,0,4,5,0,0,0,0,1,43,21,0,0,0,0,0,436,200,3,0,0,0,0,159,652,31,0,0,0,0,19,202,112,1,0,0,0,1,28,22,9,0,0,0,0,0,1,0,0
0.6369230769230769	0.6452760308409269	0.6369230769230769	0.614098886382731	0.38948757422476354	0,0,6,4,0,0,0,1,38,26,1,0,0,1,446,208,3,0,0,0,154,661,43,0,0,0,7,171,129,0,0,0,1,32,13,5
0.6266666666666667	0.6392334574919246	0.6266666666666667	0.606338280534818	0.38596877061798984	0,0,4,3,0,0,0,0,2,40,19,1,0,0,0,1,440,212,9,0,0,0,0,160,645,38,0,0,0,0,6,189,125,1,0,0,0,0,28,16,10,0,0,0,0,1,0,0,0
0.6307692307692307	0.6171750848404047	0.6307692307692307	0.6044653384642853	0.39542555531119417	0,0,3,4,0,0,0,0,0,54,25,0,0,0,0,0,421,195,5,0,0,0,0,152,671,42,0,0,0,0,13,179,131,0,0,0,0,0,32,15,7,0,0,0,0,0,1,0,0
0.6246153846153846	0.6176499606100716	0.6246153846153846	0.6023363443407181	0.4037827138772817	0,0,4,4,0,0,0,0,35,23,2,0,0,0,436,199,5,0,0,0,154,647,52,0,0,0,8,206,127,0,0,0,1,29,10,8
0.615897435897436	0.6154600575894694	0.615897435897436	0.5921281418601253	0.3908071255773037	0,0,6,6,0,0,0,1,38,24,2,0,2,3,418,209,4,0,0,0,162,654,33,0,0,0,12,203,119,2,0,0,0,26,17,9
0.6230769230769231	0.6439955154582986	0.6230769230769231	0.6005976599795178	0.39608533098746423	0,0,3,1,0,0,0,3,36,24,1,0,0,0,421,171,2,0,0,1,193,651,34,0,0,0,20,194,131,0,0,0,0,35,20,9
0.6266666666666667	0.6176757011586724	0.6266666666666667	0.6039099332603911	0.39762480756542773	0,0,5,3,0,0,0,0,0,31,34,2,0,0,0,0,442,193,4,0,0,0,0,173,636,40,0,0,0,0,11,180,134,0,0,0,0,0,28,23,10,0,0,0,0,1,0,0,0
0.6215384615384615	0.6432245096576773	0.6215384615384615	0.5993638776946341	0.39190675170442046	0,0,5,7,0,0,0,3,32,18,1,0,0,0,421,206,2,1,0,0,168,657,31,0,0,0,11,205,122,2,0,0,1,32,16,9
0.6066666666666667	0.6136417460831233	0.6066666666666667	0.5853412007349214	0.39102705080272704	0,0,2,4,1,0,0,1,37,28,0,0,0,0,406,204,4,0,0,1,188,630,49,1,0,0,12,189,141,0,0,0,1,32,14,5
0.6487179487179487	0.6333192005543239	0.6487179487179487	0.6257185846840823	0.3932263030569606	0,0,4,2,0,0,0,0,0,38,24,1,0,0,0,0,452,191,5,0,0,0,0,135,670,48,0,0,0,0,7,187,138,1,0,0,0,0,18,23,5,0,0,0,0,0,1,0,0
0.6148717948717949	0.6147136194307524	0.6148717948717949	0.5911816587980679	0.39146690125357375	0,0,5,6,0,0,0,0,2,44,21,0,0,0,0,2,397,219,3,0,0,0,0,172,654,38,0,0,0,0,8,163,140,3,0,0,0,1,40,24,6,0,0,0,0,0,2,0,0
0.6415384615384615	0.6409970328191344	0.6415384615384615	0.6185531609702998	0.3936661535078073	0,0,4,3,0,0,0,0,2,38,25,2,0,0,0,1,445,189,6,0,0,0,0,156,665,46,2,0,0,0,11,158,134,1,0,0,0,1,34,19,5,0,0,0,0,2,1,0,0
0.6287179487179487	0.6429957375245945	0.6287179487179487	0.6060854229623495	0.38640862106883656	0,0,6,5,0,0,0,0,2,42,22,0,0,0,0,2,431,229,3,0,0,0,0,122,655,42,0,0,0,0,8,193,127,0,0,0,0,0,31,16,11,0,0,0,0,2,1,0,0
