accuracy	precision	recall	f1	oob	confMatrxVars
0.5841025641025641	0.6033036331281013	0.5841025641025641	0.557612695964703	0.39344622828238396	0,0,5,6,0,0,0,0,1,33,28,1,0,0,0,0,421,218,3,0,0,0,1,189,602,35,0,0,0,0,10,226,110,0,0,0,0,0,39,15,5,0,0,0,0,1,1,0,0
0.6097435897435898	0.5985719611732165	0.6097435897435898	0.5811956952994068	0.4068616670332087	0,0,4,3,0,0,0,0,0,38,26,1,0,0,0,0,447,213,4,0,0,0,1,145,643,46,0,0,0,0,11,221,93,0,0,0,0,0,24,22,6,0,0,0,0,0,2,0,0
0.6030769230769231	0.6321606241662342	0.6030769230769231	0.5768763734220941	0.39894435891796787	0,0,7,2,0,0,0,0,1,43,27,1,0,0,0,0,422,211,3,0,0,0,0,165,631,52,0,0,0,0,7,198,116,0,0,0,0,0,43,14,6,0,0,0,0,1,0,0,0
0.6164102564102564	0.6178008858736036	0.6164102564102564	0.5907101050632216	0.39696503188915766	0,0,6,5,0,0,0,0,1,29,37,1,0,0,0,2,461,204,4,0,0,0,0,146,622,42,0,0,0,0,11,213,111,2,0,0,0,2,29,13,7,0,0,0,0,0,2,0,0
0.5964102564102564	0.6223421303334347	0.5964102564102564	0.5676851186528679	0.40114361117220143	0,0,6,5,0,0,0,0,2,43,24,0,0,0,0,0,417,198,4,0,0,0,0,177,629,46,0,0,0,0,16,205,111,0,0,0,0,1,38,23,4,0,0,0,0,1,0,0,0
0.6128205128205129	0.5984429472430367	0.6128205128205129	0.5896058117997502	0.4073015174840554	0,0,8,6,0,0,0,0,0,26,26,0,0,0,0,0,412,220,7,0,0,0,0,162,659,62,0,0,0,0,5,179,121,1,0,0,0,1,36,15,3,0,0,0,0,1,0,0,0
0.6087179487179487	0.6013129649837669	0.6087179487179487	0.5829971771466951	0.39960413459423794	0,0,3,9,0,0,0,0,0,46,21,2,0,0,0,1,403,216,1,0,0,0,0,165,655,43,0,0,0,0,8,195,121,0,0,0,0,0,36,15,8,0,0,0,0,1,1,0,0
0.6112820512820513	0.6314167135889218	0.6112820512820513	0.5884100832298502	0.4079612931603255	0,0,2,3,0,0,0,0,2,42,21,0,0,0,0,1,434,194,3,0,0,0,0,196,623,36,0,0,0,0,12,192,127,0,0,0,0,1,39,14,6,0,0,0,0,1,1,0,0
0.6030769230769231	0.6309534167726554	0.6030769230769231	0.5792786366047634	0.39762480756542773	0,0,5,6,0,0,0,0,2,33,26,1,0,0,0,0,419,223,2,0,0,0,0,149,627,56,0,0,0,0,13,203,121,0,0,0,0,0,38,18,7,0,0,0,0,0,1,0,0
0.6271794871794871	0.6259169268285966	0.6271794871794871	0.6055824421340917	0.3974048823400044	0,0,3,3,0,0,0,1,38,28,1,0,2,2,444,183,6,0,0,0,175,648,51,0,0,0,12,179,122,0,0,0,1,28,15,8
0.6235897435897436	0.6384583364221174	0.6235897435897436	0.5994973223462922	0.40356278865185835	0,0,3,2,0,0,0,0,2,39,15,1,0,0,0,1,421,212,2,0,0,0,0,162,673,39,0,0,0,0,11,199,117,0,0,0,0,0,30,16,3,0,0,0,0,1,1,0,0
0.6174358974358974	0.6399091667938465	0.6174358974358974	0.5929446612473858	0.4029030129755883	0,0,2,4,0,0,0,0,2,40,21,0,0,0,0,1,436,221,3,0,0,0,0,159,650,34,0,0,0,0,8,204,111,0,0,0,0,0,37,11,5,0,0,0,0,0,1,0,0
0.6143589743589744	0.6164448650332033	0.6143589743589744	0.5858634122094517	0.40466241477897513	0,0,7,5,0,0,0,0,0,39,26,1,0,0,0,0,428,226,3,0,0,0,0,141,653,25,0,0,0,0,7,218,108,1,0,0,0,0,37,14,9,0,0,0,0,1,1,0,0
0.6138461538461538	0.5992757463880853	0.6138461538461538	0.58598044951407	0.4022432372993182	0,0,6,6,0,0,0,0,0,50,26,0,0,0,0,1,410,212,4,0,0,0,0,170,668,38,0,0,0,0,6,184,115,0,0,0,0,1,24,24,4,0,0,0,0,1,0,0,0
0.6092307692307692	0.6055138114969758	0.6092307692307692	0.5833807905967979	0.3991642841433912	0,0,9,2,0,0,0,0,1,46,24,1,0,0,0,1,415,180,8,0,0,0,0,187,643,50,1,0,0,0,17,188,126,0,0,0,0,0,28,19,3,0,0,0,0,0,1,0,0
0.6076923076923076	0.6173225852283528	0.6076923076923076	0.5793585835099956	0.4029030129755883	0,0,3,1,0,0,0,0,1,43,27,0,0,0,1,0,427,221,1,0,0,0,1,141,651,51,0,0,0,0,11,212,103,0,0,0,0,1,29,20,3,0,0,0,0,1,1,0,0
0.6133333333333333	0.5967454818682177	0.6133333333333333	0.5841278987384488	0.4073015174840554	0,0,5,4,0,0,0,0,0,48,28,0,0,0,0,0,433,206,6,0,0,0,0,154,647,42,1,0,0,0,7,197,112,0,0,0,0,0,36,17,4,0,0,0,0,2,1,0,0
0.62	0.6038743183488088	0.62	0.5950631385587195	0.39894435891796787	0,0,6,6,0,0,0,0,37,30,1,0,0,1,434,216,7,0,0,0,155,651,39,2,0,0,10,185,118,0,0,0,1,24,21,6
0.5948717948717949	0.5908041399345042	0.5948717948717949	0.567769049821303	0.3993842093688146	0,0,6,1,1,0,0,0,0,41,25,1,0,0,0,1,424,236,1,0,0,0,0,166,623,46,0,0,0,0,13,190,109,0,0,0,0,1,38,22,4,0,0,0,0,1,0,0,0
0.6041025641025641	0.5921613417591856	0.6041025641025641	0.5786733268933465	0.40312293820101164	0,0,2,4,0,0,0,0,0,34,29,0,0,0,0,0,416,222,7,0,0,0,0,163,644,44,0,0,0,0,9,197,111,2,0,0,0,0,34,23,7,0,0,0,0,1,1,0,0
0.6051282051282051	0.5912078723466996	0.6051282051282051	0.5769258992694999	0.4018033868484715	0,1,3,5,0,0,0,0,0,43,21,0,0,0,0,0,439,176,5,0,0,0,0,188,631,56,0,0,0,0,11,200,106,0,0,0,0,0,37,22,4,0,0,0,0,0,2,0,0
0.5933333333333334	0.5889598633211338	0.5933333333333334	0.5653083862703487	0.3943259291840774	0,0,5,5,0,0,0,0,0,51,23,1,0,0,0,0,418,240,2,0,0,0,0,147,616,40,0,0,0,0,10,205,115,1,0,0,0,0,42,18,8,0,0,0,0,1,2,0,0
0.6117948717948718	0.6041086808620295	0.6117948717948718	0.5864816287931321	0.4062018913569386	0,0,4,4,1,0,0,0,0,39,21,1,0,0,0,0,436,216,4,0,0,0,0,157,627,57,0,0,0,0,19,173,127,0,0,0,0,0,38,21,3,0,0,0,0,1,1,0,0
0.6097435897435898	0.6018784027582105	0.6097435897435898	0.583200192767505	0.3974048823400044	0,0,5,5,0,0,0,0,0,39,26,0,0,0,0,2,391,225,6,0,0,0,0,147,674,50,0,0,0,0,13,183,118,0,0,0,0,0,37,21,6,0,0,0,0,2,0,0,0
0.6153846153846154	0.6393542267356943	0.6153846153846154	0.5899109558032587	0.40466241477897513	0,0,4,7,0,0,0,0,2,27,20,0,0,0,0,2,423,252,2,0,0,0,0,118,663,34,0,0,0,0,8,223,107,0,0,0,0,0,30,22,5,0,0,0,0,0,1,0,0
