accuracy	precision	recall	f1	oob	confMatrxVars
0.6312820512820513	0.6259655954643019	0.6312820512820513	0.6064337441093621	0.4029030129755883	0,0,2,5,0,0,0,0,1,41,19,1,0,0,0,2,438,185,3,0,0,0,1,148,655,40,0,0,0,0,7,211,132,3,0,0,0,1,30,18,5,0,0,0,0,2,0,0,0
0.6143589743589744	0.6110640062606324	0.6143589743589744	0.5910952549257368	0.39454585440950074	0,0,3,5,0,0,0,0,41,25,0,0,0,1,428,201,3,0,0,1,172,634,45,0,0,0,10,203,131,0,0,0,0,33,9,5
0.6148717948717949	0.6117332743219327	0.6148717948717949	0.5896331640174904	0.403342863426435	0,0,6,4,0,0,0,0,0,39,22,0,0,0,0,2,417,217,5,0,0,0,0,157,657,36,0,0,0,0,13,201,118,0,0,0,0,1,31,14,7,0,0,0,0,2,1,0,0
0.6143589743589744	0.6044297469721781	0.6143589743589744	0.590970114688267	0.39542555531119417	0,0,2,5,0,0,0,0,39,27,0,0,0,0,418,182,4,0,0,0,184,639,53,0,0,0,9,198,134,0,0,0,0,30,19,7
0.6169230769230769	0.6357764062387371	0.6169230769230769	0.5933043748430334	0.3936661535078073	0,0,7,5,0,0,0,0,1,38,29,1,0,0,0,0,413,187,5,0,0,0,0,187,656,50,0,0,0,0,9,174,124,0,0,0,0,0,25,29,9,0,0,0,0,0,1,0,0
0.602051282051282	0.5959829805290355	0.602051282051282	0.5719759165966709	0.394106003958654	0,0,7,3,0,0,0,0,0,43,32,2,0,0,0,0,420,210,3,0,0,0,0,144,635,43,0,0,0,0,10,219,111,1,0,0,0,1,46,11,8,0,0,0,0,1,0,0,0
0.6276923076923077	0.6166952495012115	0.6276923076923077	0.6036075542970253	0.4048823400043985	0,0,5,4,0,0,0,0,31,22,1,0,0,1,429,199,6,0,0,0,154,678,54,0,0,0,7,197,113,0,0,0,1,24,20,4
0.5953846153846154	0.5779564989241733	0.5953846153846154	0.563961152237525	0.4022432372993182	0,0,2,5,0,0,0,0,1,35,22,0,0,0,0,2,420,229,3,0,0,0,0,142,641,42,0,0,0,0,11,226,99,2,0,0,0,0,48,18,0,0,0,0,0,2,0,0,0
0.6241025641025642	0.631457783492629	0.6241025641025642	0.5979107955724684	0.40664174180778534	0,0,5,3,0,0,0,0,1,39,24,0,0,0,0,1,445,194,5,0,0,0,1,165,653,31,0,0,0,0,8,206,112,0,0,0,0,0,34,16,6,0,0,0,0,1,0,0,0
0.5984615384615385	0.5814499225145136	0.5984615384615385	0.5719828817870122	0.394106003958654	0,0,5,6,0,0,0,0,0,51,28,1,0,0,0,1,413,194,1,0,0,0,0,190,634,57,0,0,0,0,9,187,112,0,0,0,0,0,33,19,8,0,0,0,0,1,0,0,0
0.5871794871794872	0.6145217829290501	0.5871794871794872	0.5556430603632981	0.3923466021552672	0,0,7,4,0,0,0,0,2,38,18,0,0,0,0,0,414,234,3,0,0,0,1,158,637,30,0,0,0,0,10,243,88,0,0,0,0,0,44,14,4,0,0,0,0,1,0,0,0
0.6210256410256411	0.6140183339004914	0.6210256410256411	0.5953709992832075	0.3967451066637343	0,0,5,4,0,0,0,0,2,33,27,2,0,0,0,3,425,221,5,1,0,0,0,142,665,46,1,0,0,0,7,181,117,0,0,0,0,0,40,20,2,0,0,0,0,0,1,0,0
0.6097435897435898	0.6448603245264443	0.6097435897435898	0.5826432363334053	0.3892676489993402	0,0,1,3,0,0,0,0,2,42,23,0,0,0,0,0,431,226,6,0,0,0,0,146,648,36,0,0,0,0,16,202,100,0,0,0,0,0,48,11,8,0,0,0,0,0,1,0,0
0.6071794871794872	0.6089903987672295	0.6071794871794872	0.5816821930441186	0.3967451066637343	0,0,3,1,0,0,0,0,1,41,20,0,0,0,0,2,435,208,3,0,0,0,1,166,636,45,0,0,0,0,11,217,108,0,0,0,0,0,27,20,4,0,0,0,0,0,1,0,0
0.6005128205128205	0.6011603339927482	0.6005128205128205	0.5779294316492851	0.4013635363976248	0,0,2,7,0,0,0,0,30,16,0,0,0,2,427,228,4,1,0,1,177,627,36,0,0,0,17,214,112,0,0,0,0,27,17,5
0.6225641025641026	0.6286083967415017	0.6225641025641026	0.603344413421843	0.3958654057620409	0,0,3,3,0,0,0,0,1,31,19,1,0,0,0,1,444,203,3,0,0,0,0,178,637,57,0,0,0,0,15,175,125,0,0,0,0,0,34,11,7,0,0,0,0,1,1,0,0
0.6169230769230769	0.6232792979920431	0.6169230769230769	0.5919216990866064	0.39542555531119417	0,0,5,9,0,0,0,0,1,37,18,0,0,0,0,1,443,191,6,0,0,0,0,168,630,46,0,0,0,0,14,192,123,0,0,0,0,0,37,20,6,0,0,0,0,1,2,0,0
0.6333333333333333	0.637284144325227	0.6333333333333333	0.6090874334179857	0.3982845832416978	0,0,4,3,0,0,0,0,1,30,29,0,0,0,0,1,450,204,2,0,0,0,0,138,663,51,0,0,0,0,15,181,114,1,0,0,0,0,33,21,7,0,0,0,0,2,0,0,0
0.6076923076923076	0.6054744821808248	0.6076923076923076	0.5801162189321569	0.40048383549593136	0,0,6,6,0,0,0,0,1,30,27,1,0,0,0,1,411,202,7,0,0,0,0,153,654,51,0,0,0,0,7,210,116,2,0,0,0,0,44,16,3,0,0,0,0,1,1,0,0
0.6210256410256411	0.6444859590917525	0.6210256410256411	0.5966493483928564	0.3927864526061139	0,0,5,5,1,0,0,0,2,42,24,1,0,0,0,0,433,203,4,0,0,0,0,161,648,46,0,0,0,0,5,188,121,0,0,0,0,0,35,16,7,0,0,0,0,1,2,0,0
0.6056410256410256	0.6283390022857167	0.6056410256410256	0.5785513804647229	0.3963052562128876	0,0,6,5,0,0,0,0,2,39,27,1,0,0,0,0,421,190,4,0,0,0,0,178,644,46,0,0,0,0,7,225,111,0,0,0,0,0,26,14,3,0,0,0,0,0,1,0,0
0.6148717948717949	0.6266386172246182	0.6148717948717949	0.5867358734186986	0.394106003958654	0,0,4,5,0,0,0,0,0,38,26,0,0,0,0,4,413,206,1,0,0,0,0,160,664,17,0,0,0,0,10,233,115,0,0,0,0,2,30,14,7,0,0,0,0,0,1,0,0
0.6184615384615385	0.6247767010534343	0.6184615384615385	0.593643811441437	0.40158346162304814	0,0,7,6,0,0,0,0,3,38,27,0,0,0,0,2,437,220,3,0,0,0,0,141,644,50,0,0,0,0,6,187,118,1,0,0,0,0,32,22,4,0,0,0,0,1,1,0,0
0.6051282051282051	0.6113618166908639	0.6051282051282051	0.578739567180686	0.3974048823400044	0,0,2,5,0,0,0,0,2,42,23,0,0,0,0,1,436,200,4,0,0,0,1,170,633,53,0,0,0,0,8,202,105,0,0,0,0,0,37,20,4,0,0,0,0,0,2,0,0
0.6015384615384616	0.6126470452402708	0.6015384615384616	0.5763755400486466	0.39498570486034745	0,0,4,2,1,0,0,0,1,37,23,0,0,0,0,2,412,227,5,0,0,0,1,139,632,44,0,0,0,0,10,220,120,0,0,0,0,0,40,19,8,0,0,0,0,1,2,0,0
