accuracy	precision	recall	f1	oob	confMatrxVars
0.66	0.6598659478227537	0.66	0.6445637629657295	0.3549593138332967	0,0,8,4,1,0,0,1,6,34,23,2,0,0,0,1,453,187,9,0,0,0,2,143,643,61,2,0,0,0,6,120,169,2,0,0,0,1,27,26,16,0,0,0,0,0,3,0,0
0.6523076923076923	0.6531932949169612	0.6523076923076923	0.6393337059750818	0.3439630525621289	0,1,5,4,0,0,0,0,8,34,21,1,0,0,0,4,449,209,5,0,0,0,3,131,641,65,0,0,0,0,10,128,156,3,0,0,0,0,28,24,18,0,0,0,0,1,1,0,0
0.6666666666666666	0.6613859035140927	0.6666666666666666	0.6554793512264817	0.34814163184517266	0,0,4,4,0,0,0,0,6,29,21,0,0,0,0,1,455,161,10,0,0,0,4,159,646,63,0,0,0,0,17,131,172,7,0,0,0,0,16,22,21,0,0,0,0,0,1,0,0
0.6682051282051282	0.669902008761184	0.6682051282051282	0.6541190979894519	0.33516604354519464	0,3,5,9,0,0,0,9,29,23,2,0,0,2,429,158,6,0,0,0,144,666,46,0,0,0,13,167,180,4,0,0,0,20,16,19
0.6625641025641026	0.6733634008936268	0.6625641025641026	0.6491728844151923	0.34528260391466903	0,0,4,7,0,0,0,0,8,36,13,0,0,0,0,2,452,190,5,0,0,0,1,131,642,40,1,0,0,0,12,173,172,1,0,0,0,0,19,20,18,0,0,0,0,1,2,0,0
0.6533333333333333	0.6484705814826083	0.6533333333333333	0.6386587131353828	0.3424235759841654	0,1,5,4,0,0,0,0,7,42,22,0,0,0,0,4,450,186,7,0,0,0,2,139,650,64,1,0,0,0,12,146,152,2,0,0,0,0,18,18,15,0,0,0,0,2,1,0,0
0.68	0.6876847260887967	0.68	0.6659268597170674	0.3444029030129756	0,1,2,5,0,0,0,0,7,32,25,0,0,0,0,1,482,168,4,0,0,0,0,143,667,43,0,0,0,0,3,155,148,3,0,0,0,0,23,13,22,0,0,0,0,2,1,0,0
0.6784615384615384	0.68369986446398	0.6784615384615384	0.668841711960356	0.3470420057180559	0,1,5,5,0,0,0,0,8,24,14,0,0,0,0,2,474,186,13,1,0,0,1,133,646,48,0,0,0,0,8,149,178,0,0,0,1,0,20,14,17,0,0,0,0,0,2,0,0
0.66	0.6706287546008141	0.66	0.6461944501517235	0.3505608093248296	0,0,4,3,0,0,0,0,10,52,20,1,0,0,0,0,432,172,3,0,0,0,2,157,660,50,2,0,0,0,8,161,164,1,0,0,0,0,17,8,21,0,0,0,0,0,2,0,0
0.6492307692307693	0.6602921482793972	0.6492307692307693	0.6342213058651984	0.3373652957994282	0,0,5,4,0,0,0,1,8,47,19,0,0,0,0,1,450,177,7,0,0,0,0,160,625,45,3,0,0,0,12,155,162,3,0,0,0,1,23,17,21,0,0,0,0,3,1,0,0
0.6605128205128206	0.6682313652661513	0.6605128205128206	0.6479819820300384	0.3404442489553552	0,0,4,4,0,0,0,1,11,33,22,1,0,0,0,3,456,175,5,0,0,0,0,146,646,62,1,0,0,0,10,151,159,1,0,0,0,2,28,11,16,0,0,0,0,1,1,0,0
0.658974358974359	0.6596228269414567	0.658974358974359	0.6446353560209654	0.3433032768858588	0,0,6,6,0,0,0,0,6,39,23,2,0,0,0,3,440,184,6,0,0,0,2,150,647,47,2,0,0,0,8,147,174,1,0,0,0,1,23,13,18,0,0,0,0,1,1,0,0
0.6656410256410257	0.6705790309476115	0.6656410256410257	0.655158232172813	0.3413239498570486	0,0,4,5,0,0,0,1,11,32,31,0,0,0,0,2,464,189,7,0,0,0,1,156,635,58,1,0,0,0,13,117,164,3,0,0,0,0,17,13,24,0,0,0,0,0,2,0,0
0.6758974358974359	0.6795947797887716	0.6758974358974359	0.6630238984724757	0.3540796129316033	0,0,5,5,0,0,0,1,7,30,18,1,0,0,0,2,482,156,5,0,0,0,1,147,650,62,0,0,0,0,9,148,163,1,0,0,0,0,27,13,16,0,0,0,0,1,0,0,0
0.6630769230769231	0.6608226364577499	0.6630769230769231	0.6488102268586067	0.34770178139432595	0,1,6,6,0,0,0,1,7,34,18,0,0,0,0,4,453,188,2,0,0,0,1,146,663,58,0,0,0,0,7,134,157,3,0,0,0,0,28,18,13,0,0,0,0,1,1,0,0
0.6815384615384615	0.684545705212302	0.6815384615384615	0.6715515622116626	0.35473938860787335	0,0,3,4,0,0,0,0,8,31,24,2,0,0,0,3,475,179,9,0,0,0,0,134,639,64,3,0,0,0,8,119,184,4,0,0,0,0,26,7,23,0,0,0,0,0,1,0,0
0.6471794871794871	0.6684478142983123	0.6471794871794871	0.6353193144778949	0.34220365075874204	0,0,3,2,0,0,0,0,6,27,19,0,0,0,0,1,447,216,1,0,0,0,0,129,622,48,1,0,0,0,9,183,167,2,0,0,0,0,23,22,20,0,0,0,0,1,1,0,0
0.6779487179487179	0.683330360989457	0.6779487179487179	0.6651252455943936	0.3433032768858588	0,0,6,5,0,0,0,0,4,30,15,1,0,0,0,2,476,188,4,0,0,0,0,136,648,39,1,0,0,0,8,147,172,3,0,0,0,0,20,21,22,0,0,0,1,0,1,0,0
0.661025641025641	0.667567303903416	0.661025641025641	0.6479761153292478	0.34528260391466903	0,1,4,2,1,0,0,0,9,45,13,2,0,0,0,2,445,167,6,0,0,0,1,171,626,49,0,0,0,0,12,136,196,2,0,0,0,1,30,15,13,0,0,0,0,1,0,0,0
0.6846153846153846	0.6867945147969043	0.6846153846153846	0.6726620574724315	0.3540796129316033	0,0,6,5,0,0,0,0,9,41,20,0,0,0,0,2,454,170,3,0,0,0,1,149,663,56,0,0,0,0,6,121,191,2,0,0,0,0,15,15,18,0,0,0,0,2,1,0,0
0.6707692307692308	0.6771730622436314	0.6707692307692308	0.659111353064028	0.35166043545194636	0,0,2,5,0,0,0,0,11,31,23,1,0,0,0,6,429,189,7,0,0,0,1,135,679,52,0,0,0,0,6,138,172,1,0,0,0,1,29,13,17,0,0,0,0,2,0,0,0
0.681025641025641	0.679981039841996	0.681025641025641	0.667384732864647	0.3468220804926325	0,0,5,4,1,0,0,0,10,40,21,1,0,0,0,3,468,159,8,0,0,0,1,136,670,56,1,0,0,0,7,134,160,4,0,0,0,0,23,15,20,0,0,0,1,1,1,0,0
0.6574358974358975	0.6644863626973562	0.6574358974358975	0.6427615042477254	0.35012095887398287	0,1,5,6,0,0,0,0,10,35,19,2,0,0,0,3,439,189,9,0,0,0,2,127,655,42,1,0,0,1,9,167,158,0,0,0,0,0,25,22,20,0,0,0,0,3,0,0,0
0.6717948717948717	0.6759070280706222	0.6717948717948717	0.6574756102160805	0.3444029030129756	0,0,8,3,0,0,0,0,9,31,16,2,0,0,0,2,466,174,8,0,0,0,3,127,660,46,0,0,0,0,13,155,158,3,0,0,0,3,31,14,17,0,0,0,0,0,1,0,0
0.6743589743589744	0.6788054893019089	0.6743589743589744	0.6616941856345042	0.3428634264350121	0,1,7,4,0,0,0,10,38,18,1,0,0,1,459,161,4,0,0,1,149,657,56,0,0,0,13,140,169,3,0,0,0,27,11,20
