accuracy	precision	recall	f1	oob	confMatrxVars
0.5928205128205128	0.5690102563040581	0.5928205128205128	0.5609472975470304	0.42027710578403343	0,0,4,5,1,0,0,0,1,37,28,0,0,0,0,1,424,236,1,0,0,0,0,161,641,42,0,0,0,0,12,195,90,1,0,0,0,0,40,28,0,0,0,0,0,1,1,0,0
0.5676923076923077	0.5951011757806515	0.5676923076923077	0.5353410476601276	0.416318451726413	0,0,4,8,0,0,0,0,1,34,31,0,0,0,0,0,403,226,2,0,0,0,0,176,615,54,0,0,0,0,16,234,87,0,0,0,0,0,42,15,1,0,0,0,0,1,0,0,0
0.5671794871794872	0.5720138603733178	0.5671794871794872	0.5337547245294649	0.4169782274026831	0,0,5,4,0,0,0,0,1,36,28,0,0,0,0,0,371,261,2,0,0,0,0,175,647,33,0,0,0,0,10,227,87,0,0,0,0,1,43,18,0,0,0,0,0,0,1,0,0
0.5953846153846154	0.5655105821991828	0.5953846153846154	0.5613454928812274	0.4209368814603035	0,0,5,4,0,0,0,0,0,35,27,2,0,0,0,0,374,225,8,0,0,0,0,157,683,28,0,0,0,0,10,227,104,0,0,0,0,0,42,16,0,0,0,0,0,1,2,0,0
0.5692307692307692	0.5777685615960151	0.5692307692307692	0.5284185761870105	0.41961733010776336	0,0,6,5,0,0,0,0,0,43,23,0,0,0,0,0,380,215,2,0,0,0,0,185,652,17,0,0,0,0,7,268,75,0,0,0,0,0,49,18,3,0,0,0,0,1,1,0,0
0.5625641025641026	0.5377056022075567	0.5625641025641026	0.523400393158364	0.4213767319111502	0,0,6,4,0,0,0,0,38,29,1,0,0,1,385,250,2,0,0,0,162,639,31,0,0,0,8,258,73,0,0,0,0,50,13,0
0.5933333333333334	0.5993973445558887	0.5933333333333334	0.5615749213446884	0.4275346382230042	0,0,8,2,0,0,0,0,1,43,29,0,0,0,0,0,414,244,3,0,0,0,0,151,647,40,0,0,0,0,9,210,95,0,0,0,0,0,39,14,0,0,0,0,0,0,1,0,0
0.5866666666666667	0.6012039732917993	0.5866666666666667	0.552006732262106	0.42115680668572686	0,0,8,4,0,0,0,0,1,32,26,0,0,0,0,0,411,237,3,0,0,0,0,144,638,29,0,0,0,0,13,250,94,0,0,0,0,0,47,11,0,0,0,0,0,1,1,0,0
0.5794871794871795	0.6153416217087065	0.5794871794871795	0.5469502544539905	0.4200571805586101	0,0,3,4,0,0,0,0,1,43,27,2,0,0,0,0,416,227,2,0,0,0,0,174,621,40,0,0,0,0,7,230,91,0,0,0,0,1,45,14,1,0,0,0,0,1,0,0,0
0.5820512820512821	0.5851941712724923	0.5820512820512821	0.5496992338290211	0.4185177039806466	0,0,5,9,0,0,0,0,0,37,25,0,0,0,0,0,413,244,3,0,0,0,0,160,631,36,0,0,0,0,16,225,89,0,0,0,0,0,42,12,2,0,0,0,0,1,0,0,0
0.5841025641025641	0.580261549860087	0.5841025641025641	0.5545069500440881	0.4130195733450627	0,0,4,3,0,0,0,0,33,31,0,0,0,0,400,235,1,0,0,0,173,645,50,0,0,0,13,209,91,0,0,0,0,44,15,3
0.5902564102564103	0.5914235854697965	0.5902564102564103	0.5572012030531761	0.41675830217725973	0,0,6,4,0,0,0,0,0,34,19,1,0,0,0,0,426,220,1,0,0,0,0,185,639,33,0,0,0,0,16,210,85,0,0,0,0,1,50,18,1,0,0,0,0,1,0,0,0
0.5907692307692308	0.6008998958631492	0.5907692307692308	0.5579609271685753	0.42225643281284364	0,0,6,3,0,0,0,0,1,30,25,2,0,0,0,1,410,213,6,0,0,0,0,176,655,33,0,0,0,0,6,232,84,0,0,0,0,0,40,23,2,0,0,0,0,2,0,0,0
0.5974358974358974	0.5904670866273565	0.5974358974358974	0.5644471841586554	0.42533538596877063	0,0,2,4,0,0,0,0,0,42,27,1,0,0,0,0,420,206,2,0,0,0,0,177,653,35,0,0,0,0,12,228,91,0,0,0,0,0,34,13,1,0,0,0,0,0,2,0,0
0.6	0.5669116678459534	0.6	0.5648939558691063	0.4279744886738509	0,0,5,3,0,0,0,0,42,27,0,0,0,0,426,226,3,0,0,0,165,667,31,0,0,0,6,217,77,0,0,0,0,41,14,0
0.5897435897435898	0.5625762621357311	0.5897435897435898	0.5583882474659428	0.4275346382230042	0,0,2,4,0,0,0,0,0,36,27,0,0,0,0,0,431,227,5,0,0,0,0,175,628,37,0,0,0,0,14,215,91,0,0,0,0,0,47,9,0,0,0,0,0,1,1,0,0
0.5676923076923077	0.5331382085179517	0.5676923076923077	0.5409877929294383	0.4174180778535298	0,0,6,7,0,0,0,0,0,31,17,2,0,0,0,2,433,243,4,0,0,0,0,193,585,60,0,0,0,0,14,204,89,0,0,0,0,0,39,20,0,0,0,0,0,1,0,0,0
0.5523076923076923	0.5598838914212295	0.5523076923076923	0.5207058194204905	0.41257972289421596	0,0,3,3,0,0,0,0,0,33,24,0,0,0,0,1,376,263,1,0,0,0,0,181,615,40,0,0,0,0,10,262,85,0,0,0,0,0,35,15,1,0,0,0,0,1,1,0,0
0.5820512820512821	0.6111380414457337	0.5820512820512821	0.5497409944323954	0.4143391246976028	0,0,3,4,0,0,0,0,1,33,35,2,0,0,0,0,420,220,3,0,0,0,0,180,626,42,0,0,0,0,14,218,87,0,0,0,0,0,41,19,1,0,0,0,0,0,1,0,0
0.6005128205128205	0.5821058945517896	0.6005128205128205	0.5691324067816954	0.42467561029250056	0,0,9,5,0,0,0,0,1,35,26,1,0,0,0,1,396,226,2,0,0,0,0,149,671,45,0,0,0,0,10,214,103,0,0,0,0,0,37,18,0,0,0,0,0,0,1,0,0
0.5779487179487179	0.556333818968357	0.5779487179487179	0.5443862596852428	0.42577523641961734	0,0,7,5,0,0,0,0,0,26,23,0,0,0,0,0,413,251,1,0,0,0,0,166,630,28,0,0,0,0,4,245,84,0,0,0,0,0,43,21,0,0,0,0,0,1,2,0,0
0.5717948717948718	0.5464788180148505	0.5717948717948718	0.5365899813928088	0.41917747965691665	0,0,3,2,0,0,0,0,0,32,32,0,0,0,0,0,400,223,5,0,0,0,0,186,636,34,0,0,0,0,15,255,79,0,0,0,0,0,35,11,0,0,0,0,0,0,2,0,0
0.5815384615384616	0.5864596013903794	0.5815384615384616	0.5475047321029679	0.42379590939080714	0,0,7,5,0,0,0,0,1,42,25,1,0,0,0,0,414,221,1,0,0,0,0,184,629,32,0,0,0,0,7,229,90,0,0,0,0,0,47,13,0,0,0,0,0,1,1,0,0
0.5964102564102564	0.562406243950513	0.5964102564102564	0.5613992040726279	0.4235759841653838	0,0,6,5,0,0,0,0,37,29,1,0,0,1,410,227,1,0,0,0,157,666,35,0,0,0,10,216,87,0,0,0,0,45,17,0
0.5784615384615385	0.5598230957678437	0.5784615384615385	0.5444062813106025	0.41609852650098966	0,0,5,4,0,0,0,0,0,28,19,1,0,0,0,0,433,240,2,0,0,0,0,167,611,27,0,0,0,0,13,248,84,0,0,0,0,0,48,17,0,0,0,0,0,2,1,0,0
