accuracy	precision	recall	f1	oob	confMatrxVars
0.5738461538461539	0.5479737837168278	0.5738461538461539	0.532789191347723	0.43281284363316475	0,0,4,5,0,0,0,0,0,25,25,0,0,0,0,0,408,224,1,0,0,0,0,175,650,29,0,0,0,0,14,265,61,0,0,0,0,0,51,11,0,0,0,0,0,1,1,0,0
0.5538461538461539	0.5367109940197634	0.5538461538461539	0.5076931495089004	0.4339124697602815	0,0,2,5,0,0,0,0,0,32,33,0,0,0,0,0,403,233,0,0,0,0,0,173,621,20,0,0,0,0,11,296,56,0,0,0,0,0,50,12,0,0,0,0,0,1,2,0,0
0.5620512820512821	0.5362506802939717	0.5620512820512821	0.5190091381955259	0.4321530679568947	0,0,3,3,0,0,0,0,0,29,33,0,0,0,0,0,401,238,1,0,0,0,0,187,642,21,0,0,0,0,13,266,53,0,0,0,0,0,44,14,0,0,0,0,0,1,1,0,0
0.581025641025641	0.5502451851856026	0.581025641025641	0.5447486514872791	0.4407301517484056	0,0,2,5,0,0,0,0,35,26,0,0,0,0,412,230,3,0,0,0,175,649,34,0,0,0,13,234,72,0,0,0,0,47,13,0
0.5774358974358974	0.5445552537429458	0.5774358974358974	0.5404066021928323	0.43633164723993845	0,0,3,3,0,0,0,0,44,30,0,0,0,0,416,234,4,0,0,0,175,633,27,0,0,0,9,231,77,0,0,0,1,44,19,0
0.5476923076923077	0.5396561278220205	0.5476923076923077	0.5009662431402802	0.42973389047723776	0,0,6,4,0,0,0,0,0,37,37,0,0,0,0,0,370,277,1,0,0,0,0,148,642,16,0,0,0,0,6,292,56,0,0,0,0,0,45,11,0,0,0,0,0,0,2,0,0
0.5866666666666667	0.5479238310204465	0.5866666666666667	0.5516552601955682	0.43677149769078516	0,0,1,1,0,0,0,0,0,40,22,1,0,0,0,0,437,224,4,0,0,0,0,180,639,35,0,0,0,0,6,231,68,0,0,0,0,0,38,22,0,0,0,0,0,0,1,0,0
0.5661538461538461	0.5250623133658344	0.5661538461538461	0.5281416828348644	0.4372113481416319	0,0,5,3,0,0,0,0,0,40,33,0,0,0,0,0,413,228,0,0,0,0,0,197,631,40,0,0,0,0,7,234,60,0,0,0,0,0,43,14,0,0,0,0,0,1,1,0,0
0.5620512820512821	0.526989028555594	0.5620512820512821	0.5217050130212217	0.43677149769078516	0,0,2,3,0,0,0,0,0,36,35,0,0,0,0,0,389,234,1,0,0,0,0,191,648,33,0,0,0,0,15,245,59,0,0,0,0,0,46,12,0,0,0,0,0,0,1,0,0
0.5728205128205128	0.5422548567901618	0.5728205128205128	0.5367288508592857	0.43083351660435454	0,0,3,4,0,0,0,0,0,39,24,0,0,0,0,0,409,209,1,0,0,0,0,204,630,34,0,0,0,0,14,238,78,0,0,0,0,0,50,12,0,0,0,0,0,1,0,0,0
0.558974358974359	0.5423465202589776	0.558974358974359	0.5185980658791872	0.4376511985924786	0,0,3,4,0,0,0,0,0,37,32,0,0,0,0,0,404,264,0,0,0,0,0,171,622,19,0,0,0,0,8,252,64,0,0,0,0,0,56,13,0,0,0,0,0,0,1,0,0
0.5682051282051283	0.5361111671817095	0.5682051282051283	0.531131024963421	0.4310534418297779	0,0,3,4,0,0,0,0,39,30,0,0,0,1,400,241,5,0,0,0,180,637,29,0,0,0,15,238,71,0,0,0,0,38,19,0
0.5635897435897436	0.5397091725178558	0.5635897435897436	0.5275279781444514	0.43369254453485817	0,0,4,2,0,0,0,0,0,34,29,0,0,0,0,0,367,279,0,0,0,0,0,169,662,32,0,0,0,0,10,236,70,0,0,0,0,0,40,15,0,0,0,0,0,1,0,0,0
0.5738461538461539	0.5366547191425483	0.5738461538461539	0.5355477217762546	0.44029030129755886	0,0,5,4,0,0,0,0,0,33,41,0,0,0,0,0,409,205,3,0,0,0,0,181,634,41,0,0,0,0,14,247,76,0,0,0,0,0,43,13,0,0,0,0,0,0,1,0,0
0.5579487179487179	0.5348311218825771	0.5579487179487179	0.5029665944830553	0.4486474598636464	0,0,1,5,0,0,0,0,0,34,33,0,0,0,0,0,426,211,2,0,0,0,0,193,631,10,0,0,0,0,5,302,31,0,0,0,0,0,56,8,0,0,0,0,0,2,0,0,0
0.5748717948717949	0.5436856436402087	0.5748717948717949	0.5426312255713717	0.4407301517484056	0,0,5,6,0,0,0,0,0,28,26,0,0,0,0,1,419,256,2,0,0,0,0,154,627,50,0,0,0,0,13,230,75,0,0,0,0,0,36,20,0,0,0,0,0,0,2,0,0
0.5964102564102564	0.5669708563409227	0.5964102564102564	0.5617408670531081	0.44578843193314277	0,0,5,2,0,0,0,0,0,37,27,0,0,0,0,0,411,236,3,0,0,0,0,153,671,35,0,0,0,0,7,224,81,0,0,0,0,0,44,12,0,0,0,0,0,1,1,0,0
0.556923076923077	0.5395617221642108	0.556923076923077	0.5163929330352842	0.42819441389927426	0,0,3,4,0,0,0,0,0,31,35,1,0,0,0,0,398,266,0,0,0,0,0,157,627,30,0,0,0,0,11,267,61,0,0,0,0,0,48,10,0,0,0,0,0,1,0,0,0
0.5584615384615385	0.5185226218150465	0.5584615384615385	0.5254110996732039	0.42731471299758084	0,0,4,5,0,0,0,0,0,32,27,1,0,0,0,0,378,253,2,0,0,0,0,179,635,55,0,0,0,0,10,228,76,0,0,0,0,1,39,23,0,0,0,0,0,0,2,0,0
0.5835897435897436	0.5897722284974	0.5835897435897436	0.5500983561167561	0.4380910490433253	0,0,5,5,0,0,0,0,0,23,24,0,0,0,0,0,409,232,0,0,0,0,0,195,658,28,0,0,0,0,14,239,70,0,0,0,0,0,39,5,1,0,0,0,0,1,2,0,0
0.5687179487179487	0.5413898541012792	0.5687179487179487	0.5248643116165277	0.4299538157026611	0,0,5,7,0,0,0,0,0,29,33,1,0,0,0,0,391,209,1,0,0,0,0,185,654,23,0,0,0,0,11,275,64,0,0,0,0,0,48,13,0,0,0,0,0,0,1,0,0
0.5758974358974359	0.5550975941403833	0.5758974358974359	0.5443422101483669	0.4356718715636684	0,0,6,2,0,0,0,0,1,37,25,2,0,0,0,1,392,249,4,0,0,0,0,159,647,56,0,0,0,0,7,216,83,0,0,0,0,0,48,13,0,0,0,0,0,0,2,0,0
0.5594871794871795	0.5318007086018488	0.5594871794871795	0.5214502859969746	0.42819441389927426	0,0,3,7,0,0,0,0,0,24,29,1,0,0,0,0,392,253,0,0,0,0,0,174,632,34,0,0,0,0,18,249,67,0,0,0,0,0,49,16,0,0,0,0,0,1,1,0,0
0.5517948717948717	0.5321556276462706	0.5517948717948717	0.5083075730737316	0.42621508687046405	0,0,9,6,0,0,0,0,0,39,27,0,0,0,0,0,360,237,1,0,0,0,0,184,648,22,0,0,0,0,10,273,68,0,0,0,0,0,55,10,0,0,0,0,0,1,0,0,0
0.561025641025641	0.5295981300197566	0.561025641025641	0.5280857202166295	0.438530899494172	0,0,5,5,0,0,0,0,0,27,30,0,0,0,0,0,372,259,7,0,0,0,0,182,649,45,0,0,0,0,7,234,73,0,0,0,0,0,41,13,0,0,0,0,0,1,0,0,0
