accuracy	precision	recall	f1	oob	confMatrxVars
0.5502564102564103	0.5157715226519862	0.5502564102564103	0.5004940772048252	0.4561249175280405	0,0,2,6,0,0,0,0,0,27,31,0,0,0,0,0,413,251,2,0,0,0,0,189,632,20,0,0,0,0,12,271,28,0,0,0,0,0,59,6,0,0,0,0,0,0,1,0,0
0.541025641025641	0.5133227300504385	0.541025641025641	0.48972510985936246	0.45194633824499675	0,0,4,5,0,0,0,0,0,31,30,0,0,0,0,0,361,252,1,0,0,0,0,175,655,23,0,0,0,0,18,296,39,0,0,0,0,0,50,8,0,0,0,0,0,1,1,0,0
0.5512820512820513	0.5203847138529668	0.5512820512820513	0.5004330344764452	0.46140312293820096	0,0,4,4,0,0,0,0,31,29,0,0,0,0,408,209,0,0,0,0,219,634,21,0,0,0,16,285,33,0,0,0,1,51,5,0
0.5461538461538461	0.49342276429748766	0.5461538461538461	0.4856587465490495	0.4631625247415878	0,0,4,4,0,0,0,0,44,32,0,0,0,0,412,243,0,0,0,0,188,639,11,0,0,0,13,282,14,0,0,0,0,55,9,0
0.5430769230769231	0.525632661735273	0.5430769230769231	0.48037927479450054	0.4603034968110842	0,0,4,6,0,0,0,0,0,31,44,0,0,0,0,0,374,250,0,0,0,0,0,185,668,3,0,0,0,0,19,294,17,0,0,0,0,0,44,7,0,0,0,0,0,4,0,0,0
0.536923076923077	0.5069383770740972	0.536923076923077	0.48029522234368605	0.4548053661755004	0,0,3,7,0,0,0,0,24,34,1,0,0,0,365,285,1,0,0,0,166,661,12,0,0,0,10,302,21,0,0,0,0,48,10,0
0.5553846153846154	0.5275120370756412	0.5553846153846154	0.4995341452155584	0.45898394545854404	0,0,2,3,0,0,0,0,0,29,28,0,0,0,0,0,400,234,0,0,0,0,0,186,657,10,0,0,0,0,12,298,26,0,0,0,0,1,52,10,0,0,0,0,0,1,1,0,0
0.5461538461538461	0.5264125230023488	0.5461538461538461	0.4946226376880291	0.4567846932043106	0,0,3,3,0,0,0,0,0,32,37,0,0,0,0,0,388,259,0,0,0,0,0,200,649,11,0,0,0,0,17,272,28,0,0,0,0,1,42,6,0,0,0,0,0,1,1,0,0
0.5348717948717949	0.5352940128523255	0.5348717948717949	0.47584134299191777	0.4521662634704201	0,0,5,7,0,0,0,0,0,34,27,0,0,0,0,0,384,269,0,0,0,0,0,184,638,3,0,0,0,0,13,301,21,0,0,0,0,0,56,6,0,0,0,0,0,2,0,0,0
0.5548717948717948	0.5177055146977627	0.5548717948717948	0.5121878756226882	0.4600835715856608	0,0,5,3,0,0,0,0,0,34,23,1,0,0,0,0,386,238,2,0,0,0,0,206,650,26,0,0,0,0,13,260,46,0,0,0,0,1,40,15,0,0,0,0,0,1,0,0,0
0.5405128205128205	0.49405664477840994	0.5405128205128205	0.49215945324844745	0.45788431933142737	0,0,11,4,0,0,0,0,0,43,29,1,0,0,0,0,389,239,2,0,0,0,0,219,633,22,0,0,0,0,14,260,32,0,0,0,0,1,37,11,0,0,0,0,0,2,1,0,0
0.5558974358974359	0.530887863378231	0.5558974358974359	0.5010938291831456	0.46052342203650753	0,0,2,4,0,0,0,0,0,39,31,0,0,0,0,0,397,231,1,0,0,0,0,193,658,10,0,0,0,0,17,276,29,0,0,0,0,1,53,7,0,0,0,0,0,1,0,0,0
0.5251282051282051	0.5052827152497495	0.5251282051282051	0.457699775000414	0.454585440950077	0,0,4,7,0,0,0,0,0,32,34,0,0,0,0,0,342,290,0,0,0,0,0,150,669,5,0,0,0,0,9,335,13,0,0,0,0,0,50,7,0,0,0,0,0,3,0,0,0
0.5435897435897435	0.4999934006537422	0.5435897435897435	0.49324729754774244	0.4521662634704201	0,0,3,3,0,0,0,0,0,27,34,0,0,0,0,0,377,265,2,0,0,0,0,200,660,19,0,0,0,0,12,272,23,0,0,0,0,1,40,9,0,0,0,0,0,1,2,0,0
0.5394871794871795	0.5120415681745534	0.5394871794871795	0.48267506422631734	0.4587640202331207	0,0,3,8,0,0,0,0,0,42,34,0,0,0,0,0,364,261,3,0,0,0,0,202,668,7,0,0,0,0,16,269,20,0,0,0,0,0,49,3,0,0,0,0,0,0,1,0,0
0.5507692307692308	0.5361467635663801	0.5507692307692308	0.4964413256190601	0.46690125357378487	0,0,5,4,0,0,0,0,0,19,29,0,0,0,0,0,410,259,0,0,0,0,0,194,643,4,0,0,0,0,9,281,21,0,0,0,0,0,62,8,0,0,0,0,0,1,1,0,0
0.5533333333333333	0.5040819584370607	0.5533333333333333	0.5022616229399017	0.4581042445568507	0,0,4,3,0,0,0,0,0,40,35,1,0,0,0,0,393,237,1,0,0,0,0,201,657,17,0,0,0,0,12,256,29,0,0,0,0,0,47,14,0,0,0,0,0,2,1,0,0
0.5425641025641026	0.5180934455786927	0.5425641025641026	0.4878434643019371	0.4556850670771938	0,0,5,5,0,0,0,0,0,33,34,0,0,0,0,0,388,267,0,0,0,0,0,180,644,9,0,0,0,0,9,285,26,0,0,0,0,0,54,10,0,0,0,0,0,0,1,0,0
0.5364102564102564	0.5010178244883907	0.5364102564102564	0.4783127171737111	0.4563448427534639	0,0,3,6,0,0,0,0,0,32,39,0,0,0,0,0,386,247,1,0,0,0,0,210,643,9,0,0,0,0,17,282,17,0,0,0,0,1,50,5,0,0,0,0,0,1,1,0,0
0.5374358974358975	0.5099930077971638	0.5374358974358975	0.48539587913757326	0.4600835715856608	0,0,7,2,0,0,0,0,0,30,33,1,0,0,0,0,384,270,0,0,0,0,0,195,638,13,0,0,0,0,13,289,26,0,0,0,0,0,39,9,0,0,0,0,0,0,1,0,0
0.5446153846153846	0.5584887277772593	0.5446153846153846	0.4871037328830098	0.46140312293820096	0,0,3,3,0,0,0,0,0,28,32,0,0,0,0,0,383,239,0,0,0,0,0,234,664,1,0,0,0,0,13,283,15,0,0,0,0,1,48,2,0,0,0,0,0,1,0,0,0
0.541025641025641	0.5199737832554827	0.541025641025641	0.4873790628035799	0.45744446888058066	0,0,2,5,0,0,0,0,0,35,35,0,0,0,0,0,379,249,0,0,0,0,0,207,650,12,0,0,0,0,13,284,26,0,0,0,0,0,47,5,0,0,0,0,0,1,0,0,0
0.5441025641025641	0.4999320290468868	0.5441025641025641	0.48913258053068437	0.4572245436551573	0,0,4,3,0,0,0,0,0,33,26,1,0,0,0,0,392,244,0,0,0,0,0,193,645,16,0,0,0,0,20,282,24,0,0,0,0,0,53,11,0,0,0,0,0,2,1,0,0
0.5343589743589744	0.5293335399941735	0.5343589743589744	0.48066592818609394	0.44798768418737633	0,0,5,6,0,0,0,0,0,30,35,0,0,0,0,0,380,249,0,0,0,0,0,215,633,6,0,0,0,0,20,291,29,0,0,0,0,0,43,7,0,0,0,0,0,1,0,0,0
0.558974358974359	0.5307080238395918	0.558974358974359	0.5114963190570614	0.46052342203650753	0,0,6,3,0,0,0,0,33,32,0,0,0,0,381,244,1,0,0,0,184,669,23,0,0,0,14,269,40,0,0,0,0,45,6,0
