accuracy	precision	recall	f1	oob	confMatrxVars
0.6702564102564103	0.6834878253776497	0.6702564102564103	0.6578382854208594	0.3382449967011216	0,0,7,2,0,0,0,1,9,28,34,1,0,0,0,1,466,198,6,0,0,0,0,123,646,60,2,0,0,0,9,127,164,1,0,0,0,0,18,24,22,0,0,0,0,1,0,0,0
0.6569230769230769	0.6614600825908165	0.6569230769230769	0.6444392424428255	0.3303276885858808	0,0,3,4,0,0,0,0,9,35,19,1,0,0,0,3,436,196,5,0,0,0,4,135,660,48,2,0,0,0,7,161,153,1,0,0,0,1,22,20,23,0,0,0,0,1,1,0,0
0.6687179487179488	0.6655945471821826	0.6687179487179488	0.6553144439039102	0.33560589399604135	0,0,8,2,0,0,0,0,4,42,21,1,0,0,0,1,473,184,2,0,0,0,3,151,642,59,1,0,0,0,9,131,163,1,0,0,0,1,19,8,22,0,0,0,0,2,0,0,0
0.6641025641025641	0.6623538717768298	0.6641025641025641	0.6504478128926889	0.3279085111062239	0,0,5,6,0,0,0,1,8,37,27,2,0,0,0,3,453,169,5,0,0,0,2,149,634,59,2,0,0,0,10,133,182,4,0,0,0,0,24,14,18,0,0,0,0,3,0,0,0
0.6712820512820513	0.6823536722391681	0.6712820512820513	0.660346012786233	0.34462282823839896	0,0,8,0,0,0,0,1,8,28,34,1,0,0,0,1,475,197,3,1,0,0,0,147,628,55,2,0,0,0,8,122,175,1,0,0,0,1,14,16,23,0,0,0,0,0,1,0,0
0.6712820512820513	0.6733856242941185	0.6712820512820513	0.6592851047504099	0.33758522102485156	0,0,4,5,0,0,0,0,6,33,19,1,0,0,0,2,466,181,6,0,0,0,2,145,654,61,1,0,0,0,4,134,163,0,0,0,0,0,23,18,20,0,0,0,0,2,0,0,0
0.6779487179487179	0.6851750263860038	0.6779487179487179	0.6641510005265595	0.33758522102485156	0,0,8,6,0,0,0,1,9,32,16,1,0,0,0,2,457,174,4,0,0,0,1,128,655,46,0,0,0,0,7,155,188,2,0,0,0,1,23,18,13,0,0,0,0,3,0,0,0
0.6625641025641026	0.6707263685345038	0.6625641025641026	0.646229371352625	0.33758522102485156	0,0,4,7,0,0,0,0,4,32,26,0,0,0,0,1,437,188,6,1,0,0,0,137,674,41,2,0,0,0,7,162,161,4,0,0,0,1,22,16,16,0,0,0,0,0,1,0,0
0.6820512820512821	0.6818742973747767	0.6820512820512821	0.6700817419120697	0.3485814822960194	0,0,8,4,0,0,0,0,9,33,20,0,0,0,0,3,451,174,7,0,0,0,0,131,684,64,0,0,0,1,10,126,168,2,0,0,0,0,17,19,18,0,0,0,0,0,1,0,0
0.6507692307692308	0.6522599659774263	0.6507692307692308	0.6350408857770086	0.32944798768418737	0,1,7,4,0,0,0,0,3,38,22,1,0,0,0,0,459,183,4,0,0,0,1,161,631,55,0,0,0,0,15,147,156,2,0,0,0,1,23,14,20,0,0,0,0,1,1,0,0
0.6692307692307692	0.6776474925089537	0.6692307692307692	0.656663701759174	0.3417638003078953	0,0,7,2,0,0,0,0,9,39,15,1,0,0,0,0,442,176,2,1,0,0,1,131,661,60,1,0,0,0,8,166,176,3,0,0,0,0,17,14,17,0,0,0,0,0,1,0,0
0.6687179487179488	0.6711167711020428	0.6687179487179488	0.653490647909697	0.32504948317572024	0,0,5,1,0,0,0,0,6,34,21,3,0,0,0,3,428,193,7,0,0,0,0,130,696,52,1,0,0,0,7,133,156,3,0,0,0,0,29,21,18,0,0,0,1,1,1,0,0
0.6615384615384615	0.6685224371486376	0.6615384615384615	0.6496514618579298	0.32592918407741367	0,1,6,6,0,0,0,0,7,32,16,0,0,0,0,2,437,212,3,0,0,0,1,116,650,61,0,0,0,0,11,151,177,2,0,0,0,0,20,19,19,0,0,0,0,0,1,0,0
0.68	0.6793978919919532	0.68	0.6663506933973952	0.33362656696723114	0,0,2,4,0,0,0,0,5,32,23,2,0,0,0,6,464,161,5,0,0,0,1,127,658,47,0,0,0,0,10,160,177,3,0,0,0,0,23,15,22,0,0,0,0,0,3,0,0
0.6876923076923077	0.6927697774445588	0.6876923076923077	0.6754333124919062	0.34924125797228944	0,0,6,3,0,0,0,8,28,19,0,0,0,3,477,146,2,0,0,0,147,666,51,0,0,0,18,150,174,2,0,0,1,23,10,16
0.6774358974358974	0.6803632188347774	0.6774358974358974	0.6664464435677819	0.3459423795909391	0,0,5,2,0,0,0,0,9,38,20,0,0,0,0,1,470,180,6,1,0,0,2,123,646,62,4,0,0,0,9,141,172,3,0,0,0,1,14,15,24,0,0,0,0,2,0,0,0
0.6825641025641026	0.6840001037223827	0.6825641025641026	0.6701746446526172	0.3468220804926325	0,1,8,6,0,0,0,7,22,27,1,0,0,4,454,169,3,0,0,2,132,681,48,1,0,0,5,157,170,1,0,0,0,23,9,19
0.6651282051282051	0.6584541327706416	0.6651282051282051	0.6530290171452275	0.3424235759841654	0,0,6,3,0,0,0,0,4,29,21,1,0,0,0,2,428,162,5,0,0,0,3,162,667,64,1,0,0,0,6,154,183,3,0,0,0,1,11,17,15,0,0,0,0,0,2,0,0
0.6594871794871795	0.6637277392654168	0.6594871794871795	0.6455902898620236	0.33318671651638443	0,0,5,6,0,0,0,6,34,23,1,0,0,4,439,184,2,0,0,1,138,656,49,2,0,0,11,171,165,0,0,0,0,17,16,20
0.6692307692307692	0.6712268172315699	0.6692307692307692	0.6568868246892838	0.3397844732790851	0,1,4,8,0,0,0,0,8,26,15,0,0,0,0,1,472,176,6,0,0,0,2,148,652,52,1,0,0,0,10,151,158,1,0,0,0,0,25,15,15,0,0,0,0,1,2,0,0
0.6774358974358974	0.6573586026799796	0.6774358974358974	0.6613121394364033	0.34220365075874204	0,0,4,3,1,0,0,0,0,36,26,0,0,0,0,0,468,167,7,0,0,0,0,154,670,57,0,0,0,0,8,128,162,1,0,0,0,0,16,19,21,0,0,0,0,1,1,0,0
0.6676923076923077	0.6808559192788162	0.6676923076923077	0.6518732313047768	0.3358258192214647	0,0,4,4,0,0,0,4,55,21,1,0,0,0,435,179,6,0,0,1,140,659,49,0,0,0,11,148,180,0,0,0,0,20,9,24
0.6902564102564103	0.6842660146003842	0.6902564102564103	0.6771447451771292	0.34374312733670553	0,0,7,3,1,0,0,0,4,32,17,2,0,0,0,6,463,179,6,0,0,0,0,124,682,60,0,0,0,0,9,114,181,2,0,0,0,0,20,20,16,0,0,0,0,1,1,0,0
0.6861538461538461	0.6957652214892455	0.6861538461538461	0.6757417986860139	0.33560589399604135	0,0,6,2,0,0,1,9,27,14,1,0,1,2,463,194,6,0,0,1,111,667,58,1,0,0,10,129,183,1,0,0,1,28,18,16
0.6692307692307692	0.6657265963023955	0.6692307692307692	0.6554274462617166	0.3459423795909391	0,0,5,4,0,0,0,8,40,17,0,0,0,4,466,166,6,0,0,1,146,665,68,2,0,0,6,132,153,2,0,0,1,23,22,13
