accuracy	precision	recall	f1	oob	confMatrxVars
0.661025641025641	0.6669217563257376	0.661025641025641	0.6462839092819105	0.34528260391466903	0,0,2,8,0,0,0,1,3,34,20,1,0,0,0,2,449,204,6,0,0,0,0,131,663,52,0,0,0,0,7,156,159,2,0,0,0,1,20,13,15,0,0,0,0,1,0,0,0
0.68	0.686525551693672	0.68	0.6629052357183717	0.34924125797228944	0,0,5,6,0,0,0,1,6,38,22,1,0,0,0,3,471,165,2,0,0,0,0,126,665,38,1,0,0,0,13,153,165,1,0,0,0,0,24,24,19,0,0,0,0,0,1,0,0
0.6671794871794872	0.6607090340637818	0.6671794871794872	0.6525246377850147	0.3444029030129756	0,0,3,5,0,0,0,0,2,33,25,0,0,0,0,3,457,182,7,0,0,0,1,162,657,38,1,0,0,1,5,133,163,2,0,0,0,0,22,23,22,0,0,0,0,0,3,0,0
0.6697435897435897	0.6854851582382901	0.6697435897435897	0.6531645346113903	0.34220365075874204	0,0,4,2,0,0,0,0,3,41,15,0,0,0,0,0,454,185,5,0,0,0,0,139,665,46,1,0,0,0,7,145,169,1,0,0,0,0,29,21,15,0,0,0,0,1,2,0,0
0.6661538461538462	0.6824156445133972	0.6661538461538462	0.6489308980569295	0.34110402463162526	0,0,4,3,0,0,0,0,4,40,28,1,0,0,0,0,408,196,5,0,0,0,1,123,684,45,0,0,0,0,12,144,183,0,0,0,0,0,26,21,20,0,0,0,0,2,0,0,0
0.6497435897435897	0.6576633577598257	0.6497435897435897	0.6336769113436436	0.34110402463162526	0,0,1,8,0,0,0,1,6,44,22,1,0,0,0,1,438,173,7,0,0,0,1,145,653,69,0,0,0,0,5,156,151,1,0,0,0,1,29,17,19,0,0,0,0,0,1,0,0
0.6733333333333333	0.6785944682274303	0.6733333333333333	0.6586543910131705	0.36133714537057404	0,0,3,6,1,0,0,0,4,32,18,1,0,0,0,0,423,172,3,0,0,0,1,141,691,54,2,0,0,0,4,155,180,1,0,0,0,0,22,19,15,0,0,0,0,1,1,0,0
0.6584615384615384	0.6562439757569095	0.6584615384615384	0.6419324515800298	0.33802507147569827	0,0,7,5,0,0,0,1,1,36,19,1,0,0,0,2,453,189,5,0,0,0,1,135,654,45,1,0,0,0,6,174,152,0,0,0,0,0,24,12,24,0,0,0,0,2,1,0,0
0.6676923076923077	0.688054706709674	0.6676923076923077	0.64960660420196	0.3534198372553332	0,0,5,4,0,0,0,4,44,27,2,0,0,0,436,182,6,0,0,1,132,667,37,0,0,0,6,153,176,0,0,0,0,38,11,19
0.6753846153846154	0.6790376132475114	0.6753846153846154	0.659049048289267	0.34572245436551574	0,0,4,5,0,0,0,0,4,40,26,1,0,0,0,1,470,157,8,0,0,0,1,141,646,54,1,0,0,0,9,141,179,0,0,0,0,1,22,19,18,0,0,0,0,1,1,0,0
0.6794871794871795	0.685948030782203	0.6794871794871795	0.6652283015611148	0.3468220804926325	0,1,7,1,0,0,0,0,6,26,20,2,0,0,0,2,468,179,3,0,0,0,2,130,682,37,1,0,0,0,14,164,154,0,0,0,0,0,22,13,15,0,0,0,0,1,0,0,0
0.6723076923076923	0.6762928212038248	0.6723076923076923	0.6611053925637619	0.3499010336485595	0,0,4,1,0,0,0,1,4,33,7,0,0,0,0,1,459,178,5,0,0,0,4,140,658,55,0,0,0,0,9,158,172,0,0,0,0,2,21,19,18,0,0,0,0,0,1,0,0
0.6846153846153846	0.6847136408619203	0.6846153846153846	0.6720218778301164	0.3518803606773697	0,0,4,6,0,0,0,4,37,15,0,0,0,4,474,174,4,0,0,1,145,669,44,0,0,0,8,134,166,1,0,0,2,23,13,22
0.6805128205128205	0.685306980281123	0.6805128205128205	0.6666301345939901	0.3448427534638223	0,0,5,2,0,0,0,5,39,20,1,0,0,3,470,176,5,0,0,0,145,673,41,0,0,0,5,143,158,1,0,0,1,19,17,21
0.6753846153846154	0.6813496111950759	0.6753846153846154	0.6568067659250914	0.35429953815702664	0,0,6,2,0,0,0,2,44,22,1,0,0,0,467,175,5,0,0,1,122,666,44,1,0,0,7,158,165,2,0,0,1,22,20,17
0.6512820512820513	0.6708425881303696	0.6512820512820513	0.6346556680592776	0.3444029030129756	0,0,4,1,0,0,0,4,49,23,0,0,0,0,443,193,6,0,0,0,152,651,47,1,0,0,8,161,159,3,0,0,0,22,10,13
0.6466666666666666	0.6534258524432877	0.6466666666666666	0.6313130477710964	0.3364855948977348	0,0,4,4,0,0,0,0,4,38,25,2,0,0,0,2,436,193,3,0,0,0,0,132,639,63,2,0,0,0,9,174,162,2,0,0,0,0,21,14,20,0,0,0,0,1,0,0,0
0.6482051282051282	0.6506499986808311	0.6482051282051282	0.6298320577510458	0.34264350120958875	0,0,9,7,0,0,0,0,4,42,24,1,0,0,0,1,443,172,4,0,0,0,2,167,642,49,0,0,0,0,7,156,163,1,0,0,0,0,30,13,12,0,0,0,0,0,1,0,0
0.6594871794871795	0.6620096042842164	0.6594871794871795	0.6454146946160767	0.3463822300417858	0,0,3,1,0,0,0,0,5,39,21,1,0,0,0,4,465,174,5,0,0,0,0,162,647,55,0,0,0,0,7,154,154,0,0,0,0,0,19,17,15,0,0,0,0,0,2,0,0
0.6758974358974359	0.6843947356886629	0.6758974358974359	0.660188180135591	0.34264350120958875	0,0,7,3,0,0,0,1,4,34,23,0,0,0,0,1,478,182,8,0,0,0,0,124,668,47,1,0,0,0,7,157,151,1,0,0,0,0,17,18,17,0,0,0,0,0,1,0,0
0.6707692307692308	0.6709895109279959	0.6707692307692308	0.6578906219407653	0.3435232021112822	0,0,6,5,0,0,0,1,8,34,26,0,0,0,0,4,440,182,10,0,0,0,0,146,672,50,2,0,0,0,7,128,168,2,0,0,0,0,17,20,20,0,0,0,0,1,1,0,0
0.6666666666666666	0.6688116093008666	0.6666666666666666	0.6529805527011237	0.33714537057400484	0,1,4,1,0,0,0,0,7,41,21,0,0,0,0,2,452,188,1,0,0,0,1,136,652,53,3,0,0,0,10,143,173,3,0,0,0,1,21,18,16,0,0,0,0,2,0,0,0
0.6728205128205128	0.6765266795809782	0.6728205128205128	0.6619447721813357	0.35078073455025294	0,0,3,3,0,0,0,0,5,28,15,0,0,0,0,3,452,190,4,0,0,0,1,135,660,55,1,0,0,0,10,148,178,2,0,0,0,1,23,14,17,0,0,0,0,1,1,0,0
0.6764102564102564	0.6859352517234824	0.6764102564102564	0.6613271945646029	0.3435232021112822	0,0,5,8,0,0,0,1,6,48,17,0,0,0,0,0,437,162,2,1,0,0,0,135,681,74,1,0,0,0,11,124,174,1,0,0,0,1,19,20,21,0,0,0,0,0,1,0,0
0.661025641025641	0.6641997042290183	0.661025641025641	0.6445752381738915	0.34770178139432595	0,0,3,4,0,0,0,0,3,42,19,0,0,0,0,2,463,195,5,0,0,0,0,145,652,46,0,0,0,0,8,144,156,2,0,0,0,0,23,19,15,0,0,0,0,1,3,0,0
