accuracy	precision	recall	f1	oob	confMatrxVars
0.6415384615384615	0.6453427800044734	0.6415384615384615	0.6162278821685205	0.3870683967451066	0,0,5,7,0,0,0,0,0,34,24,2,0,0,0,0,445,214,2,0,0,0,0,120,675,31,0,0,0,0,7,211,123,0,0,0,0,0,30,11,8,0,0,0,0,1,0,0,0
0.6194871794871795	0.6291193855389036	0.6194871794871795	0.5908638217128327	0.38442929404002635	0,0,6,6,0,0,0,0,1,39,26,0,0,0,0,1,409,203,7,0,0,0,0,138,666,33,0,0,0,0,12,216,128,1,0,0,0,0,35,17,4,0,0,0,0,1,1,0,0
0.6205128205128205	0.6319736192202653	0.6205128205128205	0.5987755378939063	0.3826698922366395	0,0,6,5,0,0,0,0,3,43,21,0,0,0,0,1,418,210,3,0,0,0,0,182,658,39,1,0,0,0,8,167,123,0,0,0,0,0,31,22,8,0,0,0,0,1,0,0,0
0.6543589743589744	0.6442772772605415	0.6543589743589744	0.6300679210726133	0.37893116340444244	0,0,4,4,0,0,0,0,0,47,23,0,0,0,0,0,474,187,4,0,0,0,1,140,667,33,0,0,0,0,8,178,125,0,0,0,0,0,28,16,10,0,0,0,0,1,0,0,0
0.6282051282051282	0.606436094025583	0.6282051282051282	0.6065604974290836	0.37937101385528915	0,0,5,2,0,0,0,0,0,44,27,2,0,0,0,0,411,223,3,1,0,0,0,153,663,55,0,0,0,0,10,154,145,3,0,0,0,0,30,11,6,0,0,0,0,1,1,0,0
0.6435897435897436	0.6550515161329991	0.6435897435897436	0.6202712220111762	0.3826698922366395	0,0,4,6,0,0,0,0,1,34,24,0,0,0,0,1,436,188,4,0,0,0,0,138,673,39,0,0,0,0,11,194,135,0,0,0,0,1,34,16,10,0,0,0,0,1,0,0,0
0.6076923076923076	0.5928999728880929	0.6076923076923076	0.5843457851226166	0.370574004838355	0,0,4,2,0,0,0,0,0,41,22,1,0,0,0,1,403,206,5,0,0,0,0,171,653,57,1,0,0,0,14,193,123,0,0,0,0,1,27,18,6,0,0,0,0,1,0,0,0
0.6461538461538462	0.6550315345024813	0.6461538461538462	0.6211825659403557	0.38596877061798984	0,0,5,5,1,0,0,0,2,40,24,2,0,0,0,0,472,190,6,0,0,0,1,131,654,44,0,0,0,0,8,175,126,1,0,0,0,0,39,17,6,0,0,0,0,1,0,0,0
0.6205128205128205	0.6206858526792943	0.6205128205128205	0.5932769000034259	0.3765119859247855	0,0,1,3,0,0,0,0,1,49,18,0,0,0,0,1,427,195,5,1,0,0,0,164,654,41,0,0,0,0,18,183,126,0,0,0,0,0,40,19,2,0,0,0,0,1,1,0,0
0.6441025641025641	0.6474177692257972	0.6441025641025641	0.6215052509487544	0.37937101385528915	0,0,5,4,0,0,0,0,1,31,22,0,0,0,0,1,442,180,1,0,0,0,0,160,677,43,0,0,0,0,10,183,128,1,0,0,0,0,34,17,8,0,0,0,0,0,2,0,0
0.6153846153846154	0.6446274069892882	0.6153846153846154	0.5917132995934544	0.37827138772817237	0,0,2,6,0,0,0,0,3,41,22,0,0,0,0,1,440,217,4,0,0,0,0,145,633,35,0,0,0,0,7,213,111,0,0,0,0,0,44,12,13,0,0,0,0,1,0,0,0
0.6271794871794871	0.6308978250619569	0.6271794871794871	0.6058623788603671	0.3767319111502089	0,0,7,2,0,0,0,2,41,25,3,0,0,2,445,205,3,0,0,1,164,636,45,0,0,0,9,167,130,0,0,0,0,32,21,10
0.6343589743589744	0.6438787694314843	0.6343589743589744	0.609315525697389	0.3716736309654718	0,0,9,1,0,0,0,0,2,38,23,1,0,0,0,2,442,197,4,0,0,0,0,134,670,40,0,0,0,0,8,212,114,0,0,0,0,1,30,12,9,0,0,0,0,0,1,0,0
0.6307692307692307	0.6212035445342968	0.6307692307692307	0.6064427214760548	0.3784913129535957	0,0,4,5,0,0,0,0,0,42,24,1,0,0,0,1,443,201,6,0,0,0,0,144,650,44,0,0,0,0,10,186,128,0,0,0,0,2,28,21,9,0,0,0,0,0,1,0,0
0.6287179487179487	0.6411543214546833	0.6287179487179487	0.6063096743834321	0.3760721354739388	0,0,5,3,0,0,0,0,2,36,17,1,0,0,0,2,425,195,4,0,0,0,0,161,660,36,0,0,0,0,8,199,131,1,0,0,0,0,44,11,8,0,0,0,0,0,1,0,0
0.6235897435897436	0.6411943439226943	0.6235897435897436	0.6005266417128527	0.37497250934682214	0,0,4,7,0,0,0,0,2,36,29,0,0,0,0,1,458,182,5,0,0,0,0,171,619,37,0,0,0,0,7,206,127,0,0,0,0,0,33,15,10,0,0,0,0,1,0,0,0
0.6246153846153846	0.6371757313782682	0.6246153846153846	0.6024624028274218	0.38332966791290957	0,0,5,7,0,0,0,0,3,32,34,1,0,0,2,2,416,220,2,1,0,0,0,131,659,50,0,0,0,0,5,186,131,0,0,0,0,0,33,18,9,0,0,0,0,1,2,0,0
0.6164102564102564	0.644393733988942	0.6164102564102564	0.593760737599823	0.3787112381790191	0,0,3,4,0,0,0,0,1,41,19,1,0,0,0,0,435,208,2,0,0,0,0,168,634,45,0,0,0,0,6,199,124,0,0,0,0,0,36,15,8,0,0,0,0,1,0,0,0
0.6338461538461538	0.6228686082874594	0.6338461538461538	0.6104603042969962	0.3806905652078293	0,0,4,5,0,0,0,0,0,43,19,1,0,0,0,0,436,191,4,0,0,0,0,156,661,48,0,0,0,0,12,182,130,0,0,0,0,1,30,17,9,0,0,0,0,1,0,0,0
0.6282051282051282	0.6495980659332254	0.6282051282051282	0.6070295152581855	0.3800307895315592	0,0,6,5,0,0,0,0,3,38,16,1,0,0,0,0,441,209,3,0,0,0,0,154,647,41,0,0,0,0,10,192,123,0,0,0,0,0,28,19,11,0,0,0,0,0,3,0,0
0.6287179487179487	0.6531714867213337	0.6287179487179487	0.6066053849162152	0.37893116340444244	0,0,2,6,0,0,0,0,1,42,21,0,0,0,0,0,446,209,6,0,0,0,0,153,644,46,0,0,0,0,5,182,126,0,0,0,0,1,31,18,9,0,0,0,0,1,1,0,0
0.6374358974358975	0.6631337231992185	0.6374358974358975	0.6143397001944965	0.3837695183637563	0,0,4,4,0,0,0,0,1,39,23,0,0,0,0,0,439,184,2,0,0,0,0,166,662,38,0,0,0,0,9,181,130,0,0,0,0,0,39,16,11,0,0,0,0,1,1,0,0
0.6374358974358975	0.6590982071406141	0.6374358974358975	0.6167609663768144	0.37893116340444244	0,0,4,6,0,0,0,0,2,41,22,2,0,0,0,0,456,205,2,0,0,0,0,169,647,36,0,0,0,0,6,167,128,1,0,0,0,0,29,15,10,0,0,0,0,1,1,0,0
0.6133333333333333	0.6292843198623862	0.6133333333333333	0.5887751645647599	0.3712337805146251	0,0,5,9,0,0,0,0,3,36,22,1,0,0,0,1,419,213,5,0,0,0,0,150,643,51,0,0,0,0,10,200,129,0,0,0,0,1,29,20,2,0,0,0,0,1,0,0,0
0.6312820512820513	0.6363068518680339	0.6312820512820513	0.6059525013732684	0.38398944358917964	0,0,8,7,0,0,0,0,1,39,28,2,0,0,0,1,452,198,3,0,0,0,0,136,642,44,0,0,0,0,9,194,128,1,0,0,0,0,29,19,8,0,0,0,0,1,0,0,0
