accuracy	precision	recall	f1	oob	confMatrxVars
0.6630769230769231	0.6669815680641812	0.6630769230769231	0.6505053326240933	0.34308335166043546	0,0,2,5,0,0,0,1,6,34,22,1,0,0,0,4,448,184,5,0,0,0,0,139,647,60,1,0,0,0,9,145,170,1,0,0,0,0,24,17,22,0,0,0,0,2,1,0,0
0.6646153846153846	0.676309247034043	0.6646153846153846	0.650102335349539	0.335385968770618	0,0,5,7,0,0,0,6,38,26,1,0,0,0,473,174,7,1,0,0,153,639,53,1,0,0,14,142,157,4,0,0,0,19,9,21
0.6676923076923077	0.6744848752626951	0.6676923076923077	0.6529300584825705	0.33758522102485156	0,1,4,9,0,0,0,0,8,35,22,1,0,0,0,0,461,176,8,0,0,0,0,151,665,50,2,0,0,0,9,134,150,1,0,0,0,1,25,18,18,0,0,0,0,1,0,0,0
0.6697435897435897	0.6738306697353807	0.6697435897435897	0.6572766854724406	0.348361557070596	0,0,2,7,0,0,0,0,5,31,25,2,0,0,0,4,475,177,4,0,0,0,0,147,625,48,2,0,0,0,8,147,178,0,0,0,0,1,21,16,23,0,0,0,0,2,0,0,0
0.6656410256410257	0.6761452104838367	0.6656410256410257	0.653007963406974	0.3435232021112822	0,0,7,4,1,0,1,6,32,22,1,0,0,0,450,203,1,0,0,1,126,666,67,0,0,0,10,147,158,1,0,0,0,20,8,18
0.6692307692307692	0.6712235649807616	0.6692307692307692	0.657291901126874	0.3424235759841654	0,0,3,5,0,0,0,1,9,37,16,0,0,0,0,6,462,192,7,0,0,0,2,140,661,57,0,0,0,0,11,123,158,0,0,0,0,0,23,19,15,0,0,0,0,1,2,0,0
0.66	0.6698517916561886	0.66	0.6491431842579307	0.3298878381350341	0,0,6,2,0,0,0,11,40,22,1,0,0,2,449,194,8,0,0,2,131,633,69,0,0,0,6,144,175,0,0,0,0,23,13,19
0.6523076923076923	0.6698081536418743	0.6523076923076923	0.6377383248860267	0.32658895975368374	0,0,5,6,0,0,0,1,7,39,27,0,0,0,0,0,462,203,3,0,0,0,1,133,618,58,0,0,0,0,4,145,163,1,0,0,0,0,28,21,22,0,0,0,0,1,2,0,0
0.6815384615384615	0.6867769031092222	0.6815384615384615	0.6660961873403287	0.33670552012315813	0,1,4,2,0,0,0,0,5,39,21,0,0,0,0,1,485,184,6,0,0,0,3,131,668,32,0,0,0,0,9,151,158,0,0,0,0,0,18,17,13,0,0,0,0,1,1,0,0
0.6866666666666666	0.6928668752467911	0.6866666666666666	0.6787676306632262	0.3470420057180559	0,0,2,6,0,0,0,0,8,27,14,1,0,0,0,3,463,199,6,0,0,0,2,125,662,50,0,0,0,0,3,143,179,1,0,0,0,0,12,15,27,0,0,0,0,1,1,0,0
0.6779487179487179	0.6815624918741697	0.6779487179487179	0.6637260079861697	0.3448427534638223	0,1,7,2,1,0,0,0,9,38,23,0,0,0,0,0,441,143,6,0,0,0,2,159,683,46,2,0,0,0,15,141,168,1,0,0,0,0,25,14,21,0,0,0,0,1,1,0,0
0.6743589743589744	0.6763840002048829	0.6743589743589744	0.6591414306368154	0.3444029030129756	0,0,8,3,0,0,0,0,3,30,29,0,0,0,0,1,464,165,12,0,0,0,0,136,653,57,3,0,0,0,7,145,180,2,0,0,0,1,19,16,15,0,0,0,0,1,0,0,0
0.6774358974358974	0.677380766461198	0.6774358974358974	0.6623957454868975	0.33714537057400484	0,0,5,6,0,0,0,5,28,30,2,0,0,4,437,185,3,0,0,1,124,688,52,1,0,0,7,135,175,2,0,0,0,27,17,16
0.6574358974358975	0.6696986721341965	0.6574358974358975	0.6403304036531087	0.33912469760281505	0,0,5,6,0,0,0,0,6,39,26,2,0,0,0,1,461,199,2,0,0,0,1,138,638,43,0,0,0,0,4,147,162,2,0,0,0,0,29,23,15,0,0,0,0,0,1,0,0
0.6697435897435897	0.682284720291024	0.6697435897435897	0.6552195108006813	0.3347261930943479	0,1,3,4,0,0,0,0,6,36,20,1,0,0,0,0,446,193,7,0,0,0,0,122,677,58,0,0,0,0,6,151,162,1,0,0,0,0,28,11,15,0,0,0,0,0,2,0,0
0.6605128205128206	0.6608055861198235	0.6605128205128206	0.6459357587128954	0.3490213327468661	0,1,5,4,0,0,0,0,5,34,26,0,0,0,0,1,449,184,3,0,0,0,1,147,657,62,1,0,0,0,12,136,159,2,0,0,0,0,23,18,18,0,0,0,0,1,1,0,0
0.6779487179487179	0.6815887941523145	0.6779487179487179	0.6642647307538756	0.3338464921926545	0,0,3,7,0,0,0,0,7,39,21,1,0,0,0,1,469,173,7,0,0,0,1,134,664,60,1,0,0,0,6,137,165,1,0,0,0,1,13,20,17,0,0,0,0,2,0,0,0
0.6825641025641026	0.6808530472411967	0.6825641025641026	0.6683848189109209	0.34506267868924567	0,0,6,3,0,0,0,0,5,32,18,1,0,0,0,5,444,158,5,0,0,0,0,159,686,50,0,0,0,0,9,118,180,1,0,0,0,1,28,21,16,0,0,0,0,2,2,0,0
0.6841025641025641	0.6973860332409371	0.6841025641025641	0.6720995197971429	0.3400043985045085	0,0,5,2,0,0,0,7,34,18,0,0,0,1,469,177,6,0,0,0,109,649,52,0,0,0,8,161,185,3,0,0,1,16,23,24
0.6651282051282051	0.669470289333963	0.6651282051282051	0.6514051229011208	0.33516604354519464	0,0,7,1,0,0,0,1,8,32,18,1,0,0,0,1,458,180,5,0,0,0,1,145,658,60,2,0,0,0,5,142,160,1,0,0,0,0,24,24,13,0,0,0,0,1,2,0,0
0.6630769230769231	0.6604410403525252	0.6630769230769231	0.6459317223299254	0.3362656696723114	0,0,8,4,0,0,0,1,4,44,19,0,0,0,0,3,445,164,10,0,0,0,0,132,661,65,0,0,0,1,7,155,170,1,0,0,0,0,25,17,13,0,0,0,0,0,1,0,0
0.6743589743589744	0.6779041071808678	0.6743589743589744	0.6580320881884638	0.3439630525621289	0,0,2,4,0,0,0,0,3,35,21,0,0,0,0,1,466,169,8,0,0,0,0,146,673,46,0,0,0,0,4,148,160,5,0,0,0,1,26,18,13,0,0,0,0,0,1,0,0
0.6815384615384615	0.6948358615985678	0.6815384615384615	0.6658815218734434	0.3479217066197493	0,0,4,8,0,0,0,0,8,37,22,1,0,0,0,0,458,166,5,0,0,0,0,121,686,49,1,0,0,0,12,154,153,0,0,0,0,1,19,20,24,0,0,0,0,0,1,0,0
0.6687179487179488	0.6835850923353602	0.6687179487179488	0.6557762074108552	0.34264350120958875	0,1,3,2,0,0,0,0,7,25,26,2,0,0,0,3,451,215,4,0,0,0,0,111,658,47,0,0,0,0,6,148,173,3,0,0,0,0,35,14,15,0,0,0,0,0,1,0,0
0.6661538461538462	0.67114801896258	0.6661538461538462	0.6508035012761035	0.3364855948977348	0,1,9,6,0,0,0,5,36,17,0,0,0,2,446,169,3,1,0,0,141,655,42,1,0,0,10,171,176,4,0,0,0,28,10,17
