accuracy	precision	recall	f1	oob	confMatrxVars
0.6733333333333333	0.6713535316495949	0.6733333333333333	0.661033361452293	0.3417638003078953	0,0,6,6,0,0,0,0,7,36,20,0,0,0,0,3,450,179,5,0,0,0,0,140,671,63,4,0,0,0,6,132,165,3,0,0,0,0,15,18,20,0,0,0,0,1,0,0,0
0.6851282051282052	0.6885394870253702	0.6851282051282052	0.6726480075847778	0.3318671651638443	0,1,2,3,0,0,0,10,31,25,2,0,0,5,468,157,8,0,0,0,133,668,47,1,0,0,6,151,173,2,0,0,0,24,16,17
0.6805128205128205	0.6906890800217068	0.6805128205128205	0.6715508300172146	0.3393446228282384	0,0,2,5,0,0,0,0,10,27,12,1,0,0,0,2,464,184,2,0,0,0,1,149,645,43,0,0,0,0,9,143,190,1,0,0,0,0,21,18,18,0,0,0,0,2,1,0,0
0.6569230769230769	0.6631750177760365	0.6569230769230769	0.6424292790451623	0.33098746426215087	0,0,1,3,0,0,0,0,5,34,26,1,0,0,0,4,459,183,3,0,0,0,0,143,631,51,0,0,0,0,10,164,169,1,0,0,0,2,18,22,17,0,0,0,0,1,2,0,0
0.6656410256410257	0.6750062789581843	0.6656410256410257	0.6517343645525921	0.3268088849791071	0,0,6,6,0,0,0,0,9,39,22,1,0,0,0,4,433,207,8,0,0,0,0,120,662,44,2,0,0,0,7,143,177,1,0,0,0,0,28,13,17,0,0,0,0,0,1,0,0
0.6805128205128205	0.6836345399504917	0.6805128205128205	0.6693967973797257	0.3525401363536398	0,0,8,2,0,0,0,0,10,31,16,0,0,0,0,1,473,175,5,0,0,0,1,136,665,57,1,0,0,0,8,142,161,4,0,0,0,2,17,16,18,0,0,0,0,1,0,0,0
0.6666666666666666	0.6750513525123926	0.6666666666666666	0.6536989024402019	0.3364855948977348	0,0,4,4,0,0,0,0,7,34,23,1,0,0,0,1,440,175,8,0,0,0,0,143,671,66,0,0,0,0,10,141,163,1,0,0,0,0,17,21,19,0,0,0,0,0,1,0,0
0.6651282051282051	0.6704046248383546	0.6651282051282051	0.6514726705762706	0.34572245436551574	0,0,2,6,0,0,0,0,9,34,25,1,0,0,2,2,436,174,10,0,0,0,0,140,681,55,2,0,0,0,8,151,154,2,0,0,0,1,18,17,17,0,0,0,0,3,0,0,0
0.6697435897435897	0.6766981071949568	0.6697435897435897	0.6583507007820422	0.3424235759841654	0,0,7,2,0,0,0,0,7,33,22,1,0,0,0,0,481,178,4,0,0,0,3,130,609,74,0,0,0,0,8,135,187,1,0,0,0,0,24,21,22,0,0,0,0,1,0,0,0
0.6779487179487179	0.6764430029593004	0.6779487179487179	0.6666572793061749	0.32658895975368374	0,1,6,5,0,0,0,0,8,37,20,0,0,0,0,3,454,189,6,0,0,0,1,133,666,59,2,0,0,0,8,130,173,1,0,0,0,0,12,13,21,0,0,0,1,1,0,0,0
0.6702564102564103	0.6787713972080629	0.6702564102564103	0.6548639979554175	0.3358258192214647	0,0,10,8,0,0,0,0,6,40,23,2,0,0,1,1,430,194,5,1,0,0,0,121,662,55,0,0,0,0,5,136,190,3,0,0,0,0,23,14,19,0,0,0,0,0,1,0,0
0.681025641025641	0.6733057479406599	0.681025641025641	0.6644623358737705	0.3503408840994062	0,0,7,4,0,0,0,1,4,43,21,1,0,0,0,5,460,147,4,1,0,0,0,118,674,60,1,0,0,0,9,167,166,2,0,0,0,0,14,15,24,0,0,0,0,2,0,0,0
0.6512820512820513	0.6521838872798662	0.6512820512820513	0.6335120045606665	0.32307015614691004	0,2,5,5,0,0,0,0,5,39,30,1,0,0,0,1,436,187,4,0,0,0,1,144,661,46,1,0,0,0,12,162,152,3,0,0,0,1,23,11,16,0,0,0,0,0,2,0,0
0.6794871794871795	0.6862531083088413	0.6794871794871795	0.6640096324675216	0.33956454805366176	0,0,4,3,0,0,0,1,6,25,23,1,0,0,0,1,455,171,3,0,0,0,1,129,688,51,1,0,0,0,7,149,163,1,0,0,0,0,28,24,13,0,0,0,1,0,1,0,0
0.6661538461538462	0.6670529460611098	0.6661538461538462	0.6536181372801871	0.33560589399604135	0,0,8,3,0,0,0,7,35,16,1,0,0,2,450,168,4,0,0,2,153,656,59,1,0,0,6,151,167,2,0,0,1,23,16,19
0.6774358974358974	0.6925371855081133	0.6774358974358974	0.6653113598550768	0.32746866065537716	0,0,5,5,0,0,0,0,7,30,29,0,0,0,0,4,486,201,6,0,0,0,1,107,629,39,0,0,0,0,8,154,175,0,0,0,0,1,21,16,24,0,0,0,0,1,1,0,0
0.6820512820512821	0.6852699292189565	0.6820512820512821	0.6689997446232814	0.33560589399604135	0,1,6,4,0,0,0,0,12,37,20,1,0,0,0,2,464,175,7,0,0,0,1,128,682,49,1,0,0,0,4,136,149,3,0,0,0,0,26,17,23,0,0,0,0,2,0,0,0
0.6697435897435897	0.6759005884228246	0.6697435897435897	0.6551960486906969	0.3393446228282384	0,0,4,3,0,0,0,0,6,34,19,0,0,0,0,4,419,182,5,1,0,0,0,113,683,50,1,0,0,0,13,166,176,1,0,0,0,1,25,19,22,0,0,0,0,2,1,0,0
0.6651282051282051	0.665433682420845	0.6651282051282051	0.6541265796850834	0.3327468660655377	0,0,9,2,0,0,0,1,7,30,22,0,0,0,0,5,452,177,9,1,0,0,1,144,636,63,1,0,0,0,6,142,181,0,0,0,0,1,22,15,21,0,0,0,0,2,0,0,0
0.6861538461538461	0.7007017318033374	0.6861538461538461	0.6732573005119296	0.33956454805366176	0,0,5,4,0,0,0,0,9,39,18,2,0,0,0,1,478,172,7,0,0,0,0,123,645,42,0,0,0,0,8,151,186,2,0,0,0,1,24,10,20,0,0,0,1,1,1,0,0
0.6738461538461539	0.6746386223946046	0.6738461538461539	0.6608118664647497	0.34110402463162526	0,0,6,6,0,0,0,0,9,35,19,0,0,0,0,3,456,170,2,1,0,0,2,149,683,49,0,0,0,0,7,157,145,1,0,0,0,0,17,10,21,0,0,0,0,1,1,0,0
0.6635897435897435	0.6810221898490055	0.6635897435897435	0.6503520922540134	0.3400043985045085	0,0,5,4,0,0,0,0,9,32,25,0,0,0,0,2,434,214,2,0,0,0,0,112,656,54,0,0,0,0,8,146,175,1,0,0,0,0,29,19,20,0,0,0,1,0,2,0,0
0.6630769230769231	0.6695102893662024	0.6630769230769231	0.6506299790555046	0.33208709038926765	0,0,3,3,0,0,0,7,37,21,0,0,0,2,463,189,9,0,0,1,129,639,68,0,0,0,9,140,167,3,0,0,2,28,13,17
0.6774358974358974	0.6838835481909202	0.6774358974358974	0.6646581804549215	0.3397844732790851	0,1,4,4,0,0,0,0,8,28,20,0,0,0,0,0,474,154,4,0,0,0,0,150,659,63,0,0,0,0,8,150,165,1,0,0,0,0,15,26,15,0,0,0,0,1,0,0,0
0.6697435897435897	0.6847272556607632	0.6697435897435897	0.6559312453202101	0.3404442489553552	0,0,5,3,0,0,0,0,11,36,29,1,0,0,0,2,428,183,5,0,0,0,0,132,658,42,0,0,0,0,8,146,191,4,0,0,0,0,33,13,18,0,0,0,0,1,1,0,0
