accuracy	precision	recall	f1	oob	confMatrxVars
0.6758974358974359	0.6804857943442373	0.6758974358974359	0.6646410637147983	0.3298878381350341	0,1,7,3,0,0,0,1,8,30,18,1,0,0,0,2,444,194,5,0,0,0,0,128,670,59,1,0,0,0,5,135,177,2,0,0,0,0,20,19,19,0,0,0,0,0,1,0,0
0.66	0.6667115143366963	0.66	0.6452142161473197	0.33362656696723114	0,0,10,4,0,0,0,11,36,20,0,0,1,2,436,172,5,0,0,0,147,668,52,1,0,0,14,148,154,1,0,0,2,19,29,18
0.6774358974358974	0.6896613828892275	0.6774358974358974	0.6601439559014622	0.3382449967011216	0,0,2,5,0,0,0,1,5,34,27,0,0,0,0,0,467,172,7,0,0,0,1,123,675,49,0,0,0,0,11,148,161,1,0,0,0,0,26,20,13,0,0,0,0,2,0,0,0
0.6784615384615384	0.6933255312520019	0.6784615384615384	0.6619902608948747	0.3393446228282384	0,0,4,1,0,0,0,0,6,50,25,2,0,0,0,0,433,166,5,0,0,0,0,136,689,52,2,0,0,0,6,133,171,2,0,0,0,0,24,16,24,0,0,0,0,2,1,0,0
0.6943589743589743	0.6932112317338937	0.6943589743589743	0.682670683663128	0.3364855948977348	0,1,5,5,0,0,0,0,9,38,13,0,0,0,0,3,477,151,4,0,0,0,2,151,679,44,1,0,0,0,11,136,173,0,0,0,0,0,14,15,16,0,0,0,0,0,2,0,0
0.6815384615384615	0.6900502185219654	0.6815384615384615	0.6682682519401025	0.338464921926545	0,0,8,7,0,0,0,0,11,29,21,0,0,0,0,0,446,186,3,0,0,0,3,109,686,49,0,0,0,0,7,156,167,2,0,0,0,0,20,20,19,0,0,0,0,1,0,0,0
0.678974358974359	0.6820904142539457	0.678974358974359	0.6648114023754009	0.3296679129096107	0,0,9,1,0,0,0,1,7,32,24,1,0,0,0,5,462,175,2,0,0,0,1,117,669,55,0,0,0,0,12,148,167,0,0,0,0,0,22,19,19,0,0,0,1,0,1,0,0
0.6712820512820513	0.6682355995941495	0.6712820512820513	0.6565715944622598	0.33252694084011436	0,0,7,3,0,0,0,1,7,45,17,1,0,0,0,3,449,167,6,0,0,0,3,151,665,55,0,0,0,0,16,113,171,3,0,0,0,2,27,20,17,0,0,0,0,0,1,0,0
0.6907692307692308	0.7042666694471119	0.6907692307692308	0.6775815176844565	0.33450626786892457	0,0,6,3,0,0,1,6,34,16,0,0,0,0,488,162,0,0,0,0,140,668,47,0,0,0,8,141,162,2,0,0,1,25,17,23
0.6794871794871795	0.6843698512118555	0.6794871794871795	0.6663497391431623	0.33362656696723114	0,1,5,7,0,0,0,1,7,33,17,0,0,0,0,0,444,150,2,0,0,0,1,148,677,63,1,0,0,0,4,147,176,0,0,0,0,0,30,13,21,0,0,0,0,0,2,0,0
0.6774358974358974	0.6745760481229901	0.6774358974358974	0.667285408567746	0.33912469760281505	0,0,3,2,1,0,0,0,9,41,10,1,0,0,2,3,485,168,4,2,0,0,3,149,645,62,0,0,0,0,7,126,164,5,0,0,0,1,21,17,18,0,0,0,0,1,0,0,0
0.6876923076923077	0.6905264821744073	0.6876923076923077	0.6729551247882166	0.34770178139432595	0,0,4,8,0,0,0,8,47,18,0,0,0,1,463,178,3,0,0,2,120,671,37,0,0,2,12,134,181,6,0,0,1,23,13,18
0.6758974358974359	0.6797435299394808	0.6758974358974359	0.6605481130694091	0.3424235759841654	0,1,2,6,0,0,0,0,7,42,22,0,0,0,0,4,425,176,4,0,0,0,1,123,693,42,1,0,0,0,4,155,169,1,0,0,0,0,26,21,24,0,0,0,0,0,1,0,0
0.6723076923076923	0.6814171828900201	0.6723076923076923	0.660906302120823	0.3417638003078953	0,0,5,0,0,0,0,0,7,33,18,0,0,0,0,1,453,177,6,0,0,0,0,138,654,63,0,0,0,0,11,138,174,3,0,0,0,1,22,22,23,0,0,0,0,1,0,0,0
0.6733333333333333	0.6766189390326756	0.6733333333333333	0.6620164492860751	0.33758522102485156	0,1,5,5,0,0,0,0,11,37,14,1,0,0,0,3,476,187,7,0,0,0,0,131,653,60,1,0,0,0,7,134,152,2,0,0,0,0,26,14,21,0,0,0,0,0,2,0,0
0.6641025641025641	0.6670039626298307	0.6641025641025641	0.6459797601292757	0.3298878381350341	0,0,1,5,0,0,0,0,2,50,12,3,0,0,0,1,458,163,3,0,0,0,0,138,650,52,1,0,0,0,8,167,163,3,0,0,0,0,23,22,22,0,0,0,0,1,2,0,0
0.6651282051282051	0.6673374201376006	0.6651282051282051	0.6511938693730018	0.3276885858808005	0,0,7,4,0,0,0,6,37,17,1,0,0,1,437,189,6,0,0,1,149,692,56,1,0,0,9,141,148,1,0,0,0,16,17,14
0.6682051282051282	0.6714494049920572	0.6682051282051282	0.6545064039680238	0.3364855948977348	0,0,5,8,0,0,0,0,5,40,19,1,0,0,0,4,465,175,3,0,0,0,0,129,627,57,1,0,0,0,6,158,183,2,0,0,0,0,26,12,23,0,0,0,0,1,0,0,0
0.6805128205128205	0.692718963909672	0.6805128205128205	0.6658913246354111	0.3279085111062239	0,0,4,2,1,0,0,0,9,34,27,2,0,0,0,0,469,165,8,0,0,0,0,128,666,61,0,0,0,0,14,129,167,2,0,0,0,0,27,16,16,0,0,0,0,0,3,0,0
0.6697435897435897	0.6724064227453478	0.6697435897435897	0.6586858374318857	0.33758522102485156	0,0,3,3,1,0,0,8,37,19,1,0,0,4,459,177,4,0,0,0,143,651,67,2,0,0,6,139,167,1,0,0,0,23,14,21
0.6712820512820513	0.6731005027620232	0.6712820512820513	0.6602955214630899	0.33208709038926765	0,0,3,5,0,0,0,0,10,30,13,1,0,0,2,4,433,173,6,0,0,0,0,133,679,64,1,0,0,0,11,148,169,2,0,0,0,1,20,20,18,0,0,0,0,2,2,0,0
0.6794871794871795	0.6877569662382427	0.6794871794871795	0.6642184642118883	0.32900813723334066	0,0,7,8,0,0,0,0,9,43,25,1,0,0,0,0,477,183,8,0,0,0,1,131,669,53,1,0,0,0,16,114,154,0,0,0,0,0,22,11,16,0,0,0,0,0,1,0,0
0.6876923076923077	0.6915076594636937	0.6876923076923077	0.6728024008025343	0.3417638003078953	0,0,7,3,1,0,0,1,5,34,23,0,0,0,0,0,483,161,7,0,0,0,2,128,655,47,0,0,0,0,10,139,179,3,0,0,0,1,24,16,19,0,0,0,0,0,2,0,0
0.6625641025641026	0.6697530033494614	0.6625641025641026	0.6500484410633472	0.3307675390367275	0,0,3,0,0,0,0,1,7,30,23,1,0,0,0,4,445,182,5,1,0,0,0,134,661,53,1,0,0,0,6,174,156,0,0,0,0,1,19,17,23,0,0,0,0,1,2,0,0
0.6692307692307692	0.67128387722271	0.6692307692307692	0.6544467522890656	0.32548933362656696	0,0,4,3,0,0,0,0,6,39,15,2,0,0,0,2,458,175,6,0,0,0,1,149,678,62,0,0,0,0,5,130,149,1,0,0,0,0,24,24,14,0,0,0,0,2,1,0,0
