accuracy	precision	recall	f1	confMatrxVars
0.8349143520098273	0.8353418407196267	0.8349143520098273	0.8123470235214176	10792,2792140,1442
0.8388043404081076	0.8372984330395873	0.8388043404081076	0.8170234810566198	10887,2922070,1404
0.8321162901794854	0.8329115547043444	0.8321162901794854	0.8087727275576088	10760,2782182,1433
0.8409881935439841	0.8396732503165486	0.8409881935439841	0.8203146243511446	10870,2952035,1453
0.8449464273527605	0.8400210902132649	0.8449464273527605	0.826531526560169	10928,3531919,1453
0.8411246843649764	0.8362596313284755	0.8411246843649764	0.8227512020536503	10823,3711957,1502
0.8403739848495189	0.8377484579185056	0.8403739848495189	0.8203236054398488	10847,3212018,1467
0.8423531017539071	0.839583071988971	0.8423531017539071	0.8225940429463957	10884,3181992,1459
0.8426943288063877	0.8423328040083848	0.8426943288063877	0.8221550517913743	10883,2792026,1465
0.8259742032348325	0.8227556037959126	0.8259742032348325	0.8004375933968432	10806,3162234,1297
0.8409881935439841	0.8378629167879138	0.8409881935439841	0.8209423065251004	10876,3242006,1447
0.8396232853340613	0.8374199028634185	0.8396232853340613	0.8183101903961801	10896,3022048,1407
0.8424895925748993	0.8451615568863093	0.8424895925748993	0.8203345703917861	10917,2302078,1428
0.83805364089265	0.8312092673500205	0.83805364089265	0.8204379380975477	10762,4261947,1518
0.8364157510407425	0.8332279975371175	0.8364157510407425	0.8147625586202595	10857,3222075,1399
0.833344707568416	0.8261831620447228	0.833344707568416	0.8144706721547512	10727,4292013,1484
0.8379853954821538	0.8388023666128482	0.8379853954821538	0.8153113898869421	10870,2612113,1409
0.8368252235037194	0.8346942449551403	0.8368252235037194	0.8156209601398043	10815,3152076,1447
0.8359380331672696	0.8348133320139148	0.8359380331672696	0.8135012078642059	10844,2922112,1405
0.8366204872722309	0.8349559566596916	0.8366204872722309	0.8142925691214435	10867,2962098,1392
0.840919948133488	0.8350210345638184	0.840919948133488	0.823664801016401	10780,4061925,1542
0.8405787210810073	0.8399770919039468	0.8405787210810073	0.8199027689538629	10842,2892047,1475
0.8359380331672696	0.8341528444505923	0.8359380331672696	0.8141289865847915	10821,3072097,1428
0.8366204872722309	0.833404670492295	0.8366204872722309	0.8159807537380798	10802,3362058,1457
0.8407152119019996	0.8407156770065207	0.8407152119019996	0.8187439818692023	10915,2662068,1404
0.8359380331672696	0.8352450291255081	0.8359380331672696	0.8131276394823848	10857,2832121,1392
0.8349143520098273	0.8326758259477225	0.8349143520098273	0.8140845724400374	10745,3302089,1489
0.8371664505562001	0.8389743998843173	0.8371664505562001	0.814885529791827	10803,2592127,1464
0.8355968061147888	0.8324183616951857	0.8355968061147888	0.813905807926695	10838,3252084,1406
0.8431038012693647	0.8389116652093835	0.8431038012693647	0.8250164197971235	10835,3581941,1519
0.8353238244728042	0.8344323635861869	0.8353238244728042	0.8135722337571812	10781,3012112,1459
0.8388043404081076	0.8367917091811286	0.8388043404081076	0.8185374846957815	10804,3182044,1487
0.8367569780932232	0.8359889996078733	0.8367569780932232	0.8152788582049558	10798,2972095,1463
0.8405787210810073	0.8398004117824012	0.8405787210810073	0.8192883304220416	10886,2832053,1431
0.840442230260015	0.8355135853241206	0.840442230260015	0.8225179047632856	10778,3831955,1537
0.8407834573124957	0.8400722467963321	0.8407834573124957	0.819300786715151	10902,2792054,1418
0.8420118747014264	0.8398632773905339	0.8420118747014264	0.8217998450665468	10888,3062009,1450
0.8366204872722309	0.8310322453773022	0.8366204872722309	0.8181402114575033	10736,4001994,1523
0.8412611751859688	0.8358663393771267	0.8412611751859688	0.8229406433792786	10840,3781948,1487
0.8403739848495189	0.8398982459847851	0.8403739848495189	0.8191086521732542	10872,2812058,1442
0.84371800996383	0.8400578274106772	0.84371800996383	0.8248625768344238	10886,3361954,1477
0.8321845355899816	0.8366394409779566	0.8321845355899816	0.8065348244875087	10831,2202239,1363
0.8370299597352078	0.8318398462221712	0.8370299597352078	0.8195312301182937	10670,4111977,1595
0.8440592370163107	0.8419843858292347	0.8440592370163107	0.825834603355463	10805,3251960,1563
0.8375076776086808	0.8347269799038995	0.8375076776086808	0.8162285342956772	10853,3182063,1419
0.8391455674605883	0.8379503306864975	0.8391455674605883	0.8181895713160154	10837,2982059,1459
0.83805364089265	0.8340086688545578	0.83805364089265	0.818701805261021	10781,3592014,1499
0.8349825974203234	0.8305977053704775	0.8349825974203234	0.8140984007447968	10805,3532065,1430
0.8422166109329148	0.844559069980234	0.8422166109329148	0.8198391582902379	10931,2322080,1410
0.83805364089265	0.8382036020114908	0.83805364089265	0.8162733740368402	10830,2782095,1450
