accuracy	precision	recall	f1	oob	confMatrxVars
0.857503582884051	0.8523068281016613	0.857503582884051	0.8472188679679632	0.14256047266664718	10653,473,1615,1912
0.8560021838531359	0.8506348961744435	0.8560021838531359	0.8457216821766672	0.14182924332387614	10623,485,1625,1920
0.8569576196000819	0.8514916550576864	0.8569576196000819	0.8463214869749027	0.14416917722074352	10689,471,1625,1868
0.856548147137105	0.8506449432476275	0.856548147137105	0.8460424485718008	0.14226798092953874	10698,486,1616,1853
0.8552514843376783	0.8496242599213941	0.8552514843376783	0.8453621614018554	0.14159524993418937	10587,507,1614,1945
0.8553879751586706	0.8496855364736775	0.8553879751586706	0.8453491910477545	0.1417122466290327	10610,503,1616,1924
0.8613253258718351	0.8562368437586261	0.8613253258718351	0.8518696581539401	0.14443241978414112	10675,475,1557,1946
0.8581177915785163	0.8526977449086458	0.8581177915785163	0.8481852843893407	0.1425019743192255	10655,485,1594,1919
0.8587320002729817	0.8536490404874519	0.8587320002729817	0.8486851558240576	0.14460791482640611	10657,471,1599,1926
0.8586637548624855	0.8527912907604129	0.8586637548624855	0.8491699287523387	0.14460791482640611	10669,506,1565,1913
0.8569576196000819	0.8517722121793304	0.8569576196000819	0.8473824501684116	0.14253122349293634	10570,498,1598,1987
0.8566163925476011	0.850933364455992	0.8566163925476011	0.8463020912578443	0.14323320366199654	10667,487,1614,1885
0.8550467481061899	0.8489249892862705	0.8550467481061899	0.8444483555449972	0.14472491152124956	10680,496,1628,1849
0.8582542823995086	0.8534895694244651	0.8582542823995086	0.8476876276506895	0.14139050571821343	10670,452,1625,1906
0.856548147137105	0.850954787288283	0.856548147137105	0.8462488067146955	0.14253122349293634	10657,486,1616,1894
0.856070429263632	0.8501715021978181	0.856070429263632	0.8463569678085042	0.14282371523004478	10617,514,1595,1927
0.8605746263563775	0.8560277783922046	0.8605746263563775	0.8509365087483978	0.14340869870426165	10628,462,1581,1982
0.8545690302327168	0.8499419166925268	0.8545690302327168	0.843551205466275	0.14168299745532187	10600,457,1674,1922
0.8570941104210742	0.8509439949540689	0.8570941104210742	0.8473317419064684	0.14378893796250258	10671,512,1582,1888
0.8606428717668737	0.8550848264360362	0.8606428717668737	0.8512750274783204	0.14533914416917726	10687,492,1550,1924
0.8562751654951205	0.8493953404195701	0.8562751654951205	0.8464603190478421	0.14326245283570738	10715,531,1575,1832
0.8588002456834778	0.8529395760923617	0.8588002456834778	0.8496545871655033	0.14247272514551468	10642,517,1552,1942
0.8537500853067631	0.847952045788807	0.8537500853067631	0.843129186352959	0.14253122349293634	10622,496,1647,1888
0.8580495461680202	0.8543070094350786	0.8580495461680202	0.8466958813201658	0.14335020035683987	10676,413,1667,1897
0.8547737664642053	0.8482519880277986	0.8547737664642053	0.8450258896567416	0.1424142267980929	10637,534,1594,1888
