accuracy	precision	recall	f1	confMatrxVars
0.7623012352419299	0.5811031732513723	0.7623012352419299	0.6594822288388149	11170,03483,0
0.7640756159148298	0.5838115468356264	0.7640756159148298	0.6618894808915188	11196,03457,0
0.7619600081894493	0.5805830540800657	0.7619600081894493	0.6590195593334263	11165,03488,0
0.7623694806524262	0.58120722503025	0.7623694806524262	0.6595747729529315	11171,03482,0
0.7591619463591074	0.5763268607997483	0.7591619463591074	0.655228885541274	11124,03529,0
0.7638708796833413	0.5834987208282016	0.7638708796833413	0.6616116038300425	11193,03460,0
0.7605950999795263	0.5785049061128658	0.7605950999795263	0.6571697332562075	11145,03508,0
0.7653722787142565	0.5857947250242536	0.7653722787142565	0.6636500777625163	11215,03438,0
0.7612093086739917	0.8182926337371674	0.7612093086739917	0.6591041147309324	11138,03499,16
0.7943765781751178	0.8368443285911047	0.7943765781751178	0.7298357844261963	11133,33010,507
0.7582747560226575	0.5749806056212207	0.7582747560226575	0.6540281644284852	11111,03542,0
0.7630519347573875	0.5822482551369925	0.7630519347573875	0.6605004012171829	11181,03472,0
0.7602538729270456	0.5779859513005725	0.7602538729270456	0.6567074899707122	11140,03513,0
0.7581382652016652	0.5747736291629904	0.7581382652016652	0.6538434894903578	11109,03544,0
0.7614822903159763	0.5798552784648647	0.7614822903159763	0.6583719650804435	11158,03495,0
0.7599808912850611	0.5775709551184358	0.7599808912850611	0.6563377568227104	11136,03517,0
0.7631201801678837	0.5823524093794633	0.7631201801678837	0.6605929827472247	11182,03471,0
0.7657817511772333	0.8180839675298256	0.7657817511772333	0.6697023252505229	11139,13431,82
0.7554766941923156	0.5707450354677495	0.7554766941923156	0.6502450728693336	11070,03583,0
0.75663686617075	0.5724993472486934	0.75663686617075	0.6518129708807385	11087,03566,0
0.7636661434518529	0.583185978654626	0.7636661434518529	0.6613337573212269	11190,03463,0
0.7613457994949839	0.5796474264086563	0.7613457994949839	0.658186968822197	11156,03497,0
0.7587524738961304	0.5757053166434981	0.7587524738961304	0.6546746346495812	11118,03535,0
0.7602538729270456	0.5779859513005725	0.7602538729270456	0.6567074899707122	11140,03513,0
0.7620964990104415	0.5807910738039719	0.7620964990104415	0.6592046169209604	11167,03486,0
0.7603903637480379	0.5781935052808735	0.7603903637480379	0.6568923770405612	11142,03511,0
0.7631884255783798	0.5824565729368063	0.7631884255783798	0.6606855676763448	11183,03470,0
0.7653722787142565	0.5857947250242536	0.7653722787142565	0.6636500777625163	11215,03438,0
0.7594349280010919	0.5767414098680237	0.7594349280010919	0.6555984545825337	11128,03525,0
0.7593666825905958	0.5766377586286466	0.7593666825905958	0.6555060571905011	11127,03526,0
0.7577287927386883	0.57415292334523	0.7577287927386883	0.6532895469620793	11103,03550,0
0.7630519347573875	0.5822482551369925	0.7630519347573875	0.6605004012171829	11181,03472,0
0.7913737801132874	0.8348252973835774	0.7913737801132874	0.7238312754759808	11138,33054,458
0.7610728178529994	0.5792318340747048	0.7610728178529994	0.6578170172212089	11152,03501,0
0.7548624854978503	0.5698173720119922	0.7548624854978503	0.6494154120006007	11061,03592,0
0.762778953115403	0.5818317313158302	0.762778953115403	0.6601301090956918	11177,03476,0
0.7581382652016652	0.5747736291629904	0.7581382652016652	0.6538434894903578	11109,03544,0
0.7605950999795263	0.5785049061128658	0.7605950999795263	0.6571697332562075	11145,03508,0
0.7599808912850611	0.5775709551184358	0.7599808912850611	0.6563377568227104	11136,03517,0
0.7647580700197911	0.820339599435226	0.7647580700197911	0.6671052774963308	11142,03447,64
0.7575240565071999	0.5738426961871234	0.7575240565071999	0.6530126220036437	11100,03553,0
0.7638026342728451	0.8196299294160319	0.7638026342728451	0.6622097658613417	11182,03461,10
0.7582747560226575	0.5749806056212207	0.7582747560226575	0.6540281644284852	11111,03542,0
0.7650310516617758	0.5852725100067226	0.7650310516617758	0.6631866441734142	11210,03443,0
0.7607315908005187	0.5787125532418878	0.7607315908005187	0.6573546544692545	11147,03506,0
0.7607315908005187	0.5787125532418878	0.7607315908005187	0.6573546544692545	11147,03506,0
0.7588207193066266	0.5758088840490263	0.7588207193066266	0.654767001239359	11119,03534,0
0.7625059714734184	0.5814153565326216	0.7625059714734184	0.6597598713910403	11173,03480,0
0.7562956391182692	0.5719830937493113	0.7562956391182692	0.6513517212130298	11082,03571,0
0.7568416024022384	0.572809211126788	0.7568416024022384	0.6520897619268015	11090,03563,0
