accuracy	precision	recall	f1	confMatrxVars
0.8529993857913055	0.8463927248844264	0.8529993857913055	0.8425704599138888	10647,5231631,1852
0.8514297413498942	0.8441862009375585	0.8514297413498942	0.8415535576109202	10618,5651612,1858
0.8489729065720331	0.8422485232051142	0.8489729065720331	0.8378157213471439	10601,5251688,1839
0.8592779635569507	0.8545822215662539	0.8592779635569507	0.8490943729406932	10657,4561606,1934
0.8508837780659251	0.8447488894996483	0.8508837780659251	0.8402620326352982	10568,5191666,1900
0.8548420118747014	0.8494848314289893	0.8548420118747014	0.843448817010697	10689,4591668,1837
0.8519757046338634	0.8451794556533762	0.8519757046338634	0.8414912379439234	10638,5311638,1846
0.8564116563161127	0.8520921323100986	0.8564116563161127	0.8453520011987992	10636,4401664,1913
0.8552514843376783	0.8495929754519942	0.8552514843376783	0.8459658778772629	10536,5281593,1996
0.8564799017266089	0.8517998486983007	0.8564799017266089	0.8453679609396378	10666,4451658,1884
0.8502695693714598	0.8429069353796848	0.8502695693714598	0.8413054170670156	10542,6101584,1917
0.8535453490752747	0.8468024848989021	0.8535453490752747	0.8445749822881571	10567,5751571,1940
0.8556609568006551	0.8499873121969134	0.8556609568006551	0.8457512276997979	10604,5051610,1934
0.8596874360199277	0.8537987721372622	0.8596874360199277	0.8507510675040288	10652,5201536,1945
0.8530676312018016	0.846731158068905	0.8530676312018016	0.8441227620206937	10511,5691584,1989
0.846106599331195	0.839639272400404	0.846106599331195	0.8336117010821317	10608,4971758,1790
0.8566163925476011	0.8508003525638971	0.8566163925476011	0.8467796358220925	10636,5051596,1916
0.8562069200846243	0.8496109027978404	0.8562069200846243	0.8477954877177121	10587,5781529,1959
0.859346208967447	0.8538029982205658	0.859346208967447	0.8496428909714002	10679,4881573,1913
0.8486316795195523	0.8420211990289151	0.8486316795195523	0.8369561163770882	10623,5091709,1812
0.8482222070565755	0.841237058043067	0.8482222070565755	0.8375434792992996	10565,5501674,1864
0.855592711390159	0.8496941327381123	0.855592711390159	0.8458277295190385	10608,5151601,1929
0.8585955094519894	0.8524292272918366	0.8585955094519894	0.8502847791463853	10599,5571515,1982
0.8523169316863441	0.8463635793754902	0.8523169316863441	0.8419438623414458	10573,5151649,1916
0.8478127345935986	0.8419154772627943	0.8478127345935986	0.8363126333457743	10540,5051725,1883
0.8515662321708866	0.844658642321862	0.8515662321708866	0.8424245670820465	10541,5841591,1937
0.849450624445506	0.8432063828116345	0.849450624445506	0.8381687514282392	10590,5091697,1857
0.8507472872449328	0.8437917789096624	0.8507472872449328	0.8400699963094085	10631,5351652,1835
0.856070429263632	0.8505112927316069	0.856070429263632	0.8453742256882746	10676,4761633,1868
0.8523169316863441	0.8464699641867477	0.8523169316863441	0.8419188795459499	10567,5121652,1922
0.8545690302327168	0.8476598262666896	0.8545690302327168	0.8456493444969684	10609,5751556,1913
0.8547055210537091	0.8473061273423375	0.8547055210537091	0.847047786071603	10610,6431486,1914
0.84849518869856	0.8424335749546742	0.84849518869856	0.8374533626243821	10532,5181702,1901
0.8580495461680202	0.8527653342969264	0.8580495461680202	0.8478727356141227	10665,4751605,1908
0.8474032621306217	0.8406912070019611	0.8474032621306217	0.8366951508510523	10524,5481688,1893
0.8491093973930253	0.8426757199461115	0.8491093973930253	0.8385412997932217	10538,5371674,1904
0.8519074592233672	0.8461792256225226	0.8519074592233672	0.8401155891716082	10665,4711699,1818
0.8493141336245138	0.8429984766555855	0.8493141336245138	0.8368650068025862	10682,4781730,1763
0.8572306012420665	0.851591872831625	0.8572306012420665	0.846663848028852	10703,4751617,1858
0.8527946495598171	0.8459314902627644	0.8527946495598171	0.8437895064656967	10561,5811576,1935
0.8529311403808094	0.8467854666796873	0.8529311403808094	0.8431165576552208	10559,5341621,1939
0.8496553606769944	0.8426032434710481	0.8496553606769944	0.8390605361083658	10603,5461657,1847
0.851770968402375	0.8446629192932028	0.851770968402375	0.8404539011280997	10716,5121660,1765
0.8496553606769944	0.8441476822291375	0.8496553606769944	0.8380356424728419	10575,4841719,1875
0.8577083191155395	0.8526633870735085	0.8577083191155395	0.8465886233053613	10725,4451640,1843
0.8525899133283287	0.8461138595974833	0.8525899133283287	0.8422958632400402	10615,5271633,1878
0.8562751654951205	0.851462386477091	0.8562751654951205	0.8448794186165466	10695,4411665,1852
0.8515662321708866	0.8463552829217883	0.8515662321708866	0.8393422360677946	10661,4521723,1817
0.8561386746741282	0.8498390225674616	0.8561386746741282	0.8466148774770678	10638,5291579,1907
0.8595509451989354	0.8547312744105563	0.8595509451989354	0.848950164436692	10714,4451613,1881
