accuracy	precision	recall	f1	oob	confMatrxVars
0.7629154439363953	0.5820399745966671	0.7629154439363953	0.6603152483559124	0.24022346368715086	11179,0,3474,0
0.7579335289701767	0.5744632343371857	0.7579335289701767	0.6535665027945793	0.23808827400625932	11106,0,3547,0
0.758001774380673	0.5745666899642486	0.758001774380673	0.6536588282644513	0.23811752317997015	11107,0,3546,0
0.7617552719579608	0.5802710943557469	0.7617552719579608	0.6587419984965918	0.23966772938664482	11162,0,3491,0
0.7592301917696035	0.5764304840945089	0.7592301917696035	0.6553212726694732	0.23861475913305452	11125,0,3528,0
0.7598444004640688	0.5773635129166	0.7598444004640688	0.6561529107509165	0.23890725087016296	11134,0,3519,0
0.7614822903159763	0.5798552784648647	0.7614822903159763	0.6583719650804435	0.23960923103922316	11158,0,3495,0
0.7586159830751382	0.5754982097770585	0.7586159830751382	0.654489911743819	0.23838076574336775	11116,0,3537,0
0.7588889647171227	0.5759124607694264	0.7588889647171227	0.6548593712532034	0.23849776243821108	11120,0,3533,0
0.7655087695352487	0.5860036762353706	0.7655087695352487	0.6638354749035087	0.24133493228816283	11217,0,3436,0
0.7590254555381151	0.5761196421548431	0.7590254555381151	0.6550441215514968	0.23855626078563286	11122,0,3531,0
0.7616870265474647	0.5801671264107182	0.7616870265474647	0.6586494850310881	0.23969697856035566	11161,0,3492,0
0.7599808912850611	0.5775709551184358	0.7599808912850611	0.6563377568227104	0.23896574921758462	11136,0,3517,0
0.7630519347573875	0.5822482551369925	0.7630519347573875	0.6605004012171829	0.24028196203457253	11181,0,3472,0
0.7622329898314338	0.5809991307873668	0.7622329898314338	0.6593896881285171	0.23993097195004243	11169,0,3484,0
0.7580700197911691	0.5746701549061835	0.7580700197911691	0.6537511571631773	0.23814677235368098	11108,0,3545,0
0.7610728178529994	0.5792318340747048	0.7610728178529994	0.6578170172212089	0.23943373599695805	11152,0,3501,0
0.7597761550535727	0.5772598057879904	0.7597761550535727	0.6560604928419626	0.23881950334903035	11133,0,3520,0
0.75663686617075	0.5724993472486934	0.75663686617075	0.6518129708807385	0.23753253970575328	11087,0,3566,0
0.7610728178529994	0.5792318340747048	0.7610728178529994	0.6578170172212089	0.23943373599695805	11152,0,3501,0
0.7549307309083464	0.5699204084698102	0.7549307309083464	0.6495075827577779	0.23680131036298224	11062,0,3591,0
0.7574558110967038	0.5737393057641654	0.7574558110967038	0.6529203205469335	0.23788352979028338	11099,0,3554,0
0.7584112468436498	0.5751876193389395	0.7584112468436498	0.6542128530756408	0.23829301822223525	11113,0,3540,0
0.7597079096430766	0.5771561079742529	0.7597079096430766	0.6559680783515012	0.23881950334903035	11132,0,3521,0
0.7620964990104415	0.5807910738039719	0.7620964990104415	0.6592046169209604	0.23987247360262076	11167,0,3486,0
