accuracy	precision	recall	f1	oob	confMatrxVars
0.7625059714734184	0.5814153565326216	0.7625059714734184	0.6597598713910403	0.24004796864488576	11173,0,3480,0
0.7641438613253259	0.5839158408011789	0.7641438613253259	0.661982113366319	0.24074994881394596	11197,0,3456,0
0.7635296526308606	0.5829775304466026	0.7635296526308606	0.6611485432943051	0.24048670625054847	11188,0,3465,0
0.7631201801678837	0.5823524093794633	0.7631201801678837	0.6605929827472247	0.24031121120828336	11182,0,3471,0
0.758547737664642	0.5753946703161467	0.758547737664642	0.6543975554286321	0.23835151656965692	11115,0,3538,0
0.7644850883778066	0.5844374503520228	0.7644850883778066	0.6624453266299123	0.24089619468250023	11202,0,3451,0
0.7601173821060534	0.57777843457976	0.7601173821060534	0.6565226165637023	0.2390242475650063	11138,0,3515,0
0.7655770149457449	0.5861081658132373	0.7655770149457449	0.6639281785521524	0.24136418146187366	11218,0,3435,0
0.7668736777451717	0.5880952376184054	0.7668736777451717	0.6656901905617995	0.24189066658866887	11237,0,3416,0
0.7599808912850611	0.5775709551184358	0.7599808912850611	0.6563377568227104	0.23896574921758462	11136,0,3517,0
0.760868081621511	0.5789202376303983	0.760868081621511	0.6575395893340226	0.23934598847582556	11149,0,3504,0
0.7626424622944107	0.5816235252944816	0.7626424622944107	0.6599449834396808	0.24010646699230742	11175,0,3478,0
0.7560226574762847	0.5715702586175037	0.7560226574762847	0.650982783375872	0.23726929714235578	11078,0,3575,0
0.762778953115403	0.5818317313158302	0.762778953115403	0.6601301090956918	0.2401649653397292	11177,0,3476,0
0.7627107077049069	0.5817276236477199	0.7627107077049069	0.6600375445669626	0.24013571616601836	11176,0,3477,0
0.7669419231556678	0.5881999134937143	0.7669419231556678	0.6657829618341041	0.24194916493609053	11238,0,3415,0
0.757592301917696	0.5739460959249535	0.757592301917696	0.6531049268920045	0.23794202813770515	11101,0,3552,0
0.7590937009486112	0.5762232468198596	0.7590937009486112	0.6551365018351492	0.2385855099593437	11123,0,3530,0
0.7633931618098683	0.5827691194980678	0.7633931618098683	0.6609633428542271	0.2404282079031267	11186,0,3467,0
0.7607315908005187	0.5787125532418878	0.7607315908005187	0.6573546544692545	0.2392874901284039	11147,0,3506,0
0.7596396642325803	0.5770524194753874	0.7596396642325803	0.6558756672799295	0.23881950334903035	11131,0,3522,0
0.7540435405718965	0.5685816610782014	0.7540435405718965	0.6483096319180519	0.2364210711047413	11049,0,3604,0
0.7610045724425032	0.5791279592783971	0.7610045724425032	0.6577245378473379	0.23940448682324722	11151,0,3502,0
0.759912645874565	0.577467229360082	0.759912645874565	0.6562453320779651	0.2389365000438738	11135,0,3518,0
0.7655770149457449	0.5861081658132373	0.7655770149457449	0.6639281785521524	0.24136418146187366	11218,0,3435,0
