accuracy	precision	recall	f1	oob	confMatrxVars
0.8390773220500921	0.836965489528563	0.8390773220500921	0.8176599524568289	0.1655503232033695	10886,302,2056,1409
0.8411246843649764	0.8359482888477079	0.8411246843649764	0.8228114757074283	0.1651115855977069	10829,376,1952,1496
0.8384631133556268	0.8333380462428949	0.8384631133556268	0.8196303158368844	0.16151393723127316	10791,379,1988,1495
0.8431720466798608	0.8421249025593442	0.8431720466798608	0.823504156956773	0.16069496036736963	10854,296,2002,1501
0.8398280215655497	0.839651914331144	0.8398280215655497	0.8192559018073498	0.16130919301529734	10805,289,2058,1501
0.8386678495871153	0.8380357490086248	0.8386678495871153	0.8172456445135629	0.16499458890286345	10841,288,2076,1448
0.8389408312290998	0.8364534093087846	0.8389408312290998	0.8184831634287252	0.1623329140951768	10832,320,2040,1461
0.8409881935439841	0.8366067827406296	0.8409881935439841	0.8224046853580668	0.16034397028283953	10818,362,1968,1505
0.8383948679451307	0.8367077139243251	0.8383948679451307	0.8175390535260114	0.1626839041797069	10823,308,2060,1462
0.8431720466798608	0.8378009880013155	0.8431720466798608	0.8268099301395546	0.157272807043201	10760,405,1893,1595
0.8323210264109738	0.8261711204700978	0.8323210264109738	0.814590073186717	0.15894000994471902	10598,443,2014,1598
0.8378489046611616	0.835198957073761	0.8378489046611616	0.8173405655166986	0.16168943227353827	10811,326,2050,1466
0.843786255374326	0.8402936769540019	0.843786255374326	0.8260613240766431	0.15864751820761058	10806,352,1937,1558
0.8384631133556268	0.833479681499184	0.8384631133556268	0.8200186790138443	0.16195267483693587	10762,384,1983,1524
0.8344366341363544	0.8306065774017587	0.8344366341363544	0.8140586611441526	0.16095820293076724	10746,357,2069,1481
0.8392138128710844	0.8384312327151063	0.8392138128710844	0.8180073892156748	0.16265465500599607	10845,290,2066,1452
0.8424895925748993	0.8413511705408397	0.8424895925748993	0.8217734885147742	0.164702097165755	10908,286,2022,1437
0.8345048795468505	0.8303470534886322	0.8345048795468505	0.8147215737889076	0.16113369797303223	10720,370,2055,1508
0.8392820582815805	0.8354094451636535	0.8392820582815805	0.8210693357121964	0.16262540583228524	10733,370,1985,1565
0.8377124138401693	0.8373969581851756	0.8377124138401693	0.8171543917479144	0.16142618971014067	10752,300,2078,1523
0.8455606360472259	0.8436215691971641	0.8455606360472259	0.8266297876177593	0.16256690748486358	10891,306,1957,1499
0.8375076776086808	0.8317531898815606	0.8375076776086808	0.8189819688536341	0.1633858843487671	10767,397,1984,1505
0.8391455674605883	0.8384098939693739	0.8391455674605883	0.8175628607408937	0.16446810377606835	10866,285,2072,1430
0.8405104756705112	0.8385174805122002	0.8405104756705112	0.8192806716887312	0.16443885460235752	10909,297,2040,1407
0.8400327577970381	0.8353927480246002	0.8400327577970381	0.8216961194067711	0.1619819240106467	10785,374,1970,1524
