accuracy	precision	recall	f1	oob	confMatrxVars
0.8192861530062103	0.8369216975339383	0.8192861530062103	0.7786697939996995	0.18333382081956184	11074,85,2563,931
0.817716508564799	0.8369057047091691	0.817716508564799	0.7782125269640413	0.18061364766445343	10980,85,2586,1002
0.8151914283764417	0.8250923481126651	0.8151914283764417	0.7782004209253063	0.17654801251864638	10894,156,2552,1051
0.8283627926021975	0.8352545921836717	0.8283627926021975	0.7960894457546218	0.17713299599286325	11042,163,2352,1096
0.8207193066266294	0.8388680121255164	0.8207193066266294	0.7812886981286763	0.17821521542016439	11058,83,2544,968
0.8375076776086808	0.8378479802909563	0.8375076776086808	0.8127844831555092	0.17020094182339351	10987,245,2136,1285
0.8245410496144134	0.8367895573940899	0.8245410496144134	0.7882300271589019	0.17602152739185117	11071,118,2453,1011
0.8227666689415137	0.8271544421557578	0.8227666689415137	0.7895657806274384	0.17496855713826087	10974,192,2405,1082
0.8248822766668942	0.8368740358300197	0.8248822766668942	0.7913795492821128	0.1765772616923572	10957,133,2433,1130
0.825291749129871	0.8345837228269944	0.825291749129871	0.7909244593594127	0.17476381292228493	11034,144,2416,1059
0.8212652699105986	0.8289337734376219	0.8212652699105986	0.7859607768840865	0.1766650092134897	10992,161,2458,1042
0.8287722650651743	0.8332207981494221	0.8287722650651743	0.7978057231947934	0.17841995963614032	11021,188,2321,1123
0.8169658090493415	0.8334153542823285	0.8169658090493415	0.7768809796063649	0.1795314282371523	11006,99,2583,965
0.8117109124411384	0.8372319482668262	0.8117109124411384	0.76492668941823	0.1836555617303811	11070,49,2710,824
0.8282945471917014	0.838081205376934	0.8282945471917014	0.7962270300083762	0.176050776565562	10998,145,2371,1139
0.8295229645806319	0.8405465910500296	0.8295229645806319	0.7961897448397133	0.1764017666500921	11075,126,2372,1080
0.8233126322254828	0.8347570514613993	0.8233126322254828	0.7879181628209081	0.18289508321389925	11009,131,2458,1055
0.8261789394663209	0.8295181573005502	0.8261789394663209	0.7938196281506406	0.1781274678990319	11033,194,2353,1073
0.8251552583088787	0.8379516266125105	0.8251552583088787	0.7896615086909684	0.17865395302582698	11046,117,2445,1045
0.8264519211083055	0.8376541651715572	0.8264519211083055	0.7921644029655719	0.17818596624645355	11040,129,2414,1070
0.8312290998430355	0.8343867630591375	0.8312290998430355	0.8028436784363435	0.1714001579455381	10975,210,2263,1205
0.8226984235310175	0.8352990283580884	0.8226984235310175	0.7886719120965937	0.17739623855626074	10921,133,2465,1134
0.8295912099911281	0.8347366848014384	0.8295912099911281	0.7993971335874317	0.17353534762642953	10996,186,2311,1160
0.8168975636388452	0.8303137400186099	0.8168975636388452	0.7778806336924736	0.1795314282371523	10986,120,2563,984
0.8267249027502901	0.8385080493307332	0.8267249027502901	0.7936495437732444	0.1735060984527187	10985,131,2408,1129
