accuracy	precision	recall	f1	oob	confMatrxVars
0.8531358766122978	0.8479947788394732	0.8531358766122978	0.8411710082090922	0.14411067887332185	10678,449,1703,1823
0.8515662321708866	0.8453773460285791	0.8515662321708866	0.8397940579219894	0.14548539003773142	10683,482,1693,1795
0.8521804408653518	0.845600624489739	0.8521804408653518	0.840920204552954	0.1433794495305507	10686,501,1665,1801
0.8529311403808094	0.8473849034558025	0.8529311403808094	0.8419907417362259	0.14335020035683987	10609,486,1669,1889
0.8547055210537091	0.8498600240358534	0.8547055210537091	0.8433428392236131	0.14352569539910498	10650,451,1678,1874
0.8535453490752747	0.8477316077528297	0.8535453490752747	0.842576230274767	0.14346719705168332	10647,487,1659,1860
0.8582542823995086	0.8534116197753546	0.8582542823995086	0.8473105003283167	0.14413992804703268	10711,443,1634,1865
0.8476079983621101	0.8414381947537597	0.8476079983621101	0.8362636218633015	0.14504665243206882	10540,516,1717,1880
0.8562069200846243	0.8508370588597298	0.8562069200846243	0.846155991416334	0.1457193834274182	10608,491,1616,1938
0.856548147137105	0.8519599541060308	0.856548147137105	0.8452140566561429	0.1465091111176109	10683,437,1665,1868
0.8579813007575241	0.852316873715208	0.8579813007575241	0.8476675317056466	0.1440521805259002	10704,479,1602,1868
0.8547055210537091	0.848251179008596	0.8547055210537091	0.8442412519770361	0.1423264792769604	10685,509,1620,1839
0.8587320002729817	0.8531566017574191	0.8587320002729817	0.8487736787630028	0.1459826259908158	10687,484,1586,1896
0.8590732273254623	0.8537761697663411	0.8590732273254623	0.8487111677097352	0.1456316359062857	10712,464,1601,1876
0.8589367365044701	0.8534807549374214	0.8589367365044701	0.8491259698665555	0.1459826259908158	10670,485,1582,1916
0.8585955094519894	0.8530773821133849	0.8585955094519894	0.8481626363365354	0.1464213635964784	10721,469,1603,1860
0.8538865761277554	0.848555477071004	0.8538865761277554	0.8430329180956078	0.14247272514551468	10613,479,1662,1899
0.8579130553470279	0.8531877036731569	0.8579130553470279	0.8475176627749805	0.14446166895785195	10641,458,1624,1930
0.8552514843376783	0.8498677282302494	0.8552514843376783	0.844450563802169	0.1458948784696832	10650,474,1647,1882
0.8568211287790896	0.8513727488701913	0.8568211287790896	0.8457187337542637	0.14595337681710496	10725,458,1640,1830
0.8555244659796629	0.8494800194658009	0.8555244659796629	0.844836200460473	0.14264822018777967	10695,489,1628,1841
0.8577083191155395	0.8535188330820619	0.8577083191155395	0.8467041080735225	0.14484190821609289	10659,432,1653,1909
0.8581177915785163	0.8539301042265834	0.8581177915785163	0.8474591195060188	0.14323320366199654	10636,439,1640,1938
0.8540230669487477	0.848609280834094	0.8540230669487477	0.8422793799812187	0.1455438883851531	10700,455,1684,1814
0.8613935712823313	0.8569369974751545	0.8613935712823313	0.8509051204098138	0.14662610781245433	10731,431,1600,1891
