accuracy	precision	recall	f1	oob	confMatrxVars
0.8586637548624855	0.8530726968371218	0.8586637548624855	0.8495570917166687	0.13738336891982805	10610,513,1558,1972
0.8630314611342387	0.8571304867070729	0.8630314611342387	0.8555869433582157	0.13913831934247856	10629,560,1447,2017
0.8607111171773698	0.8554420581143952	0.8607111171773698	0.8523652318297886	0.13717862470385211	10567,521,1520,2045
0.8635091790077117	0.8580053659852707	0.8635091790077117	0.8557439681076613	0.13808534908888825	10620,533,1467,2033
0.8594144543779431	0.8531978380834571	0.8594144543779431	0.8513856865096247	0.13732487057240628	10607,565,1495,1986
0.8625537432607657	0.8567956300355404	0.8625537432607657	0.8540183629178328	0.13849483752084002	10687,515,1499,1952
0.862212516208285	0.8571635749601553	0.862212516208285	0.853977029016473	0.13752961478838222	10577,511,1508,2057
0.8625537432607657	0.8569972677337171	0.8625537432607657	0.8544626488712289	0.13773435900435815	10627,527,1487,2012
0.8643281239336654	0.8586739813149482	0.8643281239336654	0.857123214267222	0.1395185586007195	10616,556,1432,2049
0.8590049819149662	0.853539421713731	0.8590049819149662	0.8500648003455479	0.13750036561467138	10593,514,1552,1994
0.8596874360199277	0.8539480056637923	0.8596874360199277	0.8511978968689075	0.13840708999970752	10599,533,1523,1998
0.8583225278100047	0.8520371948687764	0.8583225278100047	0.8504266884601335	0.1361256544502618	10575,579,1497,2002
0.8594826997884393	0.8532611071193734	0.8594826997884393	0.8513645170951278	0.13659364122963524	10616,561,1498,1978
0.8604381355353853	0.8545123164596334	0.8604381355353853	0.8523263247528606	0.1358624118868642	10609,548,1497,1999
0.8581177915785163	0.8520984029733332	0.8581177915785163	0.8491219398617839	0.13712012635643045	10625,530,1549,1949
0.8637139152392002	0.85808205070373	0.8637139152392002	0.8560908690582214	0.13823159495744242	10629,541,1456,2027
0.8630997065447349	0.8575876330237533	0.8630997065447349	0.8552444890352583	0.13887507677908095	10617,532,1474,2030
0.8594144543779431	0.8533360251693705	0.8594144543779431	0.8512786868008881	0.13770510983064732	10599,557,1503,1994
0.863167951955231	0.8577436284177553	0.863167951955231	0.8549173200801763	0.13884582760537012	10645,514,1491,2003
0.8652835596806114	0.8600477331879439	0.8652835596806114	0.8573483856294299	0.13858258504197252	10657,509,1465,2022
0.8615300621033235	0.8563296744602545	0.8615300621033235	0.8531691187988975	0.1379683523940448	10585,514,1515,2039
0.8623490070292773	0.8570816877821175	0.8623490070292773	0.8538558924845524	0.13738336891982805	10628,506,1511,2008
0.8658295229645806	0.8606351920349478	0.8658295229645806	0.8580038711297968	0.13975255199040626	10658,509,1457,2029
0.8646693509861462	0.8594777980749664	0.8646693509861462	0.8565903188333904	0.1387288309105268	10648,506,1477,2022
0.8590732273254623	0.8533230276901548	0.8590732273254623	0.8507430393249209	0.13580391353944254	10569,543,1522,2019
