accuracy	precision	recall	f1	oob	confMatrxVars
0.7623694806524262	0.58120722503025	0.7623694806524262	0.6595747729529315	0.2399894702974641	11171,0,3482,0
0.7580700197911691	0.5746701549061835	0.7580700197911691	0.6537511571631773	0.23814677235368098	11108,0,3545,0
0.7591619463591074	0.5763268607997483	0.7591619463591074	0.655228885541274	0.23861475913305452	11124,0,3529,0
0.7681703405445984	0.5900856720924043	0.7681703405445984	0.6674534218356556	0.24247565006288574	11256,0,3397,0
0.7557496758343002	0.5711575725236498	0.7557496758343002	0.6506139005860799	0.23715230044751234	11074,0,3579,0
0.758957210127619	0.5760160468046988	0.758957210127619	0.6549517446907155	0.2385270116119219	11121,0,3532,0
0.7622329898314338	0.5809991307873668	0.7622329898314338	0.6593896881285171	0.23993097195004243	11169,0,3484,0
0.756159148297277	0.5717766575536634	0.756159148297277	0.6511672454151346	0.23732779548977745	11080,0,3573,0
0.758957210127619	0.5760160468046988	0.758957210127619	0.6549517446907155	0.2385270116119219	11121,0,3532,0
0.7568416024022384	0.572809211126788	0.7568416024022384	0.6520897619268015	0.23762028722688588	11090,0,3563,0
0.7534975772879274	0.5677585989787761	0.7534975772879274	0.6475727213229553	0.23618707771505454	11041,0,3612,0
0.758001774380673	0.5745666899642486	0.758001774380673	0.6536588282644513	0.23811752317997015	11107,0,3546,0
0.7603903637480379	0.5781935052808735	0.7603903637480379	0.6568923770405612	0.23914124425984962	11142,0,3511,0
0.757592301917696	0.5739460959249535	0.757592301917696	0.6531049268920045	0.23794202813770515	11101,0,3552,0
0.7620964990104415	0.5807910738039719	0.7620964990104415	0.6592046169209604	0.23987247360262076	11167,0,3486,0
0.7631201801678837	0.5823524093794633	0.7631201801678837	0.6605929827472247	0.24031121120828336	11182,0,3471,0
0.7603903637480379	0.5781935052808735	0.7603903637480379	0.6568923770405612	0.23914124425984962	11142,0,3511,0
0.7626424622944107	0.5816235252944816	0.7626424622944107	0.6599449834396808	0.24010646699230742	11175,0,3478,0
0.7622329898314338	0.5809991307873668	0.7622329898314338	0.6593896881285171	0.2399017227763316	11169,0,3484,0
0.7626424622944107	0.5816235252944816	0.7626424622944107	0.6599449834396808	0.24010646699230742	11175,0,3478,0
0.7651675424827681	0.5854813680691187	0.7651675424827681	0.6633720074476548	0.24118868641960867	11212,0,3441,0
0.7633931618098683	0.5827691194980678	0.7633931618098683	0.6609633428542271	0.2404282079031267	11186,0,3467,0
0.7610045724425032	0.5791279592783971	0.7610045724425032	0.6577245378473379	0.23940448682324722	11151,0,3502,0
0.7616187811369686	0.5800631677805616	0.7616187811369686	0.6585569749729647	0.23966772938664482	11160,0,3493,0
0.7560226574762847	0.5715702586175037	0.7560226574762847	0.650982783375872	0.23726929714235578	11078,0,3575,0
