accuracy	precision	recall	f1	oob	confMatrxVars
0.7871425646625264	0.8283651080225181	0.7871425646625264	0.7165858435282698	0.20957032963818767	11120,10,3109,414
0.7854364294001228	0.8287373548380167	0.7854364294001228	0.7133147986705235	0.20813712012635643	11114,7,3137,395
0.7826383675697809	0.8284987774178851	0.7826383675697809	0.7104703868888232	0.20573868788206728	11050,5,3180,418
0.7986760390363749	0.8204837464999034	0.7986760390363749	0.7415049397326599	0.19924537131826026	11101,62,2888,602
0.7893264177984031	0.8293535642751563	0.7893264177984031	0.7216001933495895	0.20641141887741676	11105,12,3075,461
0.7844127482426807	0.8309912285616333	0.7844127482426807	0.7115703037100822	0.20965807715932028	11102,2,3157,392
0.7960144680270251	0.8331113091273954	0.7960144680270251	0.7312066247038292	0.20535844862382635	11189,13,2976,475
0.7979935849314134	0.8332510768305309	0.7979935849314134	0.7366914112890935	0.19886513206001932	11150,18,2942,543
0.7979935849314134	0.8275229803474641	0.7979935849314134	0.7393412682322901	0.20325250811664575	11098,37,2923,595
0.7942400873541254	0.8359791509074809	0.7942400873541254	0.7302430723252469	0.204510222586212	11118,5,3010,520
0.7921927250392411	0.8357398547091833	0.7921927250392411	0.7245160147929186	0.20857585773201903	11159,2,3043,449
0.8012011192247321	0.8310173802447419	0.8012011192247321	0.7417461948713354	0.20149755769399513	11190,30,2883,550
0.7903500989558452	0.8336010165557297	0.7903500989558452	0.7216625605120702	0.20676240896194686	11143,4,3068,438
0.777929434245547	0.8271753608844806	0.777929434245547	0.7013684330083247	0.20816636930006727	11039,2,3252,360
0.7943765781751178	0.8364057026052835	0.7943765781751178	0.7298787114589526	0.20351575068004324	11133,4,3009,507
0.7954002593325599	0.8362782991563684	0.7954002593325599	0.7297073458347583	0.2073181432624528	11188,5,2993,467
0.7945813144066062	0.8361585011164584	0.7945813144066062	0.7328799003750875	0.20249202960016377	11066,6,3004,577
0.7914420255237835	0.8344123934796803	0.7914420255237835	0.7241732809903787	0.20579718622948906	11134,4,3052,463
0.7956049955640483	0.832790445638235	0.7956049955640483	0.7329165163256197	0.20070783000380243	11127,15,2980,531
0.7912372892922951	0.8335157455123574	0.7912372892922951	0.7248394917675774	0.2029600163795373	11110,6,3053,484
0.8005869105302669	0.8393827379282364	0.8005869105302669	0.7412293924783039	0.20263827546871804	11146,7,2915,585
0.7894629086193954	0.8347066141779023	0.7894629086193954	0.7210478392081971	0.20576793705577823	11113,1,3084,455
0.794035351122637	0.8370643379242523	0.794035351122637	0.7291387123031593	0.20369124572230835	11133,2,3016,502
0.7971746400054597	0.8389113188762926	0.7971746400054597	0.7335496903841614	0.20468571762847698	11174,2,2970,507
0.7906913260083259	0.8333837138885632	0.7906913260083259	0.7226281564083425	0.20673315978823603	11137,5,3062,449
