accuracy	precision	recall	f1	oob	confMatrxVars
0.8635091790077117	0.8579871701622186	0.8635091790077117	0.856858611044261	0.1365643920559244	10532,583,1417,2121
0.8592779635569507	0.8527855369925581	0.8592779635569507	0.8525131314050988	0.13662289040334608	10571,633,1429,2020
0.8641916331126732	0.8582773860492	0.8641916331126732	0.8574473676981489	0.13750036561467138	10618,586,1404,2045
0.8652153142701153	0.8596106672849577	0.8652153142701153	0.8581158648428827	0.13744186726724972	10627,554,1421,2051
0.863167951955231	0.8576312873382352	0.863167951955231	0.8566683022294099	0.1364766445347919	10514,593,1412,2134
0.8615300621033235	0.8553209751754401	0.8615300621033235	0.8535202251436804	0.13589166106057504	10665,553,1476,1959
0.8609158534088582	0.8548258633085902	0.8609158534088582	0.8540628728316756	0.13635964783994847	10557,606,1432,2058
0.8615300621033235	0.8562648656564866	0.8615300621033235	0.8536502943609109	0.13638889701365942	10546,534,1495,2078
0.8647375963966423	0.8591353796859706	0.8647375963966423	0.8580276903587846	0.1383778408259967	10584,575,1407,2087
0.8623490070292773	0.8568568893599683	0.8623490070292773	0.8553558992277968	0.13750036561467138	10520,573,1444,2116
0.8671944311745036	0.8617610353818066	0.8671944311745036	0.8605884138172305	0.13875808008423762	10623,560,1386,2084
0.8652835596806114	0.8594722404201383	0.8652835596806114	0.8591897978482173	0.13770510983064732	10601,610,1364,2078
0.8609158534088582	0.854627456701802	0.8609158534088582	0.8540823774019782	0.13606715610284015	10587,613,1425,2028
0.8641916331126732	0.8584189679224418	0.8641916331126732	0.8573283322061626	0.1348971891544064	10604,576,1414,2059
0.8646011055756501	0.8590184112072712	0.8646011055756501	0.8579066622095104	0.1365643920559244	10576,576,1408,2093
0.862690234081758	0.8568809794111052	0.862690234081758	0.8552105248095331	0.1358624118868642	10610,558,1454,2031
0.8637139152392002	0.8582738117988579	0.8637139152392002	0.8563536493554083	0.13668138875076774	10583,547,1450,2073
0.8628267249027503	0.8568835830913335	0.8628267249027503	0.8559966677695636	0.13703237883529795	10588,591,1419,2055
0.866034259196069	0.861100211994876	0.866034259196069	0.859310796103281	0.13805609991517742	10526,547,1416,2164
0.8609840988193544	0.8551295819210241	0.8609840988193544	0.8538039474751241	0.13729562139869544	10545,583,1454,2071
0.8673309219954958	0.8619338311098184	0.8673309219954958	0.8607854465042917	0.13919681768990022	10617,561,1383,2092
0.8596191906094315	0.8541284089218089	0.8596191906094315	0.8519069691850615	0.1361256544502618	10502,558,1499,2094
0.8620760253872927	0.856554579096945	0.8620760253872927	0.854691679313076	0.1358624118868642	10548,558,1463,2084
0.8621442707977889	0.8563267183151202	0.8621442707977889	0.856124610751656	0.13589166106057504	10509,634,1386,2124
0.8652153142701153	0.8598840414886343	0.8652153142701153	0.858439352910061	0.13869958173681596	10563,561,1414,2115
