accuracy	precision	recall	f1	oob	confMatrxVars
0.8491776428035215	0.8424760729885239	0.8491776428035215	0.8377131444229179	0.14960952353096024	10628,514,1696,1815
0.852726404149321	0.8478765377951799	0.852726404149321	0.8408012873453811	0.14656760946503267	10646,447,1711,1849
0.8525899133283287	0.8480184496797826	0.8525899133283287	0.840476600815999	0.14726958963409287	10643,438,1722,1850
0.8527946495598171	0.8467952278380388	0.8527946495598171	0.8410320155793867	0.14814706484541806	10704,472,1685,1792
0.8563434109056166	0.8517320608841249	0.8563434109056166	0.8447583723472946	0.14735733715522537	10702,432,1673,1846
0.8522486862758479	0.8464998442637436	0.8522486862758479	0.83964076582719	0.14794232062944224	10742,448,1717,1746
0.8523851770968403	0.847580755286764	0.8523851770968403	0.8395297999323111	0.14724034046038204	10715,425,1738,1775
0.8548420118747014	0.8484385729985457	0.8548420118747014	0.8435206544756297	0.15007751031033378	10752,481,1646,1774
0.8493141336245138	0.8440818822932351	0.8493141336245138	0.8368363989326144	0.1460703735119483	10622,458,1750,1823
0.8535453490752747	0.8478441759682841	0.8535453490752747	0.8419876373097724	0.14952177600982774	10689,468,1678,1818
0.8512932505289019	0.8456653609917193	0.8512932505289019	0.8392236396013067	0.1479130714557314	10665,465,1714,1809
0.8482904524670716	0.842482543298421	0.8482904524670716	0.8358616690537084	0.1454561408640206	10623,475,1748,1807
0.856070429263632	0.851104122738985	0.856070429263632	0.8440206015310774	0.14925853344643014	10757,428,1681,1787
0.8536135944857708	0.8487601369026936	0.8536135944857708	0.841832162270773	0.14574863260112902	10658,446,1699,1850
0.8532723674332902	0.8473503140600784	0.8532723674332902	0.8411418783025851	0.1487905466670566	10742,458,1692,1761
0.8531358766122978	0.8468983819884551	0.8531358766122978	0.8419098349344921	0.1484395565825265	10686,490,1662,1815
0.8517027229918788	0.8468036387386234	0.8517027229918788	0.8399526453644963	0.1457193834274182	10605,458,1715,1875
0.8514979867603903	0.8474162327612661	0.8514979867603903	0.8381317621575818	0.14636286524905673	10698,406,1770,1779
0.8534088582542824	0.8480301375696319	0.8534088582542824	0.8416395603289071	0.14560238673257475	10683,457,1691,1822
0.8547055210537091	0.8498173473748001	0.8547055210537091	0.8428174432399717	0.146860101202141	10700,438,1691,1824
0.8531358766122978	0.8477471935496378	0.8531358766122978	0.8411911587440367	0.1465968586387435	10691,454,1698,1810
0.8502695693714598	0.8445713021289182	0.8502695693714598	0.8371958677351413	0.14846880575623733	10722,446,1748,1737
0.8471985258991332	0.8416272372409709	0.8471985258991332	0.8342367900487263	0.14779607476088796	10623,463,1776,1791
0.8517027229918788	0.846071516725718	0.8517027229918788	0.8404006994517126	0.145017403258358	10612,484,1689,1868
0.8551832389271822	0.8494470556443618	0.8551832389271822	0.844027286593365	0.1475620813712013	10703,471,1651,1828
