accuracy	precision	recall	f1	oob	confMatrxVars
0.823858595509452	0.8264364953214975	0.823858595509452	0.7931236002723289	0.17371084266869463	10913,221,2360,1159
0.8222889510680407	0.8335859889480299	0.8222889510680407	0.7861551963664786	0.17335985258416453	11017,131,2473,1032
0.8324575172319661	0.8371669045833913	0.8324575172319661	0.8013990068105202	0.17724999268770658	11114,173,2282,1084
0.8295912099911281	0.8326625156977413	0.8295912099911281	0.8006665052726133	0.1752610488753693	10962,212,2285,1194
0.8287722650651743	0.8370160871598189	0.8287722650651743	0.7968820741153556	0.17716224516657408	11019,155,2354,1125
0.8181259810277759	0.8289329506859848	0.8181259810277759	0.781018340296843	0.17774722864079084	10961,141,2524,1027
0.8229714051730022	0.8367687661138279	0.8229714051730022	0.7874043636371957	0.1783907104624295	10986,117,2477,1073
0.8269296389817785	0.8389549607777086	0.8269296389817785	0.7909218964573063	0.17672350756091137	11119,114,2422,998
0.8248822766668942	0.8373218982254753	0.8248822766668942	0.7907855688006844	0.1746468162274416	10980,127,2439,1107
0.8226301781205214	0.8413105619274888	0.8226301781205214	0.7839481702920269	0.17956067741086312	11070,78,2521,984
0.8288405104756705	0.8296862538763053	0.8288405104756705	0.8010312611276251	0.17198514141975485	10921,243,2265,1224
0.8278850747287245	0.8392352260882529	0.8278850747287245	0.7954939264663964	0.1754365439176343	10986,134,2388,1145
0.82106053367911	0.8332817769453572	0.82106053367911	0.786033884103309	0.17646026499751377	10930,135,2487,1101
0.8275438476762438	0.8383068861088405	0.8275438476762438	0.7927905605725188	0.18078914270671853	11092,126,2401,1034
0.8207875520371255	0.8342485312956563	0.8207875520371255	0.783916010102651	0.17768873029336918	10992,119,2507,1035
0.8285675288336859	0.8304167846411609	0.8285675288336859	0.80150845195591	0.17265787241510422	10860,243,2269,1281
0.8293182283491435	0.8353274760394914	0.8293182283491435	0.7986310344888289	0.17672350756091137	11002,177,2324,1150
0.8340271616733774	0.832387672492047	0.8340271616733774	0.8093605488498866	0.1744713211851765	10932,278,2154,1289
0.8256329761823518	0.8228901442249636	0.8256329761823518	0.7969289716654941	0.17523179970165847	10940,276,2279,1158
0.8344366341363544	0.8329361010334934	0.8344366341363544	0.8106958410318305	0.16876773231156217	10889,286,2140,1338
0.8259059578243363	0.8337700872793335	0.8259059578243363	0.7932636006177023	0.17760098277223668	10987,162,2389,1115
0.8292499829386474	0.8310004103470698	0.8292499829386474	0.8011269110815978	0.17520255052794753	10933,231,2271,1218
0.8178529993857913	0.8307915508951418	0.8178529993857913	0.7790600038344573	0.18114013279124863	11004,121,2548,980
0.8248822766668942	0.8291885530161726	0.8248822766668942	0.7938408612365588	0.17765948111965835	10930,202,2364,1157
0.8260424486453286	0.8311192521811309	0.8260424486453286	0.7959795647990839	0.17154640381409225	10902,200,2349,1202
