accuracy	precision	recall	f1	oob	confMatrxVars
0.7581382652016652	0.5747736291629904	0.7581382652016652	0.6538434894903578	0.2381760215273918	11109,0,3544,0
0.7633249163993722	0.5826649279961085	0.7633249163993722	0.6608707477302406	0.24039895872941586	11185,0,3468,0
0.7584112468436498	0.5751876193389395	0.7584112468436498	0.6542128530756408	0.23829301822223525	11113,0,3540,0
0.7565686207602539	0.5723960779190729	0.7565686207602539	0.6517207140718889	0.23750329053204244	11086,0,3567,0
0.7627107077049069	0.5817276236477199	0.7627107077049069	0.6600375445669626	0.24013571616601836	11176,0,3477,0
0.7605950999795263	0.5785049061128658	0.7605950999795263	0.6571697332562075	0.23922899178098223	11145,0,3508,0
0.7573875656862076	0.5736359246560794	0.7573875656862076	0.6528280225222735	0.23785428061657254	11098,0,3555,0
0.760868081621511	0.5789202376303983	0.760868081621511	0.6575395893340226	0.23934598847582556	11149,0,3504,0
0.7616187811369686	0.5800631677805616	0.7616187811369686	0.6585569749729647	0.23966772938664482	11160,0,3493,0
0.764212106735822	0.5840201440816034	0.764212106735822	0.6620747492342837	0.24074994881394596	11198,0,3455,0
0.7594349280010919	0.5767414098680237	0.7594349280010919	0.6555984545825337	0.23873175582789785	11128,0,3525,0
0.7601856275165495	0.5778821882827302	0.7601856275165495	0.6566150515591537	0.23905349673871712	11139,0,3514,0
0.7588889647171227	0.5759124607694264	0.7588889647171227	0.6548593712532034	0.23849776243821108	11120,0,3533,0
0.7605950999795263	0.5785049061128658	0.7605950999795263	0.6571697332562075	0.23922899178098223	11145,0,3508,0
0.7650992970722719	0.5853769343804845	0.7650992970722719	0.6632793241167058	0.24115943724589783	11211,0,3442,0
0.7594349280010919	0.5767414098680237	0.7594349280010919	0.6555984545825337	0.23873175582789785	11128,0,3525,0
0.7573193202757115	0.5735325528628656	0.7573193202757115	0.6527357279300636	0.23779578226915088	11097,0,3556,0
0.7592301917696035	0.5764304840945089	0.7592301917696035	0.6553212726694732	0.23864400830676535	11125,0,3528,0
0.762778953115403	0.5818317313158302	0.762778953115403	0.6601301090956918	0.2401649653397292	11177,0,3476,0
0.7604586091585341	0.5782972962433321	0.7604586091585341	0.6569848256980575	0.23917049343356045	11143,0,3510,0
0.7562273937077731	0.5718798709940514	0.7562273937077731	0.6512594815944536	0.23735704466348828	11081,0,3572,0
0.759912645874565	0.577467229360082	0.759912645874565	0.6562453320779651	0.2389365000438738	11135,0,3518,0
0.7610728178529994	0.5792318340747048	0.7610728178529994	0.6578170172212089	0.23943373599695805	11152,0,3501,0
0.7631201801678837	0.5823524093794633	0.7631201801678837	0.6605929827472247	0.24031121120828336	11182,0,3471,0
0.763734388862349	0.5832902167309457	0.763734388862349	0.6614263694287686	0.24057445377168096	11191,0,3462,0
