accuracy	precision	recall	f1	oob	confMatrxVars
0.814372483450488	0.832125687662687	0.814372483450488	0.7721865746183928	0.1813741261809354	11015,91,2629,918
0.8183989626697604	0.8367374125828302	0.8183989626697604	0.7797914087587202	0.17912193980520053	10966,91,2570,1026
0.8220842148365523	0.8347286005962385	0.8220842148365523	0.787191762258724	0.17374009184240546	10945,130,2477,1101
0.8241315771514366	0.83399351089273	0.8241315771514366	0.7912717377184643	0.1714879054666706	10931,153,2424,1145
0.8215382515525831	0.8289015511834025	0.8215382515525831	0.7884819291255316	0.1736815934949838	10904,177,2438,1134
0.8317750631270047	0.829951431804123	0.8317750631270047	0.8072689407857273	0.17116616455585132	10870,291,2174,1318
0.8164880911758684	0.8354273291971271	0.8164880911758684	0.7762976339733729	0.1820761063499956	10980,87,2602,984
0.8242680679724289	0.833178647947553	0.8242680679724289	0.7909479220300918	0.17362309514756213	10966,156,2419,1112
0.830478400327578	0.83017899345088	0.830478400327578	0.8039088362411502	0.17684050425575482	10918,259,2225,1251
0.8166245819968607	0.8270807626157709	0.8166245819968607	0.777418463928452	0.17853695633098365	11011,136,2551,955
0.821470006142087	0.8383393286991802	0.821470006142087	0.7836920983005577	0.17912193980520053	11018,94,2522,1019
0.8223571964785368	0.8380584665785159	0.8223571964785368	0.7852969472647114	0.1764017666500921	11019,101,2502,1031
0.8227666689415137	0.8301298702762941	0.8227666689415137	0.7903030284299515	0.17116616455585132	10907,177,2420,1149
0.8207193066266294	0.8341491272536309	0.8207193066266294	0.7820571387834716	0.18017491005879083	11064,111,2516,962
0.8246775404354058	0.8377941673217407	0.8246775404354058	0.7899065450606049	0.17739623855626074	10999,120,2449,1085
0.8304101549170818	0.833772686382525	0.8304101549170818	0.8015139787626765	0.1739448360583814	10977,207,2278,1191
0.8351190882413158	0.8360407751000248	0.8351190882413158	0.8095099108999277	0.17344760010529703	10964,240,2176,1273
0.8263154302873131	0.825778598155756	0.8263154302873131	0.7965866087922848	0.18014566088508	10970,245,2300,1138
0.8246092950249095	0.8372091345027189	0.8246092950249095	0.7905475103129129	0.17391558688467046	10970,127,2443,1113
0.8207193066266294	0.8315068736099939	0.8207193066266294	0.7855278886991973	0.1755242914387668	10943,144,2483,1083
0.820105097932164	0.8323072160077529	0.820105097932164	0.7827896521715109	0.17783497616192345	11005,126,2510,1012
0.8246092950249095	0.8299227865081474	0.8246092950249095	0.7926984522998394	0.1726286232413934	10951,189,2381,1132
0.8236538592779635	0.8362336779008978	0.8236538592779635	0.7868018300509365	0.18283658486647747	11069,116,2468,1000
0.8253599945403671	0.8308424574216124	0.8253599945403671	0.7940849345021909	0.17540729474392347	10938,190,2369,1156
0.821470006142087	0.8386751829108069	0.821470006142087	0.7841643228535355	0.18020415923250166	10995,94,2522,1042
