accuracy	precision	recall	f1	oob	confMatrxVars
0.8621442707977889	0.8563453748331982	0.8621442707977889	0.8550426974976111	0.13539442510749067	10565,578,1442,2068
0.8635774244182078	0.8586039604862863	0.8635774244182078	0.8558376455862953	0.13685688379303285	10559,520,1479,2095
0.8656930321435884	0.8599860319680241	0.8656930321435884	0.8588308935790073	0.13723712305127378	10638,565,1403,2047
0.8616665529243158	0.8558085053913289	0.8616665529243158	0.8548656082278795	0.13536517593377984	10540,597,1430,2086
0.8620077799767966	0.8561436182869003	0.8620077799767966	0.8545599891542518	0.13732487057240628	10595,565,1457,2036
0.8594826997884393	0.8532892164648654	0.8594826997884393	0.8515961515228486	0.13539442510749067	10596,570,1489,1998
0.8620760253872927	0.8564424060341874	0.8620760253872927	0.8554827202895801	0.13755886396209305	10504,598,1423,2128
0.8611888350508429	0.8554145942098635	0.8611888350508429	0.8540200406235426	0.1360379069291292	10539,580,1454,2080
0.8668532041220228	0.8616175129765955	0.8668532041220228	0.8593772610953954	0.13831934247857502	10660,518,1433,2042
0.8607793625878659	0.8551685541207867	0.8607793625878659	0.8532510304251743	0.13554067097604494	10534,562,1478,2079
0.8615300621033235	0.8559271541672234	0.8615300621033235	0.8539481569070463	0.1365643920559244	10559,555,1474,2065
0.862690234081758	0.8579729808937248	0.862690234081758	0.8553830529566508	0.13741261809353889	10459,536,1476,2182
0.8607793625878659	0.8554465010809905	0.8607793625878659	0.852588116461173	0.13755886396209305	10561,528,1512,2052
0.8645328601651538	0.8591362818595588	0.8645328601651538	0.8575166159723085	0.13638889701365942	10572,556,1429,2096
0.8697195113628609	0.8646413966446839	0.8697195113628609	0.8627954281335837	0.1404837813331773	10674,520,1389,2070
0.867399167405992	0.862320415103727	0.867399167405992	0.860431564148932	0.13843633917341835	10609,532,1411,2101
0.8623490070292773	0.8566604586696349	0.8623490070292773	0.8557158518270009	0.1364766445347919	10523,596,1421,2113
0.8598239268409199	0.8543213206424298	0.8598239268409199	0.8513752971079777	0.13635964783994847	10575,528,1526,2024
0.8616665529243158	0.8560647095645251	0.8616665529243158	0.8535916312256617	0.1362134019713943	10605,534,1493,2021
0.8599604176619122	0.853761563629484	0.8599604176619122	0.8534864101598653	0.1348094416332739	10531,635,1417,2070
0.8616665529243158	0.8557316196588224	0.8616665529243158	0.8554162328994589	0.13571616601830994	10525,628,1399,2101
0.8607793625878659	0.8550609252522776	0.8607793625878659	0.853345030280781	0.1352481792389365	10540,569,1471,2073
0.864123387702177	0.8583957625076815	0.864123387702177	0.8575447367010048	0.1376173623095147	10577,589,1402,2085
0.8630314611342387	0.8578126147613836	0.8630314611342387	0.8555251195935368	0.13893357512650273	10549,539,1468,2097
0.8642598785231693	0.8584472204982775	0.8642598785231693	0.8571022720854022	0.13694463131416534	10632,563,1426,2032
