accuracy	precision	recall	f1	oob	confMatrxVars
0.8600286630724083	0.8545988434050555	0.8600286630724083	0.8514980568240105	0.13712012635643045	10581,522,1529,2021
0.8640551422916809	0.8587484864254574	0.8640551422916809	0.8566629435495158	0.13779285735177982	10579,540,1452,2082
0.8605746263563775	0.8552824700845314	0.8605746263563775	0.8531241434739082	0.13676913627190035	10482,558,1485,2128
0.8604381355353853	0.8545503993749551	0.8604381355353853	0.8524973298375258	0.1360379069291292	10591,554,1491,2017
0.8637821606496963	0.8590027743754471	0.8637821606496963	0.8553961460922241	0.13831934247857502	10611,490,1506,2046
0.8618030437453081	0.8561849860725655	0.8618030437453081	0.8538635439796416	0.13817309661002075	10599,539,1486,2029
0.8630997065447349	0.857409495032257	0.8630997065447349	0.8560176126457301	0.13776360817806899	10576,570,1436,2071
0.8632361973657272	0.8575930718325829	0.8632361973657272	0.8557044051070347	0.13826084413115325	10609,548,1456,2040
0.8626219886712618	0.8564412523711633	0.8626219886712618	0.855239347277688	0.13788060487291232	10650,573,1440,1990
0.8609840988193544	0.8557088128678597	0.8609840988193544	0.852432798862292	0.13685688379303285	10595,512,1525,2021
0.864123387702177	0.858426172336659	0.864123387702177	0.856863908918768	0.14007429290122553	10620,556,1435,2042
0.8598239268409199	0.8535683425950055	0.8598239268409199	0.8525470049959039	0.1369153821404545	10574,597,1457,2025
0.8611888350508429	0.8552515482548476	0.8611888350508429	0.8532765280018193	0.13627190031881597	10616,552,1482,2003
0.8596874360199277	0.8545216809553239	0.8596874360199277	0.8512198292155342	0.13703237883529795	10539,520,1536,2058
0.8614618166928274	0.8555871514357422	0.8614618166928274	0.8538635889207	0.136827634619322	10592,562,1468,2031
0.8608476079983621	0.8550495193224632	0.8608476079983621	0.8532348899499227	0.13741261809353889	10566,563,1476,2048
0.8615300621033235	0.8555487673816669	0.8615300621033235	0.8538283068212976	0.13785135569920148	10615,560,1469,2009
0.8644646147546577	0.8594539042186905	0.8644646147546577	0.8566551080858696	0.13910907016876772	10596,513,1473,2071
0.8597556814304238	0.8540711516009369	0.8597556814304238	0.8514421430824789	0.13735411974611722	10580,538,1517,2018
0.8588684910939739	0.8532277632487728	0.8588684910939739	0.8508793555588946	0.13720787387756295	10522,555,1513,2063
0.8628949703132465	0.857234614272915	0.8628949703132465	0.8552568280180236	0.13752961478838222	10610,546,1463,2034
0.8611888350508429	0.8560521702668237	0.8611888350508429	0.8525384911130419	0.13744186726724972	10597,504,1530,2022
0.8607793625878659	0.8551003253797668	0.8607793625878659	0.8527994865998366	0.13597940858170754	10580,545,1495,2033
0.8588684910939739	0.8533812391343009	0.8588684910939739	0.8502797603219603	0.13709087718271962	10559,528,1540,2026
0.8648058418071385	0.8592933498535501	0.8648058418071385	0.8575051017318479	0.1391675685161894	10619,545,1436,2053
