accuracy	precision	recall	f1	confMatrxVars
0.7681020951341022	0.7751031727435844	0.7681020951341022	0.6872156223520843	10981,693329,274
0.8103460042312155	0.8014412916250714	0.8103460042312155	0.7792206189515976	10772,3612418,1102
0.7663959598716986	0.7223604003872469	0.7663959598716986	0.712279466300542	10721,4592964,509
0.775540844878182	0.7968071641478122	0.775540844878182	0.7833213707429283	9026,20851204,2338
0.8044086535180509	0.7866728008892554	0.8044086535180509	0.78413367653426	10482,6962170,1305
0.7766327714461202	0.7582382562689676	0.7766327714461202	0.7135663194961233	10916,2123061,464
0.7747218999522282	0.7561255243497794	0.7747218999522282	0.7071843828621045	10953,1833118,399
0.802566027434655	0.8320553735996685	0.802566027434655	0.7470369982271905	11115,352858,645
0.7827748583907732	0.7737331581311478	0.7827748583907732	0.7159008164143553	11074,1403043,396
0.7648945608407834	0.624598744872456	0.7648945608407834	0.6633662813611344	11207,53440,1
0.7984713028048863	0.8265895863819008	0.7984713028048863	0.7407309291856963	11089,422911,611
0.7546577492663619	0.6310167729460004	0.7546577492663619	0.6493844554677616	11057,33592,1
0.7719238381218863	0.7940179639681957	0.7719238381218863	0.6877264513912078	11092,333309,219
0.7565003753497578	0.7636036003245448	0.7565003753497578	0.6534880960126995	11063,63562,22
0.7828431038012693	0.7636139074608969	0.7828431038012693	0.7684659028972733	10129,10732109,1342
0.8188084351327374	0.8042653219746152	0.8188084351327374	0.8007864209831865	10615,6302025,1383
0.8216747423735754	0.813090139258824	0.8216747423735754	0.8157179899290189	10155,10111602,1885
0.7706271753224596	0.7841566568620872	0.7706271753224596	0.776179116237539	9146,19671394,2146
0.7975158670579403	0.8304407576856724	0.7975158670579403	0.7388258101972919	11077,282939,609
0.7737664642052822	0.7464385280033007	0.7737664642052822	0.7166184665484959	10800,3113004,538
0.7885074728724494	0.7697030707856833	0.7885074728724494	0.743227071163542	10812,3452754,742
0.8070702245274005	0.792599718587209	0.8070702245274005	0.7767235012278594	10762,4352392,1064
0.7786801337610045	0.7481562842530183	0.7786801337610045	0.7313620604320563	10754,4282815,656
0.8211970245001023	0.8081966960481307	0.8211970245001023	0.8055638590207358	10518,6611959,1515
0.7666689415136833	0.7301763661580472	0.7666689415136833	0.7015720398023834	10825,2873132,409
0.7721285743533748	0.7784762801979206	0.7721285743533748	0.6940169456934542	11017,743265,297
0.7767010168566164	0.7729758493662823	0.7767010168566164	0.7053467027518073	11015,1163156,366
0.8138947655770149	0.7998840029479176	0.8138947655770149	0.7943295790206224	10530,6082119,1396
0.7835255579062308	0.7940584724493908	0.7835255579062308	0.709690880950416	11167,633109,314
0.8102095134102232	0.7952728319573386	0.8102095134102232	0.7885175379466314	10552,5892192,1320
0.762778953115403	0.7424637907491979	0.762778953115403	0.6806439344700312	10938,1163360,239
0.7769057530881048	0.773710751511712	0.7769057530881048	0.6994137772869503	11118,833186,266
0.7757455811096704	0.7639085493738148	0.7757455811096704	0.7025401391892485	11045,1253161,322
0.7889851907459223	0.7678562611127422	0.7889851907459223	0.7448768938733485	10817,3712721,744
0.7937623694806524	0.7860057976905849	0.7937623694806524	0.7891940402727228	9896,13101712,1735
0.7941035965331331	0.8259064158133319	0.7941035965331331	0.7312386926931109	11113,302987,523
0.7951955231010714	0.7836695000274373	0.7951955231010714	0.7558398158871177	10734,3422659,918
0.7863918651470688	0.7656836821964685	0.7863918651470688	0.7416417571076849	10773,3712759,750
0.7856411656316112	0.7688610446902827	0.7856411656316112	0.7733978061157666	10060,11042037,1452
0.7997679656043131	0.8285489671701386	0.7997679656043131	0.7437187826288599	11069,412893,650
0.7643485975568143	0.7104060273030975	0.7643485975568143	0.6651264700842993	11176,213432,24
0.7811369685388657	0.7557048663369964	0.7811369685388657	0.737405728428078	10689,4362771,757
0.7559544120657886	0.5714670731217321	0.7559544120657886	0.6508905575167308	11077,03576,0
0.7877567733569918	0.7745997704764955	0.7877567733569918	0.7368195104242893	10881,2602850,662
0.7611410632634955	0.8181985488339136	0.7611410632634955	0.6579789618983316	11152,03500,1
0.804886371391524	0.7871355482878805	0.804886371391524	0.7808905939176187	10590,6002259,1204
0.8133488022930458	0.7994805326854245	0.8133488022930458	0.7916287288673212	10591,5582177,1327
0.8003821742987784	0.7860971299425591	0.8003821742987784	0.7890069981862089	10123,9871938,1605
0.8187401897222412	0.8076395360127582	0.8187401897222412	0.7952072607462994	10711,4612195,1286
0.7711731386064287	0.7895178006780129	0.7711731386064287	0.7783124979918931	9131,20491304,2169
