accuracy	precision	recall	f1	oob	confMatrxVars
0.7842762574216884	0.8302395099865723	0.7842762574216884	0.7108918209177271	0.21132528006083828	11112,3,3158,380
0.7924657066812257	0.8335837982524793	0.7924657066812257	0.7276435583919003	0.2055631928398023	11101,8,3033,511
0.7804545144339043	0.8283946061069433	0.7804545144339043	0.707532681487269	0.20623592383515166	11016,3,3214,420
0.7931481607861871	0.8352945473871561	0.7931481607861871	0.7285079339768016	0.2036619965485975	11109,5,3026,513
0.7880980004094724	0.8339120856547914	0.7880980004094724	0.719003311484763	0.20927783790107934	11098,1,3104,450
0.7964239404900021	0.8368457899774177	0.7964239404900021	0.7332525017770306	0.20407148498054928	11149,6,2977,521
0.786460110557565	0.8314562439262212	0.786460110557565	0.7137034909104022	0.21322647635204306	11147,3,3126,377
0.7931481607861871	0.8331914450426123	0.7931481607861871	0.7272159745856862	0.20421773084910355	11146,9,3022,476
0.7856411656316112	0.8311551241858768	0.7856411656316112	0.7135842805451392	0.20910234285881424	11113,3,3138,399
0.7936258786596602	0.8368999831840935	0.7936258786596602	0.7247512419255931	0.20901459533768174	11219,1,3023,410
0.7962192042585137	0.8343693553459164	0.7962192042585137	0.7336504544666973	0.2018192986048144	11135,12,2974,532
0.7877567733569918	0.8336366344048803	0.7877567733569918	0.7177381192433269	0.20649916639854926	11112,1,3109,431
0.7901453627243568	0.8349227934413114	0.7901453627243568	0.72026793079508	0.2090730936851034	11163,1,3074,415
0.7886439636934416	0.8316842767112876	0.7886439636934416	0.7198343938665935	0.20603117961917572	11109,6,3091,447
0.8050228622125162	0.840489426086332	0.8050228622125162	0.7467962085203346	0.20372049489601918	11226,11,2846,570
0.7842762574216884	0.8297944716216844	0.7842762574216884	0.7117019454214081	0.20965807715932028	11095,4,3157,397
0.78884869992493	0.8327362032830126	0.78884869992493	0.719641010075158	0.20699640235163352	11121,4,3090,438
0.7875520371255033	0.8314355161526112	0.7875520371255033	0.7177281768330417	0.20737664160987457	11107,5,3108,433
0.7819559134648195	0.8277621946552548	0.7819559134648195	0.7079927357514894	0.20927783790107934	11075,5,3190,383
0.7876885279464956	0.8318830286755239	0.7876885279464956	0.7170483492154404	0.20878060194799497	11128,4,3107,414
0.7975841124684365	0.8355289662063948	0.7975841124684365	0.7320547243928195	0.20535844862382635	11239,9,2957,448
0.7891899269774107	0.8318395823241869	0.7891899269774107	0.7220138461602708	0.2023457837316096	11083,7,3082,481
0.7973111308264519	0.8374359260886782	0.7973111308264519	0.7347849563712158	0.2027845213372722	11153,6,2964,530
0.7878250187674879	0.8335410254314428	0.7878250187674879	0.7165258378678632	0.20895609699026008	11143,1,3108,401
0.789804135671876	0.831726022342532	0.789804135671876	0.7208927714638552	0.2091608412062359	11139,7,3073,434
