accuracy	precision	recall	f1	confMatrxVars
0.8654200505016038	0.8597052505608217	0.8654200505016038	0.8585603282168451	10631,5671405,2050
0.8601651538934006	0.854263049850684	0.8601651538934006	0.8528030647746301	10541,5811468,2063
0.8635091790077117	0.8582818135140077	0.8635091790077117	0.8559694313820896	10567,5351465,2086
0.8604381355353853	0.8544883831333888	0.8604381355353853	0.8534054139219488	10533,5961449,2075
0.8676039036374804	0.8624581836602006	0.8676039036374804	0.8611663087137068	10578,5571383,2135
0.8648058418071385	0.859391950883307	0.8648058418071385	0.8575673053432883	10601,5451436,2071
0.862212516208285	0.8565773620338222	0.862212516208285	0.8552209220336932	10536,5781441,2098
0.8598239268409199	0.8539675670937479	0.8598239268409199	0.8531963820537299	10477,6171437,2122
0.8640551422916809	0.8583337651014861	0.8640551422916809	0.8569050701066195	10613,5621430,2048
0.8644646147546577	0.8586748787262225	0.8644646147546577	0.8580076417229084	10590,5951391,2077
0.8579813007575241	0.8516293492747858	0.8579813007575241	0.8508481552602	10528,6181463,2044
0.864123387702177	0.8584539963435805	0.864123387702177	0.8584727714901971	10527,6381353,2135
0.8595509451989354	0.8539871967594674	0.8595509451989354	0.8527031963884524	10439,5991459,2156
0.8637821606496963	0.8579109510173636	0.8637821606496963	0.8568058712152987	10614,5761420,2043
0.8626219886712618	0.8571390663287899	0.8626219886712618	0.855561455530016	10532,5681445,2108
0.8628267249027503	0.8575215416554721	0.8628267249027503	0.8552600307402862	10559,5401470,2084
0.8619395345663005	0.8560001635170802	0.8619395345663005	0.8547461713874258	10585,5791444,2045
0.8632361973657272	0.8578326390457983	0.8632361973657272	0.8568063294745207	10490,5921412,2159
0.8611205896403467	0.8554386369203211	0.8611205896403467	0.853687470799582	10545,5661469,2073
0.8618712891558042	0.856396917358515	0.8618712891558042	0.8544416459039821	10540,5561468,2089
0.8647375963966423	0.8593702864453047	0.8647375963966423	0.8577449463282423	10572,5551427,2099
0.8667167133010305	0.8609636296671443	0.8667167133010305	0.8606016236288014	10633,5981355,2067
0.8638504060601925	0.8586488559521034	0.8638504060601925	0.856566806087226	10550,5431452,2108
0.8643963693441616	0.8592222482397234	0.8643963693441616	0.8579487758185721	10489,5771410,2177
0.8678768852794649	0.8630051687490653	0.8678768852794649	0.8611513539262996	10572,5341402,2145
0.8632361973657272	0.8572889014903905	0.8632361973657272	0.8567114220349875	10584,6041400,2065
0.862690234081758	0.8571321017642113	0.862690234081758	0.8560374832929804	10514,5891423,2127
0.8647375963966423	0.8590794533721684	0.8647375963966423	0.8580345743538305	10592,5771405,2079
0.8604381355353853	0.8543426705891587	0.8604381355353853	0.8533584035757732	10557,5981447,2051
0.8645328601651538	0.8590713424389396	0.8645328601651538	0.8579864428605366	10545,5801405,2123
0.8609158534088582	0.8554974589511365	0.8609158534088582	0.85350410897175	10504,5611477,2111
0.8603698901248891	0.8544471690214878	0.8603698901248891	0.8538835701046723	10496,6231423,2111
0.8667849587115266	0.8613190747217072	0.8667849587115266	0.8605309802334274	10592,5811371,2109
0.8641916331126732	0.8585496771377862	0.8641916331126732	0.8571091133400204	10601,5621428,2062
0.8643963693441616	0.8587792312038722	0.8643963693441616	0.8573999889674939	10597,5641423,2069
0.8592097181464546	0.8531589108313476	0.8592097181464546	0.8523300862993587	10504,6141449,2086
0.8676721490479765	0.8622041209701524	0.8676721490479765	0.8613474516000112	10623,5721367,2091
0.8641916331126732	0.8585178394814603	0.8641916331126732	0.857451450289682	10581,5791411,2082
0.862212516208285	0.8566306442063426	0.862212516208285	0.8552538403124851	10526,5781441,2108
0.8640551422916809	0.858488179035699	0.8640551422916809	0.8573011108725642	10562,5761416,2099
0.8622807616187811	0.8567114856491509	0.8622807616187811	0.8554448679219592	10517,5831435,2118
0.8606428717668737	0.8548911812739135	0.8606428717668737	0.8535887802179245	10512,5881454,2099
0.8646693509861462	0.8591119966059715	0.8646693509861462	0.8578527795753653	10583,5691414,2087
0.8613935712823313	0.8555882531624364	0.8613935712823313	0.8544875562144508	10531,5921439,2091
0.8605746263563775	0.8550698130778585	0.8605746263563775	0.8533805177876949	10487,5751468,2123
0.8655565413225961	0.8601657307395439	0.8655565413225961	0.858851691988932	10576,5641406,2107
0.865078823449123	0.8597528540355072	0.865078823449123	0.8581134607346795	10574,5531424,2102
0.8630997065447349	0.8578164367586907	0.8630997065447349	0.8562703624196691	10499,5701436,2148
0.8643281239336654	0.8588086189463999	0.8643281239336654	0.8567199973511191	10632,5351453,2033
0.8634409335972156	0.8580701747824939	0.8634409335972156	0.8564934815814426	10531,5651436,2121
