accuracy	precision	recall	f1	oob	confMatrxVars
0.8377806592506654	0.8336236262999984	0.8377806592506654	0.8180173392761076	0.1612799438415865	10803,355,2022,1473
0.836688732682727	0.8335662146605536	0.836688732682727	0.8171263786337118	0.16458510047091168	10733,351,2042,1527
0.843786255374326	0.8400094996509552	0.843786255374326	0.8252376953067135	0.162859399221972	10871,342,1947,1493
0.8367569780932232	0.8346540037649719	0.8367569780932232	0.8148892021902655	0.16388312030185148	10853,306,2086,1408
0.8403739848495189	0.8390766020539971	0.8403739848495189	0.8197380933255256	0.16168943227353827	10851,298,2041,1463
0.8385996041766192	0.8344239960895724	0.8385996041766192	0.8192465919870837	0.16148468805756233	10799,358,2007,1489
0.8358697877567733	0.8311936748419998	0.8358697877567733	0.8159167999570975	0.16151393723127316	10780,367,2038,1468
0.8397597761550536	0.8369986822703886	0.8397597761550536	0.8194821613547391	0.16183567814209243	10849,322,2026,1456
0.8407152119019996	0.8377239036650789	0.8407152119019996	0.8215515219859262	0.16122144549416484	10808,337,1997,1511
0.8417388930594417	0.8399236318343261	0.8417388930594417	0.8218505018441865	0.16221591740033348	10851,308,2011,1483
0.8343683887258582	0.8284214810708915	0.8343683887258582	0.8156917631493465	0.16063646201994797	10702,412,2015,1524
0.8385996041766192	0.8392700919498559	0.8385996041766192	0.8168764440734576	0.1614554388838515	10829,271,2094,1459
0.8368934689142156	0.8338354018299768	0.8368934689142156	0.8159111583848208	0.16002222937202026	10826,328,2062,1437
0.8367569780932232	0.8344716429228096	0.8367569780932232	0.8150431982348406	0.16312264178536962	10848,310,2082,1413
0.8413976660069611	0.8402490835445344	0.8413976660069611	0.8218698003615281	0.16104595045189973	10800,307,2017,1529
0.8384631133556268	0.8381058109297973	0.8384631133556268	0.8162334706263067	0.16186492731580338	10880,276,2091,1406
0.8347096157783389	0.8296831786509337	0.8347096157783389	0.8152550338101725	0.16388312030185148	10730,385,2037,1501
0.835733296935781	0.8322462311191651	0.835733296935781	0.8158041784965583	0.16432185790751408	10742,354,2053,1504
0.8355968061147888	0.8348127104736821	0.8355968061147888	0.8122607584430223	0.1618941764895142	10881,279,2130,1363
0.835733296935781	0.8378258572720089	0.835733296935781	0.8117834564362814	0.16379537278071898	10864,244,2163,1382
0.8339589162628813	0.8306137456255025	0.8339589162628813	0.8128100188559467	0.162859399221972	10768,342,2091,1452
0.83805364089265	0.8363764703888379	0.83805364089265	0.8167994057830571	0.16174793062095993	10839,304,2069,1441
0.8408517027229919	0.839147542726174	0.8408517027229919	0.8201153107124017	0.16341513352247794	10880,299,2033,1441
0.8317068177165086	0.831389373406831	0.8317068177165086	0.8083871006685159	0.16411711369153825	10771,291,2175,1416
0.8358697877567733	0.836268910440144	0.8358697877567733	0.8131121114724	0.16332738600134544	10829,273,2132,1419
