accuracy	precision	recall	f1	oob	confMatrxVars
0.8608476079983621	0.8554455700611172	0.8608476079983621	0.8529544994381886	0.13910907016876772	10543,541,1498,2071
0.8598921722514161	0.8539282193420421	0.8598921722514161	0.8526092201243054	0.13820234578373158	10536,588,1465,2064
0.8645328601651538	0.8589194541641962	0.8645328601651538	0.8580142710032843	0.14264822018777967	10567,586,1399,2101
0.8672626765849997	0.8620248013757036	0.8672626765849997	0.8594700782002445	0.1429407119248881	10702,503,1442,2006
0.8610523442298506	0.8552981319942883	0.8610523442298506	0.8538340666754519	0.14033753546462313	10536,578,1458,2081
0.8594144543779431	0.8535942121790854	0.8594144543779431	0.8512181299972459	0.14051303050688813	10575,548,1512,2018
0.8625537432607657	0.8566836617063417	0.8625537432607657	0.8555680406122559	0.1388165784316593	10579,583,1431,2060
0.8641916331126732	0.8583481055961685	0.8641916331126732	0.8575507485221489	0.14203398753985197	10601,589,1401,2062
0.8616665529243158	0.8559051883645086	0.8616665529243158	0.8543489349400027	0.14095176811255083	10562,570,1457,2064
0.8590049819149662	0.8531353890587233	0.8590049819149662	0.8513459682073599	0.1386410833893943	10526,574,1492,2061
0.8611888350508429	0.8555970055962555	0.8611888350508429	0.8543247956763249	0.13823159495744242	10491,589,1445,2128
0.8643281239336654	0.8584551836265214	0.8643281239336654	0.8574622581282927	0.14089326976512917	10623,578,1410,2042
0.8607111171773698	0.8550522498118215	0.8607111171773698	0.852905445435713	0.14010354207493636	10561,552,1489,2051
0.8645328601651538	0.8589169185216342	0.8645328601651538	0.8574679057988114	0.14256047266664718	10606,560,1425,2062
0.8572988466525626	0.8511800055501642	0.8572988466525626	0.8498168164024141	0.1382900933048642	10497,599,1492,2065
0.8615983075138197	0.856541784765018	0.8615983075138197	0.8540118363501328	0.13940156190587616	10496,540,1488,2129
0.8641916331126732	0.8585738898506013	0.8641916331126732	0.8575474157888511	0.14159524993418937	10566,582,1408,2097
0.8649423326281308	0.8595218798861773	0.8649423326281308	0.8578321564884713	0.14068852554915323	10595,550,1429,2079
0.863167951955231	0.858006761437401	0.863167951955231	0.8560693557096831	0.1412735090233701	10508,554,1451,2140
0.8659660137855729	0.8601338976453071	0.8659660137855729	0.860024558403584	0.14092251893884	10620,615,1349,2069
0.861734798334812	0.8562142922691748	0.861734798334812	0.8536713173353366	0.1415367515867677	10597,532,1494,2030
0.8563434109056166	0.8502606570750737	0.8563434109056166	0.8490808796575032	0.14036678463833396	10451,614,1491,2097
0.8615300621033235	0.8557307533141992	0.8615300621033235	0.8542815984741069	0.14063002720173157	10558,575,1454,2066
0.8615983075138197	0.8557417755447858	0.8615983075138197	0.8543455571524105	0.14068852554915323	10568,576,1452,2057
0.8598239268409199	0.8536087925865652	0.8598239268409199	0.8524862917599109	0.1398695486852496	10572,593,1461,2027
