accuracy	precision	recall	f1	oob	confMatrxVars
0.8566163925476011	0.8505104515469599	0.8566163925476011	0.8479448883559157	0.14452016730527362	10565,553,1548,1987
0.8626219886712618	0.8570551661104377	0.8626219886712618	0.853893540694167	0.14378893796250258	10687,503,1510,1953
0.8572988466525626	0.851582305283328	0.8572988466525626	0.8476451451094557	0.14346719705168332	10631,505,1586,1931
0.8580495461680202	0.852036697399506	0.8580495461680202	0.849047010551668	0.1447541606949604	10623,530,1550,1950
0.8602333993038969	0.855431114688072	0.8602333993038969	0.8501227282233451	0.14434467226300862	10685,455,1593,1920
0.8554562205691667	0.8496480820803478	0.8554562205691667	0.8456061838057636	0.1426774693614905	10604,511,1607,1931
0.8536135944857708	0.8473183130161334	0.8536135944857708	0.8428676923253662	0.14279446605633395	10665,503,1642,1843
0.8598239268409199	0.8547125096486424	0.8598239268409199	0.8500538764408664	0.14495890491093621	10664,474,1580,1935
0.8577765645260357	0.8520631010361381	0.8577765645260357	0.848295949420428	0.14428617391558685	10629,508,1576,1940
0.8610523442298506	0.855918352784266	0.8610523442298506	0.8518861856212652	0.1432917020094182	10643,487,1549,1974
0.8609158534088582	0.8561387838928558	0.8609158534088582	0.8513768392277704	0.14373043961508092	10646,468,1570,1969
0.8557974476216474	0.8499798300662782	0.8557974476216474	0.8459395259354683	0.14402293135218935	10615,509,1604,1925
0.8568893741895858	0.8511959751414883	0.8568893741895858	0.8482859687837683	0.1411857615022376	10525,544,1553,2031
0.862690234081758	0.8577619256037124	0.862690234081758	0.8534886870943909	0.1455438883851531	10676,472,1540,1965
0.8615300621033235	0.8558148419325329	0.8615300621033235	0.8524705787075819	0.14452016730527362	10699,501,1528,1925
0.8525899133283287	0.8460813254596333	0.8525899133283287	0.8427183998524658	0.1444031706104303	10585,542,1618,1908
0.8633726881867194	0.8578907127464998	0.8633726881867194	0.8544536190567218	0.14592412764339402	10718,490,1512,1933
0.8553879751586706	0.8495489824629098	0.8553879751586706	0.8454754650617281	0.14235572845067124	10610,510,1609,1924
0.8561386746741282	0.8500488105765406	0.8561386746741282	0.8467779628035764	0.14326245283570738	10606,530,1578,1939
0.858459018630997	0.8524888211436016	0.858459018630997	0.84886681866403	0.14317470531457488	10680,506,1568,1899
0.862212516208285	0.8566085169248169	0.862212516208285	0.8542175291052144	0.1439059346573459	10614,534,1485,2020
0.8566163925476011	0.851417000901735	0.8566163925476011	0.8460624648766447	0.14124425984965927	10653,470,1631,1899
0.8564799017266089	0.8500526458054352	0.8564799017266089	0.8474261718040207	0.14010354207493636	10623,547,1556,1927
0.8590049819149662	0.8534750935627451	0.8590049819149662	0.8502740869798163	0.1428529644037556	10580,523,1543,2007
0.8551832389271822	0.8495860648991082	0.8551832389271822	0.845020137162638	0.14130275819708094	10607,498,1624,1924
