accuracy	precision	recall	f1	oob	confMatrxVars
0.8284310380126937	0.8341465631754208	0.8284310380126937	0.7981268029695785	0.17608002573927284	10965,185,2329,1174
0.8199686071111718	0.8320425825102455	0.8199686071111718	0.7822319317984798	0.1806721460118752	11020,125,2513,995
0.8190131713642258	0.8188673628684549	0.8190131713642258	0.7869395268047192	0.18257334230307998	10890,247,2405,1111
0.8184672080802566	0.8358059685729852	0.8184672080802566	0.7782442087655217	0.17871245137324876	11041,90,2570,952
0.8224936872995291	0.8380331288874971	0.8224936872995291	0.7838394334514377	0.18567375471642922	11090,95,2506,962
0.8330034805159353	0.8294636711141059	0.8330034805159353	0.8102152794396126	0.17300886249963443	10843,325,2122,1363
0.8259059578243363	0.8262864763433942	0.8259059578243363	0.797575458330181	0.17844920880985116	10881,253,2298,1221
0.8257012215928479	0.8368122337918121	0.8257012215928479	0.7906974732832179	0.17871245137324876	11054,128,2426,1045
0.8123933665460997	0.831255770196935	0.8123933665460997	0.7686440489550553	0.18359706338295945	11018,85,2664,886
0.8266566573397939	0.83569775049613	0.8266566573397939	0.7932410801712714	0.1825148439556582	11028,147,2393,1085
0.8131440660615573	0.842331584072859	0.8131440660615573	0.765461119852249	0.1866974757963088	11116,30,2708,799
0.8287722650651743	0.8370351495860814	0.8287722650651743	0.7982756018161093	0.17593377987071868	10951,164,2345,1193
0.823380877635979	0.8299434817292608	0.823380877635979	0.7891123919310042	0.17929743484746552	11011,168,2420,1054
0.8179212447962875	0.8365071945981452	0.8179212447962875	0.7776878088090322	0.1787417005469596	11019,85,2583,966
0.8130758206510612	0.833502463886282	0.8130758206510612	0.7686391211808484	0.18289508321389925	11049,74,2665,865
0.8250870128983826	0.8338172598957082	0.8250870128983826	0.7918365190732117	0.17730849103512825	10985,155,2408,1105
0.8228349143520098	0.8347646796185304	0.8228349143520098	0.7877278484149588	0.17760098277223668	10980,131,2465,1077
0.8244728042039173	0.8256555402935492	0.8244728042039173	0.7958435321287551	0.17391558688467046	10848,249,2323,1233
0.8278850747287245	0.8323048776583136	0.8278850747287245	0.796360303787439	0.1798824183216824	11025,187,2335,1106
0.8221524602470484	0.8243158918533304	0.8221524602470484	0.7892765448434482	0.1807598935330077	10971,212,2394,1076
0.8183307172592643	0.8127825116659013	0.8183307172592643	0.7880902869115276	0.18342156834069434	10873,311,2351,1118
0.8301371732750973	0.8378421448291131	0.8301371732750973	0.7988244464063781	0.1726286232413934	11032,158,2331,1132
0.8188084351327374	0.8342159169930429	0.8188084351327374	0.779317227723474	0.1814618737020679	11035,102,2553,963
0.8207875520371255	0.8217455854252093	0.8207875520371255	0.7890069932770969	0.17844920880985116	10906,235,2391,1121
0.8225619327100252	0.8211730290090028	0.8225619327100252	0.7923312423099427	0.18263184065050164	10913,261,2339,1140
