accuracy	precision	recall	f1	oob	confMatrxVars
0.8597556814304238	0.8539079449847625	0.8597556814304238	0.8506327528735359	0.14688935037585193	10666,512,1543,1932
0.8558656930321435	0.8489360952044145	0.8558656930321435	0.8459232806307527	0.14662610781245433	10717,530,1582,1824
0.8542278031802362	0.8481183260105555	0.8542278031802362	0.8447393591461115	0.14212173506098458	10565,537,1599,1952
0.8570258650105781	0.8512499094085392	0.8570258650105781	0.8475250907951687	0.1473865863289362	10615,513,1582,1943
0.855114993516686	0.8490165193013277	0.855114993516686	0.8451378341917922	0.14759133054491214	10629,515,1608,1901
0.856548147137105	0.8513115145414261	0.856548147137105	0.8460240920979069	0.14317470531457488	10651,472,1630,1900
0.8580495461680202	0.8516429908917914	0.8580495461680202	0.8483988190137142	0.14612887185936996	10711,516,1564,1862
0.8563434109056166	0.8502476819542093	0.8563434109056166	0.8463066955074875	0.14343794787797248	10668,506,1599,1880
0.8581177915785163	0.8526168623953246	0.8581177915785163	0.8484438139986252	0.14299921027230977	10638,495,1584,1936
0.8557974476216474	0.8497866791068059	0.8557974476216474	0.8465724969892209	0.14495890491093621	10578,535,1578,1962
0.8547055210537091	0.8492119692192519	0.8547055210537091	0.8438296394596552	0.14323320366199654	10649,477,1652,1875
0.8597556814304238	0.8549026629847698	0.8597556814304238	0.850084070004138	0.14413992804703268	10632,472,1583,1966
0.8592097181464546	0.8533983689010233	0.8592097181464546	0.8501345435433517	0.1447541606949604	10643,516,1547,1947
0.8579813007575241	0.8520426126799294	0.8579813007575241	0.8480560429032791	0.14507590160577966	10692,497,1584,1880
0.8596191906094315	0.8542833577534789	0.8596191906094315	0.8499466403475204	0.14691859954956277	10667,483,1574,1929
0.857503582884051	0.8517007562311324	0.857503582884051	0.8475844274419793	0.14478340986867122	10667,497,1591,1898
0.8582542823995086	0.8532161545106628	0.8582542823995086	0.8480499188373135	0.1460703735119483	10655,468,1609,1921
0.8557974476216474	0.8495147624625558	0.8557974476216474	0.8452605080296197	0.14639211442276756	10708,497,1616,1832
0.8577083191155395	0.8526583014658431	0.8577083191155395	0.8471891951432504	0.1453683933428881	10670,462,1623,1898
0.8566163925476011	0.8510342170478048	0.8566163925476011	0.8466557145292639	0.14437392143671945	10628,496,1605,1924
0.8573670920630587	0.8517030697990272	0.8573670920630587	0.8470720713371063	0.14381818713621342	10685,483,1607,1878
0.856548147137105	0.8502371990298077	0.856548147137105	0.8473352018271316	0.14428617391558685	10626,538,1564,1925
0.8553879751586706	0.8495470456843047	0.8553879751586706	0.8449400224417531	0.14343794787797248	10656,493,1626,1878
0.8571623558315703	0.8511490205329069	0.8571623558315703	0.8473209861908796	0.14346719705168332	10668,506,1587,1892
0.8557292022111513	0.8492229317831097	0.8557292022111513	0.8458018354323359	0.1446664131738279	10676,522,1592,1863
