accuracy	precision	recall	f1	confMatrxVars
0.7902818535453491	0.834464556807942	0.7902818535453491	0.7205407678247149	11164,23071,416
0.7879615095884802	0.8316883809728673	0.7879615095884802	0.718364458384114	11111,53102,435
0.7994949839623285	0.8110396527875297	0.7994949839623285	0.7481574126919975	11005,1172821,710
0.7895311540298915	0.8266360152911458	0.7895311540298915	0.7209746597558694	11135,173067,434
0.789258172387907	0.8333646017814805	0.789258172387907	0.7154112166080657	11232,23086,333
0.8055005800859892	0.8338509244243065	0.8055005800859892	0.7513340525668151	11147,362814,656
0.7977206032894287	0.8364166370827044	0.7977206032894287	0.7335234904997048	11208,82956,481
0.7956049955640483	0.8224360591306192	0.7956049955640483	0.7351715179465907	11100,452950,558
0.7908278168293182	0.8338622539546166	0.7908278168293182	0.7222216255775193	11152,43061,436
0.8052958438545008	0.8239121885097215	0.8052958438545008	0.754641282633506	11081,792774,719
0.7953320139220638	0.8344401425052448	0.7953320139220638	0.7316121196306062	11142,102989,512
0.801132873814236	0.8377821314601338	0.801132873814236	0.7417720775333271	11165,122902,574
0.7979253395209173	0.8364431533267318	0.7979253395209173	0.7368188160389655	11134,102951,558
0.7870743192520303	0.8298660043821645	0.7870743192520303	0.7140367137275446	11170,63114,363
0.808708114379308	0.8278111096682652	0.808708114379308	0.7600079526514297	11097,762727,753
0.7906230805978298	0.8234778398032929	0.7906230805978298	0.7226794685838944	11154,253043,431
0.8035897085920972	0.8226216731227006	0.8035897085920972	0.7500743922980548	11123,722806,652
0.7842762574216884	0.8314441360807557	0.7842762574216884	0.7107987820124924	11112,13160,380
0.7923974612707295	0.8318421508775078	0.7923974612707295	0.7231538240063223	11208,93033,403
0.7958097317955367	0.8359653089269429	0.7958097317955367	0.7320087194331661	11152,72985,509
0.8068654882959121	0.831574000263258	0.8068654882959121	0.7553043900082574	11116,512779,707
0.7943083327646215	0.835002210941256	0.7943083327646215	0.7275030377477529	11191,63008,448
0.7924657066812257	0.8336563842116022	0.7924657066812257	0.7260086275620132	11141,73034,471
0.7966286767214905	0.8380159064934135	0.7966286767214905	0.7347976906448913	11116,42976,557
0.8063877704224391	0.8380082624546399	0.8063877704224391	0.7544327314633961	11087,272810,729
0.7839350303692076	0.8305253695133126	0.7839350303692076	0.7095145225691446	11126,23164,361
0.7871425646625264	0.8291977860754748	0.7871425646625264	0.7157503225340615	11137,83111,397
0.7988807752678633	0.8396190490238457	0.7988807752678633	0.7369142640570906	11172,32944,534
0.7839350303692076	0.8297121984849009	0.7839350303692076	0.7118180081526153	11077,43162,410
0.8033167269501126	0.813272922324327	0.8033167269501126	0.7571224419702848	10947,1392743,824
0.7960144680270251	0.8377434895684215	0.7960144680270251	0.731643272244	11167,32986,497
0.8017470825087013	0.8359775560209731	0.8017470825087013	0.7447555715517212	11121,202885,627
0.789804135671876	0.8339208971708962	0.789804135671876	0.7247249866365353	11041,43076,532
0.8153961646079301	0.841002486765346	0.8153961646079301	0.7689573516233191	11145,422663,803
0.7913737801132874	0.8353762770201463	0.7913737801132874	0.7242802301680298	11126,23055,470
0.7891216815669146	0.8217768346603068	0.7891216815669146	0.7216643051933622	11111,283062,452
0.8108919675151846	0.84194526029823	0.8108919675151846	0.7593311030519371	11182,222749,700
0.793557633249164	0.8365585760069636	0.793557633249164	0.726602946062116	11173,23023,455
0.7947860506380946	0.8367483116764419	0.7947860506380946	0.7310862872750625	11122,43003,524
0.7996314747833209	0.8380578932525466	0.7996314747833209	0.7399632269029962	11134,92927,583
0.7968334129529789	0.8369278720730068	0.7968334129529789	0.7350854865121846	11122,72970,554
0.7914420255237835	0.8261297591422694	0.7914420255237835	0.7241031743130999	11154,213035,443
0.7907595714188221	0.8338227692378077	0.7907595714188221	0.7221296792478079	11151,43062,436
0.7789531154029892	0.8219840342129884	0.7789531154029892	0.7015644590722941	11087,103229,327
0.7964239404900021	0.8374187667294701	0.7964239404900021	0.7363428812110507	11065,62977,605
0.8002456834777861	0.840271014659233	0.8002456834777861	0.737604614486111	11222,32924,504
0.7900088719033646	0.8233117896435522	0.7900088719033646	0.7243480754031479	11087,283049,489
0.7913737801132874	0.8313325407370852	0.7913737801132874	0.7252406624316424	11112,113046,484
0.8031802361291203	0.8286330130387268	0.8031802361291203	0.7483325530658108	11125,482836,644
0.7806592506653928	0.8272519140248306	0.7806592506653928	0.7044385067742907	11094,43210,345
