accuracy	precision	recall	f1	oob	confMatrxVars
0.7646215791987989	0.5846461593764651	0.7646215791987989	0.6626306356764777	0.2409546930299219	11204,0,3449,0
0.7569098478127346	0.5729125177158971	0.7569098478127346	0.6521820324806588	0.23665506449442808	11091,0,3562,0
0.7534975772879274	0.5677585989787761	0.7534975772879274	0.6475727213229553	0.23595308432536777	11041,0,3612,0
0.7605268545690302	0.5784010965206628	0.7605268545690302	0.657077277770072	0.23884875252274118	11144,0,3509,0
0.7545212584453695	0.5693023294459842	0.7545212584453695	0.6489546099320865	0.23662581532071714	11056,0,3597,0
0.7623694806524262	0.58120722503025	0.7623694806524262	0.6595747729529315	0.2399017227763316	11171,0,3482,0
0.7577970381491844	0.5742563510276765	0.7577970381491844	0.6533818621429938	0.23797127731141599	11104,0,3549,0
0.764212106735822	0.5840201440816034	0.764212106735822	0.6620747492342837	0.2407791979876569	11198,0,3455,0
0.754725994676858	0.5696113270409726	0.754725994676858	0.6492310808285138	0.23671356284184975	11059,0,3594,0
0.7628471985258991	0.5819358482988125	0.7628471985258991	0.6602226770254733	0.2400772178185966	11178,0,3475,0
0.7610045724425032	0.5791279592783971	0.7610045724425032	0.6577245378473379	0.2392874901284039	11151,0,3502,0
0.7586842284856343	0.5756017585528422	0.7586842284856343	0.6545822714842683	0.23841001491707858	11117,0,3536,0
0.7573875656862076	0.5736359246560794	0.7573875656862076	0.6528280225222735	0.23706455292637985	11098,0,3555,0
0.7543165222138811	0.5689934156848446	0.7543165222138811	0.648678170079361	0.2365088186258738	11053,0,3600,0
0.7625059714734184	0.5814153565326216	0.7625059714734184	0.6597598713910403	0.24004796864488576	11173,0,3480,0
0.7539070497509043	0.5683758396641125	0.7539070497509043	0.6481253835485011	0.23636257275731964	11047,0,3606,0
0.7604586091585341	0.5782972962433321	0.7604586091585341	0.6569848256980575	0.23917049343356045	11143,0,3510,0
0.763734388862349	0.5832902167309457	0.763734388862349	0.6614263694287686	0.24057445377168096	11191,0,3462,0
0.7627107077049069	0.5817276236477199	0.7627107077049069	0.6600375445669626	0.23908274591242795	11176,0,3477,0
0.7628471985258991	0.5819358482988125	0.7628471985258991	0.6602226770254733	0.24019421451344003	11178,0,3475,0
0.7665324506926909	0.5875719979649427	0.7665324506926909	0.6652263848700254	0.24145192898300627	11232,0,3421,0
0.7580700197911691	0.5746701549061835	0.7580700197911691	0.6537511571631773	0.23814677235368098	11108,0,3545,0
0.7605950999795263	0.5785049061128658	0.7605950999795263	0.6571697332562075	0.2391997426072714	11145,0,3508,0
0.759912645874565	0.577467229360082	0.759912645874565	0.6562453320779651	0.23881950334903035	11135,0,3518,0
0.7577287927386883	0.57415292334523	0.7577287927386883	0.6532895469620793	0.23800052648512682	11103,0,3550,0
