accuracy	precision	recall	f1	oob	confMatrxVars
0.8536135944857708	0.847413935712789	0.8536135944857708	0.8426690877089087	0.14446166895785195	10674,495,1650,1834
0.8578448099365318	0.8527794247435664	0.8578448099365318	0.8466277675880434	0.14647986194390006	10739,442,1641,1831
0.8585272640414932	0.8532408695017613	0.8585272640414932	0.8482384739834111	0.14820556319283984	10689,469,1604,1891
0.8531358766122978	0.8474963883126482	0.8531358766122978	0.8424740213112445	0.1456316359062857	10597,495,1657,1904
0.8561386746741282	0.8506921019120463	0.8561386746741282	0.8449757599851364	0.14548539003773142	10711,460,1648,1834
0.8553879751586706	0.850669171150306	0.8553879751586706	0.8441025483596319	0.1460703735119483	10654,447,1672,1880
0.8592097181464546	0.8542530749922856	0.8592097181464546	0.8494011097781277	0.14370119044137009	10638,473,1590,1952
0.856070429263632	0.8499317837717645	0.856070429263632	0.846019499832442	0.1460703735119483	10665,508,1601,1879
0.8542960485907323	0.8494391612109448	0.8542960485907323	0.8424610522364108	0.146684606159876	10682,441,1694,1836
0.8562069200846243	0.8498885386792122	0.8562069200846243	0.847098648233282	0.14308695779344238	10609,544,1563,1937
0.8590049819149662	0.8539448588107773	0.8590049819149662	0.8485877344712739	0.14507590160577966	10698,458,1608,1889
0.8588684910939739	0.8531348540430054	0.8588684910939739	0.8488922115111539	0.14373043961508092	10705,486,1582,1880
0.8572306012420665	0.8514765778300435	0.8572306012420665	0.8474190333950831	0.14604112433823746	10646,501,1591,1915
0.8553197297481744	0.8505467467564805	0.8553197297481744	0.8443504054254707	0.14370119044137009	10626,457,1663,1907
0.8570941104210742	0.8520233460812001	0.8570941104210742	0.8468852173295266	0.14566088507999653	10625,475,1619,1934
0.8538183307172592	0.8477006993596966	0.8538183307172592	0.8430314369028883	0.14671385533358683	10661,497,1645,1850
0.858459018630997	0.8540926793049961	0.858459018630997	0.8468230957314007	0.14671385533358683	10752,415,1659,1827
0.8555244659796629	0.8505098528120547	0.8555244659796629	0.8440235998406551	0.14566088507999653	10696,446,1671,1840
0.8522486862758479	0.8462012446650823	0.8522486862758479	0.8408084709985237	0.14688935037585193	10666,485,1680,1822
0.8572988466525626	0.8520887363009874	0.8572988466525626	0.8473276471911184	0.14803006815057473	10619,484,1607,1943
0.8575718282945471	0.8521217333326427	0.8575718282945471	0.8471619520098714	0.14291146275117728	10685,474,1613,1881
0.8562751654951205	0.8501999084592826	0.8562751654951205	0.8458324893567778	0.14528064582175548	10698,493,1613,1849
0.8564799017266089	0.8510443096906	0.8564799017266089	0.8463381781055456	0.1455438883851531	10629,488,1615,1921
0.8497918514979867	0.8432882049379758	0.8497918514979867	0.8379252442745332	0.14384743630992425	10662,495,1706,1790
0.8499283423189791	0.843934837550113	0.8499283423189791	0.8384254415959091	0.14645061277018923	10604,495,1704,1850
