accuracy	precision	recall	f1	oob	confMatrxVars
0.8477444891831024	0.8419660831188699	0.8477444891831024	0.8341904099197416	0.1525344409020445	10695,449,1782,1727
0.8396915307445574	0.8328542673927531	0.8396915307445574	0.8244298322071493	0.1533241685922373	10654,468,1881,1650
0.8509520234764212	0.8455062991251421	0.8509520234764212	0.8378322040695853	0.1542893913246951	10731,437,1747,1738
0.8482222070565755	0.8451198451815898	0.8482222070565755	0.8322513232453649	0.15268068677059876	10782,356,1868,1647
0.848017470825087	0.8412167967221781	0.848017470825087	0.8353183649949464	0.1506332446108397	10694,487,1740,1732
0.843786255374326	0.8363770660483048	0.843786255374326	0.8294626108584374	0.15355816198192396	10726,478,1811,1638
0.8506790418344367	0.8453420914022016	0.8506790418344367	0.8374082746240795	0.1491415367515868	10730,433,1755,1735
0.8488364157510407	0.8438128134642231	0.8488364157510407	0.8348047751092426	0.15484512562520114	10725,420,1795,1713
0.8459018630997065	0.8401597673237885	0.8459018630997065	0.8321338163586072	0.15057474626341805	10660,453,1805,1735
0.8444004640687913	0.8370631741208886	0.8444004640687913	0.8312503634534255	0.15303167685512886	10660,504,1776,1713
0.8489729065720331	0.8434282098792909	0.8489729065720331	0.8359688409511564	0.14996051361549034	10673,452,1761,1767
0.8493141336245138	0.8438868320774119	0.8493141336245138	0.8349273171080762	0.15291468016028542	10784,416,1792,1661
0.8477444891831024	0.8449389778834372	0.8477444891831024	0.832039018312161	0.14943402848869525	10737,359,1872,1685
0.8525216679178326	0.8482420071056624	0.8525216679178326	0.8395583017786427	0.1509842346953698	10701,413,1748,1791
0.8514297413498942	0.8453846801544928	0.8514297413498942	0.8387220379770215	0.1509842346953698	10744,455,1722,1732
0.8461748447416911	0.8403820507282764	0.8461748447416911	0.8316142134830407	0.15390915206645417	10729,434,1820,1670
0.8492458882140176	0.8416898243480426	0.8492458882140176	0.8379235286183668	0.15171546403814096	10680,535,1674,1764
0.8449464273527605	0.8401175840955114	0.8449464273527605	0.8304592375825157	0.15045774956857472	10647,427,1845,1734
0.8472667713096295	0.840095316551872	0.8472667713096295	0.8358026630886086	0.15153996899587585	10609,534,1704,1806
0.8468572988466526	0.8413322856438814	0.8468572988466526	0.8331141400616404	0.15276843429173126	10673,445,1799,1736
0.8492458882140176	0.8440526814705899	0.8492458882140176	0.8356712138461854	0.153938401240165	10708,431,1778,1736
0.8473350167201256	0.8415074156275921	0.8473350167201256	0.8334045062224782	0.15092573634794815	10715,443,1794,1701
0.848017470825087	0.8427030471259017	0.848017470825087	0.8349250281853168	0.15282693263915292	10642,451,1776,1784
0.8469937896676448	0.8407781037630921	0.8469937896676448	0.8336700376950205	0.15057474626341805	10680,466,1776,1731
0.8452194089947451	0.8390451318550252	0.8452194089947451	0.832137600359604	0.15124747725876742	10612,481,1787,1773
