accuracy	precision	recall	f1	oob	confMatrxVars
0.8605746263563775	0.8545062894324313	0.8605746263563775	0.851879485884701	0.13919681768990022	10675,528,1515,1935
0.8620077799767966	0.8561055827700963	0.8620077799767966	0.8545589866422665	0.14001579455380386	10600,566,1456,2031
0.8598239268409199	0.8539952036915304	0.8598239268409199	0.8514546018317899	0.13896282430021356	10602,539,1515,1997
0.862212516208285	0.8566764717783506	0.862212516208285	0.8538742474594506	0.13893357512650273	10637,519,1500,1997
0.8637821606496963	0.8582748884978454	0.8637821606496963	0.8554931273771216	0.13843633917341835	10675,511,1485,1982
0.862212516208285	0.8566293752756364	0.862212516208285	0.8546450351089508	0.14106876480739416	10575,551,1468,2059
0.8611205896403467	0.856085180130438	0.8611205896403467	0.8530169054287461	0.1387288309105268	10531,522,1513,2087
0.8611888350508429	0.8554904807840233	0.8611888350508429	0.8530315678369489	0.1401327912486472	10609,536,1498,2010
0.8646011055756501	0.8596941380710843	0.8646011055756501	0.85648364628563	0.1405715288543099	10620,498,1486,2049
0.8594826997884393	0.853503201255587	0.8594826997884393	0.8515877091545735	0.1372663722249846	10571,564,1495,2023
0.8607111171773698	0.854470683333325	0.8607111171773698	0.8531916945994925	0.13858258504197252	10612,580,1461,2000
0.860301644714393	0.8548469261217451	0.860301644714393	0.851905121979253	0.1398695486852496	10579,526,1521,2027
0.8592779635569507	0.8530259155495143	0.8592779635569507	0.8510869579311466	0.13820234578373158	10619,560,1502,1972
0.862690234081758	0.8567358411474285	0.862690234081758	0.8553460486123979	0.1395185586007195	10619,568,1444,2022
0.8665802224800382	0.861827641436491	0.8665802224800382	0.8585235466322529	0.14106876480739416	10656,485,1470,2042
0.8577765645260357	0.8519818545365923	0.8577765645260357	0.8481234103093633	0.13849483752084002	10651,504,1580,1918
0.8609840988193544	0.855544762557344	0.8609840988193544	0.8523808508537646	0.1395185586007195	10616,514,1523,2000
0.8600969084829045	0.8543841121766258	0.8600969084829045	0.8516874578015219	0.13790985404662315	10601,533,1517,2002
0.8624854978502696	0.8571357823583741	0.8624854978502696	0.8540151075607708	0.13922606686361105	10638,508,1507,2000
0.8616665529243158	0.856269484196492	0.8616665529243158	0.8535436328409715	0.1390798209950569	10587,527,1500,2039
0.8591414727359585	0.8528538951040476	0.8591414727359585	0.8504026078511221	0.1398695486852496	10660,540,1524,1929
0.8602333993038969	0.8545585762951037	0.8602333993038969	0.8518691916988712	0.13790985404662315	10597,533,1515,2008
0.8598239268409199	0.8546740100393284	0.8598239268409199	0.8511954084719119	0.13788060487291232	10557,513,1541,2042
0.8582542823995086	0.8519871010177354	0.8582542823995086	0.8504293809452139	0.13732487057240628	10566,582,1495,2010
0.8564116563161127	0.8506731416645994	0.8564116563161127	0.8480188036153676	0.13770510983064732	10498,556,1548,2051
