accuracy	precision	recall	f1	oob	confMatrxVars
0.8629632157237426	0.8569926689755945	0.8629632157237426	0.8565258967875123	0.13635964783994847	10576,611,1397,2069
0.8658977683750768	0.860352524960104	0.8658977683750768	0.859055953502066	0.13817309661002075	10619,560,1405,2069
0.8620077799767966	0.8560290419363088	0.8620077799767966	0.8550737448599984	0.13755886396209305	10576,592,1430,2055
0.8639186514706886	0.8581172258237432	0.8639186514706886	0.8568536267503931	0.1388165784316593	10614,569,1425,2045
0.8599604176619122	0.8536008241801903	0.8599604176619122	0.8528868564880748	0.13641814618737025	10582,609,1443,2019
0.8662389954275574	0.8608528388000074	0.8662389954275574	0.860103506021405	0.14045453215946646	10555,588,1372,2138
0.8618712891558042	0.8557284996978084	0.8618712891558042	0.8547364737068088	0.13685688379303285	10608,588,1436,2021
0.8665802224800382	0.8609187013625086	0.8665802224800382	0.8598384435508029	0.13814384743630992	10649,564,1391,2049
0.8661025046065652	0.8612195884435775	0.8661025046065652	0.858596296279438	0.1399572962063822	10599,512,1450,2092
0.8628949703132465	0.8569874576737209	0.8628949703132465	0.8555181203125496	0.13729562139869544	10621,564,1445,2023
0.8675356582269842	0.8621027942405511	0.8675356582269842	0.8605207183906821	0.13910907016876772	10665,539,1402,2047
0.862690234081758	0.8567413456744005	0.862690234081758	0.8556947263153838	0.13659364122963524	10595,584,1428,2046
0.8656247867330922	0.8599746638142252	0.8656247867330922	0.8592165624849977	0.13940156190587616	10598,586,1383,2086
0.8616665529243158	0.8559156635893111	0.8616665529243158	0.8545317844320321	0.1369153821404545	10547,578,1449,2079
0.8613253258718351	0.8555044434667908	0.8613253258718351	0.8542321176166131	0.13776360817806899	10544,584,1448,2077
0.862690234081758	0.8570756612785565	0.862690234081758	0.8560029162028622	0.13788060487291232	10525,589,1423,2116
0.8656930321435884	0.8601967632267699	0.8656930321435884	0.859024203916186	0.1382900933048642	10593,568,1400,2092
0.8625537432607657	0.857094285121448	0.8625537432607657	0.8550179154087757	0.13782210652549065	10567,547,1467,2072
0.8669214495325189	0.8615933458037311	0.8669214495325189	0.8598670376808426	0.13937231273216533	10636,538,1412,2067
0.8654200505016038	0.8603812032314556	0.8654200505016038	0.8579363815301638	0.13741261809353889	10595,521,1451,2086
0.865078823449123	0.8593504919429639	0.865078823449123	0.8588458548722473	0.1376758606569365	10586,601,1376,2090
0.8596874360199277	0.8534831775478849	0.8596874360199277	0.8533965064395956	0.13501418584924973	10519,647,1409,2078
0.869787756773357	0.8646933006194992	0.869787756773357	0.863810170840001	0.13884582760537012	10599,565,1343,2146
0.8643963693441616	0.8586798995681615	0.8643963693441616	0.8579562051522516	0.13902132264763523	10575,594,1393,2091
0.8647375963966423	0.8594484992447052	0.8647375963966423	0.8580960856529827	0.13834859165228586	10532,569,1413,2139
