accuracy	precision	recall	f1	oob	confMatrxVars
0.861257080461339	0.8553086897813367	0.861257080461339	0.8520290781689301	0.1398695486852496	10727,502,1531,1893
0.8576400737050434	0.8526022216111248	0.8576400737050434	0.848066815754826	0.13752961478838222	10577,491,1595,1990
0.860301644714393	0.8541847479490559	0.860301644714393	0.8515330765034161	0.14016204042235803	10678,528,1519,1928
0.8566846379580974	0.8503098614794422	0.8566846379580974	0.8479832445262665	0.13931381438474366	10597,558,1542,1956
0.8626219886712618	0.8568851821061807	0.8626219886712618	0.8545527030055253	0.1397818011641171	10647,532,1481,1993
0.8628267249027503	0.8577277693644452	0.8628267249027503	0.8542141610569993	0.14147825323934604	10637,495,1515,2006
0.8643281239336654	0.8583268492069477	0.8643281239336654	0.8567236508653969	0.14203398753985197	10691,548,1440,1974
0.8582542823995086	0.8521333473234365	0.8582542823995086	0.8496157562125942	0.1399572962063822	10610,545,1532,1966
0.8621442707977889	0.8563321039789303	0.8621442707977889	0.8536172930503507	0.14060077802802073	10680,519,1501,1953
0.8564799017266089	0.8506304254586436	0.8564799017266089	0.8466887271033635	0.13744186726724972	10631,508,1595,1919
0.8633044427762233	0.8583585339143565	0.8633044427762233	0.8545560015515057	0.1414490040656351	10650,484,1519,2000
0.8647375963966423	0.860429006641571	0.8647375963966423	0.8551704502692647	0.1410102664599725	10723,436,1546,1948
0.8611888350508429	0.8556664768871634	0.8611888350508429	0.8525092018151567	0.14068852554915323	10637,512,1522,1982
0.8647375963966423	0.8594110504516095	0.8647375963966423	0.8569429803124992	0.14092251893884	10638,520,1462,2033
0.8658295229645806	0.8607794985677186	0.8658295229645806	0.8573986721352685	0.1417122466290327	10702,483,1483,1985
0.8590049819149662	0.853137692007742	0.8590049819149662	0.8501930151081016	0.13826084413115325	10620,528,1538,1967
0.8598921722514161	0.8540229402775356	0.8598921722514161	0.851298323479963	0.1387288309105268	10627,531,1522,1973
0.8620077799767966	0.8560623967857821	0.8620077799767966	0.8534537420289569	0.14089326976512917	10692,522,1500,1939
0.8598239268409199	0.8535730774109775	0.8598239268409199	0.8513151828404667	0.1408347714177075	10658,544,1510,1941
0.8627584794922541	0.8571072963894374	0.8627584794922541	0.854764059613048	0.13954780777443032	10635,532,1479,2007
0.8596874360199277	0.8545774929363573	0.8596874360199277	0.8502401768919632	0.14086402059141834	10629,485,1571,1968
0.8643963693441616	0.8595825449605036	0.8643963693441616	0.8556256493256125	0.14086402059141834	10672,474,1513,1994
0.8601651538934006	0.8549482043872701	0.8601651538934006	0.8508818900699224	0.13905057182134606	10636,490,1559,1968
0.858459018630997	0.8526635043006681	0.858459018630997	0.8496065844606453	0.13922606686361105	10601,528,1546,1978
0.8596191906094315	0.8541976726982798	0.8596191906094315	0.849826560430176	0.13922606686361105	10685,481,1576,1911
