accuracy	precision	recall	f1	oob	confMatrxVars
0.8550467481061899	0.8485638337636991	0.8550467481061899	0.8471945144241353	0.1521834508175144	10505,606,1518,2024
0.8588002456834778	0.8521624146681462	0.8588002456834778	0.8511357217061939	0.14899529088303254	10619,596,1473,1965
0.8577083191155395	0.8516637352542569	0.8577083191155395	0.849417729314814	0.14990201526806868	10559,560,1525,2009
0.8550467481061899	0.8484204966121914	0.8550467481061899	0.8472846112738656	0.1476498288923338	10518,614,1510,2011
0.8536135944857708	0.8471204578615728	0.8536135944857708	0.844884758552962	0.14797156980315307	10526,578,1567,1982
0.8535453490752747	0.8469539280031674	0.8535453490752747	0.8445144617017025	0.14820556319283984	10556,569,1577,1951
0.8596874360199277	0.8539210403534101	0.8596874360199277	0.8510208134059646	0.14952177600982774	10617,527,1529,1980
0.8616665529243158	0.8566195015367597	0.8616665529243158	0.8526034348705889	0.14811781567170723	10643,485,1542,1983
0.857503582884051	0.8514857116287436	0.857503582884051	0.8485748275727698	0.15159846734329752	10602,536,1552,1963
0.8588684910939739	0.8524160971950502	0.8588684910939739	0.8514758489170754	0.15118897891134575	10581,603,1465,2004
0.8589367365044701	0.8531440848263617	0.8589367365044701	0.850052579594466	0.14858580245108077	10617,524,1543,1969
0.855114993516686	0.8485319480183341	0.855114993516686	0.8471886568728229	0.14683085202843016	10524,605,1518,2006
0.8590049819149662	0.8534504709584936	0.8590049819149662	0.8496590549674129	0.15203720494896023	10638,502,1564,1949
0.8566846379580974	0.8509519785505676	0.8566846379580974	0.8483623406093785	0.14671385533358683	10499,557,1543,2054
0.8577083191155395	0.8514662092544766	0.8577083191155395	0.8496352803745972	0.14917078592529764	10565,574,1511,2003
0.8538865761277554	0.8472042766050807	0.8538865761277554	0.8465310036941587	0.15224194916493605	10473,642,1499,2039
0.8586637548624855	0.8522451140821807	0.8586637548624855	0.8504980298598214	0.1529731785077072	10619,569,1502,1963
0.8620077799767966	0.8562264962871816	0.8620077799767966	0.8530963660068641	0.14814706484541806	10706,505,1517,1925
0.8609158534088582	0.8552288599073932	0.8609158534088582	0.8528513646837789	0.14829331071397234	10592,541,1497,2023
0.8549102572851975	0.8480878617521729	0.8549102572851975	0.8465093187039202	0.149843516920647	10576,592,1534,1951
0.856548147137105	0.85054957960894	0.856548147137105	0.846939618585498	0.15048699874228555	10630,517,1585,1921
0.8582542823995086	0.8521703168259956	0.8582542823995086	0.8493205217625928	0.1513937231273217	10630,533,1544,1946
0.8624172524397734	0.8567908131366708	0.8624172524397734	0.8547324832617116	0.1518324607329843	10596,546,1470,2041
0.8580495461680202	0.8523379631017028	0.8580495461680202	0.8496137957908363	0.15232969668606866	10545,544,1536,2028
0.8580495461680202	0.8519713639196921	0.8580495461680202	0.8494587865516656	0.1529731785077072	10596,547,1533,1977
