accuracy	precision	recall	f1	oob	confMatrxVars
0.8394185491025729	0.8328810223545037	0.8394185491025729	0.8235861945069407	0.17274561993623683	10672,452,1901,1628
0.8392138128710844	0.8363327524593792	0.8392138128710844	0.8178944308515999	0.17444207201146567	10902,311,2045,1395
0.8302736640960895	0.8244827307528454	0.8302736640960895	0.8093232336413869	0.18014566088508	10727,390,2097,1439
0.8354603152937965	0.8318988747110785	0.8354603152937965	0.8134345128572893	0.17651876334493555	10863,325,2086,1379
0.8381218863031461	0.8315439286954036	0.8381218863031461	0.8202996893825465	0.1718388955512007	10767,418,1954,1514
0.8323210264109738	0.8355629181394365	0.8323210264109738	0.8060286182687897	0.17733774020883908	10891,224,2233,1305
0.8369617143247117	0.8295754222035316	0.8369617143247117	0.8212786348278401	0.17227763315686329	10635,481,1908,1629
0.8177847539752952	0.8451946043649982	0.8177847539752952	0.7748236585187552	0.18239784726081487	11064,36,2634,919
0.824814031256398	0.8136677617945242	0.824814031256398	0.805136123800528	0.1773669893825499	10690,508,2059,1396
0.8292499829386474	0.8378820917753085	0.8292499829386474	0.7977058073587575	0.17786422533563429	11010,153,2349,1141
0.8345731249573466	0.8292851022254679	0.8345731249573466	0.8146565561647047	0.17581678317587524	10762,381,2043,1467
0.8291817375281513	0.8353069563373045	0.8291817375281513	0.798267875817693	0.18195910965515227	11008,175,2328,1142
0.8407152119019996	0.8357349390522187	0.8407152119019996	0.8241609903070315	0.16929421743835738	10694,408,1926,1625
0.8128028390090767	0.8287896247387476	0.8128028390090767	0.7706978038351037	0.18114013279124863	10987,104,2639,923
0.8231761414044906	0.8190113253610005	0.8231761414044906	0.7952556579289085	0.181812863786598	10868,307,2284,1194
0.833344707568416	0.8417928034877981	0.833344707568416	0.8036867312460602	0.18213460469741727	11022,153,2289,1189
0.8229714051730022	0.8355441095261442	0.8229714051730022	0.7854978987768828	0.1804966509696101	11078,115,2479,981
0.8429673104483724	0.843497676271917	0.8429673104483724	0.8232843800080875	0.16361987773845388	10809,279,2022,1543
0.8252235037193749	0.830620359539137	0.8252235037193749	0.7948423416896874	0.1787417005469596	10893,198,2363,1199
0.8434450283218453	0.8374978223231477	0.8434450283218453	0.8284593113886681	0.16657404428324896	10694,441,1853,1665
0.827202620623763	0.8185954349289755	0.827202620623763	0.8064589026309716	0.17335985258416453	10719,442,2090,1402
0.8279533201392206	0.8345500955184952	0.8279533201392206	0.7992123474130303	0.17523179970165847	10862,192,2329,1270
0.8326622534634546	0.8354159700528645	0.8326622534634546	0.807417182389209	0.17257012489397172	10849,237,2215,1352
0.8459018630997065	0.8417430476724174	0.8459018630997065	0.8292305593683779	0.17008394512855007	10810,369,1889,1585
0.8355968061147888	0.8339699482494072	0.8355968061147888	0.8124784165570309	0.1711369153821405	10886,290,2119,1358
