accuracy	precision	recall	f1	oob	confMatrxVars
0.8555244659796629	0.8500463225501449	0.8555244659796629	0.8453100362768468	0.13852408669455085	10612,492,1625,1924
0.8589367365044701	0.8538005807086965	0.8589367365044701	0.8480684434654853	0.14112726315481583	10743,447,1620,1843
0.8583225278100047	0.8528315335268225	0.8583225278100047	0.8482835865091054	0.14106876480739416	10676,482,1594,1901
0.8572988466525626	0.8519902116160042	0.8572988466525626	0.8474211741572047	0.14089326976512917	10618,489,1602,1944
0.8594826997884393	0.8541394025704426	0.8594826997884393	0.8499362461143652	0.14226798092953874	10652,488,1571,1942
0.8616665529243158	0.8564349712966006	0.8616665529243158	0.8519538690671734	0.14411067887332185	10721,468,1559,1905
0.8600969084829045	0.8548081718760893	0.8600969084829045	0.8505398469741126	0.1416244991079002	10666,483,1567,1937
0.8542960485907323	0.8497610376706682	0.8542960485907323	0.843250857410699	0.13992804703267137	10589,456,1679,1929
0.8568893741895858	0.8507482487137665	0.8568893741895858	0.8473041157949964	0.14133200737079177	10650,519,1578,1906
0.8564799017266089	0.8505697061694325	0.8564799017266089	0.8466186752111938	0.1411857615022376	10642,507,1596,1908
0.8590732273254623	0.8533845235787207	0.8590732273254623	0.8494406821485319	0.14326245283570738	10677,495,1570,1911
0.8597556814304238	0.8539950827185592	0.8597556814304238	0.8505752281425976	0.1421509842346954	10663,508,1547,1935
0.8578448099365318	0.851568064970324	0.8578448099365318	0.848444582567719	0.141098013981105	10674,523,1560,1896
0.8618030437453081	0.8565551366522969	0.8618030437453081	0.8521355182681022	0.14229723010324957	10722,469,1556,1906
0.8601651538934006	0.854318042751594	0.8601651538934006	0.8509094713892666	0.14165374828161104	10689,505,1544,1915
0.8598921722514161	0.8552081941516244	0.8598921722514161	0.8495223327829537	0.1420632367135628	10692,447,1606,1908
0.8575718282945471	0.851095232422458	0.8575718282945471	0.8488635729715523	0.1413612565445026	10633,555,1532,1933
0.859346208967447	0.8538243289790698	0.859346208967447	0.8505925303548293	0.14174149580274353	10591,520,1541,2001
0.8588684910939739	0.8528267329225114	0.8588684910939739	0.8493573986798274	0.14212173506098458	10691,508,1560,1894
0.8557974476216474	0.84999857549014	0.8557974476216474	0.8458292890617276	0.14115651232852677	10623,505,1608,1917
0.8545690302327168	0.8496935375895219	0.8545690302327168	0.8439482350990708	0.13878732925794846	10579,473,1658,1943
0.8594826997884393	0.8530368083679238	0.8594826997884393	0.8516253315972862	0.1407470238965749	10625,578,1481,1969
0.8569576196000819	0.8510050854082445	0.8569576196000819	0.84759225394446	0.14244347597180385	10617,522,1574,1940
0.8572988466525626	0.8513810957793277	0.8572988466525626	0.8476332958604109	0.14045453215946646	10649,509,1582,1913
0.8569576196000819	0.8517207530826647	0.8569576196000819	0.8471301165259235	0.14165374828161104	10598,491,1605,1959
