accuracy	precision	recall	f1	oob	confMatrxVars
0.8579130553470279	0.8513096374254151	0.8579130553470279	0.8484834294707556	0.14478340986867122	10708,529,1553,1863
0.8594144543779431	0.8541280497179823	0.8594144543779431	0.8499247288318253	0.14463716400011695	10640,489,1571,1953
0.8547055210537091	0.8485621232029755	0.8547055210537091	0.844536594115322	0.1439936821784784	10637,512,1617,1887
0.8557974476216474	0.8510601197894326	0.8557974476216474	0.8454028563512387	0.142589721840358	10582,470,1643,1958
0.8549785026956938	0.8494791930445271	0.8549785026956938	0.8439082191409905	0.14244347597180385	10674,470,1655,1854
0.8530676312018016	0.8473027097061175	0.8530676312018016	0.8428261713596013	0.1408347714177075	10568,511,1642,1932
0.856070429263632	0.8503987260739766	0.856070429263632	0.8456968511902521	0.14308695779344238	10656,488,1621,1888
0.8608476079983621	0.8557091749465954	0.8608476079983621	0.8510508454207815	0.14454941647898445	10698,468,1571,1916
0.8575718282945471	0.8522777955651951	0.8575718282945471	0.8472339793087301	0.14194624001871947	10667,473,1614,1899
0.8588684910939739	0.8535745585925442	0.8588684910939739	0.8490909682933994	0.14437392143671945	10652,483,1585,1933
0.8553197297481744	0.8486394837397735	0.8553197297481744	0.8462183929553392	0.1439059346573459	10619,558,1562,1914
0.8540913123592438	0.8481748764836742	0.8540913123592438	0.8435196394775412	0.1412735090233701	10636,498,1640,1879
0.8551832389271822	0.8499555379483915	0.8551832389271822	0.8440184260602189	0.1411857615022376	10670,461,1661,1861
0.8555244659796629	0.8494273408055885	0.8555244659796629	0.8454056367347378	0.14449091813156278	10652,508,1609,1884
0.8605746263563775	0.8555516560528444	0.8605746263563775	0.8506436517436545	0.14361344292023748	10694,463,1580,1916
0.8576400737050434	0.8516121799556245	0.8576400737050434	0.8481660969694285	0.14244347597180385	10652,516,1570,1915
0.8560021838531359	0.850664248991541	0.8560021838531359	0.8457085911558354	0.1418877416712978	10622,484,1626,1921
0.8572988466525626	0.8519740393524671	0.8572988466525626	0.8469561641832322	0.1427652168826231	10662,475,1616,1900
0.8579130553470279	0.8521033741313894	0.8579130553470279	0.8487119051599348	0.14191699084500864	10617,519,1563,1954
0.8514979867603903	0.846958789591003	0.8514979867603903	0.8393732622903392	0.13998654538009303	10612,443,1733,1865
0.8579813007575241	0.8521803548498627	0.8579813007575241	0.8477061595831701	0.14402293135218935	10711,483,1598,1861
0.8601651538934006	0.8556959373766162	0.8601651538934006	0.8502376236768868	0.14174149580274353	10640,454,1595,1964
0.8568893741895858	0.8508931222793609	0.8568893741895858	0.8473688163294091	0.14367194126765914	10632,518,1579,1924
0.8614618166928274	0.8569290549996597	0.8614618166928274	0.8517991496989755	0.14504665243206882	10655,456,1574,1968
0.8579813007575241	0.852520351627108	0.8579813007575241	0.8483712992192294	0.1423264792769604	10625,497,1584,1947
