accuracy	precision	recall	f1	oob	confMatrxVars
0.8538865761277554	0.848075756611258	0.8538865761277554	0.8438222360587504	0.14346719705168332	10579,513,1628,1933
0.856548147137105	0.8506933415545265	0.856548147137105	0.8464578223131716	0.14566088507999653	10659,498,1604,1892
0.860301644714393	0.8546215069517269	0.860301644714393	0.8505813844630266	0.14504665243206882	10719,485,1562,1887
0.8523169316863441	0.8452872668662171	0.8523169316863441	0.8422422097067911	0.14472491152124956	10637,548,1616,1852
0.8554562205691667	0.8511724264872275	0.8554562205691667	0.8437593537837768	0.14530989499546643	10668,428,1690,1867
0.8554562205691667	0.8495313128195165	0.8554562205691667	0.8452831040238179	0.14495890491093621	10641,503,1615,1894
0.8597556814304238	0.853987528705041	0.8597556814304238	0.8499745698955973	0.14653836029132172	10716,488,1567,1882
0.8566163925476011	0.8509019964571737	0.8566163925476011	0.8464098598972151	0.14375968878879175	10660,491,1610,1892
0.8562069200846243	0.8508272211993292	0.8562069200846243	0.845657221921961	0.14305770861973144	10654,476,1631,1892
0.8545007848222207	0.8497980146323433	0.8545007848222207	0.8427387676028247	0.1472988388078037	10672,439,1693,1849
0.8520439500443595	0.8462571471499205	0.8520439500443595	0.840738410471992	0.14387668548363508	10632,485,1683,1853
0.8520439500443595	0.8462423987026102	0.8520439500443595	0.8407978980645235	0.14361344292023748	10628,487,1681,1857
0.8552514843376783	0.849440477516493	0.8552514843376783	0.8452104646472823	0.1429407119248881	10615,506,1615,1917
0.852726404149321	0.8468241886859235	0.852726404149321	0.8418473326658045	0.14548539003773142	10623,496,1662,1872
0.8549785026956938	0.8485842105701698	0.8549785026956938	0.8449963106075682	0.14317470531457488	10650,522,1603,1878
0.8564116563161127	0.8507401395107941	0.8564116563161127	0.8463868897375852	0.14504665243206882	10635,497,1607,1914
0.8581860369890125	0.8522164838559775	0.8581860369890125	0.8482760770366259	0.14639211442276756	10699,497,1581,1876
0.8570941104210742	0.8510565002557801	0.8570941104210742	0.8471338727892619	0.14370119044137009	10678,503,1591,1881
0.8574353374735549	0.8520071678240863	0.8574353374735549	0.8465712262608104	0.14639211442276756	10720,461,1628,1844
0.8559339384426398	0.8494561296334204	0.8559339384426398	0.8458814115436148	0.14437392143671945	10689,516,1595,1853
0.8517027229918788	0.8452836119308687	0.8517027229918788	0.8406575354553069	0.14449091813156278	10645,507,1666,1835
0.8549102572851975	0.848124618804353	0.8549102572851975	0.8449009959264306	0.1470355962444061	10683,530,1596,1844
0.8586637548624855	0.8530298284456407	0.8586637548624855	0.8474716921255335	0.14627511772792423	10797,449,1622,1785
0.8618030437453081	0.8573574955494558	0.8618030437453081	0.8518603480569733	0.14513439995320132	10687,444,1581,1941
0.8538865761277554	0.8477096883238202	0.8538865761277554	0.8429412514381287	0.14507590160577966	10680,493,1648,1832
