accuracy	precision	recall	f1	oob	confMatrxVars
0.8644646147546577	0.8588632659814452	0.8644646147546577	0.8573996883427003	0.13671063792447868	10602,560,1426,2065
0.8635091790077117	0.8575285789008634	0.8635091790077117	0.8563447707018492	0.13747111644096055	10634,572,1428,2019
0.8671261857640074	0.861616520343815	0.8671261857640074	0.8606893980301158	0.13893357512650273	10621,571,1376,2085
0.8637821606496963	0.8585016004333629	0.8637821606496963	0.8563440266892989	0.1363011494925268	10572,539,1457,2085
0.862690234081758	0.8567180347881975	0.862690234081758	0.8550857276377851	0.1372663722249846	10640,557,1455,2001
0.8676721490479765	0.8621999014659313	0.8676721490479765	0.8615386655723638	0.1380268507414666	10612,582,1357,2102
0.8624172524397734	0.8569008362686737	0.8624172524397734	0.8547540265605517	0.13732487057240628	10581,544,1472,2056
0.8656930321435884	0.860062712500074	0.8656930321435884	0.8588146064888316	0.13741261809353889	10628,562,1406,2057
0.862690234081758	0.8576107320647285	0.862690234081758	0.8555543049943951	0.13662289040334608	10487,553,1459,2154
0.8625537432607657	0.8565603997662642	0.8625537432607657	0.8557201359300153	0.13650589370850275	10588,594,1420,2051
0.8626219886712618	0.8568333731764817	0.8626219886712618	0.8556104404002022	0.13697388048787618	10571,579,1434,2069
0.8646693509861462	0.8592190770557299	0.8646693509861462	0.8576819309051754	0.13706162800900878	10581,558,1425,2089
0.8663754862485498	0.8612025465480506	0.8663754862485498	0.8595247721376428	0.13831934247857502	10581,546,1412,2114
0.8642598785231693	0.858728827578925	0.8642598785231693	0.8574066646687839	0.13788060487291232	10570,569,1420,2094
0.8624172524397734	0.8562747224145482	0.8624172524397734	0.8552258424094884	0.13615490362397265	10627,582,1434,2010
0.8609840988193544	0.8551355018762198	0.8609840988193544	0.8537641424334095	0.13606715610284015	10547,581,1456,2069
0.8635774244182078	0.8579489811346375	0.8635774244182078	0.8562183567249996	0.13785135569920148	10603,553,1446,2051
0.8581177915785163	0.8522570626089775	0.8581177915785163	0.8504563027645986	0.1348971891544064	10500,579,1500,2074
0.8627584794922541	0.8567614909040926	0.8627584794922541	0.8568037102065815	0.1362134019713943	10560,640,1371,2082
0.8644646147546577	0.8586313168569536	0.8644646147546577	0.8581344280282442	0.13902132264763523	10591,603,1383,2076
0.8613253258718351	0.8556082901325924	0.8613253258718351	0.8544646315729623	0.13583316271315338	10513,592,1440,2108
0.8624854978502696	0.8568326767491646	0.8624854978502696	0.8551211931508796	0.1364766445347919	10575,560,1455,2063
0.8667167133010305	0.8614283251800499	0.8667167133010305	0.8597274071871714	0.13799760156775576	10619,541,1412,2081
0.8632361973657272	0.8576359714123698	0.8632361973657272	0.8558707789080353	0.13788060487291232	10590,554,1450,2059
0.8663754862485498	0.8607303777886863	0.8663754862485498	0.8600214412635949	0.13779285735177982	10616,584,1374,2079
