accuracy	precision	recall	f1	oob	confMatrxVars
0.8619395345663005	0.8564021788192205	0.8619395345663005	0.8546408748611605	0.13750036561467138	10539,563,1460,2091
0.8661707500170613	0.860856098884643	0.8661707500170613	0.8592698743579509	0.1383778408259967	10599,549,1412,2093
0.8638504060601925	0.8582058602798361	0.8638504060601925	0.8571057576331023	0.1376173623095147	10567,580,1415,2091
0.8656930321435884	0.8603454318906891	0.8656930321435884	0.8580008094360977	0.13785135569920148	10659,519,1449,2026
0.8604381355353853	0.8549229734791115	0.8604381355353853	0.8515583046255517	0.13764661148322554	10633,509,1536,1975
0.866034259196069	0.860608616770889	0.866034259196069	0.8589561165808827	0.13890432595279179	10625,545,1418,2065
0.8662389954275574	0.8614778877527478	0.8662389954275574	0.8589805349357733	0.13793910322033398	10563,518,1442,2130
0.8618030437453081	0.8562813113000937	0.8618030437453081	0.853774409596599	0.13676913627190035	10596,533,1492,2032
0.8649423326281308	0.8594138022106402	0.8649423326281308	0.8575342397680294	0.13817309661002075	10634,540,1439,2040
0.8623490070292773	0.8569993951630768	0.8623490070292773	0.8541786895157507	0.13597940858170754	10606,520,1497,2030
0.8600286630724083	0.8539472286231756	0.8600286630724083	0.8524479482631414	0.1364766445347919	10576,577,1474,2026
0.8608476079983621	0.8551183897652265	0.8608476079983621	0.8535732338406969	0.13597940858170754	10531,576,1463,2083
0.8603698901248891	0.854985455555631	0.8603698901248891	0.8518955152702268	0.1366521395770569	10581,521,1525,2026
0.8630997065447349	0.8573747364256729	0.8630997065447349	0.8550835937645594	0.13764661148322554	10655,531,1475,1992
0.865078823449123	0.8598999266800593	0.865078823449123	0.8574548154922615	0.13694463131416534	10615,521,1456,2061
0.8639186514706886	0.8591234549401207	0.8639186514706886	0.8562182449134228	0.13805609991517742	10545,515,1479,2114
0.8619395345663005	0.8560081116058242	0.8619395345663005	0.8542326325290256	0.13709087718271962	10621,556,1467,2009
0.8648740872176346	0.8600354183559643	0.8648740872176346	0.8569783783007814	0.1384655883471292	10598,503,1477,2075
0.8611888350508429	0.855477779689475	0.8611888350508429	0.853701085273105	0.13706162800900878	10555,564,1470,2064
0.8585955094519894	0.8528231556624668	0.8585955094519894	0.8503577179999036	0.13635964783994847	10550,550,1522,2031
0.8637821606496963	0.8580848667683934	0.8637821606496963	0.8558092968835511	0.13840708999970752	10668,528,1468,1989
0.8620077799767966	0.8562214219128473	0.8620077799767966	0.8549391069221552	0.1369153821404545	10557,580,1442,2074
0.8644646147546577	0.8591757711839693	0.8644646147546577	0.8566029521248195	0.13902132264763523	10632,518,1468,2035
0.8625537432607657	0.857315455055257	0.8625537432607657	0.8547431188492384	0.1380268507414666	10566,530,1484,2073
0.8652153142701153	0.8593863040296696	0.8652153142701153	0.8587076752440571	0.1388165784316593	10621,589,1386,2057
