accuracy	precision	recall	f1	oob	confMatrxVars
0.8644646147546577	0.8591545906964474	0.8644646147546577	0.857381560017483	0.1384655883471292	10564,551,1435,2103
0.8692417934893878	0.8644607347251105	0.8692417934893878	0.8624883900422426	0.1389920734739244	10603,522,1394,2134
0.8630997065447349	0.8570840249155166	0.8630997065447349	0.8560315565500444	0.1390798209950569	10621,580,1426,2026
0.8655565413225961	0.8600043126083681	0.8655565413225961	0.8579344645710033	0.13779285735177982	10673,528,1442,2010
0.8638504060601925	0.8583565739408908	0.8638504060601925	0.8564050935851301	0.13723712305127378	10601,544,1451,2057
0.8611888350508429	0.8552322752687536	0.8611888350508429	0.8543089863668677	0.13738336891982805	10546,599,1435,2073
0.8629632157237426	0.8575883960703381	0.8629632157237426	0.8552005201740278	0.13814384743630992	10589,533,1475,2056
0.862690234081758	0.8567146631169457	0.862690234081758	0.8550372259568548	0.13668138875076774	10644,555,1457,1997
0.866034259196069	0.8609760201097324	0.866034259196069	0.8581468580691346	0.1393430635584545	10655,502,1461,2035
0.8604381355353853	0.8546487157255469	0.8604381355353853	0.8528665517713447	0.13712012635643045	10550,567,1478,2058
0.8618030437453081	0.8560168477352397	0.8618030437453081	0.8543302018654502	0.13709087718271962	10581,563,1462,2047
0.8646693509861462	0.8592055186343373	0.8646693509861462	0.8571213721799549	0.13849483752084002	10630,534,1449,2040
0.8603698901248891	0.8547711540682942	0.8603698901248891	0.8528150531660874	0.1356869168445991	10523,563,1483,2084
0.8643281239336654	0.858931785964759	0.8643281239336654	0.8563252000775822	0.13750036561467138	10653,516,1472,2012
0.8606428717668737	0.8549223910958175	0.8606428717668737	0.8523893552367279	0.13673988709818952	10604,536,1506,2007
0.8603698901248891	0.8548730024639491	0.8603698901248891	0.8528555687462674	0.13703237883529795	10507,562,1484,2100
0.8605063809458814	0.8553533402267328	0.8605063809458814	0.8521227744459685	0.13750036561467138	10553,518,1526,2056
0.8626219886712618	0.856990259807525	0.8626219886712618	0.8542587075730955	0.13805609991517742	10661,518,1495,1979
0.8657612775540845	0.8604169864726013	0.8657612775540845	0.8581307247783566	0.1393430635584545	10655,521,1446,2031
0.860301644714393	0.8548487587909713	0.860301644714393	0.8517177988121825	0.1381145982625991	10596,519,1528,2010
0.8633726881867194	0.8578169450911641	0.8633726881867194	0.8561449108022166	0.13747111644096055	10577,558,1444,2074
0.8658977683750768	0.8601707512972765	0.8658977683750768	0.8591539887938898	0.1386410833893943	10639,570,1395,2049
0.8613253258718351	0.855082391091106	0.8613253258718351	0.8530693148119131	0.13673988709818952	10681,545,1487,1940
0.8626219886712618	0.8576301328756516	0.8626219886712618	0.8541875161550911	0.13808534908888825	10603,500,1513,2037
0.8647375963966423	0.8597270991699346	0.8647375963966423	0.8567874202434884	0.13948930942700866	10618,506,1476,2053
