accuracy	precision	recall	f1	oob	confMatrxVars
0.8556609568006551	0.8508413125466078	0.8556609568006551	0.843825528427373	0.1458948784696832	10718,433,1682,1820
0.8524534225073364	0.8472565001923155	0.8524534225073364	0.8404238522981298	0.14762057971862297	10668,452,1710,1823
0.8577765645260357	0.8526588219308747	0.8577765645260357	0.8466199932398555	0.1480008189768639	10735,445,1639,1834
0.8555244659796629	0.8502013215039219	0.8555244659796629	0.8442895445673035	0.15075024130568315	10692,459,1658,1844
0.8514297413498942	0.8452365791218488	0.8514297413498942	0.8394484841834091	0.14876129749334577	10696,477,1700,1780
0.8534771036647786	0.8477817589575292	0.8534771036647786	0.8415797718658597	0.14876129749334577	10715,459,1688,1791
0.8506790418344367	0.8440933647987835	0.8506790418344367	0.8391344766021289	0.14653836029132172	10667,501,1687,1798
0.8540230669487477	0.84994562476236	0.8540230669487477	0.8415868846915591	0.1472110912866712	10685,414,1725,1829
0.85415955776974	0.8489573086964591	0.85415955776974	0.8421718301370948	0.14656760946503267	10712,444,1693,1804
0.8490411519825292	0.8423678385690818	0.8490411519825292	0.8377673990539349	0.14463716400011695	10608,520,1692,1833
0.848017470825087	0.842022665566621	0.848017470825087	0.8349017782742062	0.14700634707069526	10680,462,1765,1746
0.8525216679178326	0.8466349161471212	0.8525216679178326	0.840995848483045	0.1477375764134663	10670,478,1683,1822
0.8507472872449328	0.8444464981377655	0.8507472872449328	0.8382994385113641	0.1491415367515868	10720,470,1717,1746
0.8577083191155395	0.8521318744379682	0.8577083191155395	0.8463317358164927	0.14759133054491214	10782,448,1637,1786
0.850406060192452	0.844598950525802	0.850406060192452	0.8387688671784753	0.14797156980315307	10616,485,1707,1845
0.8549102572851975	0.8496870326107191	0.8549102572851975	0.8433277802026098	0.14653836029132172	10699,451,1675,1828
0.858390773220501	0.8555500729229673	0.858390773220501	0.8459250674876273	0.14525139664804465	10747,370,1705,1831
0.8575718282945471	0.8523470589990167	0.8575718282945471	0.8459638582590088	0.1456316359062857	10776,436,1651,1790
0.8476762437726063	0.8418190950740337	0.8476762437726063	0.8350496057270207	0.14990201526806868	10625,474,1758,1796
0.8547737664642053	0.850214169176967	0.8547737664642053	0.8430134723523963	0.15007751031033378	10671,435,1693,1854
0.8538183307172592	0.848548720991329	0.8538183307172592	0.8420571717057032	0.14665535698616516	10687,453,1689,1824
0.8535453490752747	0.848837658930647	0.8535453490752747	0.8417354983120207	0.14753283219749047	10650,443,1703,1857
0.8521121954548556	0.8463131685963183	0.8521121954548556	0.8398668070431784	0.14902454005674337	10712,459,1708,1774
0.856548147137105	0.8509895970743112	0.856548147137105	0.8452093663493941	0.1487027991459241	10745,455,1647,1806
0.8491093973930253	0.842861393004862	0.8491093973930253	0.8379277758140625	0.14504665243206882	10573,514,1697,1869
