accuracy	precision	recall	f1	oob	confMatrxVars
0.8559339384426398	0.8504965610486847	0.8559339384426398	0.8449497593750304	0.14358419374652664	10689,466,1645,1853
0.8577765645260357	0.8524991768370578	0.8577765645260357	0.8475210990776492	0.1427652168826231	10664,474,1610,1905
0.8588684910939739	0.8527556400761648	0.8588684910939739	0.8497394595630535	0.14393518383105675	10666,523,1545,1919
0.855114993516686	0.8492443639616617	0.855114993516686	0.8449796737558936	0.14209248588727363	10624,505,1618,1906
0.8609158534088582	0.85464731744323	0.8609158534088582	0.8520924387105108	0.14419842639445435	10715,526,1512,1900
0.8594144543779431	0.8536955450540378	0.8594144543779431	0.8503194496356818	0.14340869870426165	10642,512,1548,1951
0.8596874360199277	0.8541376675949127	0.8596874360199277	0.8503416277476137	0.14577788177483986	10657,498,1558,1940
0.8606428717668737	0.8550093368147634	0.8606428717668737	0.8516625250594596	0.14203398753985197	10659,507,1535,1952
0.8572988466525626	0.8516359272101587	0.8572988466525626	0.8480341443079894	0.14282371523004478	10592,517,1574,1970
0.8568893741895858	0.8519773529840345	0.8568893741895858	0.8468820682763518	0.1430284594460206	10588,479,1618,1968
0.8580495461680202	0.8526138222091659	0.8580495461680202	0.8482519927678704	0.14361344292023748	10642,490,1590,1931
0.8602333993038969	0.8543341383951681	0.8602333993038969	0.8508678141747532	0.14317470531457488	10705,502,1546,1900
0.8542278031802362	0.8479854629661417	0.8542278031802362	0.8443643302819637	0.14177074497645437	10607,527,1609,1910
0.8529993857913055	0.8480915381552533	0.8529993857913055	0.8416193324293683	0.14340869870426165	10608,461,1693,1891
0.8616665529243158	0.85616749834316	0.8616665529243158	0.8526852320049252	0.1447541606949604	10676,498,1529,1950
0.8576400737050434	0.8523821680865616	0.8576400737050434	0.8472725076661123	0.14311620696715321	10669,471,1615,1898
0.8605746263563775	0.8558104724870369	0.8605746263563775	0.8512053527635514	0.14472491152124956	10618,475,1568,1992
0.861257080461339	0.855984965445932	0.861257080461339	0.8516028857658968	0.142589721840358	10707,473,1560,1913
0.8633044427762233	0.857995747474913	0.8633044427762233	0.854459853555658	0.14498815408464716	10693,489,1514,1957
0.8629632157237426	0.8580094531804167	0.8629632157237426	0.8538531293553453	0.14539764251659892	10677,474,1534,1968
0.8542960485907323	0.8480045750825707	0.8542960485907323	0.8443829407561839	0.1416244991079002	10617,526,1609,1901
0.8572306012420665	0.8521581531102019	0.8572306012420665	0.8460700280731878	0.14314545614086405	10717,447,1645,1844
0.8592779635569507	0.8548723042885541	0.8592779635569507	0.8488768438525565	0.14437392143671945	10658,444,1618,1933
0.8538183307172592	0.8474651060316497	0.8538183307172592	0.8434502241522045	0.13998654538009303	10645,515,1627,1866
0.8581860369890125	0.8538779025354614	0.8581860369890125	0.8477460829407641	0.1417122466290327	10624,447,1631,1951
