accuracy	precision	recall	f1	oob	confMatrxVars
0.8583225278100047	0.8530818351728139	0.8583225278100047	0.8483872632652624	0.14296996109859894	10647,480,1596,1930
0.8606428717668737	0.8552805745151812	0.8606428717668737	0.8517261466964916	0.14229723010324957	10628,503,1539,1983
0.8589367365044701	0.8532898969314864	0.8589367365044701	0.8500081901823474	0.14033753546462313	10607,519,1548,1979
0.861257080461339	0.856382635100321	0.861257080461339	0.8517450286918132	0.1412735090233701	10661,469,1564,1959
0.8594826997884393	0.8541746388919372	0.8594826997884393	0.8499904172163736	0.14027903711720147	10644,489,1570,1950
0.8634409335972156	0.8575877198637027	0.8634409335972156	0.8546844422494256	0.14229723010324957	10741,504,1497,1911
0.858459018630997	0.8533601149549027	0.858459018630997	0.8484169448817245	0.14200473836614114	10650,473,1601,1929
0.8596191906094315	0.8537809371509937	0.8596191906094315	0.8502200542455983	0.14244347597180385	10685,503,1554,1911
0.8635091790077117	0.8579333981965072	0.8635091790077117	0.8549986755211242	0.1439059346573459	10694,506,1494,1959
0.8594144543779431	0.8538269216453448	0.8594144543779431	0.8499073851196847	0.14098101728626167	10667,495,1565,1926
0.8613935712823313	0.8556675434596549	0.8613935712823313	0.8528854729328066	0.14115651232852677	10648,522,1509,1974
0.8600286630724083	0.8543677134536689	0.8600286630724083	0.850958215495971	0.14177074497645437	10652,508,1543,1950
0.8613935712823313	0.8558696304264568	0.8613935712823313	0.851965898464287	0.14147825323934604	10711,485,1546,1911
0.8633044427762233	0.8595796856466061	0.8633044427762233	0.8537411572131243	0.14326245283570738	10636,432,1571,2014
0.858459018630997	0.8527904809711399	0.858459018630997	0.8483259903698006	0.14007429290122553	10702,482,1592,1877
0.8592779635569507	0.8536662290574425	0.8592779635569507	0.8499405359180017	0.14235572845067124	10650,502,1560,1941
0.8616665529243158	0.8572715708511072	0.8616665529243158	0.8516295110817499	0.14335020035683987	10689,441,1586,1937
0.8596191906094315	0.8535773482329863	0.8596191906094315	0.8506559015949567	0.14080552224399656	10667,523,1534,1929
0.8547737664642053	0.8491492356518431	0.8547737664642053	0.8450469355079383	0.13981105033782792	10559,515,1613,1966
0.8583225278100047	0.8523560128748948	0.8583225278100047	0.8490013866351731	0.1403960338120448	10653,516,1560,1924
0.8549102572851975	0.8487688088208812	0.8549102572851975	0.8448089118659441	0.14016204042235803	10637,513,1613,1890
0.862690234081758	0.8575230618103321	0.862690234081758	0.8532965479382283	0.14296996109859894	10715,471,1541,1926
0.8592097181464546	0.8539636042245148	0.8592097181464546	0.8500130803807213	0.14095176811255083	10603,499,1564,1987
0.8633726881867194	0.8580460887397057	0.8633726881867194	0.8548108831521093	0.1424142267980929	10670,499,1503,1981
0.8603698901248891	0.8548020017813088	0.8603698901248891	0.8513018621379683	0.14177074497645437	10653,504,1542,1954
