accuracy	precision	recall	f1	oob	confMatrxVars
0.7613457994949839	0.5796474264086563	0.7613457994949839	0.658186968822197	0.2395507326918015	11156,0,3497,0
0.7601856275165495	0.5778821882827302	0.7601856275165495	0.6566150515591537	0.23905349673871712	11139,0,3514,0
0.7622329898314338	0.5809991307873668	0.7622329898314338	0.6593896881285171	0.23993097195004243	11169,0,3484,0
0.7567051115812462	0.5726026258931863	0.7567051115812462	0.6519052311264409	0.2375617888794641	11088,0,3565,0
0.755681430423804	0.5710544242873665	0.755681430423804	0.6505216884927919	0.2371230512738015	11073,0,3580,0
0.7580700197911691	0.5746701549061835	0.7580700197911691	0.6537511571631773	0.23814677235368098	11108,0,3545,0
0.7604586091585341	0.5782972962433321	0.7604586091585341	0.6569848256980575	0.23917049343356045	11143,0,3510,0
0.764689824609295	0.5847505278609944	0.764689824609295	0.6627232952855712	0.24098394220363273	11205,0,3448,0
0.7610045724425032	0.5791279592783971	0.7610045724425032	0.6577245378473379	0.23940448682324722	11151,0,3502,0
0.7582747560226575	0.5749806056212207	0.7582747560226575	0.6540281644284852	0.2382345198748136	11111,0,3542,0
0.7612093086739917	0.5794396116119364	0.7612093086739917	0.6580019862013953	0.23949223434437972	11154,0,3499,0
0.7590937009486112	0.5762232468198596	0.7590937009486112	0.6551365018351492	0.2385855099593437	11123,0,3530,0
0.7603221183375418	0.5780897236332869	0.7603221183375418	0.6567999317979804	0.23911199508613878	11141,0,3512,0
0.7644168429673105	0.5843331098121098	0.7644168429673105	0.662352677193227	0.2408669455087894	11201,0,3452,0
0.7616870265474647	0.5801671264107182	0.7616870265474647	0.6586494850310881	0.23969697856035566	11161,0,3492,0
0.757592301917696	0.5739460959249535	0.757592301917696	0.6531049268920045	0.23794202813770515	11101,0,3552,0
0.7639391250938374	0.5836029868491378	0.7639391250938374	0.6617042261229865	0.24066220129281346	11194,0,3459,0
0.758957210127619	0.5760160468046988	0.758957210127619	0.6549517446907155	0.2385270116119219	11121,0,3532,0
0.7597761550535727	0.5772598057879904	0.7597761550535727	0.6560604928419626	0.23887800169645212	11133,0,3520,0
0.7620282535999454	0.5806870592845828	0.7620282535999454	0.6591120864244928	0.23984322442890993	11166,0,3487,0
0.7588207193066266	0.5758088840490263	0.7588207193066266	0.654767001239359	0.23846851326450025	11119,0,3534,0
0.7641438613253259	0.5839158408011789	0.7641438613253259	0.661982113366319	0.24074994881394596	11197,0,3456,0
0.7611410632634955	0.5793357181858845	0.7611410632634955	0.6579095000060269	0.23946298517066889	11153,0,3500,0
0.7584794922541459	0.575291140170107	0.7584794922541459	0.6543052025391065	0.23832226739594609	11114,0,3539,0
0.7645533337883027	0.5845418002068078	0.7645533337883027	0.6625379794577936	0.24092544385621106	11203,0,3450,0
