accuracy	precision	recall	f1	oob	confMatrxVars
0.861257080461339	0.8557302155467056	0.861257080461339	0.8540074480099076	0.137003129661587	10514,569,1464,2106
0.8590732273254623	0.8529679229581576	0.8590732273254623	0.8515945317456859	0.13714937553014128	10545,588,1477,2043
0.8600286630724083	0.854539392363602	0.8600286630724083	0.8516734157067363	0.13688613296674368	10571,530,1521,2031
0.8588684910939739	0.8530107387046043	0.8588684910939739	0.8509136867629736	0.1376758606569365	10544,562,1506,2041
0.8616665529243158	0.8561904950045399	0.8616665529243158	0.8541129769955897	0.13776360817806899	10545,552,1475,2081
0.8623490070292773	0.856552410271067	0.8623490070292773	0.8543016191633442	0.13676913627190035	10644,536,1481,1992
0.8678768852794649	0.8627036490532835	0.8678768852794649	0.8615183347618871	0.13867033256310513	10584,560,1376,2133
0.8628267249027503	0.8572930837713858	0.8628267249027503	0.8551389735147444	0.13840708999970752	10597,541,1469,2046
0.8632361973657272	0.8578221717440718	0.8632361973657272	0.855635003192296	0.137003129661587	10587,539,1465,2062
0.8586637548624855	0.8525946093719955	0.8586637548624855	0.8508564048377874	0.13486793998069557	10552,575,1496,2030
0.8628949703132465	0.857538377969379	0.8628949703132465	0.8548813066574983	0.13779285735177982	10608,523,1486,2036
0.8596191906094315	0.853232430259654	0.8596191906094315	0.85219320128073	0.1366521395770569	10595,595,1462,2001
0.8620077799767966	0.8570407975812551	0.8620077799767966	0.8534619156940162	0.136827634619322	10594,499,1523,2037
0.8648740872176346	0.859417197612026	0.8648740872176346	0.857799105274239	0.13703237883529795	10595,553,1427,2078
0.8676039036374804	0.8627003396603411	0.8676039036374804	0.8604734815259611	0.13878732925794846	10608,519,1421,2105
0.8648058418071385	0.8592802013829703	0.8648058418071385	0.8576110384472747	0.13834859165228586	10612,550,1431,2060
0.8575718282945471	0.851654318579504	0.8575718282945471	0.8491133659156544	0.13548217262862328	10555,551,1536,2011
0.8592097181464546	0.8530388101868375	0.8592097181464546	0.8510838626182338	0.13442920237503286	10603,561,1502,1987
0.8621442707977889	0.8567359176530853	0.8621442707977889	0.8541632480720448	0.13750036561467138	10589,530,1490,2044
0.8594826997884393	0.8534581941394682	0.8594826997884393	0.851242573583878	0.1363011494925268	10603,551,1508,1991
0.8629632157237426	0.8572912146236827	0.8629632157237426	0.8558085721855336	0.1383778408259967	10575,567,1441,2070
0.8661707500170613	0.8608809925230351	0.8661707500170613	0.8585360887596297	0.13922606686361105	10661,517,1444,2031
0.8630997065447349	0.8576851170935953	0.8630997065447349	0.8556929608065182	0.13764661148322554	10566,548,1458,2081
0.8643963693441616	0.8588824409006128	0.8643963693441616	0.856873402500659	0.1382900933048642	10626,538,1449,2040
0.8630314611342387	0.8577130831242507	0.8630314611342387	0.8554374348593244	0.13685688379303285	10569,538,1469,2077
