accuracy	precision	recall	f1	oob	confMatrxVars
0.8603698901248891	0.854633443983847	0.8603698901248891	0.8518821661967394	0.13855333586826168	10618,529,1517,1989
0.8620077799767966	0.8561190587315896	0.8620077799767966	0.853673006576394	0.1384655883471292	10668,529,1493,1963
0.8586637548624855	0.8526304275532454	0.8586637548624855	0.8499337155927811	0.13910907016876772	10620,537,1534,1962
0.8595509451989354	0.8531733973034457	0.8595509451989354	0.8512477668531457	0.13788060487291232	10649,557,1501,1946
0.8599604176619122	0.8543573640421602	0.8599604176619122	0.8521783626083008	0.1372663722249846	10531,556,1496,2070
0.8637821606496963	0.85911742258343	0.8637821606496963	0.8545461409061711	0.13919681768990022	10689,459,1537,1968
0.8607793625878659	0.8559010408416949	0.8607793625878659	0.8512428040549173	0.13887507677908095	10650,471,1569,1963
0.8635774244182078	0.8579570162148331	0.8635774244182078	0.8557724338446794	0.1401327912486472	10639,534,1465,2015
0.8602333993038969	0.8547870942107217	0.8602333993038969	0.8513934100260195	0.13867033256310513	10617,510,1538,1988
0.8663072408380537	0.8610839849031026	0.8663072408380537	0.8589544344528698	0.1415367515867677	10631,526,1433,2063
0.8690370572578994	0.8637321034351624	0.8690370572578994	0.8624095699887298	0.1410102664599725	10660,544,1375,2074
0.8665802224800382	0.8608635036898583	0.8665802224800382	0.8590941803551779	0.14092251893884	10712,532,1423,1986
0.8603698901248891	0.8550715202557921	0.8603698901248891	0.8521640443276424	0.1391675685161894	10547,529,1517,2060
0.8570258650105781	0.8512177305485096	0.8570258650105781	0.8481010386339621	0.1386410833893943	10568,534,1561,1990
0.8596191906094315	0.8537795815820028	0.8596191906094315	0.8509217099371552	0.13869958173681596	10625,528,1529,1971
0.861257080461339	0.8553362299196825	0.861257080461339	0.8535782650468886	0.13878732925794846	10598,561,1472,2022
0.8606428717668737	0.8553278513629087	0.8606428717668737	0.8519551873207103	0.13890432595279179	10602,510,1532,2009
0.8637821606496963	0.8580298629871485	0.8637821606496963	0.855280880133723	0.13957705694814126	10719,509,1487,1938
0.8600969084829045	0.8540691641143804	0.8600969084829045	0.85159066337552	0.13890432595279179	10642,537,1513,1961
0.8624172524397734	0.8566434097022597	0.8624172524397734	0.8542431210311233	0.13834859165228586	10654,530,1486,1983
0.8605063809458814	0.8550762540480114	0.8605063809458814	0.8513774877052367	0.13820234578373158	10650,498,1546,1959
0.8640551422916809	0.8582650396903213	0.8640551422916809	0.8562844812018716	0.14016204042235803	10670,537,1455,1991
0.8618712891558042	0.8556133665001481	0.8618712891558042	0.854114389179861	0.1396063061218521	10663,563,1461,1966
0.8603698901248891	0.8545961370666492	0.8603698901248891	0.8514509134844489	0.13887507677908095	10659,514,1532,1948
0.8600286630724083	0.8543095942303115	0.8600286630724083	0.8517087406849324	0.13820234578373158	10592,537,1514,2010
