accuracy	precision	recall	f1	oob	confMatrxVars
0.8659660137855729	0.8607788236230625	0.8659660137855729	0.858683159631593	0.13823159495744242	10610,530,1434,2079
0.8632361973657272	0.8580452100818565	0.8632361973657272	0.8547137620178186	0.13890432595279179	10649,498,1506,2000
0.863167951955231	0.8576340634289906	0.863167951955231	0.8552839212719989	0.13752961478838222	10624,531,1474,2024
0.8600969084829045	0.8543504121116038	0.8600969084829045	0.8520234322075355	0.13659364122963524	10576,547,1503,2027
0.862212516208285	0.8563157938883271	0.862212516208285	0.8546582915753412	0.13893357512650273	10613,560,1459,2021
0.8665119770695421	0.8611937934704913	0.8665119770695421	0.858958088301061	0.13972330281669543	10667,519,1437,2030
0.8648740872176346	0.8593499201273849	0.8648740872176346	0.8585692359636149	0.13770510983064732	10549,592,1388,2124
0.8637821606496963	0.8582667589281664	0.8637821606496963	0.8564764067616126	0.13747111644096055	10590,551,1445,2067
0.8614618166928274	0.8555319236704136	0.8614618166928274	0.8542979673986187	0.13668138875076774	10568,583,1447,2055
0.8648058418071385	0.8591879768732753	0.8648058418071385	0.8574387046682491	0.13957705694814126	10638,545,1436,2034
0.863645669828704	0.8582587524695846	0.863645669828704	0.8560963870347924	0.13697388048787618	10591,538,1460,2064
0.8678086398689688	0.8626835272455818	0.8678086398689688	0.860564677655793	0.1390798209950569	10653,519,1418,2063
0.8658977683750768	0.8608347278455872	0.8658977683750768	0.8582187463419508	0.1381145982625991	10631,511,1454,2057
0.8639186514706886	0.8581214874482734	0.8639186514706886	0.8564778222573028	0.1376173623095147	10641,552,1442,2018
0.8594144543779431	0.8539706176330948	0.8594144543779431	0.851176988795369	0.13597940858170754	10538,537,1523,2055
0.8637139152392002	0.8576157937861033	0.8637139152392002	0.8577339200172667	0.1366521395770569	10608,636,1361,2048
0.8598239268409199	0.8539458899884187	0.8598239268409199	0.8516767515001281	0.13712012635643045	10589,549,1505,2010
0.8645328601651538	0.8591248422640799	0.8645328601651538	0.857487213536647	0.13823159495744242	10576,555,1430,2092
0.8646011055756501	0.8593504765627259	0.8646011055756501	0.8572743586345745	0.13793910322033398	10582,538,1446,2087
0.8609840988193544	0.8552814063690555	0.8609840988193544	0.854067697171055	0.13548217262862328	10505,591,1446,2111
0.8665802224800382	0.8615554822324725	0.8665802224800382	0.8587979304456748	0.139255316037322	10657,502,1453,2041
0.8629632157237426	0.8573263444041718	0.8629632157237426	0.8555830958320033	0.13638889701365942	10588,556,1452,2057
0.8615983075138197	0.856179828873287	0.8615983075138197	0.85399987464707	0.1362134019713943	10540,549,1479,2085
0.866989694943015	0.8616919856051789	0.866989694943015	0.8602295004090598	0.13861183421568346	10609,550,1399,2095
0.8605746263563775	0.8543636972441186	0.8605746263563775	0.8535452981420523	0.1360379069291292	10575,603,1440,2035
