accuracy	precision	recall	f1	oob	confMatrxVars
0.8567528833685935	0.8506947360861162	0.8567528833685935	0.846564852654546	0.1474743338500687	10689,498,1601,1865
0.85415955776974	0.8488550480186934	0.85415955776974	0.8425556768646818	0.14794232062944224	10685,456,1681,1831
0.8577765645260357	0.8519250873605939	0.8577765645260357	0.8476546221153768	0.1475620813712013	10696,490,1594,1873
0.8521804408653518	0.8459985498390491	0.8521804408653518	0.840426020635933	0.14569013425370736	10698,479,1687,1789
0.8579813007575241	0.8534215788385163	0.8579813007575241	0.846462871782951	0.15227119833864688	10739,424,1657,1833
0.8509520234764212	0.8455994499279704	0.8509520234764212	0.8382633933213685	0.1460703735119483	10691,446,1738,1778
0.8523169316863441	0.8461152914819924	0.8523169316863441	0.8410282747951339	0.15066249378455054	10666,492,1672,1823
0.8572306012420665	0.8523617957460997	0.8572306012420665	0.8458394400465338	0.1457193834274182	10725,437,1655,1836
0.8450829181737528	0.8383868736367833	0.8450829181737528	0.8320451607004469	0.14481265904238205	10634,492,1778,1749
0.8514297413498942	0.8466424423453152	0.8514297413498942	0.8388742751702516	0.1473865863289362	10662,437,1740,1814
0.8564116563161127	0.8505889575210482	0.8564116563161127	0.8452933197297223	0.15031150370002044	10740,467,1637,1809
0.8542278031802362	0.8481476705582122	0.8542278031802362	0.8442606536512748	0.14674310450729766	10602,520,1616,1915
0.8529311403808094	0.8475765283814279	0.8529311403808094	0.8413046240660718	0.1503700020474421	10656,463,1692,1842
0.8523851770968403	0.8461579441423321	0.8523851770968403	0.8404972611517518	0.14814706484541806	10717,475,1688,1773
0.8491776428035215	0.8445102762811592	0.8491776428035215	0.83629571883229	0.14577788177483986	10622,439,1771,1821
0.853681839896267	0.8478682853640054	0.853681839896267	0.8418930810826057	0.14920003509900848	10719,463,1681,1790
0.8518392138128711	0.846414098399017	0.8518392138128711	0.8396020121714509	0.14569013425370736	10682,454,1717,1800
0.8544325394117246	0.850219258174575	0.8544325394117246	0.8419046816711625	0.1476498288923338	10712,412,1721,1808
0.8526581587388248	0.8478260327429697	0.8526581587388248	0.840923485927757	0.14969727105209274	10626,452,1707,1868
0.8538865761277554	0.8479844498146512	0.8538865761277554	0.8428888659762708	0.1479130714557314	10665,486,1655,1847
0.8556609568006551	0.8506643947242467	0.8556609568006551	0.8443122781966398	0.14691859954956277	10685,449,1666,1853
0.8544325394117246	0.8486500311951088	0.8544325394117246	0.8431004450869276	0.1487027991459241	10700,471,1662,1820
0.8521804408653518	0.8461240150747802	0.8521804408653518	0.8400373006115212	0.1478253239345988	10721,466,1700,1766
0.8544325394117246	0.8482926618721468	0.8544325394117246	0.8433452892267039	0.15145222147474335	10704,485,1648,1816
0.8499283423189791	0.8439378584663165	0.8499283423189791	0.8382877138158221	0.14706484541811693	10615,491,1708,1839
