accuracy	precision	recall	f1	oob	confMatrxVars
0.8381218863031461	0.8315980707688919	0.8381218863031461	0.8215241757375803	0.15791628886483955	10688,442,1930,1593
0.8422848563434109	0.8363104791733498	0.8422848563434109	0.8262150493036939	0.1549036239726228	10740,424,1887,1602
0.8462430901521872	0.8428246906933317	0.8462430901521872	0.8290273556594852	0.15768229547515278	10833,348,1905,1567
0.8383948679451307	0.833002968167913	0.8383948679451307	0.8212630812309774	0.1549036239726228	10688,414,1954,1597
0.8389408312290998	0.8330990630159407	0.8389408312290998	0.8229613082661551	0.1537629061978999	10641,441,1919,1652
0.8472667713096295	0.8438467354951298	0.8472667713096295	0.8296799457090985	0.15513761736230947	10887,337,1901,1528
0.8438545007848223	0.8400316138578944	0.8438545007848223	0.8261356815488612	0.157272807043201	10818,356,1932,1547
0.846584317204668	0.8400160810505766	0.846584317204668	0.8322350336605031	0.1542893913246951	10761,449,1799,1644
0.8449464273527605	0.8393012787891455	0.8449464273527605	0.8293690770085069	0.15408464710871916	10763,416,1856,1618
0.8452876544052412	0.8391675383865085	0.8452876544052412	0.8314587690371977	0.15624908596332154	10667,461,1806,1719
0.8449464273527605	0.8394825608193554	0.8449464273527605	0.830375266563951	0.15443563719324926	10682,435,1837,1699
0.84283081962738	0.8393689233916698	0.84283081962738	0.8255649212319874	0.15932024920296006	10747,364,1939,1603
0.8439227461953184	0.8393239045672283	0.8439227461953184	0.8273777450749814	0.15683406943753841	10764,387,1900,1602
0.8426260833958916	0.8387223312609914	0.8426260833958916	0.8264097489052105	0.15809178390710465	10680,390,1916,1667
0.8443322186582952	0.8395163447356606	0.8443322186582952	0.8274694265797861	0.15619058761589988	10805,382,1899,1567
0.8405104756705112	0.8342134352204729	0.8405104756705112	0.8250966767589342	0.15466963058293604	10662,452,1885,1654
0.8464478263836757	0.8434280158716665	0.8464478263836757	0.8298279041196029	0.15683406943753841	10781,352,1898,1622
0.8400327577970381	0.8349350154672218	0.8400327577970381	0.8239253282834621	0.15537161075199624	10649,422,1922,1660
0.8466525626151641	0.8420876331680449	0.8466525626151641	0.8303121338229753	0.15771154464886372	10821,377,1870,1585
0.8459018630997065	0.8399445456525755	0.8459018630997065	0.8311643613492316	0.155781099183948	10742,434,1824,1653
0.843786255374326	0.83963363210879	0.843786255374326	0.8275846610208673	0.15747755125917695	10719,388,1901,1645
0.8439909916058145	0.8402263689496495	0.8439909916058145	0.8271555434769406	0.15654157770042998	10757,370,1916,1610
0.8457653722787143	0.8431557291875456	0.8457653722787143	0.8301711694885949	0.15660007604785164	10667,368,1892,1726
0.8427625742168839	0.8397744319629986	0.8427625742168839	0.8253112186368902	0.15636608265816487	10743,355,1949,1606
0.8418071384699379	0.8384032160550412	0.8418071384699379	0.8236478708844627	0.1554301090994179	10781,353,1965,1554
