accuracy	precision	recall	f1	oob	confMatrxVars
0.7668736777451717	0.5880952376184054	0.7668736777451717	0.6656901905617995	0.2419199157623797	11237,0,3416,0
0.7567733569917423	0.5727059138525511	0.7567733569917423	0.6519974948085953	0.23759103805317505	11089,0,3564,0
0.7620282535999454	0.5806870592845828	0.7620282535999454	0.6591120864244928	0.23984322442890993	11166,0,3487,0
0.7595714188220842	0.5769487402913941	0.7595714188220842	0.6557832596276459	0.23879025417531952	11130,0,3523,0
0.7619600081894493	0.5805830540800657	0.7619600081894493	0.6590195593334263	0.23981397525519899	11165,0,3488,0
0.7618917627789531	0.5804790581904206	0.7618917627789531	0.6589270356481568	0.23978472608148815	11164,0,3489,0
0.7599808912850611	0.5775709551184358	0.7599808912850611	0.6563377568227104	0.23896574921758462	11136,0,3517,0
0.7586159830751382	0.5754982097770585	0.7586159830751382	0.654489911743819	0.23838076574336775	11116,0,3537,0
0.7605268545690302	0.5784010965206628	0.7605268545690302	0.657077277770072	0.23917049343356045	11144,0,3509,0
0.7574558110967038	0.5737393057641654	0.7574558110967038	0.6529203205469335	0.23788352979028338	11099,0,3554,0
0.7590937009486112	0.5762232468198596	0.7590937009486112	0.6551365018351492	0.2385855099593437	11123,0,3530,0
0.7603221183375418	0.5780897236332869	0.7603221183375418	0.6567999317979804	0.23911199508613878	11141,0,3512,0
0.7612775540844878	0.5795435143528602	0.7612775540844878	0.6580944758069174	0.23952148351809066	11155,0,3498,0
0.7629836893468914	0.5821441102093937	0.7629836893468914	0.6604078230866137	0.2402527128608617	11180,0,3473,0
0.7586159830751382	0.5754982097770585	0.7586159830751382	0.654489911743819	0.23838076574336775	11116,0,3537,0
0.7567733569917423	0.5727059138525511	0.7567733569917423	0.6519974948085953	0.23759103805317505	11089,0,3564,0
0.7630519347573875	0.5822482551369925	0.7630519347573875	0.6605004012171829	0.24028196203457253	11181,0,3472,0
0.7614140449054801	0.5797513477793245	0.7614140449054801	0.6582794652468378	0.23957998186551233	11157,0,3496,0
0.7595714188220842	0.5769487402913941	0.7595714188220842	0.6557832596276459	0.23879025417531952	11130,0,3523,0
0.7580700197911691	0.5746701549061835	0.7580700197911691	0.6537511571631773	0.23814677235368098	11108,0,3545,0
0.7622329898314338	0.5809991307873668	0.7622329898314338	0.6593896881285171	0.23993097195004243	11169,0,3484,0
0.7616870265474647	0.5801671264107182	0.7616870265474647	0.6586494850310881	0.23969697856035566	11161,0,3492,0
0.763734388862349	0.5832902167309457	0.763734388862349	0.6614263694287686	0.24057445377168096	11191,0,3462,0
0.7611410632634955	0.5793357181858845	0.7611410632634955	0.6579095000060269	0.23946298517066889	11153,0,3500,0
0.7538388043404081	0.5682729429293761	0.7538388043404081	0.6480332645429119	0.2363333235836088	11046,0,3607,0
