accuracy	precision	recall	f1	oob	confMatrxVars
0.7867330921995496	0.8323963393385866	0.7867330921995496	0.7154073165458681	0.21191026353505515	11120,2,3123,408
0.7938306148911486	0.836359151270404	0.7938306148911486	0.727911412968729	0.2082833659949106	11155,3,3018,477
0.7865966013785572	0.8273716373647176	0.7865966013785572	0.7155035953620622	0.20930708707479018	11121,11,3116,405
0.7948542960485907	0.8268868131929292	0.7948542960485907	0.7331034286267877	0.20053233496153733	11101,30,2976,546
0.7858459018630997	0.8316370348603271	0.7858459018630997	0.7123259514172856	0.20962882798560944	11149,2,3136,366
0.7941035965331331	0.8367829675981443	0.7941035965331331	0.7301676513741749	0.20202404282079034	11111,3,3014,525
0.7881662458199686	0.8315526015354168	0.7881662458199686	0.717432835129048	0.20965807715932028	11142,5,3099,407
0.7908960622398143	0.834294661719783	0.7908960622398143	0.7215010211180475	0.20755213665213956	11171,3,3061,418
0.7905548351873336	0.835049915538544	0.7905548351873336	0.7197697648812915	0.21284623709380213	11193,1,3068,391
0.7829795946222616	0.8311928745650594	0.7829795946222616	0.7070983479127259	0.21392845652110326	11134,0,3180,339
0.7954685047430561	0.8346043148807154	0.7954685047430561	0.7304567771395456	0.2054754453186698	11177,9,2988,479
0.7920562342182488	0.8346836902468625	0.7920562342182488	0.724504313683777	0.2066161630933926	11155,4,3043,451
0.7876202825359995	0.8320244795523883	0.7876202825359995	0.7179454312102983	0.20667466144081426	11104,4,3108,437
0.7855729202211151	0.8277750348620598	0.7855729202211151	0.7138122789277794	0.21199801105618765	11111,9,3133,400
0.7934893878386678	0.8355414968954888	0.7934893878386678	0.7292369071917733	0.20418848167539272	11107,5,3021,520
0.7893264177984031	0.8268703640374809	0.7893264177984031	0.7214504706466	0.2041007341542601	11114,17,3070,452
0.7927386883232103	0.834817584771448	0.7927386883232103	0.7266517334611989	0.20579718622948906	11136,5,3032,480
0.7992902477308401	0.8330803733139047	0.7992902477308401	0.7379935854605979	0.20360349820117585	11183,20,2921,529
0.7961509588480175	0.8337905094990906	0.7961509588480175	0.7318226496471272	0.20222878703676617	11179,12,2975,487
0.7908960622398143	0.8316211801385952	0.7908960622398143	0.7233305062726333	0.20851735938459737	11134,9,3055,455
0.7876885279464956	0.8314429915127639	0.7876885279464956	0.7175693138456766	0.20834186434233237	11117,5,3106,425
0.7932846516071794	0.8303867437285694	0.7932846516071794	0.7247513600446064	0.20840036268975404	11216,13,3016,408
0.7879615095884802	0.8314059471837945	0.7879615095884802	0.7170253395062876	0.20869285442686247	11142,5,3102,404
0.7984713028048863	0.8287646289497795	0.7984713028048863	0.7415749983202057	0.19959636140279036	11058,37,2916,642
0.7964239404900021	0.8288065537227794	0.7964239404900021	0.7340274075138941	0.20293076720582648	11151,26,2957,519
