accuracy	precision	recall	f1	oob	confMatrxVars
0.8605746263563775	0.8545920311210078	0.8605746263563775	0.8529247604116438	0.13744186726724972	10584,568,1475,2026
0.8645328601651538	0.8588435232668777	0.8645328601651538	0.8580669696020785	0.1365643920559244	10576,591,1394,2092
0.8640551422916809	0.8582747383339863	0.8640551422916809	0.8568240613383675	0.13867033256310513	10627,560,1432,2034
0.861734798334812	0.8562955920848168	0.861734798334812	0.8536723789072453	0.13706162800900878	10588,530,1496,2039
0.8665802224800382	0.8613770018678184	0.8665802224800382	0.8599546419095357	0.13752961478838222	10572,556,1399,2126
0.8658295229645806	0.8603732401363697	0.8658295229645806	0.8587043456988726	0.13764661148322554	10627,545,1421,2060
0.8625537432607657	0.856904167709869	0.8625537432607657	0.8551090759777897	0.13723712305127378	10583,556,1458,2056
0.8651470688596192	0.8597768029872758	0.8651470688596192	0.8580285082678453	0.13755886396209305	10595,547,1429,2082
0.8599604176619122	0.8540153648781407	0.8599604176619122	0.8527413197823919	0.1366521395770569	10531,590,1462,2070
0.8644646147546577	0.8593879493496316	0.8644646147546577	0.8570380139679916	0.137003129661587	10566,530,1456,2101
0.8615300621033235	0.8559379267620653	0.8615300621033235	0.8541864965952555	0.1369153821404545	10538,565,1464,2086
0.8637139152392002	0.8581149457272896	0.8637139152392002	0.8563691974159651	0.137003129661587	10602,552,1445,2054
0.8656930321435884	0.8600492526829973	0.8656930321435884	0.8588700039382008	0.13875808008423762	10626,565,1403,2059
0.866989694943015	0.8618613572575885	0.866989694943015	0.8595781996551158	0.13747111644096055	10645,517,1432,2059
0.865078823449123	0.8596421589743287	0.865078823449123	0.8581541964237166	0.13808534908888825	10586,558,1419,2090
0.8628949703132465	0.8574222884970661	0.8628949703132465	0.855539433806042	0.13741261809353889	10563,553,1456,2081
0.8642598785231693	0.8586591958868889	0.8642598785231693	0.8565903673066999	0.1376173623095147	10645,535,1454,2019
0.8689005664369072	0.8637280802311057	0.8689005664369072	0.8616614059774679	0.13940156190587616	10691,514,1407,2041
0.8638504060601925	0.858261162188424	0.8638504060601925	0.856368312311824	0.13773435900435815	10616,545,1450,2042
0.8677403944584726	0.8620191737295606	0.8677403944584726	0.8615015174034308	0.1393430635584545	10663,584,1354,2052
0.8640551422916809	0.8583109825380716	0.8640551422916809	0.8573572022498733	0.13709087718271962	10585,584,1408,2076
0.8615300621033235	0.8553467089973033	0.8615300621033235	0.854676268694998	0.1361256544502618	10589,605,1424,2035
0.8641916331126732	0.8586186882025201	0.8641916331126732	0.856744170261733	0.13709087718271962	10621,544,1446,2042
0.8654882959120999	0.8598760068872657	0.8654882959120999	0.8583761672282678	0.13820234578373158	10637,552,1419,2045
0.8689005664369072	0.863892872144265	0.8689005664369072	0.8623780716578449	0.139255316037322	10603,541,1380,2129
