accuracy	precision	recall	f1	oob	confMatrxVars
0.8489729065720331	0.8455499118691916	0.8489729065720331	0.8328477058643448	0.15651232852671915	10826,354,1859,1614
0.8506790418344367	0.8466868253720014	0.8506790418344367	0.834796861741005	0.15504986984117697	10875,358,1830,1590
0.8426260833958916	0.8365949397085026	0.8426260833958916	0.8270709686570586	0.1559565942262131	10716,434,1872,1631
0.8451511635842489	0.8391457622800246	0.8451511635842489	0.8299795290340578	0.15575185001023717	10755,429,1840,1629
0.8438545007848223	0.8375979880746225	0.8438545007848223	0.8286612226620913	0.15548860744683968	10733,439,1849,1632
0.8426943288063877	0.8359000845841078	0.8426943288063877	0.8276213309211009	0.15782854134370705	10718,456,1849,1630
0.8427625742168839	0.8379213405483071	0.8427625742168839	0.8254671644619559	0.1530609260288397	10794,382,1922,1555
0.8486316795195523	0.8453484669250482	0.8486316795195523	0.8327988180492241	0.15502062066746614	10789,359,1859,1646
0.8412611751859688	0.8342771734875822	0.8412611751859688	0.8257783048320366	0.1589985082921408	10716,457,1869,1611
0.8463113355626835	0.8437663918710188	0.8463113355626835	0.8290712653326646	0.15791628886483955	10808,336,1916,1593
0.8460383539206988	0.8415131756326438	0.8460383539206988	0.8297267450578644	0.15905700663956246	10801,380,1876,1596
0.8446052003002799	0.8395863024180181	0.8446052003002799	0.828951566664604	0.15929100002924912	10734,407,1870,1642
0.841875383880434	0.8367176190425788	0.841875383880434	0.8253369506069929	0.1556933516628155	10730,405,1912,1606
0.8419436292909301	0.8348198289591896	0.8419436292909301	0.8269956228014306	0.15423089297727344	10705,468,1848,1632
0.8424213471644032	0.8366097939036727	0.8424213471644032	0.825911340481666	0.15815028225452632	10767,412,1897,1577
0.8472667713096295	0.842409493454212	0.8472667713096295	0.8321885923261919	0.15607359092105644	10756,403,1835,1659
0.8427625742168839	0.8365473485641118	0.8427625742168839	0.8265454060532262	0.15645383017929748	10772,422,1882,1577
0.8474715075411179	0.8426092356326612	0.8474715075411179	0.8317978041262869	0.15797478721226121	10806,390,1845,1612
0.8445369548897836	0.8396974994292259	0.8445369548897836	0.8285959543256148	0.1534119161133698	10746,399,1879,1629
0.8409881935439841	0.8349538860275689	0.8409881935439841	0.8255492914847983	0.15823802977565882	10665,445,1885,1658
0.8421483655224186	0.8372847447752934	0.8421483655224186	0.8256847916542536	0.15309017520255053	10721,401,1912,1619
0.8439909916058145	0.8394363629845689	0.8439909916058145	0.8278099891264266	0.15619058761589988	10738,393,1893,1629
0.8443322186582952	0.837402057918636	0.8443322186582952	0.8292334238169631	0.15791628886483955	10769,449,1832,1603
0.8423531017539071	0.8376604625701963	0.8423531017539071	0.8258060094021509	0.1555178566205505	10726,396,1914,1617
0.84283081962738	0.8370691951230859	0.84283081962738	0.8264080704893711	0.15695106613238174	10770,411,1892,1580
