accuracy	precision	recall	f1	oob	confMatrxVars
0.7716508564799017	0.8233366245404339	0.7716508564799017	0.6846662613478413	0.22747082394922347	11107,1,3345,200
0.7683750767760869	0.8224012598165625	0.7683750767760869	0.6744186649054573	0.23115621983678958	11157,0,3394,102
0.776496280625128	0.8271835378062585	0.776496280625128	0.6918465144429652	0.2255696276580187	11166,0,3275,212
0.7651675424827681	0.8207462264580618	0.7651675424827681	0.6708074398206094	0.2303957413203077	11098,0,3441,114
0.7626424622944107	0.8174606439602246	0.7626424622944107	0.6678711687270323	0.22709058469098253	11054,1,3477,121
0.7630519347573875	0.8192999644662861	0.7630519347573875	0.662348159857836	0.23478311737693414	11154,0,3472,27
0.7702859482699789	0.8233769602257087	0.7702859482699789	0.6762046392697592	0.23402263886045216	11198,0,3366,89
0.7655770149457449	0.8208745670444515	0.7655770149457449	0.6699362771991163	0.23238468513264499	11127,0,3435,91
0.7759503173411588	0.8251040242793021	0.7759503173411588	0.6929793803295461	0.22498464418380182	11125,2,3281,245
0.7775199617825701	0.8275914098038902	0.7775199617825701	0.6907790065661275	0.23030799379917521	11225,0,3260,168
0.7721968197638709	0.8243938966191838	0.7721968197638709	0.6785526885598808	0.23478311737693414	11230,0,3338,85
0.7713778748379172	0.824161067070376	0.7713778748379172	0.6809761595935857	0.23045423966772938	11160,0,3350,143
0.7642803521463182	0.8203028983299427	0.7642803521463182	0.6699723250656933	0.22840679750797044	11079,0,3454,120
0.7826383675697809	0.8307212123600468	0.7826383675697809	0.7024737655276152	0.2244581590570066	11213,0,3185,255
0.779362587865966	0.8289710970411056	0.779362587865966	0.6990059282206732	0.22238146772353684	11146,0,3233,274
0.7739029550262745	0.8257948504192743	0.7739029550262745	0.6886563972060202	0.22615461113223556	11122,0,3313,218
0.7799085511499352	0.8292615564719668	0.7799085511499352	0.6995926179208316	0.22320044458744037	11157,0,3225,271
0.762778953115403	0.81917594093914	0.762778953115403	0.662314127252792	0.23451987481353653	11145,0,3476,32
0.7658499965877295	0.8211479496237634	0.7658499965877295	0.6724017850730463	0.2288162859399222	11097,0,3431,125
0.7629836893468914	0.8193219034936471	0.7629836893468914	0.6632584166284939	0.23261867852233176	11138,0,3473,42
0.7799085511499352	0.8282146833607722	0.7799085511499352	0.6981386152177177	0.22603761443739212	11186,1,3224,242
0.7707636661434518	0.8238857665521545	0.7707636661434518	0.6810220698243021	0.22808505659715117	11136,0,3359,158
0.768921040060056	0.823079921374976	0.768921040060056	0.681252087654646	0.22577437187399452	11061,0,3386,206
0.7749948815942128	0.8240208611810903	0.7749948815942128	0.6842115632358243	0.2347538682032233	11242,1,3296,114
0.7659182419982257	0.8208662593775089	0.7659182419982257	0.6671737995448794	0.23390564216560883	11182,0,3430,41
