accuracy	precision	recall	f1	oob	confMatrxVars
0.8549785026956938	0.8488611757151143	0.8549785026956938	0.843526771917584	0.14963877270467107	10747,471,1654,1781
0.8522486862758479	0.8464252781633161	0.8522486862758479	0.8403873718821181	0.14674310450729766	10686,469,1696,1802
0.8529311403808094	0.8474734768786949	0.8529311403808094	0.8408970504277623	0.1478253239345988	10697,454,1701,1801
0.8539548215382515	0.848871204997724	0.8539548215382515	0.8416930424276726	0.14472491152124956	10723,436,1704,1790
0.8524534225073364	0.8479370295789878	0.8524534225073364	0.8399839793016088	0.14928778262014097	10668,429,1733,1823
0.8506107964239404	0.8451557787375826	0.8506107964239404	0.8377782651133214	0.14662610781245433	10699,446,1743,1765
0.8504743056029482	0.8443274616580242	0.8504743056029482	0.8391457059501755	0.14604112433823746	10615,500,1691,1847
0.8502013239609636	0.8443463627963959	0.8502013239609636	0.8379430472751423	0.14849805492994828	10664,470,1725,1794
0.859346208967447	0.8540603399254334	0.859346208967447	0.8486311860161185	0.14937553014127347	10751,452,1609,1841
0.8539548215382515	0.8475432188291835	0.8539548215382515	0.8429666300534335	0.14829331071397234	10702,496,1644,1811
0.8524534225073364	0.8465012048574304	0.8524534225073364	0.8414903993897777	0.14645061277018923	10626,496,1666,1865
0.8540230669487477	0.8484063827877588	0.8540230669487477	0.8426879082772614	0.14709409459182776	10678,470,1669,1836
0.8491093973930253	0.8429821923565702	0.8491093973930253	0.8362513106737701	0.1487905466670566	10697,465,1746,1745
0.8548420118747014	0.8488795067210834	0.8548420118747014	0.8431822531701096	0.1471233437655386	10750,463,1664,1776
0.8575718282945471	0.8532608235722995	0.8575718282945471	0.8460264137919947	0.1465968586387435	10715,421,1666,1851
0.8465160717941719	0.8399411058829857	0.8465160717941719	0.8339589881410219	0.1463336160753459	10630,495,1754,1774
0.8474032621306217	0.8407885138811496	0.8474032621306217	0.8352111420940369	0.1457193834274182	10629,501,1735,1788
0.8502695693714598	0.8447629432005077	0.8502695693714598	0.838148749672297	0.14560238673257475	10634,467,1727,1825
0.8572988466525626	0.8515128341063269	0.8572988466525626	0.846844694306522	0.15194945742782762	10706,481,1610,1856
0.85415955776974	0.8500364179925565	0.85415955776974	0.8421372820678443	0.14688935037585193	10653,424,1713,1863
0.8572306012420665	0.8522190600132994	0.8572306012420665	0.8463651333793757	0.1474743338500687	10686,454,1638,1875
0.8543642940012284	0.8485149972160408	0.8543642940012284	0.8425771502721701	0.14811781567170723	10740,460,1674,1779
0.8534088582542824	0.8480497880153365	0.8534088582542824	0.8419842316054332	0.14759133054491214	10652,466,1682,1853
0.8514979867603903	0.8460082913375284	0.8514979867603903	0.8398588765400271	0.1478253239345988	10626,473,1703,1851
0.8548420118747014	0.8495856863365757	0.8548420118747014	0.8429961496326683	0.14785457310830974	10722,445,1682,1804
