accuracy	precision	recall	f1	oob	confMatrxVars
0.833822425441889	0.8297276549044436	0.833822425441889	0.8129360228073833	0.15911550498698412	10768,355,2080,1450
0.8390773220500921	0.8351829596517147	0.8390773220500921	0.8201932925786295	0.16420486121267075	10773,360,1998,1522
0.8426260833958916	0.8385225310329367	0.8426260833958916	0.8231779144602703	0.16148468805756233	10908,337,1969,1439
0.8345731249573466	0.8312543975046781	0.8345731249573466	0.8132240987107482	0.1633858843487671	10795,336,2088,1434
0.8373711867876885	0.8356345037780682	0.8373711867876885	0.8155433761353102	0.1597882359823335	10858,300,2083,1412
0.835733296935781	0.8327152259222763	0.835733296935781	0.8144894013969352	0.1619819240106467	10811,329,2078,1435
0.8450829181737528	0.8414540204334623	0.8450829181737528	0.8258149935318477	0.1666910409780924	10948,323,1947,1435
0.8381218863031461	0.8381966388866327	0.8381218863031461	0.8158879570133512	0.16183567814209243	10862,273,2099,1419
0.8378489046611616	0.8360005353729429	0.8378489046611616	0.8166875213338392	0.1618941764895142	10832,308,2068,1445
0.8348461065993312	0.8298599822224128	0.8348461065993312	0.8152820989214055	0.16098745210447807	10739,382,2038,1494
0.8377124138401693	0.8337410451390193	0.8377124138401693	0.816766164492565	0.16326888765392378	10868,335,2043,1407
0.8371664505562001	0.8348411341932259	0.8371664505562001	0.8149550025608256	0.1618064289683816	10889,302,2084,1378
0.8376441684296732	0.8333653316846626	0.8376441684296732	0.8166481431775663	0.1612799438415865	10877,338,2041,1397
0.8405104756705112	0.8405860634704948	0.8405104756705112	0.8189488896327293	0.16315189095908045	10882,271,2066,1434
0.8403739848495189	0.8349717921966119	0.8403739848495189	0.8226948650531262	0.16139694053642983	10776,394,1945,1538
0.8433085375008531	0.8385000680606156	0.8433085375008531	0.8245825030143095	0.16493609055544178	10901,354,1942,1456
0.8398280215655497	0.8386474443621876	0.8398280215655497	0.8184220008902842	0.16253765831115274	10883,289,2058,1423
0.8395550399235652	0.8367870839513347	0.8395550399235652	0.8198199962992113	0.16089970458334557	10809,331,2020,1493
0.8434450283218453	0.83999118126959	0.8434450283218453	0.8236887386066398	0.16382462195442982	10931,321,1973,1428
0.8366204872722309	0.8325733986556729	0.8366204872722309	0.8165991779874422	0.15940799672409256	10786,355,2039,1473
0.8355285607042926	0.8305376138244779	0.8355285607042926	0.8154940760693715	0.16019772441428526	10785,371,2039,1458
0.8410564389544803	0.8398194517154369	0.8410564389544803	0.8214899034680657	0.15888151159729735	10796,309,2020,1528
0.8359380331672696	0.8323270165140252	0.8359380331672696	0.8139537252254303	0.1614554388838515	10874,324,2080,1375
0.8368252235037194	0.8378903145320669	0.8368252235037194	0.815146145408321	0.16253765831115274	10771,275,2116,1491
0.8385996041766192	0.8377693768406379	0.8385996041766192	0.8174568722551963	0.16353213021732138	10826,294,2071,1462
