accuracy	precision	recall	f1	oob	confMatrxVars
0.7925339520917218	0.8360876651051167	0.7925339520917218	0.7262052285387334	0.20527070110269385	11134,2,3038,479
0.7995632293728246	0.8258772611440256	0.7995632293728246	0.7385692228922814	0.2060896779665975	11203,39,2898,513
0.7943765781751178	0.8371273730631908	0.7943765781751178	0.7284809531093784	0.20769838252069384	11166,2,3011,474
0.7955367501535522	0.8379988598096151	0.7955367501535522	0.7316995816066362	0.20535844862382635	11141,2,2994,516
0.7887804545144339	0.8339265963629405	0.7887804545144339	0.7210419858826007	0.2067039106145251	11082,2,3093,476
0.7951272776905753	0.8367873976036019	0.7951272776905753	0.7305337843313273	0.20372049489601918	11153,4,2998,498
0.7874837917150072	0.8328452112793695	0.7874837917150072	0.7165941661879738	0.20620667466144083	11127,2,3112,412
0.7893946632088992	0.8333271273506087	0.7893946632088992	0.7188235671175833	0.2095995788118986	11164,3,3083,403
0.792124479628745	0.8297431126312064	0.792124479628745	0.7257392408943046	0.20351575068004324	11140,15,3031,467
0.7889851907459223	0.8329109256260102	0.7889851907459223	0.7203717426515291	0.20477346514960948	11110,4,3088,451
0.7923292158602334	0.8359944477485121	0.7923292158602334	0.7261316513216983	0.20538769779753718	11126,2,3041,484
0.7849587115266499	0.8310088059667698	0.7849587115266499	0.7102464071926091	0.2101260639386937	11155,2,3149,347
0.7920562342182488	0.8347819905398013	0.7920562342182488	0.7250814173413745	0.20834186434233237	11141,4,3043,465
0.7911007984713028	0.8355013514711345	0.7911007984713028	0.726219999809111	0.2007663283512241	11064,2,3059,528
0.7914420255237835	0.8355825285982652	0.7914420255237835	0.7257384784231444	0.20415923250168178	11093,2,3054,504
0.7957414863850406	0.8359995633994067	0.7957414863850406	0.7322645531285364	0.20211179034192284	11142,7,2986,518
0.7904865897768375	0.8311609320631663	0.7904865897768375	0.7202645103586572	0.2098628213752961	11186,8,3062,397
0.7885757182829455	0.8325184546098944	0.7885757182829455	0.7189331716253107	0.20562169118722395	11125,4,3094,430
0.7917150071657681	0.83382780361374	0.7917150071657681	0.7232508444931088	0.20962882798560944	11170,5,3047,431
0.7915785163447758	0.8325119969987854	0.7915785163447758	0.7242457059796454	0.20459797010734448	11143,8,3046,456
0.78884869992493	0.8333453840946935	0.78884869992493	0.7202273142706117	0.20538769779753718	11106,3,3091,453
0.7926021975022179	0.8281841965876405	0.7926021975022179	0.7254490865622587	0.20840036268975404	11173,18,3021,441
0.8042721626970586	0.8326246597334496	0.8042721626970586	0.746478070668017	0.20424698002281438	11220,32,2836,565
0.786460110557565	0.8324552715326067	0.786460110557565	0.7166775386003355	0.20456872093363365	11078,2,3127,446
0.7929434245546987	0.8329246781310866	0.7929434245546987	0.7264137629591645	0.2076691333469829	11156,9,3025,463
