accuracy	precision	recall	f1	oob	confMatrxVars
0.8594826997884393	0.853839135784431	0.8594826997884393	0.8502757204312061	0.13709087718271962	10647,506,1553,1947
0.8618712891558042	0.856009510075361	0.8618712891558042	0.8533233143430481	0.1389920734739244	10679,521,1503,1950
0.8591414727359585	0.8530810901467183	0.8591414727359585	0.8507016172227079	0.13712012635643045	10613,546,1518,1976
0.8552514843376783	0.8499766830887333	0.8552514843376783	0.8455638484763175	0.13592091023428587	10540,506,1615,1992
0.8673309219954958	0.862601647092154	0.8673309219954958	0.8599059158221176	0.1397818011641171	10609,504,1440,2100
0.8613935712823313	0.8556380966936522	0.8613935712823313	0.8533810737557302	0.1389920734739244	10609,542,1489,2013
0.8611888350508429	0.855485463970483	0.8611888350508429	0.8530029025570174	0.13884582760537012	10612,535,1499,2007
0.8620760253872927	0.8571105747709252	0.8620760253872927	0.8540340164925788	0.1381145982625991	10545,517,1504,2087
0.8632361973657272	0.8574943762957169	0.8632361973657272	0.8550520388943861	0.13858258504197252	10675,524,1480,1974
0.8618712891558042	0.8562847191801993	0.8618712891558042	0.8536056652439744	0.13814384743630992	10626,525,1499,2003
0.8610523442298506	0.8552297599331006	0.8610523442298506	0.8539653080855318	0.13910907016876772	10536,586,1450,2081
0.8592097181464546	0.853671762396038	0.8592097181464546	0.8500554502616992	0.13869958173681596	10625,507,1556,1965
0.8625537432607657	0.8569239322615094	0.8625537432607657	0.8547898870989571	0.139255316037322	10607,542,1472,2032
0.8605063809458814	0.8544549193445787	0.8605063809458814	0.8526876705704495	0.1386410833893943	10603,563,1481,2006
0.863645669828704	0.8578812085704378	0.863645669828704	0.8555845666533455	0.14007429290122553	10679,527,1471,1976
0.8641916331126732	0.8589556207818003	0.8641916331126732	0.855681778421291	0.13919681768990022	10680,494,1496,1983
0.8620077799767966	0.8564400951710481	0.8620077799767966	0.8537751474006198	0.13887507677908095	10625,525,1497,2006
0.8648740872176346	0.8604190776291799	0.8648740872176346	0.8560360398677843	0.1405715288543099	10661,461,1519,2012
0.8643963693441616	0.8585208747920174	0.8643963693441616	0.856375243091053	0.13954780777443032	10710,527,1460,1956
0.8568211287790896	0.8509133080513007	0.8568211287790896	0.8477995429563301	0.13676913627190035	10580,534,1564,1975
0.8620077799767966	0.8560336207104746	0.8620077799767966	0.8543304875775146	0.13826084413115325	10626,558,1464,2005
0.858459018630997	0.8531749555592306	0.858459018630997	0.8499368330648118	0.13831934247857502	10521,528,1546,2058
0.8608476079983621	0.8552417407478746	0.8608476079983621	0.8524647901191932	0.1372663722249846	10609,527,1512,2005
0.8628267249027503	0.8576074633952336	0.8628267249027503	0.8548139190717817	0.1397818011641171	10591,520,1490,2052
0.8562751654951205	0.8502697639462807	0.8562751654951205	0.8474834333659569	0.13714937553014128	10555,548,1558,1992
