accuracy	precision	recall	f1	oob	confMatrxVars
0.8179894902067836	0.8098639115421159	0.8179894902067836	0.812590103424159	0.21925180613647666	10087,1066,1601,1899
0.8338906708523852	0.8240097022794547	0.8338906708523852	0.8205349764042109	0.21419169908450086	10553,603,1831,1666
0.823858595509452	0.812431885285582	0.823858595509452	0.8030741681622067	0.21904706192050072	10725,493,2088,1347
0.8444004640687913	0.8366748585994642	0.8444004640687913	0.8369916029313296	0.20690865483050103	10379,730,1550,1994
0.807752678632362	0.8084308505755501	0.807752678632362	0.8080859878455563	0.22030477639006696	9646,1427,1390,2190
0.8369617143247117	0.8279869608975233	0.8369617143247117	0.8243279444398338	0.21164702097165755	10535,591,1798,1729
0.8261789394663209	0.8175226639379353	0.8261789394663209	0.8196203133586878	0.21398695486852493	10158,935,1612,1948
0.8302736640960895	0.8212416277830912	0.8302736640960895	0.8141757429958458	0.21337272222059722	10563,532,1955,1603
0.823858595509452	0.8199498331795466	0.823858595509452	0.8216174261777218	0.21463043669016346	9936,1165,1416,2136
0.8358015423462772	0.8256253653967639	0.8358015423462772	0.823158703081472	0.21305098130977795	10588,621,1785,1659
0.8327987442844469	0.8231748800530351	0.8327987442844469	0.8214990954897059	0.21036005732838048	10413,675,1775,1790
0.831433836074524	0.8217369000898646	0.831433836074524	0.8182516635620981	0.21147152592939245	10471,619,1851,1712
0.8372346959666962	0.8286597453132704	0.8372346959666962	0.8299411446147649	0.2097750738541636	10345,810,1575,1923
0.8373711867876885	0.8289109396371428	0.8373711867876885	0.8302351697866509	0.21477668255871774	10335,815,1568,1935
0.8452876544052412	0.8376011691982526	0.8452876544052412	0.8345838908848466	0.2076691333469829	10544,581,1686,1842
0.8360745239882618	0.8267782081565153	0.8360745239882618	0.8265922530496962	0.21261224370411536	10405,723,1679,1846
0.8325940080529585	0.8222842965025131	0.8325940080529585	0.8213293838020518	0.21237825031442858	10466,693,1760,1734
0.8353920698833004	0.8263285583459541	0.8353920698833004	0.8237486548691355	0.20930708707479018	10449,635,1777,1792
0.8365522418617348	0.8271997037280693	0.8365522418617348	0.8241114714107425	0.21319722717833223	10540,607,1788,1718
0.8426260833958916	0.8356247647385855	0.8426260833958916	0.8372875989102881	0.21015531311240454	10302,852,1454,2045
0.8297277008121204	0.8191361315794811	0.8297277008121204	0.8141984953320467	0.21398695486852493	10594,575,1920,1564
0.8337541800313929	0.8232510087127272	0.8337541800313929	0.8224270940214945	0.21202726022989848	10514,688,1748,1703
0.8469937896676448	0.8389470822321908	0.8469937896676448	0.8392955391622292	0.20895609699026008	10499,708,1534,1912
0.8164880911758684	0.8034212413973457	0.8164880911758684	0.7983985804088595	0.2164146362865249	10498,618,2071,1466
0.826247184876817	0.8152645754958265	0.826247184876817	0.8158696566206772	0.2142209482582117	10361,786,1760,1746
