accuracy	precision	recall	f1	oob	confMatrxVars
0.8360062785777657	0.8273313864068905	0.8360062785777657	0.8284614606529828	0.21167627014536838	10321,806,1597,1929
0.8362110148092541	0.8277691697870617	0.8362110148092541	0.8292028148477927	0.2125537453566937	10310,830,1570,1943
0.8386678495871153	0.8290805309181483	0.8386678495871153	0.8292556276994808	0.21384070899997076	10504,718,1646,1785
0.8239268409199482	0.8220421963894445	0.8239268409199482	0.8229262274370849	0.2148351809061394	9900,1233,1347,2173
0.8428990650378761	0.8351834411546245	0.8428990650378761	0.836476910764096	0.2096873263330311	10368,799,1503,1983
0.8338906708523852	0.8249580607639168	0.8338906708523852	0.8255729950418184	0.21015531311240454	10293,784,1650,1926
0.8289087558861666	0.8208930253547994	0.8289087558861666	0.8233350318124393	0.21708736728187428	10243,970,1537,1903
0.8451511635842489	0.8390453260734477	0.8451511635842489	0.8408446055770172	0.209511831290766	10297,885,1384,2087
0.8342318979048658	0.8262429767767674	0.8342318979048658	0.8279791539245477	0.20878060194799497	10229,878,1551,1995
0.8284310380126937	0.8199464889238717	0.8284310380126937	0.8222454493656843	0.21094504080259735	10231,942,1572,1908
0.828158056370709	0.8172770402789741	0.828158056370709	0.8167997804585396	0.21313872883091056	10410,729,1789,1725
0.8413294205964649	0.8338837416189415	0.8413294205964649	0.8354877447570427	0.21100353915001901	10320,840,1485,2008
0.8523851770968403	0.844729834748334	0.8523851770968403	0.8452370668538868	0.21065254906548891	10581,692,1471,1909
0.8422848563434109	0.8350365026568571	0.8422848563434109	0.8366842905576335	0.21053555237064558	10324,844,1467,2018
0.8349143520098273	0.827045380353584	0.8349143520098273	0.8291189288634303	0.21451343999532013	10287,904,1515,1947
0.826247184876817	0.819082589558463	0.826247184876817	0.8215759003986316	0.21977829126327186	10178,1034,1512,1929
0.8197638708796834	0.8114738840005016	0.8197638708796834	0.8139629151640605	0.21331422387317556	10054,1024,1617,1958
0.8394185491025729	0.8320540604303339	0.8394185491025729	0.8336003254354577	0.20857585773201903	10252,851,1502,2048
0.8258377124138402	0.816012832880171	0.8258377124138402	0.8179676189623086	0.21258299453040452	10260,890,1662,1841
0.825291749129871	0.8189040896706962	0.825291749129871	0.8211067222210836	0.21305098130977795	10005,1050,1510,2088
0.8284310380126937	0.8187099063837359	0.8284310380126937	0.8206917511635868	0.21875457018339228	10314,878,1636,1825
0.8353920698833004	0.8265231765676061	0.8353920698833004	0.8275179347328498	0.21106203749744068	10328,797,1615,1913
0.825769467003344	0.8142239638184805	0.825769467003344	0.8106452942492122	0.21331422387317556	10529,625,1928,1571
0.8323210264109738	0.8215755703982836	0.8323210264109738	0.8204805366822252	0.21433794495305503	10514,682,1775,1682
0.8211287790896062	0.8102338666547813	0.8211287790896062	0.8117358830712587	0.2122905027932961	10240,865,1756,1792
