accuracy	precision	recall	f1	oob	confMatrxVars
0.773220500921313	0.7896373630117627	0.773220500921313	0.6919196895439188	0.2334376553862353	11077,46,3277,253
0.7844127482426807	0.7548314588448815	0.7844127482426807	0.7462504713672224	0.23305741612799435	10702,539,2620,792
0.759912645874565	0.577467229360082	0.759912645874565	0.6562453320779651	0.2389365000438738	11135,0,3518,0
0.7837985395482154	0.7635464752959449	0.7837985395482154	0.7676847831539191	0.23463687150837986	10165,1009,2159,1320
0.763256670988876	0.5825607458090212	0.763256670988876	0.6607781560041484	0.24036970955570502	11184,0,3469,0
0.7671466593871562	0.7477944944486894	0.7671466593871562	0.6780026074690343	0.2385270116119219	11108,62,3350,133
0.7672149047976523	0.7481275201771146	0.7672149047976523	0.6839139938214905	0.23612857936763287	11036,96,3315,206
0.7669419231556678	0.7313556029129873	0.7669419231556678	0.7355875845810379	0.24127643394074116	10395,838,2577,843
0.7672149047976523	0.7499250678645073	0.7672149047976523	0.676960460769061	0.23820527070110264	11121,54,3357,121
0.8042721626970586	0.8311741884336833	0.8042721626970586	0.7512159154491647	0.22325894293486204	11092,45,2823,693
0.8009963829932437	0.786276499887912	0.8009963829932437	0.7890871889618694	0.2220889759864284	10163,967,1949,1574
0.7760868081621511	0.7636374214063898	0.7760868081621511	0.7087884761853707	0.23384714381818716	10957,164,3117,415
0.7633931618098683	0.8194294968057824	0.7633931618098683	0.6619283440014684	0.23984322442890993	11172,0,3467,14
0.7532928410564389	0.5674501043868814	0.7532928410564389	0.6472964368518916	0.23609933019392204	11038,0,3615,0
0.7586842284856343	0.5756017585528422	0.7586842284856343	0.6545822714842683	0.23841001491707858	11117,0,3536,0
0.7665324506926909	0.7760131196358564	0.7665324506926909	0.672216070531764	0.23785428061657254	11144,21,3400,88
0.7615505357264724	0.5799592184652771	0.7615505357264724	0.6584644683226178	0.239638480212934	11159,0,3494,0
0.7587524738961304	0.5757053166434981	0.7587524738961304	0.6546746346495812	0.23843926409078942	11118,0,3535,0
0.7635978980413567	0.5830817498931783	0.7635978980413567	0.6612411486096077	0.2405159554242593	11189,0,3464,0
0.758957210127619	0.5760160468046988	0.758957210127619	0.6549517446907155	0.2385270116119219	11121,0,3532,0
0.7900088719033646	0.8329467144152921	0.7900088719033646	0.7215004084231066	0.2267980929538741	11132,5,3072,444
0.7681703405445984	0.7758934791053691	0.7681703405445984	0.6807034585953092	0.23525110415630757	11082,43,3354,174
0.7724015559953593	0.7730787888876945	0.7724015559953593	0.694972675979215	0.23212144256924738	11021,86,3249,297
0.7754043540571897	0.743680097628723	0.7754043540571897	0.7255524287880888	0.23446137646611487	10741,414,2877,621
0.8050911076230124	0.8345481965498224	0.8050911076230124	0.7495484075278567	0.22545263096317525	11173,31,2825,624
