accuracy	precision	recall	f1	oob	confMatrxVars
0.8485634341090562	0.8435998635941108	0.8485634341090562	0.8339133055784296	0.15411389628243	10763,407,1812,1671
0.8462430901521872	0.8412212470406186	0.8462430901521872	0.8302969045793241	0.15680482026382758	10799,393,1860,1601
0.8463795809731796	0.8420878622351149	0.8463795809731796	0.8305894536189731	0.15581034835765895	10763,385,1866,1639
0.8450146727632567	0.8400849671285823	0.8450146727632567	0.8296236445067262	0.15589809587879144	10722,409,1862,1660
0.8432402920903569	0.838259830805483	0.8432402920903569	0.8285625918771298	0.15642458100558654	10623,434,1863,1733
0.8405104756705112	0.8365660188621962	0.8405104756705112	0.8237597045513457	0.1537629061978999	10665,391,1946,1651
0.8452194089947451	0.8402100364787962	0.8452194089947451	0.8290231847168698	0.1547281289303577	10789,393,1875,1596
0.8439227461953184	0.8405947458462023	0.8439227461953184	0.8268298839666629	0.15581034835765895	10759,360,1927,1607
0.8465160717941719	0.8409314661480356	0.8465160717941719	0.8319107577612003	0.15484512562520114	10732,428,1821,1672
0.843786255374326	0.8382460051728174	0.843786255374326	0.8285696153314841	0.15417239462985166	10702,428,1861,1662
0.834777861188835	0.8279261392498176	0.834777861188835	0.8168877161727133	0.1566585743952733	10695,437,1984,1537
0.8440592370163107	0.8393325059955093	0.8440592370163107	0.8284297707754688	0.15519611570973124	10706,406,1879,1662
0.8436497645533337	0.8383785634422278	0.8436497645533337	0.8275287707749458	0.15686331861124925	10752,406,1885,1610
0.8468572988466526	0.8430149237058452	0.8468572988466526	0.8301789292782802	0.15627833513703238	10825,360,1884,1584
0.8482222070565755	0.8434649255647403	0.8482222070565755	0.8325090779280433	0.1560443417473456	10825,384,1840,1604
0.8482222070565755	0.8419868461753603	0.8482222070565755	0.8331514529302018	0.15765304630144195	10840,419,1805,1589
0.8468572988466526	0.8414342497581397	0.8468572988466526	0.8315162807814098	0.15817953142823715	10788,408,1836,1621
0.8471985258991332	0.8437117344925953	0.8471985258991332	0.8300792396184339	0.15800403638597205	10854,346,1893,1560
0.8445369548897836	0.8379072540612518	0.8445369548897836	0.8296877989077421	0.15888151159729735	10744,449,1829,1631
0.8449464273527605	0.8403652910396974	0.8449464273527605	0.8285218767731304	0.1570095644798034	10782,384,1888,1599
0.8491776428035215	0.8459880222559908	0.8491776428035215	0.8326608756930043	0.15706806282722519	10853,343,1867,1590
0.8424213471644032	0.8376209930550053	0.8424213471644032	0.8261243360735974	0.15487437479891197	10714,402,1907,1630
0.8446052003002799	0.8408927887083987	0.8446052003002799	0.8276950114446733	0.1560443417473456	10777,365,1912,1599
0.8447416911212721	0.8422397925006813	0.8447416911212721	0.827018912079569	0.1590862558132733	10800,335,1940,1578
0.8424895925748993	0.8368168552573028	0.8424895925748993	0.8261934313049393	0.15399689958758667	10749,414,1894,1596
