accuracy	precision	recall	f1	oob	confMatrxVars
0.861257080461339	0.8553700775066235	0.861257080461339	0.8535760486572467	0.13662289040334608	10594,560,1473,2026
0.8609840988193544	0.8549735327974777	0.8609840988193544	0.8541272030973884	0.13770510983064732	10547,603,1434,2069
0.861734798334812	0.8559722926396637	0.861734798334812	0.8541982610819108	0.13723712305127378	10581,560,1466,2046
0.861734798334812	0.8555600291914822	0.861734798334812	0.8548713658472954	0.13744186726724972	10594,603,1423,2033
0.864123387702177	0.8580485942232269	0.864123387702177	0.8570235612057117	0.13750036561467138	10661,574,1417,2001
0.8693782843103801	0.8640480756613709	0.8693782843103801	0.8623611947842585	0.13931381438474366	10706,525,1389,2033
0.8607793625878659	0.8552318262527274	0.8607793625878659	0.853360140960641	0.13653514288221358	10517,565,1475,2096
0.8608476079983621	0.8549796708269602	0.8608476079983621	0.8535537592660534	0.1358624118868642	10551,579,1460,2063
0.8633726881867194	0.8578229783188696	0.8633726881867194	0.8557048822939851	0.1363011494925268	10613,539,1463,2038
0.8609158534088582	0.8550964252348302	0.8609158534088582	0.8531582964867934	0.1359501594079967	10582,557,1481,2033
0.8595509451989354	0.8535186466669051	0.8595509451989354	0.8521148010774374	0.13606715610284015	10546,585,1473,2049
0.8643963693441616	0.8596845414354749	0.8643963693441616	0.8559855556141286	0.13840708999970752	10625,484,1503,2041
0.863645669828704	0.858297712837461	0.863645669828704	0.856403540484957	0.13750036561467138	10559,550,1448,2096
0.8607111171773698	0.8539018589298295	0.8607111171773698	0.8531065452961434	0.1369153821404545	10693,592,1449,1919
0.8607111171773698	0.8551158084601205	0.8607111171773698	0.8527495268507983	0.13673988709818952	10567,544,1497,2045
0.8642598785231693	0.858692951416166	0.8642598785231693	0.8567077692083819	0.13758811313580388	10631,539,1450,2033
0.8620760253872927	0.8561381345520455	0.8620760253872927	0.8549230050096934	0.13650589370850275	10586,580,1441,2046
0.8648058418071385	0.8597721479106379	0.8648058418071385	0.8569814845088687	0.13597940858170754	10610,511,1470,2062
0.863645669828704	0.8580391935649286	0.863645669828704	0.8562638185196463	0.13475094328585213	10604,551,1447,2051
0.8637821606496963	0.8582497835384882	0.8637821606496963	0.8559396576703896	0.13776360817806899	10638,529,1467,2019
0.8623490070292773	0.85596592630075	0.8623490070292773	0.8549802417934048	0.1376173623095147	10669,581,1436,1967
0.8585955094519894	0.8524769436402476	0.8585955094519894	0.8508175707881249	0.13606715610284015	10554,578,1494,2027
0.861257080461339	0.8553376100093243	0.861257080461339	0.8536024161729465	0.137003129661587	10596,562,1471,2024
0.8592779635569507	0.853381212862609	0.8592779635569507	0.8511131010326113	0.1363011494925268	10577,552,1510,2014
0.865078823449123	0.8598141900538551	0.865078823449123	0.8577159598431608	0.1376173623095147	10601,534,1443,2075
