accuracy	precision	recall	f1	oob	confMatrxVars
0.7870743192520303	0.8296879149393993	0.7870743192520303	0.7174753840322936	0.20506595688671791	11094,8,3112,439
0.7856411656316112	0.8248359230781417	0.7856411656316112	0.714704478470218	0.2059141829243324	11100,15,3126,412
0.8072067153483928	0.8326868899792627	0.8072067153483928	0.7580637634863951	0.19187457954312792	11044,53,2772,784
0.8014058554562206	0.8246055177634323	0.8014058554562206	0.7459376710089117	0.2015560560414168	11111,57,2853,632
0.7973111308264519	0.8362681709620586	0.7973111308264519	0.7382854209996277	0.19427301178741696	11062,11,2959,621
0.8116426670306421	0.8241294435852057	0.8116426670306421	0.7640377749215973	0.20021059405071806	11166,100,2660,727
0.8027707636661434	0.7943155973899665	0.8027707636661434	0.762063177149076	0.2000643481821639	10909,279,2611,854
0.7914420255237835	0.8106611358919165	0.7914420255237835	0.7294462402482751	0.2033110064640674	11071,69,2987,526
0.7827066129802771	0.8154181544835499	0.7827066129802771	0.7106508489465861	0.21036005732838048	11074,29,3155,395
0.7903500989558452	0.8311295679264041	0.7903500989558452	0.7220127714253711	0.20641141887741676	11140,9,3063,441
0.7721285743533748	0.8214175846674311	0.7721285743533748	0.6858046408202633	0.2209482582117055	11107,3,3336,207
0.8214017607315908	0.836390884905685	0.8214017607315908	0.7835007510647186	0.1865219807540437	11037,104,2513,999
0.802088309561182	0.8361213907103409	0.802088309561182	0.7459500959746168	0.19716867998479048	11105,21,2879,648
0.7863236197365727	0.8308283257898541	0.7863236197365727	0.7137914241490196	0.2099505688964287	11140,4,3127,382
0.7783389067085239	0.8262853350225302	0.7783389067085239	0.6995702929345261	0.2115007751031034	11095,3,3245,310
0.8050911076230124	0.8402620490292457	0.8050911076230124	0.751029368034973	0.19275205475445323	11108,15,2841,689
0.8097317955367501	0.8288939253584784	0.8097317955367501	0.7602029268303376	0.1977244142852964	11146,71,2717,719
0.795946222616529	0.8184686807588434	0.795946222616529	0.737698340722853	0.19854339114920005	11066,62,2928,597
0.7875520371255033	0.8324370175420831	0.7875520371255033	0.7173810926224804	0.20992131972271788	11113,3,3110,427
0.7977206032894287	0.832339519041999	0.7977206032894287	0.7373646643092787	0.19655444733686278	11121,21,2943,568
0.7893264177984031	0.8338147117665168	0.7893264177984031	0.7184657697364727	0.21036005732838048	11168,2,3085,398
0.8170340544598376	0.8338669219202416	0.8170340544598376	0.7751671951787974	0.18596624645353765	11073,90,2591,899
0.7901453627243568	0.8330257527646137	0.7901453627243568	0.7216841388597026	0.20456872093363365	11134,5,3070,444
0.8024977820241589	0.8234816625989047	0.8024977820241589	0.7488079576214701	0.1966714440317061	11095,67,2827,664
0.8236538592779635	0.8333063208569484	0.8236538592779635	0.7860935943196597	0.1893299014302846	11123,129,2455,946
