accuracy	precision	recall	f1	oob	confMatrxVars
0.8625537432607657	0.8574314154077727	0.8625537432607657	0.8544041802213069	0.14516364912691215	10586,514,1500,2053
0.8594826997884393	0.85323447347191	0.8594826997884393	0.8510008756414268	0.1402205387697798	10646,547,1512,1948
0.8609158534088582	0.8554945122011383	0.8609158534088582	0.8531686664833051	0.14472491152124956	10534,547,1491,2081
0.8561386746741282	0.8500230706541485	0.8561386746741282	0.8471754190011035	0.1397818011641171	10576,545,1563,1969
0.8602333993038969	0.854121111239808	0.8602333993038969	0.8522189343165606	0.14375968878879175	10617,558,1490,1988
0.8596874360199277	0.8536596717553669	0.8596874360199277	0.8521834623475208	0.14346719705168332	10554,581,1475,2043
0.8585955094519894	0.8520646153868388	0.8585955094519894	0.8512882015304102	0.14279446605633395	10580,611,1461,2001
0.8618030437453081	0.8562843931261704	0.8618030437453081	0.8538268910440157	0.14226798092953874	10591,535,1490,2037
0.8573670920630587	0.8518772294416285	0.8573670920630587	0.848425430736124	0.1418877416712978	10549,524,1566,2014
0.8641916331126732	0.8584216815096082	0.8641916331126732	0.8567824177589951	0.1435549445728158	10643,551,1439,2020
0.8611205896403467	0.8549029041413287	0.8611205896403467	0.85328446651394	0.144256924741876	10642,563,1472,1976
0.8568893741895858	0.8508039667440146	0.8568893741895858	0.8484007161120902	0.14068852554915323	10556,558,1539,2000
0.8637821606496963	0.8580723450709634	0.8637821606496963	0.8562144363304657	0.14437392143671945	10636,545,1451,2021
0.8587320002729817	0.8525833724254773	0.8587320002729817	0.8510912193122498	0.13948930942700866	10552,584,1486,2031
0.8611205896403467	0.8552275558594824	0.8611205896403467	0.8535558964621941	0.14273596770891217	10582,566,1469,2036
0.8604381355353853	0.8546936443298198	0.8604381355353853	0.8526116129196893	0.1414490040656351	10565,555,1490,2043
0.8613253258718351	0.8562604534204817	0.8613253258718351	0.8527163294090758	0.14270671853520134	10590,503,1529,2031
0.8633044427762233	0.8574919276875567	0.8633044427762233	0.8555327846502248	0.14253122349293634	10651,542,1461,1999
0.8669214495325189	0.8616455944068901	0.8669214495325189	0.8592813592575632	0.14463716400011695	10682,512,1438,2021
0.8528628949703132	0.8463827253357517	0.8528628949703132	0.8442304599669784	0.14051303050688813	10497,586,1570,2000
0.8592097181464546	0.8531900547581323	0.8592097181464546	0.8521651843063758	0.1414490040656351	10509,605,1458,2081
0.862212516208285	0.857005821600228	0.862212516208285	0.8537096751710869	0.14326245283570738	10619,505,1514,2015
0.8618030437453081	0.8569109311549408	0.8618030437453081	0.8523129903001719	0.1444031706104303	10676,467,1558,1952
0.8656930321435884	0.859751482440658	0.8656930321435884	0.8584693831733621	0.14548539003773142	10696,555,1413,1989
0.8592097181464546	0.8531310188246277	0.8592097181464546	0.8508447064239646	0.14253122349293634	10611,549,1514,1979
