accuracy	precision	recall	f1	oob	confMatrxVars
0.8557292022111513	0.8501783687204877	0.8557292022111513	0.8460647563818954	0.14454941647898445	10574,510,1604,1965
0.8646011055756501	0.8591357147101456	0.8646011055756501	0.8559781298375668	0.14691859954956277	10725,493,1491,1944
0.8596191906094315	0.8538338945583002	0.8596191906094315	0.8506273877925268	0.14574863260112902	10645,516,1541,1951
0.8564116563161127	0.8512512475264293	0.8564116563161127	0.8455680962460872	0.14604112433823746	10671,462,1642,1878
0.8563434109056166	0.8500248565191324	0.8563434109056166	0.8473103591191189	0.14697709789698443	10607,546,1559,1941
0.8556609568006551	0.8494449804496678	0.8556609568006551	0.8464766304646891	0.14378893796250258	10590,542,1573,1948
0.8588002456834778	0.8542559299724461	0.8588002456834778	0.8486303691015937	0.1457193834274182	10631,456,1613,1953
0.8569576196000819	0.8515965086003928	0.8569576196000819	0.8465604396496664	0.1482640615402615	10660,476,1620,1897
0.8594826997884393	0.8549976381504092	0.8594826997884393	0.8487408673061222	0.14548539003773142	10703,435,1624,1891
0.8516344775813827	0.8447287835283841	0.8516344775813827	0.8416963484342223	0.14498815408464716	10598,554,1620,1881
0.8522486862758479	0.8462077648581806	0.8522486862758479	0.8418376673498618	0.14551463921144225	10581,516,1649,1907
0.8577083191155395	0.8512197765984085	0.8577083191155395	0.8486737935606985	0.14700634707069526	10662,542,1543,1906
0.8599604176619122	0.8544758523392971	0.8599604176619122	0.850154590638978	0.14688935037585193	10701,480,1572,1900
0.858390773220501	0.8531982584149906	0.858390773220501	0.8490898151067379	0.14413992804703268	10585,499,1576,1993
0.8538865761277554	0.8474801253573467	0.8538865761277554	0.8445171065584404	0.1472110912866712	10573,550,1591,1939
0.8578448099365318	0.853103894599237	0.8578448099365318	0.847285698330928	0.1471233437655386	10656,454,1629,1914
0.8554562205691667	0.8499588288386062	0.8554562205691667	0.8448213361813607	0.1465091111176109	10649,480,1638,1886
0.8592097181464546	0.8533963787194725	0.8592097181464546	0.8490826725441064	0.14551463921144225	10734,481,1582,1856
0.8623490070292773	0.8568080146423286	0.8623490070292773	0.8539489338648836	0.14542689169030976	10647,516,1501,1989
0.861734798334812	0.8560779399091833	0.861734798334812	0.8541713072836573	0.14735733715522537	10570,556,1470,2057
0.8554562205691667	0.8495203402604772	0.8554562205691667	0.844925360719329	0.14569013425370736	10672,492,1626,1863
0.8564116563161127	0.8501327277107567	0.8564116563161127	0.8475207472690857	0.1439059346573459	10594,550,1554,1955
0.8585955094519894	0.8531422535956754	0.8585955094519894	0.847691769921324	0.14612887185936996	10758,454,1618,1823
0.8644646147546577	0.858953590554866	0.8644646147546577	0.8563564846788578	0.14735733715522537	10679,514,1472,1988
0.8545007848222207	0.8476979842422783	0.8545007848222207	0.8461717533293579	0.145017403258358	10558,597,1535,1963
