accuracy	precision	recall	f1	oob	confMatrxVars
0.862212516208285	0.8561289551314593	0.862212516208285	0.855342538494769	0.14068852554915323	10594,597,1422,2040
0.8625537432607657	0.8567110315206646	0.8625537432607657	0.8546061543667894	0.1417122466290327	10647,540,1474,1992
0.8645328601651538	0.8591053716977701	0.8645328601651538	0.8575194222069488	0.14077627307028573	10576,557,1428,2092
0.8620077799767966	0.8562414283035632	0.8620077799767966	0.8546434706045408	0.13887507677908095	10576,566,1456,2055
0.8656930321435884	0.8602851789435534	0.8656930321435884	0.8588671314949781	0.14490040656351455	10592,558,1410,2093
0.8630314611342387	0.8570229331878122	0.8630314611342387	0.8561463126565498	0.14019128959606886	10607,589,1418,2039
0.8581177915785163	0.8519709933349859	0.8581177915785163	0.8507704562941721	0.139430811079587	10515,601,1478,2059
0.8599604176619122	0.8537436080646477	0.8599604176619122	0.8514681273952641	0.14191699084500864	10657,543,1509,1944
0.8610523442298506	0.8552515432816926	0.8610523442298506	0.8539786919137498	0.1397818011641171	10532,586,1450,2085
0.8618030437453081	0.8559391179281166	0.8618030437453081	0.8548717033310294	0.13984029951153876	10553,590,1435,2075
0.8624172524397734	0.8564853734845853	0.8624172524397734	0.8551609089208009	0.14086402059141834	10602,573,1443,2035
0.8601651538934006	0.8542297642202702	0.8601651538934006	0.8519572144923452	0.1406592763754424	10610,546,1503,1994
0.8620077799767966	0.8561403429228073	0.8620077799767966	0.8541120412103635	0.14209248588727363	10630,546,1476,2001
0.8591414727359585	0.8533761121131199	0.8591414727359585	0.8508885932306524	0.13984029951153876	10566,546,1518,2023
0.862690234081758	0.8570739293133286	0.862690234081758	0.8558359298515649	0.14010354207493636	10537,581,1431,2104
0.8629632157237426	0.8568880360923682	0.8629632157237426	0.8557123338326211	0.14165374828161104	10637,574,1434,2008
0.8598239268409199	0.8535571476226333	0.8598239268409199	0.8520780799838757	0.14089326976512917	10605,576,1478,1994
0.8595509451989354	0.8531696382099335	0.8595509451989354	0.8521835300917592	0.1399572962063822	10589,598,1460,2006
0.8610523442298506	0.8557759394191131	0.8610523442298506	0.8524282017620595	0.141098013981105	10604,509,1527,2013
0.860301644714393	0.8549603153621305	0.860301644714393	0.8510788941534382	0.1411857615022376	10645,494,1553,1961
0.8645328601651538	0.8595227246074347	0.8645328601651538	0.8574661660621067	0.13910907016876772	10525,543,1442,2143
0.8637821606496963	0.858727246315	0.8637821606496963	0.8561963756669281	0.13902132264763523	10559,527,1469,2098
0.8635774244182078	0.8578690434420672	0.8635774244182078	0.8556918128996204	0.14042528298575563	10656,533,1466,1998
0.8639186514706886	0.858560435084534	0.8639186514706886	0.8563302033762347	0.14019128959606886	10599,534,1460,2060
0.8603698901248891	0.8548602168205078	0.8603698901248891	0.852235468642762	0.13975255199040626	10563,537,1509,2044
