accuracy	precision	recall	f1	oob	confMatrxVars
0.8613253258718351	0.8562880930188819	0.8613253258718351	0.852447578380822	0.14063002720173157	10614,493,1539,2007
0.8621442707977889	0.856243317478644	0.8621442707977889	0.8546922090965259	0.1422387317558279	10604,565,1455,2029
0.8663072408380537	0.8605891648586003	0.8663072408380537	0.8593252266120023	0.1425019743192255	10666,556,1403,2028
0.8594826997884393	0.8536518918456752	0.8594826997884393	0.8519369688941253	0.13957705694814126	10526,575,1484,2068
0.8630314611342387	0.8570920354926956	0.8630314611342387	0.8557421285879449	0.14045453215946646	10623,568,1439,2023
0.8621442707977889	0.8562741383171495	0.8621442707977889	0.8548012416638641	0.1403082862909123	10592,569,1451,2041
0.8630997065447349	0.8574664969763152	0.8630997065447349	0.8550918980504494	0.14045453215946646	10644,529,1477,2003
0.8622807616187811	0.8561567628023933	0.8622807616187811	0.8551467192775034	0.1426774693614905	10617,585,1433,2018
0.8640551422916809	0.8587569493924088	0.8640551422916809	0.856377859248238	0.13966480446927376	10604,528,1464,2057
0.8603698901248891	0.854297078605763	0.8603698901248891	0.8522540974391761	0.1389920734739244	10624,552,1494,1983
0.8637139152392002	0.8582592577688769	0.8637139152392002	0.8561553534479874	0.14212173506098458	10602,539,1458,2054
0.8581860369890125	0.8520957691181235	0.8581860369890125	0.8493720143736387	0.13937231273216533	10619,538,1540,1956
0.8626219886712618	0.8567745149149277	0.8626219886712618	0.8556167154754619	0.1432039544882857	10579,581,1432,2061
0.8613253258718351	0.85544973294927	0.8613253258718351	0.8538225285599095	0.14112726315481583	10581,567,1465,2040
0.8635091790077117	0.8576032684574703	0.8635091790077117	0.8562380156902508	0.1412735090233701	10631,565,1435,2022
0.8605063809458814	0.8544934928425633	0.8605063809458814	0.8529653404910309	0.1400450437275147	10578,574,1470,2031
0.8596874360199277	0.8536044843084034	0.8596874360199277	0.8517807116212888	0.14124425984965927	10590,565,1491,2007
0.8624854978502696	0.8574051157254772	0.8624854978502696	0.854484490743435	0.1401327912486472	10565,519,1496,2073
0.8594826997884393	0.8532417339635956	0.8594826997884393	0.8519974920523464	0.13913831934247856	10575,589,1470,2019
0.8656930321435884	0.8604154641825681	0.8656930321435884	0.8579457552619936	0.14168299745532187	10656,515,1453,2029
0.8623490070292773	0.8570096275349525	0.8623490070292773	0.8538362602648648	0.13984029951153876	10637,507,1510,1999
0.8598921722514161	0.8540538438466123	0.8598921722514161	0.8520723577829192	0.13954780777443032	10560,561,1492,2040
0.863167951955231	0.8576094655271376	0.863167951955231	0.8559331847315026	0.14033753546462313	10572,559,1446,2076
0.8624854978502696	0.856682647446885	0.8624854978502696	0.8554900351294984	0.14141975489192427	10568,581,1434,2070
0.8611205896403467	0.8554083047334232	0.8611205896403467	0.8532187967992416	0.13826084413115325	10587,547,1488,2031
