accuracy	precision	recall	f1	oob	confMatrxVars
0.8658295229645806	0.860323125080922	0.8658295229645806	0.8581786450463594	0.14291146275117728	10678,524,1442,2009
0.8615983075138197	0.8558344221896116	0.8615983075138197	0.8530174607416074	0.1416244991079002	10664,519,1509,1961
0.8630314611342387	0.8570867436482301	0.8630314611342387	0.8553518913399023	0.1413612565445026	10652,551,1456,1994
0.8575718282945471	0.8507419072838378	0.8575718282945471	0.8505006086810274	0.13946006025329782	10587,638,1449,1979
0.8624172524397734	0.8568539645874484	0.8624172524397734	0.8547963407323511	0.14130275819708094	10583,547,1469,2054
0.8637139152392002	0.858312848542234	0.8637139152392002	0.8557947242347558	0.1411857615022376	10628,523,1474,2028
0.8592097181464546	0.8532118049986646	0.8592097181464546	0.8514530973874493	0.1414490040656351	10555,572,1491,2035
0.8614618166928274	0.8558768353805475	0.8614618166928274	0.8533670157061056	0.14130275819708094	10599,534,1496,2024
0.8663072408380537	0.860550486588564	0.8663072408380537	0.859191890516591	0.14349644622539415	10681,551,1408,2013
0.8639868968811847	0.8588337074855358	0.8639868968811847	0.8563431405281611	0.14174149580274353	10582,526,1467,2078
0.8589367365044701	0.8528735225312898	0.8589367365044701	0.8502034607727176	0.14033753546462313	10631,536,1531,1955
0.8628267249027503	0.8569825458969389	0.8628267249027503	0.8555690825532212	0.14007429290122553	10602,568,1442,2041
0.8601651538934006	0.8540552448911977	0.8601651538934006	0.8532877199157186	0.14159524993418937	10540,610,1439,2064
0.8611205896403467	0.8554763394909015	0.8611205896403467	0.8527813327860239	0.14092251893884	10617,528,1507,2001
0.8589367365044701	0.8527580869001087	0.8589367365044701	0.8513947069488923	0.14001579455380386	10555,588,1479,2031
0.8616665529243158	0.8558435432956278	0.8616665529243158	0.8543106635816811	0.14150750241305687	10573,570,1457,2053
0.8645328601651538	0.8586839996324982	0.8645328601651538	0.8572340339301061	0.14200473836614114	10655,556,1429,2013
0.8647375963966423	0.8590621138665433	0.8647375963966423	0.8575297511550021	0.14106876480739416	10631,554,1428,2040
0.8667167133010305	0.8618130252053643	0.8667167133010305	0.8594835992305433	0.1417122466290327	10592,520,1433,2108
0.8602333993038969	0.8542206015270009	0.8602333993038969	0.8521599815853201	0.13984029951153876	10610,553,1495,1995
0.8596874360199277	0.8538936737967664	0.8596874360199277	0.8515733905056772	0.14019128959606886	10573,549,1507,2024
0.862212516208285	0.8570449237182218	0.862212516208285	0.8538451547539679	0.14133200737079177	10602,509,1510,2032
0.861257080461339	0.8555277911153379	0.861257080461339	0.8531156677550759	0.14124425984965927	10613,537,1496,2007
0.863167951955231	0.8581129295973479	0.863167951955231	0.8548348344599201	0.14054227968059907	10615,502,1503,2033
0.864123387702177	0.8583230776510822	0.864123387702177	0.8563801528096432	0.1426774693614905	10671,538,1453,1991
