accuracy	precision	recall	f1	oob	confMatrxVars
0.8610523442298506	0.8561763955246867	0.8610523442298506	0.8517231523396874	0.14261897101406884	10637,476,1560,1980
0.858390773220501	0.8520879268277657	0.858390773220501	0.8502098419166009	0.1418877416712978	10599,567,1508,1979
0.855592711390159	0.8501408762151408	0.855592711390159	0.8461788868811772	0.14098101728626167	10539,517,1599,1998
0.8547055210537091	0.8485653256333405	0.8547055210537091	0.845822479350669	0.1405715288543099	10532,557,1572,1992
0.8585955094519894	0.852842538589373	0.8585955094519894	0.8503446835964888	0.14349644622539415	10549,549,1523,2032
0.8595509451989354	0.8544171312062806	0.8595509451989354	0.8501254602471935	0.14159524993418937	10625,487,1571,1970
0.858390773220501	0.8525221870964959	0.858390773220501	0.8496701054465631	0.1424142267980929	10595,535,1540,1983
0.8575718282945471	0.8515299306669742	0.8575718282945471	0.8483065023045794	0.14437392143671945	10634,524,1563,1932
0.8602333993038969	0.8553465609129479	0.8602333993038969	0.8509080318550842	0.144256924741876	10614,481,1567,1991
0.8614618166928274	0.8558863518112312	0.8614618166928274	0.8529275015456795	0.14308695779344238	10637,517,1513,1986
0.8578448099365318	0.8519876196311672	0.8578448099365318	0.8491529167118284	0.14182924332387614	10576,539,1544,1994
0.8560021838531359	0.850047675795829	0.8560021838531359	0.8465346683750797	0.14121501067594844	10599,524,1586,1944
0.8568211287790896	0.8508425389060831	0.8568211287790896	0.847473614775855	0.14387668548363508	10614,524,1574,1941
0.8590732273254623	0.8533946599850487	0.8590732273254623	0.8498041412928916	0.1417999941501653	10644,507,1558,1944
0.8651470688596192	0.8601905825949282	0.8651470688596192	0.8567241637253491	0.14296996109859894	10672,485,1491,2005
0.8640551422916809	0.8589893049510793	0.8640551422916809	0.8555796844903755	0.14244347597180385	10656,492,1500,2005
0.8549785026956938	0.8496074046286208	0.8549785026956938	0.8444062903789196	0.14115651232852677	10621,482,1643,1907
0.8620760253872927	0.8564634356086311	0.8620760253872927	0.853478794941085	0.14472491152124956	10664,512,1509,1968
0.8578448099365318	0.8524373538138093	0.8578448099365318	0.8483074452916491	0.14106876480739416	10610,499,1584,1960
0.8620077799767966	0.8569598982882315	0.8620077799767966	0.8528216486866034	0.1427652168826231	10665,479,1543,1966
0.8575718282945471	0.8511158253251575	0.8575718282945471	0.8478679722942655	0.14370119044137009	10706,518,1569,1860
0.8540913123592438	0.8478532678185574	0.8540913123592438	0.8446114880111261	0.14191699084500864	10572,541,1597,1943
0.8564116563161127	0.8504783123621517	0.8564116563161127	0.847472543388671	0.14191699084500864	10564,540,1564,1985
0.8580495461680202	0.8516680000048862	0.8580495461680202	0.8492147763671382	0.14645061277018923	10646,545,1535,1927
0.8611205896403467	0.8560417129355047	0.8611205896403467	0.8521807954375211	0.14264822018777967	10618,493,1542,2000
