accuracy	precision	recall	f1	oob	confMatrxVars
0.8534088582542824	0.8471552203473594	0.8534088582542824	0.8430645058627243	0.14969727105209274	10624,516,1632,1881
0.853681839896267	0.848667633855718	0.853681839896267	0.8419176824723151	0.14759133054491214	10668,449,1695,1841
0.8526581587388248	0.8456939237811358	0.8526581587388248	0.8420626559915513	0.14803006815057473	10678,527,1632,1816
0.8538183307172592	0.8474183695850362	0.8538183307172592	0.8440185671394578	0.14604112433823746	10604,535,1607,1907
0.8574353374735549	0.8515233957624513	0.8574353374735549	0.8479149374012634	0.14592412764339402	10640,513,1576,1924
0.8615300621033235	0.8563696200504086	0.8615300621033235	0.8514824337569705	0.14680160285471933	10743,457,1572,1881
0.8569576196000819	0.8514687534790288	0.8569576196000819	0.8463399204803186	0.1472110912866712	10689,472,1624,1868
0.8517027229918788	0.8446409163162606	0.8517027229918788	0.8400055294564708	0.15051624791599638	10738,500,1673,1742
0.855592711390159	0.8492928315128196	0.855592711390159	0.8446487532074016	0.15291468016028542	10736,486,1630,1801
0.8587320002729817	0.8532102936774891	0.8587320002729817	0.8481196059928792	0.14484190821609289	10741,463,1607,1842
0.8553197297481744	0.8494655733049665	0.8553197297481744	0.8443521166110626	0.14785457310830974	10699,478,1642,1834
0.8552514843376783	0.8502687479156	0.8552514843376783	0.8443037083552968	0.14706484541811693	10636,462,1659,1896
0.8514297413498942	0.8460851356161125	0.8514297413498942	0.8400554938172363	0.148176314019129	10592,478,1699,1884
0.8547055210537091	0.8487546430571521	0.8547055210537091	0.844723319457893	0.14411067887332185	10606,514,1615,1918
0.8519757046338634	0.8469915080430709	0.8519757046338634	0.8401090971698886	0.1472988388078037	10628,455,1714,1856
0.853681839896267	0.8487869253886541	0.853681839896267	0.842038452029306	0.1465968586387435	10650,450,1694,1859
0.8538183307172592	0.8482892573516461	0.8538183307172592	0.842466824888456	0.14823481236655067	10668,469,1673,1843
0.8493141336245138	0.8424265119223234	0.8493141336245138	0.8384293284294908	0.14823481236655067	10602,535,1673,1843
0.8525899133283287	0.8462921997289349	0.8525899133283287	0.8418182111640599	0.1453683933428881	10639,508,1652,1854
0.8549102572851975	0.8492395740467006	0.8549102572851975	0.844839038001365	0.1465968586387435	10597,504,1622,1930
0.8542278031802362	0.847749113814762	0.8542278031802362	0.8436946666417274	0.14697709789698443	10679,510,1626,1838
0.8618712891558042	0.8565376769647252	0.8618712891558042	0.8518345106884313	0.1503700020474421	10765,459,1565,1864
0.8532041220227939	0.8469408282020032	0.8532041220227939	0.8427863720721	0.14528064582175548	10625,515,1636,1877
0.8573670920630587	0.8515183831959618	0.8573670920630587	0.8470138089691389	0.1486150516247916	10704,485,1605,1859
0.8525216679178326	0.8476368997191975	0.8525216679178326	0.8400525915012831	0.14674310450729766	10690,435,1726,1802
