accuracy	precision	recall	f1	oob	confMatrxVars
0.860301644714393	0.8541587783888979	0.860301644714393	0.8530061132063057	0.1387288309105268	10573,590,1457,2033
0.861734798334812	0.8559135009953217	0.861734798334812	0.8539734032280955	0.1412735090233701	10606,552,1474,2021
0.863645669828704	0.8578690362409943	0.863645669828704	0.8567939377993457	0.1396063061218521	10588,580,1418,2067
0.8632361973657272	0.8573818039012517	0.8632361973657272	0.8558711107993451	0.13937231273216533	10623,561,1443,2026
0.8635091790077117	0.8579176535399411	0.8635091790077117	0.8567953076560086	0.13896282430021356	10547,582,1418,2106
0.8597556814304238	0.853863314043986	0.8597556814304238	0.8523667557243969	0.13820234578373158	10530,582,1473,2068
0.8620077799767966	0.8566867212232988	0.8620077799767966	0.8535622180372232	0.13989879785896053	10619,511,1511,2012
0.8604381355353853	0.8554738370040363	0.8604381355353853	0.851947256186489	0.13790985404662315	10543,510,1535,2065
0.8663072408380537	0.8608177079519279	0.8663072408380537	0.8603409377866187	0.13875808008423762	10566,600,1359,2128
0.8640551422916809	0.8585011158576911	0.8640551422916809	0.8573299224709274	0.14112726315481583	10558,577,1415,2103
0.8616665529243158	0.8565543439743121	0.8616665529243158	0.8535711839602897	0.1390798209950569	10554,521,1506,2072
0.8674674128164881	0.8618811003950305	0.8674674128164881	0.8610053328875006	0.14133200737079177	10645,570,1372,2066
0.8622807616187811	0.8562692927426252	0.8622807616187811	0.8548908118163137	0.141098013981105	10618,570,1448,2017
0.8613253258718351	0.8554130634808265	0.8613253258718351	0.8536846626267004	0.13896282430021356	10596,562,1470,2025
0.8635091790077117	0.8577208559676546	0.8635091790077117	0.8567158289443381	0.14159524993418937	10582,584,1416,2071
0.8642598785231693	0.8585201916360884	0.8642598785231693	0.8573836424838074	0.1408347714177075	10602,574,1415,2062
0.863167951955231	0.8571080509777189	0.863167951955231	0.856206906240169	0.13919681768990022	10623,586,1419,2025
0.8684910939739302	0.8630370662484339	0.8684910939739302	0.8612968218025859	0.1416244991079002	10711,526,1401,2015
0.8596874360199277	0.853946976071463	0.8596874360199277	0.8516814498439376	0.13793910322033398	10558,552,1504,2039
0.8605063809458814	0.8543118098033018	0.8605063809458814	0.8530978140011366	0.1397818011641171	10593,585,1459,2016
0.8596874360199277	0.853787226806681	0.8596874360199277	0.851965225976735	0.13946006025329782	10554,568,1488,2043
0.8599604176619122	0.8537388669715911	0.8599604176619122	0.8523515751629412	0.13984029951153876	10594,580,1472,2007
0.8649423326281308	0.8594563416346415	0.8649423326281308	0.8572984267257935	0.1410102664599725	10649,529,1450,2025
0.8614618166928274	0.8553153570280669	0.8614618166928274	0.8538551021726185	0.139430811079587	10627,569,1461,1996
0.8639868968811847	0.8583031344241582	0.8639868968811847	0.8559014353680624	0.1384655883471292	10682,522,1471,1978
