accuracy	precision	recall	f1	oob	confMatrxVars
0.8620077799767966	0.856428591315476	0.8620077799767966	0.8549154041489374	0.1376758606569365	10530,573,1449,2101
0.8653518050911077	0.8599654271389383	0.8653518050911077	0.8584510032882974	0.14007429290122553	10585,556,1417,2095
0.8607793625878659	0.854864071786949	0.8607793625878659	0.853578168184161	0.13867033256310513	10549,585,1455,2064
0.8597556814304238	0.8536428434316171	0.8597556814304238	0.8525779735171454	0.13712012635643045	10546,598,1457,2052
0.8639186514706886	0.8582047047321991	0.8639186514706886	0.8572425251985453	0.139255316037322	10575,585,1409,2084
0.8630997065447349	0.8577478837798559	0.8630997065447349	0.855494224643956	0.13931381438474366	10576,538,1468,2071
0.8648740872176346	0.8595907460313221	0.8648740872176346	0.8580400248218215	0.1389920734739244	10551,559,1421,2122
0.8603698901248891	0.854493866627791	0.8603698901248891	0.8534358194089828	0.1379683523940448	10514,599,1447,2093
0.8658295229645806	0.8602302858909827	0.8658295229645806	0.8583834293265277	0.13869958173681596	10672,535,1431,2015
0.8665802224800382	0.8609753197641278	0.8665802224800382	0.8597894355988174	0.14060077802802073	10644,560,1395,2054
0.8599604176619122	0.8537976553280548	0.8599604176619122	0.8524324387316803	0.13679838544561118	10581,582,1470,2020
0.8635774244182078	0.8581824814284337	0.8635774244182078	0.8554873965949478	0.13905057182134606	10639,517,1482,2015
0.8645328601651538	0.8588975251746336	0.8645328601651538	0.8572319553662044	0.13814384743630992	10627,550,1435,2041
0.8583225278100047	0.8518490688458228	0.8583225278100047	0.8506063228147042	0.13729562139869544	10587,592,1484,1990
0.8654200505016038	0.8597684884238527	0.8654200505016038	0.859364888489477	0.1386410833893943	10574,606,1366,2107
0.8604381355353853	0.8544428421854864	0.8604381355353853	0.853583279885466	0.13946006025329782	10529,606,1439,2079
0.8676039036374804	0.8625718607381844	0.8676039036374804	0.8602700602028321	0.14080552224399656	10644,514,1426,2069
0.8626219886712618	0.8568766992639733	0.8626219886712618	0.8553091141889556	0.1382900933048642	10587,564,1449,2053
0.8650105780386269	0.8602781083397836	0.8650105780386269	0.857565641995743	0.14033753546462313	10543,517,1461,2132
0.8580495461680202	0.8519275368715343	0.8580495461680202	0.8502858991518616	0.13738336891982805	10538,582,1498,2035
0.863167951955231	0.8574750511581716	0.863167951955231	0.8564924316527205	0.13776360817806899	10550,589,1416,2098
0.8620077799767966	0.8560917060888972	0.8620077799767966	0.85494470528208	0.13940156190587616	10575,584,1438,2056
0.8621442707977889	0.8562326224908636	0.8621442707977889	0.8549515627053866	0.1387288309105268	10587,577,1443,2046
0.8588002456834778	0.8523274165060157	0.8588002456834778	0.8509921507114525	0.13729562139869544	10606,585,1484,1978
0.8577765645260357	0.8516825920238367	0.8577765645260357	0.8499692655214018	0.13694463131416534	10530,581,1503,2039
