accuracy	precision	recall	f1	oob	confMatrxVars
0.8613253258718351	0.8563653727753986	0.8613253258718351	0.8518938310536965	0.13902132264763523	10662,473,1559,1959
0.8590732273254623	0.8531666609200131	0.8590732273254623	0.8502468157089849	0.13954780777443032	10627,528,1537,1961
0.8625537432607657	0.8570794502901697	0.8625537432607657	0.8541215689097535	0.1415367515867677	10649,512,1502,1990
0.8592097181464546	0.8542725448957279	0.8592097181464546	0.8497322250861865	0.1404837813331773	10604,483,1580,1986
0.8607111171773698	0.8550520502570735	0.8607111171773698	0.8519490258586764	0.142589721840358	10644,515,1526,1968
0.8606428717668737	0.8557037221503231	0.8606428717668737	0.8511673239216985	0.13957705694814126	10645,475,1567,1966
0.8613935712823313	0.8564434620965966	0.8613935712823313	0.8521052069628864	0.14139050571821343	10649,477,1554,1973
0.8639868968811847	0.8582811011852994	0.8639868968811847	0.8558360764152186	0.14133200737079177	10690,520,1473,1970
0.8646693509861462	0.8597416487748756	0.8646693509861462	0.8563566068886405	0.14282371523004478	10644,491,1492,2026
0.8570941104210742	0.8513502178474618	0.8570941104210742	0.8478577984603508	0.1405715288543099	10591,521,1573,1968
0.8629632157237426	0.8574991845561077	0.8629632157237426	0.8551929678120384	0.1414490040656351	10600,535,1473,2045
0.8601651538934006	0.8542941985188567	0.8601651538934006	0.8511220434318039	0.14261897101406884	10673,513,1536,1931
0.8610523442298506	0.8550073199236553	0.8610523442298506	0.8529796671145619	0.13954780777443032	10637,549,1487,1980
0.8583225278100047	0.8522097039911396	0.8583225278100047	0.8496474007683286	0.14124425984965927	10614,543,1533,1963
0.8581177915785163	0.8524981925976713	0.8581177915785163	0.8491580440778597	0.1396940536429846	10584,522,1557,1990
0.8588684910939739	0.8533980559920691	0.8588684910939739	0.8500434643075025	0.13913831934247856	10579,519,1549,2006
0.8609840988193544	0.856448217960116	0.8609840988193544	0.8516536221996087	0.13869958173681596	10607,469,1568,2009
0.8620077799767966	0.8567617222062124	0.8620077799767966	0.8533060328297857	0.14174149580274353	10636,500,1522,1995
0.8639868968811847	0.8583156971436652	0.8639868968811847	0.8557808140754368	0.14244347597180385	10691,517,1476,1969
0.8585272640414932	0.8534489903034271	0.8585272640414932	0.8490830061541778	0.14016204042235803	10593,491,1582,1987
0.8571623558315703	0.851105441830557	0.8571623558315703	0.8482359776368293	0.13820234578373158	10596,539,1554,1964
0.8611888350508429	0.8557711362861444	0.8611888350508429	0.8518269297477349	0.14007429290122553	10690,486,1548,1929
0.8626219886712618	0.856703713996866	0.8626219886712618	0.8556990877238247	0.14010354207493636	10584,587,1426,2056
0.8619395345663005	0.8571972675558382	0.8619395345663005	0.8527325187930249	0.14218023340840624	10639,472,1551,1991
0.855114993516686	0.8491422854123931	0.855114993516686	0.8458595254658016	0.14092251893884	10558,537,1586,1972
