accuracy	precision	recall	f1	oob	confMatrxVars
0.8569576196000819	0.852300982242656	0.8569576196000819	0.844954886203688	0.14917078592529764	10760,419,1677,1797
0.8510885142974135	0.8452139617280758	0.8510885142974135	0.8389595795217195	0.1521834508175144	10679,469,1713,1792
0.8493141336245138	0.8433477554581613	0.8493141336245138	0.8370990718161735	0.14706484541811693	10643,478,1730,1802
0.8512250051184058	0.844409725265547	0.8512250051184058	0.8393589172388098	0.14709409459182776	10721,493,1687,1752
0.8547055210537091	0.8499698811298395	0.8547055210537091	0.842806890188949	0.14750358302377953	10692,435,1694,1832
0.8550467481061899	0.8502058965978309	0.8550467481061899	0.8433789235897744	0.14881979584076754	10687,441,1683,1842
0.8497918514979867	0.8440534813602873	0.8497918514979867	0.8372235749276062	0.14814706484541806	10671,462,1739,1781
0.850815532655429	0.8455872691050481	0.850815532655429	0.8378174699815383	0.14884904501447838	10706,437,1749,1761
0.8547055210537091	0.847974468260429	0.8547055210537091	0.8446383100996473	0.14724034046038204	10677,528,1601,1847
0.8575718282945471	0.8521090725211645	0.8575718282945471	0.8476716095114072	0.14908303840416504	10640,490,1597,1926
0.856548147137105	0.8508260759073935	0.856548147137105	0.8450977492107804	0.1501945070051771	10765,455,1647,1786
0.8510885142974135	0.8454191768325359	0.8510885142974135	0.8397469773024487	0.14630436690163506	10601,487,1695,1870
0.8577765645260357	0.8537279013341929	0.8577765645260357	0.846223471757838	0.14612887185936996	10706,415,1669,1863
0.8493141336245138	0.8432096314828599	0.8493141336245138	0.8367059125301015	0.1520957032963819	10682,470,1738,1763
0.8532041220227939	0.8477056710596105	0.8532041220227939	0.8411218566391233	0.14803006815057473	10711,452,1699,1791
0.8557974476216474	0.8514605052381521	0.8557974476216474	0.8435669498874035	0.15075024130568315	10730,414,1699,1810
0.8525899133283287	0.8471770586971824	0.8525899133283287	0.8396842042408165	0.14820556319283984	10757,433,1727,1736
0.8527946495598171	0.8478756811005369	0.8527946495598171	0.8404810739479699	0.15054549708970721	10686,438,1719,1810
0.8523851770968403	0.8463429799679979	0.8523851770968403	0.8409746592639497	0.14849805492994828	10667,485,1678,1823
0.8545690302327168	0.8498763202928359	0.8545690302327168	0.8427111566504647	0.15010675948404462	10682,436,1695,1840
0.8586637548624855	0.8529244050533549	0.8586637548624855	0.8475069999301268	0.14920003509900848	10801,452,1619,1781
0.8547737664642053	0.8479896296408811	0.8547737664642053	0.8443852557727958	0.15189095908040595	10707,518,1610,1818
0.8485634341090562	0.8426678477626736	0.8485634341090562	0.836502246509337	0.14978501857322535	10606,485,1734,1828
0.8518392138128711	0.8462812721218288	0.8518392138128711	0.8401490324540729	0.1454561408640206	10644,471,1700,1838
0.8517027229918788	0.8461591569244071	0.8517027229918788	0.8393944352370859	0.14601187516452663	10691,455,1718,1789
