accuracy	precision	recall	f1	oob	confMatrxVars
0.8643963693441616	0.8590533475031029	0.8643963693441616	0.8572832507382095	0.13989879785896053	10569,551,1436,2097
0.8620760253872927	0.8567932606946546	0.8620760253872927	0.8531897119289572	0.14045453215946646	10659,494,1527,1973
0.8588684910939739	0.8530415431134085	0.8588684910939739	0.8506871309514629	0.1391675685161894	10559,552,1516,2026
0.857503582884051	0.8525912690940829	0.857503582884051	0.8477055931080905	0.13834859165228586	10585,482,1606,1980
0.8596191906094315	0.8532879849735954	0.8596191906094315	0.8514522477439181	0.1389920734739244	10636,561,1496,1960
0.8596191906094315	0.8538164992754375	0.8596191906094315	0.8509722462791589	0.13922606686361105	10617,529,1528,1979
0.8589367365044701	0.8534296964433082	0.8589367365044701	0.850182178107457	0.13902132264763523	10578,522,1545,2008
0.8596874360199277	0.8535583402163592	0.8596874360199277	0.8506789408104773	0.13984029951153876	10681,523,1533,1916
0.8628949703132465	0.8571350776841523	0.8628949703132465	0.8551220522703575	0.14016204042235803	10633,543,1466,2011
0.858459018630997	0.8521992807029354	0.858459018630997	0.8494993345213693	0.13867033256310513	10655,535,1539,1924
0.8568893741895858	0.8508067792175917	0.8568893741895858	0.8473998773287412	0.13913831934247856	10637,521,1576,1919
0.862212516208285	0.8573180421588843	0.862212516208285	0.8530735303957676	0.13954780777443032	10653,476,1543,1981
0.8632361973657272	0.8579069761658799	0.8632361973657272	0.8543377526063202	0.14106876480739416	10698,488,1516,1951
0.8606428717668737	0.8542760290969784	0.8606428717668737	0.8528333543120589	0.13954780777443032	10645,571,1471,1966
0.8618712891558042	0.8560107206932555	0.8618712891558042	0.8543385247500779	0.13764661148322554	10597,562,1462,2032
0.8620077799767966	0.8561154862545681	0.8620077799767966	0.8542642576581322	0.14103951563368333	10621,553,1469,2010
0.8605063809458814	0.8556111058234518	0.8605063809458814	0.8514060949791102	0.14027903711720147	10600,487,1557,2009
0.8646011055756501	0.8589444281082966	0.8646011055756501	0.8571346112887893	0.1419754891924303	10645,543,1441,2024
0.8629632157237426	0.8572515898743809	0.8629632157237426	0.8552785486323173	0.14063002720173157	10622,545,1463,2023
0.8627584794922541	0.856818650254503	0.8627584794922541	0.8552066443908143	0.13896282430021356	10634,558,1453,2008
0.8605746263563775	0.8548903500307529	0.8605746263563775	0.8522305081038967	0.14027903711720147	10606,532,1511,2004
0.8605746263563775	0.8547316810792581	0.8605746263563775	0.852729804094909	0.13946006025329782	10582,556,1487,2028
0.8585272640414932	0.8520384106571194	0.8585272640414932	0.8508069441973197	0.13946006025329782	10595,591,1482,1985
0.8562069200846243	0.8502804700381565	0.8562069200846243	0.8475861849209296	0.13712012635643045	10531,553,1554,2015
0.863167951955231	0.8574646067251879	0.863167951955231	0.8559101694591968	0.1397818011641171	10593,562,1443,2055
