accuracy	precision	recall	f1	oob	confMatrxVars
0.8215382515525831	0.835422082677754	0.8215382515525831	0.7834778775331903	0.18134487700722457	11056,109,2506,982
0.8230396505834983	0.8386941802477195	0.8230396505834983	0.7861235485623043	0.17880019889438126	11030,100,2493,1030
0.8177847539752952	0.8279720614934797	0.8177847539752952	0.7807358837167382	0.1791804381526222	10956,146,2524,1027
0.8254282399508633	0.833699108229806	0.8254282399508633	0.792030921231535	0.17903419228406803	11005,156,2402,1090
0.8249505220773903	0.8246655979419895	0.8249505220773903	0.7958097545551331	0.17885869724180292	10906,254,2311,1182
0.8232443868149867	0.8341282567910876	0.8232443868149867	0.786609772982039	0.17903419228406803	11065,128,2462,998
0.8195591346481949	0.8283349299434155	0.8195591346481949	0.7843386820977721	0.17859545467840532	10936,160,2484,1073
0.8186036989012488	0.8284184250620856	0.8186036989012488	0.7817785564655506	0.17809821872532106	10970,147,2511,1025
0.831911553947997	0.830724365634452	0.831911553947997	0.8085286460930107	0.17242387902541756	10798,298,2165,1392
0.8183307172592643	0.8203787103629466	0.8183307172592643	0.7846991805400398	0.17885869724180292	10912,220,2442,1079
0.8183307172592643	0.8204025739304779	0.8183307172592643	0.7849570396845444	0.1815496212232004	10901,222,2440,1090
0.8221524602470484	0.8183332313134432	0.8221524602470484	0.7949565776609633	0.17444207201146567	10804,317,2289,1243
0.8235856138674674	0.8174189579486042	0.8235856138674674	0.8003703025444696	0.17300886249963443	10692,389,2196,1376
0.8211287790896062	0.8429666667406227	0.8211287790896062	0.7805647739047672	0.17830296294129688	11087,60,2561,945
0.8263836756978094	0.8322257459268803	0.8263836756978094	0.795921653705401	0.17567053730732107	10920,190,2354,1189
0.8296594554016242	0.8320360894746984	0.8296594554016242	0.8012739335220175	0.17558278978618858	10947,222,2274,1210
0.8310926090220433	0.8337579300137463	0.8310926090220433	0.8026614033549714	0.17347684927900786	10981,214,2261,1197
0.8209240428581178	0.8314659298278301	0.8209240428581178	0.7859251472401193	0.17958992658457396	10942,146,2478,1087
0.8269978843922746	0.8339405074214012	0.8269978843922746	0.7972399959393904	0.1730673608470561	10886,185,2350,1232
0.8254964853613594	0.8261350354658331	0.8254964853613594	0.7951368264862443	0.17844920880985116	10962,233,2324,1134
0.8230396505834983	0.8352753046561429	0.8230396505834983	0.7868530353909406	0.17973617245312823	11029,123,2470,1031
0.8308196273800587	0.8403025038739714	0.8308196273800587	0.7994137089322564	0.17514405218052587	11033,143,2336,1141
0.8186719443117451	0.8383638096832492	0.8186719443117451	0.7788857954051724	0.17730849103512825	11011,79,2578,985
0.823380877635979	0.8379582975853624	0.823380877635979	0.7864331541526227	0.17625552078153794	11049,105,2483,1016
0.8232443868149867	0.8351695497261447	0.8232443868149867	0.7874055417532773	0.17789347450934512	11022,126,2464,1041
