accuracy	precision	recall	f1	oob	confMatrxVars
0.7867330921995496	0.832402146497635	0.7867330921995496	0.7154511847139313	0.21006756559127204	11119,2,3123,409
0.7932846516071794	0.8327363315638946	0.7932846516071794	0.7271607593881063	0.2012928134780192	11155,10,3019,469
0.8014741008667167	0.8286988036379456	0.8014741008667167	0.7433724893481811	0.19889438123373016	11169,39,2870,575
0.7842080120111923	0.8318404215065227	0.7842080120111923	0.7082358624170189	0.21065254906548891	11163,0,3162,328
0.7991537569098478	0.8378029612003531	0.7991537569098478	0.7377151920878492	0.20117581678317586	11170,8,2935,540
0.8078891694533543	0.8344850168708603	0.8078891694533543	0.7545001767701537	0.1957939688203808	11186,39,2776,652
0.7962874496690098	0.8301666824422471	0.7962874496690098	0.7325924063996934	0.20553394366609146	11176,21,2964,492
0.7907595714188221	0.8340152960856545	0.7907595714188221	0.7258907712075436	0.20161455438883846	11059,5,3061,528
0.7848904661161537	0.8304630093054167	0.7848904661161537	0.7142318374270117	0.2068794056567902	11065,4,3148,436
0.7930116699651948	0.8224179685393768	0.7930116699651948	0.7275242441313156	0.20573868788206728	11158,33,3000,462
0.7903500989558452	0.824487696493959	0.7903500989558452	0.7249557105898902	0.20506595688671791	11086,26,3046,495
0.791169043881799	0.8262731998640467	0.791169043881799	0.7251656174442055	0.20246278042645294	11116,22,3038,477
0.7982665665733979	0.8332143812788115	0.7982665665733979	0.7365358953640075	0.2016438035625494	11168,18,2938,529
0.8029754998976318	0.8311434429908755	0.8029754998976318	0.7472067299258203	0.19830939775951328	11136,38,2849,630
0.7926704429127142	0.8267437555901752	0.7926704429127142	0.728762034597628	0.20281377051098304	11101,25,3013,514
0.7976523578789326	0.8311363694294878	0.7976523578789326	0.7355429283232003	0.19930386966568192	11168,22,2943,520
0.7991537569098478	0.8281865398835284	0.7991537569098478	0.7389891534164443	0.19947936470794703	11165,34,2909,545
0.7923974612707295	0.8350555479280272	0.7923974612707295	0.7228354869743877	0.20921933955365757	11209,3,3039,402
0.7833890670852385	0.8302050711763376	0.7833890670852385	0.7086846279960062	0.21305098130977795	11120,2,3172,359
0.7971746400054597	0.8373839630902008	0.7971746400054597	0.7347531294809917	0.2002398432244289	11147,6,2966,534
0.8059100525489661	0.8315520813221284	0.8059100525489661	0.7517419725275809	0.19977185644505546	11167,44,2800,642
0.7928751791442026	0.8352643161817008	0.7928751791442026	0.7262239650740162	0.20222878703676617	11152,4,3031,466
0.8012693646352282	0.8360430544281745	0.8012693646352282	0.7460662022345492	0.1958817163415133	11056,21,2891,685
0.7980618303419095	0.8387607465832633	0.7980618303419095	0.7360835995565449	0.20249202960016377	11154,4,2955,540
0.7952637685115675	0.8372722501021848	0.7952637685115675	0.7303976277026599	0.20524145192898302	11162,3,2997,491
