accuracy	precision	recall	f1	oob	confMatrxVars
0.858459018630997	0.8523281612160812	0.858459018630997	0.8505377877256737	0.13638889701365942	10562,573,1501,2017
0.8595509451989354	0.8536893740318889	0.8595509451989354	0.8516437705432963	0.13890432595279179	10560,560,1498,2035
0.8626219886712618	0.8571753341277969	0.8626219886712618	0.8545861145251054	0.14033753546462313	10612,526,1487,2028
0.8572988466525626	0.8510870995355874	0.8572988466525626	0.8497600393756115	0.13817309661002075	10513,599,1492,2049
0.8605063809458814	0.8548864679447654	0.8605063809458814	0.8517369434173231	0.13984029951153876	10635,515,1529,1974
0.8599604176619122	0.8535433955501492	0.8599604176619122	0.8521178029027743	0.13878732925794846	10634,575,1477,1967
0.8624172524397734	0.8564968137191612	0.8624172524397734	0.8545469476619353	0.1396940536429846	10646,546,1470,1991
0.8613253258718351	0.8553246258231039	0.8613253258718351	0.8536989077535219	0.13817309661002075	10606,565,1467,2015
0.8642598785231693	0.8580051941137431	0.8642598785231693	0.8569816711376756	0.14080552224399656	10701,570,1419,1963
0.8622807616187811	0.8566458070603198	0.8622807616187811	0.8548765890675131	0.13878732925794846	10570,559,1459,2065
0.8605063809458814	0.8547435822202175	0.8605063809458814	0.852049165265231	0.13902132264763523	10622,530,1514,1987
0.8600286630724083	0.8539236687607762	0.8600286630724083	0.8522500458332923	0.1391675685161894	10593,569,1482,2009
0.861257080461339	0.8550369994898458	0.861257080461339	0.8536898688123511	0.13831934247857502	10628,574,1459,1992
0.8632361973657272	0.8576733228824124	0.8632361973657272	0.8548797638728077	0.14036678463833396	10671,513,1491,1978
0.8630314611342387	0.8577861275303381	0.8630314611342387	0.8554840222150577	0.13855333586826168	10556,538,1469,2090
0.8637821606496963	0.8580524086510234	0.8637821606496963	0.855961842604152	0.14001579455380386	10659,535,1461,1998
0.8630997065447349	0.8576287150308236	0.8630997065447349	0.8549916991069281	0.1399572962063822	10635,521,1485,2012
0.8618030437453081	0.8567748974529402	0.8618030437453081	0.8531263034947699	0.13992804703267137	10607,497,1528,2021
0.8566163925476011	0.8505919085449534	0.8566163925476011	0.8482263085956693	0.13618415279768348	10534,562,1539,2018
0.8591414727359585	0.8534754900927684	0.8591414727359585	0.8503443348345027	0.13785135569920148	10603,523,1541,1986
0.8630314611342387	0.8579866548832873	0.8630314611342387	0.8546280286859638	0.1401327912486472	10617,500,1507,2029
0.8637821606496963	0.8580400216046105	0.8637821606496963	0.8564709107886139	0.13890432595279179	10620,557,1439,2037
0.8594144543779431	0.8536073729699344	0.8594144543779431	0.8508921495103395	0.13855333586826168	10601,535,1525,1992
0.8658977683750768	0.8608614234574402	0.8658977683750768	0.8586064111819774	0.13884582760537012	10590,526,1439,2098
0.862212516208285	0.8568259026147971	0.862212516208285	0.8535360470160824	0.1401327912486472	10653,503,1516,1981
