accuracy	precision	recall	f1	oob	confMatrxVars
0.8652835596806114	0.8598676725649671	0.8652835596806114	0.8585491380946806	0.13773435900435815	10574,565,1409,2105
0.8681498669214496	0.8631598520310244	0.8681498669214496	0.8614525681329006	0.14095176811255083	10594,537,1395,2127
0.8618712891558042	0.8557403383521521	0.8618712891558042	0.8553610952965791	0.13788060487291232	10575,619,1405,2054
0.8583225278100047	0.8519454181338818	0.8583225278100047	0.8511557750564747	0.13583316271315338	10543,615,1461,2034
0.861734798334812	0.855941278301992	0.861734798334812	0.8550821712823913	0.1396063061218521	10523,602,1424,2104
0.8609840988193544	0.8548329363339966	0.8609840988193544	0.853898331419237	0.1382900933048642	10581,596,1441,2035
0.8633044427762233	0.8573866588683018	0.8633044427762233	0.8566294027083313	0.13922606686361105	10589,595,1408,2061
0.8579813007575241	0.8520225903173297	0.8579813007575241	0.850730834357474	0.13641814618737025	10479,601,1480,2093
0.8653518050911077	0.8598210399705546	0.8653518050911077	0.8585760649091955	0.1402205387697798	10596,566,1407,2084
0.8647375963966423	0.859310830597959	0.8647375963966423	0.8589731263238669	0.13966480446927376	10499,619,1363,2172
0.8658977683750768	0.860565701293389	0.8658977683750768	0.8592731859834901	0.13840708999970752	10571,564,1401,2117
0.8682863577424418	0.8631321990993364	0.8682863577424418	0.8615254209049912	0.13896282430021356	10627,538,1392,2096
0.8594826997884393	0.8537271624920311	0.8594826997884393	0.8525506567496847	0.1356869168445991	10471,601,1458,2123
0.8576400737050434	0.8514834668007331	0.8576400737050434	0.8501365906872774	0.1365643920559244	10513,597,1489,2054
0.8630314611342387	0.8571869844496122	0.8630314611342387	0.8558009294313242	0.1382900933048642	10606,568,1439,2040
0.8650105780386269	0.8594845529525306	0.8650105780386269	0.8593202924441362	0.13867033256310513	10524,625,1353,2151
0.8599604176619122	0.8540461118905137	0.8599604176619122	0.8527816681048676	0.1380268507414666	10524,591,1461,2077
0.8653518050911077	0.8598302063681954	0.8653518050911077	0.8585180055163282	0.13966480446927376	10599,563,1410,2081
0.8668532041220228	0.8611336413124091	0.8668532041220228	0.8603142334516914	0.13913831934247856	10653,574,1377,2049
0.8620077799767966	0.8565284941883675	0.8620077799767966	0.8548224248997948	0.1376758606569365	10524,566,1456,2107
0.8641916331126732	0.8584261253641617	0.8641916331126732	0.8574976322986229	0.13624265114510514	10592,584,1406,2071
0.8641916331126732	0.8586166378500566	0.8641916331126732	0.8570177911710413	0.13788060487291232	10599,556,1434,2064
0.862212516208285	0.8563864484941996	0.862212516208285	0.8553148057317205	0.13805609991517742	10557,588,1431,2077
0.8599604176619122	0.8543508800102251	0.8599604176619122	0.8523175388698788	0.13641814618737025	10520,562,1490,2081
0.8637821606496963	0.857954084553393	0.8637821606496963	0.8573172419635856	0.13685688379303285	10577,600,1396,2080
