accuracy	precision	recall	f1	oob	confMatrxVars
0.7686480584180714	0.8226211560688	0.7686480584180714	0.6760140615725159	0.22849454502910294	11141,0,3390,122
0.763256670988876	0.819472880745847	0.763256670988876	0.6637609815559964	0.23203369504811489	11140,0,3469,44
0.7723333105848632	0.8247448816212924	0.7723333105848632	0.6833843169279882	0.22668109625903066	11155,0,3336,162
0.7711731386064287	0.8217704066281878	0.7711731386064287	0.6835685361929623	0.22673959460645232	11109,2,3351,191
0.7743124274892513	0.8247212624483632	0.7743124274892513	0.6878853343905069	0.22717833221211503	11153,1,3306,193
0.7638026342728451	0.8199751817051053	0.7638026342728451	0.6680940402495474	0.2296937611512475	11092,0,3461,100
0.7590254555381151	0.8171656069897664	0.7590254555381151	0.6562832272450602	0.2329111702594402	11104,0,3531,18
0.7856411656316112	0.8324436888313269	0.7856411656316112	0.7071700809826844	0.22454590657813922	11245,0,3141,267
0.7762915443936396	0.8268546222035857	0.7762915443936396	0.6880671429756212	0.22972301032495834	11225,0,3278,150
0.768921040060056	0.8225932418954689	0.768921040060056	0.6734639285421943	0.23586533680423527	11192,0,3386,75
0.7802497782024159	0.8285284546774657	0.7802497782024159	0.6995401902198481	0.2218257334230308	11173,1,3219,260
0.7659182419982257	0.8208512216059217	0.7659182419982257	0.6669079964574907	0.2349293632454883	11186,0,3430,37
0.777929434245547	0.828020770788247	0.777929434245547	0.694603814341591	0.22533563426833192	11172,0,3254,227
0.7776564526035624	0.8271054006359403	0.7776564526035624	0.6961281948035069	0.22106525490654894	11133,1,3257,262
0.7555449396028117	0.5708481557594163	0.7555449396028117	0.6503372746340171	0.23490011407177747	11071,0,3582,0
0.7618917627789531	0.8185989054181498	0.7618917627789531	0.6591351605254585	0.2374740413583316	11161,0,3489,3
0.7678973589026138	0.82202758467044	0.7678973589026138	0.6717532068674018	0.23355465208107873	11182,0,3401,70
0.7726745376373438	0.824187371930324	0.7726745376373438	0.687961848975354	0.22372692971423558	11087,1,3330,235
0.775540844878182	0.8265669826439865	0.775540844878182	0.6890524277940884	0.22644710286934389	11179,0,3289,185
0.7764280352146318	0.827350774325865	0.7764280352146318	0.6948276688865519	0.222527713592091	11107,0,3276,270
0.7798403057394391	0.8285324730922596	0.7798403057394391	0.7008604114643654	0.21840358009886218	11130,1,3225,297
0.7706954207329557	0.8238858512705649	0.7706954207329557	0.6815083036611796	0.22788031238117523	11125,0,3360,168
0.7601173821060534	0.8178422675648896	0.7601173821060534	0.659640353953949	0.2327356752171751	11092,0,3515,46
0.7625742168839146	0.5815194362561156	0.7625742168839146	0.6598524257142419	0.2344906256398257	11174,0,3479,0
0.7605268545690302	0.8178977337468327	0.7605268545690302	0.6574929344544272	0.2360700810202112	11138,0,3509,6
