accuracy	precision	recall	f1	oob	confMatrxVars
0.8626219886712618	0.8571956152369978	0.8626219886712618	0.8552343642631902	0.1376758606569365	10552,552,1461,2088
0.8657612775540845	0.8601234171154218	0.8657612775540845	0.8590552024290912	0.1376758606569365	10619,570,1397,2067
0.8633044427762233	0.8574291320570138	0.8633044427762233	0.8559355770573429	0.13852408669455085	10628,561,1442,2022
0.8639868968811847	0.858074239869884	0.8639868968811847	0.8581954325960746	0.13805609991517742	10576,639,1354,2084
0.8648740872176346	0.8592787752055635	0.8648740872176346	0.8578889385794799	0.13902132264763523	10607,561,1419,2066
0.8684228485634341	0.8627901469052388	0.8684228485634341	0.861681673854393	0.13937231273216533	10699,552,1376,2026
0.8662389954275574	0.8608953010184559	0.8662389954275574	0.8589653991027295	0.1399572962063822	10637,533,1427,2056
0.8588684910939739	0.8531948285448601	0.8588684910939739	0.8507590964031333	0.1364766445347919	10536,551,1517,2049
0.8661707500170613	0.8606135865891469	0.8661707500170613	0.859462368226155	0.13823159495744242	10619,565,1396,2073
0.861734798334812	0.8558453416728347	0.861734798334812	0.8540018257927777	0.1362134019713943	10612,555,1471,2015
0.8654882959120999	0.8608814792211303	0.8654882959120999	0.8580199793865895	0.13992804703267137	10545,510,1461,2137
0.8646011055756501	0.8587966562861336	0.8646011055756501	0.8581901386512151	0.13855333586826168	10594,597,1387,2075
0.8594826997884393	0.8540824774335665	0.8594826997884393	0.8512055217932335	0.13679838544561118	10539,534,1525,2055
0.8642598785231693	0.8585834383123462	0.8642598785231693	0.8573379859400964	0.13694463131416534	10596,570,1419,2068
0.8633726881867194	0.8576822760663888	0.8633726881867194	0.8564550011151428	0.13855333586826168	10572,576,1426,2079
0.8609158534088582	0.8557935193481219	0.8609158534088582	0.8525084436580068	0.13641814618737025	10564,514,1524,2051
0.8600969084829045	0.8545028702732873	0.8600969084829045	0.8519440279855551	0.136827634619322	10566,540,1510,2037
0.8613935712823313	0.8556070441950002	0.8613935712823313	0.8547431177894674	0.1366521395770569	10512,604,1427,2110
0.8549102572851975	0.8488110818810971	0.8549102572851975	0.846812053310606	0.13425370733276787	10472,586,1540,2055
0.8661707500170613	0.8607024649550082	0.8661707500170613	0.859151267312374	0.1407470238965749	10630,548,1413,2062
0.8607793625878659	0.8548695265200967	0.8607793625878659	0.8545882630710654	0.13641814618737025	10493,636,1404,2120
0.8604381355353853	0.8545363705921701	0.8604381355353853	0.8532866078549198	0.1369153821404545	10534,589,1456,2074
0.862690234081758	0.8570514185738397	0.862690234081758	0.8548672534113044	0.13820234578373158	10617,539,1473,2024
0.8630314611342387	0.8572798366215482	0.8630314611342387	0.8567524177543512	0.1381145982625991	10533,612,1395,2113
0.8633044427762233	0.8578669845976666	0.8633044427762233	0.8557462705757163	0.13788060487291232	10588,541,1462,2062
