accuracy	precision	recall	f1	oob	confMatrxVars
0.8654882959120999	0.8599115411325968	0.8654882959120999	0.8585735738353617	0.13755886396209305	10617,560,1411,2065
0.863645669828704	0.8580626637478759	0.863645669828704	0.856912932116492	0.1380268507414666	10551,580,1418,2104
0.8665119770695421	0.8610107341785729	0.8665119770695421	0.8598814685087376	0.1398695486852496	10615,565,1391,2082
0.863167951955231	0.8576010105676041	0.863167951955231	0.8553619812075919	0.1365643920559244	10621,535,1470,2027
0.861734798334812	0.8559492628493837	0.861734798334812	0.8545001465568772	0.1360379069291292	10561,574,1452,2066
0.8633044427762233	0.8577086136952055	0.8633044427762233	0.8562861327491491	0.13808534908888825	10564,569,1434,2086
0.8654200505016038	0.8596904476057678	0.8654200505016038	0.8591696867523181	0.13896282430021356	10597,598,1374,2084
0.8632361973657272	0.8577374032601068	0.8632361973657272	0.8561374565153425	0.1381145982625991	10555,563,1441,2094
0.8650105780386269	0.859156338317304	0.8650105780386269	0.8582420300972701	0.13849483752084002	10634,578,1400,2041
0.8644646147546577	0.8595467451200971	0.8644646147546577	0.856741268052842	0.13735411974611722	10577,514,1472,2090
0.8634409335972156	0.8581085692653634	0.8634409335972156	0.8564070876249946	0.13779285735177982	10533,560,1441,2119
0.861257080461339	0.8557993077299234	0.861257080461339	0.8542495481116198	0.13685688379303285	10485,578,1455,2135
0.8663754862485498	0.8607925405857006	0.8663754862485498	0.8598413897519437	0.1379683523940448	10617,573,1385,2078
0.8608476079983621	0.8553395750746422	0.8608476079983621	0.8528869145312642	0.13717862470385211	10561,541,1498,2053
0.8653518050911077	0.8600052828520985	0.8653518050911077	0.8581850798557579	0.13823159495744242	10602,543,1430,2078
0.8661707500170613	0.8608412829883104	0.8661707500170613	0.8592826018097114	0.13954780777443032	10600,550,1411,2092
0.865078823449123	0.8600676540296834	0.865078823449123	0.857971577950499	0.13712012635643045	10545,538,1439,2131
0.8594144543779431	0.8531608625438523	0.8594144543779431	0.8516203786288257	0.13688613296674368	10595,576,1484,1998
0.8633044427762233	0.8571805879208553	0.8633044427762233	0.8561112799914553	0.1376758606569365	10650,576,1427,2000
0.8628949703132465	0.8569056341085756	0.8628949703132465	0.855879894028931	0.13732487057240628	10608,583,1426,2036
0.8662389954275574	0.8609451016626495	0.8662389954275574	0.8593160208693019	0.13867033256310513	10600,547,1413,2093
0.8650105780386269	0.8598910268148867	0.8650105780386269	0.8576590625563395	0.1376173623095147	10580,531,1447,2095
0.8620077799767966	0.8567429429966256	0.8620077799767966	0.8547982183473077	0.13644739536108108	10498,559,1463,2133
0.8613935712823313	0.8555894831558442	0.8613935712823313	0.85376013904073	0.13755886396209305	10584,559,1472,2038
0.8629632157237426	0.8572778981754847	0.8629632157237426	0.8559956457630944	0.13600865775541837	10563,576,1432,2082
