accuracy	precision	recall	f1	oob	confMatrxVars
0.7597079096430766	0.5771561079742529	0.7597079096430766	0.6559680783515012	0.23881950334903035	11132,0,3521,0
0.7640756159148298	0.5838115468356264	0.7640756159148298	0.6618894808915188	0.2406914504665243	11196,0,3457,0
0.7620282535999454	0.5806870592845828	0.7620282535999454	0.6591120864244928	0.23981397525519899	11166,0,3487,0
0.7647580700197911	0.5848549056603958	0.7647580700197911	0.6628159582846808	0.24101319137734356	11206,0,3447,0
0.758001774380673	0.5745666899642486	0.758001774380673	0.6536588282644513	0.23808827400625932	11107,0,3546,0
0.7616187811369686	0.5800631677805616	0.7616187811369686	0.6585569749729647	0.23949223434437972	11160,0,3493,0
0.7635296526308606	0.5829775304466026	0.7635296526308606	0.6611485432943051	0.24045745707683763	11188,0,3465,0
0.7601173821060534	0.57777843457976	0.7601173821060534	0.6565226165637023	0.2390242475650063	11138,0,3515,0
0.7579335289701767	0.5744632343371857	0.7579335289701767	0.6535665027945793	0.23808827400625932	11106,0,3547,0
0.7600491366955572	0.5776746901916617	0.7600491366955572	0.6564301849847555	0.23899499839129545	11137,0,3516,0
0.7590254555381151	0.5761196421548431	0.7590254555381151	0.6550441215514968	0.23855626078563286	11122,0,3531,0
0.7609363270320071	0.5790240937969616	0.7609363270320071	0.6576320618848103	0.2393752376495364	11150,0,3503,0
0.7620964990104415	0.5807910738039719	0.7620964990104415	0.6592046169209604	0.23984322442890993	11167,0,3486,0
0.7624377260629223	0.5813112861239997	0.7624377260629223	0.6596673204704718	0.24001871947117492	11172,0,3481,0
0.7614822903159763	0.5798552784648647	0.7614822903159763	0.6583719650804435	0.23960923103922316	11158,0,3495,0
0.7582747560226575	0.5749806056212207	0.7582747560226575	0.6540281644284852	0.2382345198748136	11111,0,3542,0
0.7548624854978503	0.5698173720119922	0.7548624854978503	0.6494154120006007	0.2367720611892714	11061,0,3592,0
0.7645533337883027	0.5845418002068078	0.7645533337883027	0.6625379794577936	0.24072069964023513	11203,0,3450,0
0.7638708796833413	0.5834987208282016	0.7638708796833413	0.6616116038300425	0.24063295211910263	11193,0,3460,0
0.7600491366955572	0.5776746901916617	0.7600491366955572	0.6564301849847555	0.23899499839129545	11137,0,3516,0
0.7669419231556678	0.5881999134937143	0.7669419231556678	0.6657829618341041	0.24194916493609053	11238,0,3415,0
0.7604586091585341	0.5782972962433321	0.7604586091585341	0.6569848256980575	0.23917049343356045	11143,0,3510,0
0.7629836893468914	0.5821441102093937	0.7629836893468914	0.6604078230866137	0.2402527128608617	11180,0,3473,0
0.7588889647171227	0.5759124607694264	0.7588889647171227	0.6548593712532034	0.23849776243821108	11120,0,3533,0
0.7601856275165495	0.5778821882827302	0.7601856275165495	0.6566150515591537	0.23879025417531952	11139,0,3514,0
