numTrees	treeDepth	f1	accuracy	precision	recall	buildTime
11	17	0.9440839019699679	0.9441666666666667	0.9440921791708414	0.9441666666666667	1.4948480129241943
11	17	0.9412203317139168	0.9413333333333334	0.94121449770731	0.9413333333333334	1.499046802520752
11	17	0.9430949028878024	0.9432222222222222	0.9431067947410807	0.9432222222222222	1.527703046798706
11	17	0.9428623266525131	0.9429444444444445	0.9429209744805568	0.9429444444444445	1.5334949493408203
11	17	0.9444241824798901	0.9445555555555556	0.9444227059943294	0.9445555555555556	1.493380069732666
11	17	0.9399944177845553	0.9401111111111111	0.9400418946464233	0.9401111111111111	1.5959529876708984
11	17	0.9439963247938441	0.9440555555555555	0.9440633473045669	0.9440555555555555	1.596756935119629
11	17	0.9431158098391299	0.9431666666666667	0.9431678020837466	0.9431666666666667	1.5648560523986816
11	17	0.945440999504373	0.9455	0.9455109943736764	0.9455	1.5799553394317627
11	17	0.9426211443337598	0.9427222222222222	0.9426511245188752	0.9427222222222222	1.59989595413208
