numTrees	treeDepth	f1	accuracy	precision	recall	buildTime
11	21	0.9429269942583105	0.943	0.9429235830339827	0.943	1.5760407447814941
11	21	0.9444593225410202	0.9445555555555556	0.9445579375348913	0.9445555555555556	1.5740668773651123
11	21	0.9459160052560872	0.9460555555555555	0.9460019423058208	0.9460555555555555	1.5973820686340332
11	21	0.9432494328236557	0.9433333333333334	0.9434291863993779	0.9433333333333334	1.556819200515747
11	21	0.9425864881558312	0.9426666666666667	0.942762031023855	0.9426666666666667	1.5873489379882812
11	21	0.9429455902571915	0.9430555555555555	0.9429595344359292	0.9430555555555555	1.6872730255126953
11	21	0.942670846984429	0.9427777777777778	0.942696791837923	0.9427777777777778	1.6402909755706787
11	21	0.9432679178702498	0.9433888888888889	0.9433758942908779	0.9433888888888889	1.6641199588775635
11	21	0.9451330859479494	0.9452222222222222	0.9451574391392401	0.9452222222222222	1.6483721733093262
11	21	0.9421061438217726	0.9422222222222222	0.9422004946494326	0.9422222222222222	1.6695921421051025
