numTrees	treeDepth	f1	accuracy	precision	recall	buildTime
11	3	0.6389224316023535	0.6618888888888889	0.6876779651026242	0.6618888888888889	0.4481236934661865
11	3	0.6320174600142215	0.6586111111111111	0.6859776445704697	0.6586111111111111	0.4522387981414795
11	3	0.597536375676915	0.6253333333333333	0.651336984244184	0.6253333333333333	0.4387240409851074
11	3	0.6578092546156225	0.6788333333333333	0.7054422381769208	0.6788333333333333	0.4057137966156006
11	3	0.6564634066678279	0.6787777777777778	0.7070817228905588	0.6787777777777778	0.4075639247894287
11	3	0.6428562127045524	0.6632777777777777	0.6798086499515422	0.6632777777777777	0.43374204635620117
11	3	0.635444817697102	0.6672222222222223	0.6913865334555699	0.6672222222222223	0.4492473602294922
11	3	0.6504069767276781	0.6833333333333333	0.711441665928386	0.6833333333333333	0.4349019527435303
11	3	0.6417853081641055	0.6612222222222223	0.6943729587041619	0.6612222222222223	0.4629049301147461
11	3	0.6502847137072876	0.6720555555555555	0.6930478742864358	0.6720555555555555	0.4341890811920166
