numTrees	treeDepth	f1	accuracy	precision	recall	buildTime
1	25	0.811291016903549	0.8115555555555556	0.8114064086857687	0.8115555555555556	0.2049109935760498
1	25	0.7989176139374794	0.7994444444444444	0.7988229631576308	0.7994444444444444	0.19770479202270508
1	25	0.7954324112934026	0.7959444444444445	0.7952413588775504	0.7959444444444445	0.20250701904296875
1	25	0.8034874705388825	0.8039444444444445	0.8033580906527403	0.8039444444444445	0.20555615425109863
1	25	0.7971807510273957	0.7973888888888889	0.7971013806194435	0.7973888888888889	0.20209908485412598
1	25	0.8027063817549134	0.8031666666666667	0.8023869819249337	0.8031666666666667	0.22621798515319824
1	25	0.8064436883056368	0.8069444444444445	0.8061880467847936	0.8069444444444445	0.21701812744140625
1	25	0.7991842238932041	0.7996111111111112	0.7992274554927903	0.7996111111111112	0.21175122261047363
1	25	0.8003655445234844	0.8008333333333333	0.8001858720140493	0.8008333333333333	0.21128487586975098
1	25	0.7995608038774156	0.7998888888888889	0.799322408054238	0.7998888888888889	0.2285478115081787
