numTrees	treeDepth	f1	accuracy	precision	recall	buildTime
1	27	0.810496089591086	0.8106666666666666	0.8106073919596896	0.8106666666666666	0.2064666748046875
1	27	0.8199266770626715	0.8200555555555555	0.8199930619335857	0.8200555555555555	0.20317387580871582
1	27	0.7982605838348351	0.7988333333333333	0.7979894558961902	0.7988333333333333	0.20654511451721191
1	27	0.804627071370075	0.8052222222222222	0.8043843803290422	0.8052222222222222	0.20572590827941895
1	27	0.8117828771467246	0.8122222222222222	0.8115696531281271	0.8122222222222222	0.20473217964172363
1	27	0.809264719749116	0.8096111111111111	0.8091592836065427	0.8096111111111111	0.23805904388427734
1	27	0.7962618619265085	0.7967222222222222	0.7960783498998742	0.7967222222222222	0.21947121620178223
1	27	0.8122746759311995	0.8125555555555556	0.8122421360520091	0.8125555555555556	0.2264561653137207
1	27	0.801014881953889	0.8013888888888889	0.8009080341904551	0.8013888888888889	0.21955299377441406
1	27	0.8120673898720698	0.8124444444444444	0.8119962005891657	0.8124444444444444	0.22129392623901367
