numTrees	treeDepth	f1	accuracy	precision	recall	buildTime
1	3	0.34544030085146266	0.4245	0.2963629791188701	0.4245	0.09466195106506348
1	3	0.31218331307492947	0.37777777777777777	0.33834463726364133	0.37777777777777777	0.09640288352966309
1	3	0.33801787488615453	0.397	0.3398628930351593	0.397	0.09810471534729004
1	3	0.3726851031030355	0.4205	0.35478807901592535	0.4205	0.09476423263549805
1	3	0.34228126872734954	0.40455555555555556	0.3191894337283065	0.40455555555555556	0.09252786636352539
1	3	0.3571734750411102	0.4293888888888889	0.3140627414089176	0.4293888888888889	0.11013603210449219
1	3	0.31565221836290924	0.3816111111111111	0.3336681642536974	0.3816111111111111	0.10948610305786133
1	3	0.36714026390307036	0.42488888888888887	0.33609445701338203	0.42488888888888887	0.1152799129486084
1	3	0.3311886755685977	0.40805555555555556	0.2888279797642423	0.40805555555555556	0.1139369010925293
1	3	0.2698401255340451	0.383	0.21466413655294578	0.383	0.11308598518371582
