70	10	0.6378489096500926
140	18	0.684529399601603
130	9	0.6207991680854057
80	1	0.4182715800130014
130	12	0.6640487421795078
160	3	0.46187072899535836
190	10	0.6378985123098257
190	9	0.6257461610149712
100	17	0.6815818417681528
20	1	0.397021771183463
40	15	0.6700002472947123
140	2	0.42196013514343994
110	8	0.5997740296725795
10	5	0.522917350097832
20	12	0.6448768448003713
200	8	0.5997708974021632
50	18	0.6755954316481965
170	6	0.5383998282431643
90	4	0.5219275444868634
160	10	0.6373005427574576
30	4	0.5227406591388446
150	15	0.681098972806423
10	17	0.6373943491331356
150	7	0.5738102244463719
80	10	0.640816805073282
30	14	0.6600252148789357
190	2	0.4191148971131908
200	11	0.6558337027658746
140	9	0.6257108876429396
40	20	0.6660357191906183
170	16	0.685116036292224
110	3	0.488970476681019
140	13	0.6705130856707555
50	1	0.40457912381058414
130	2	0.4190560690225736
160	8	0.6130877956054013
90	16	0.6790841507911441
130	19	0.6844098087319326
60	16	0.6776361338675736
60	5	0.5279995547256111
180	7	0.5629749018906272
1	6	0.4930160694836156
150	20	0.6819837164476251
100	6	0.5490353852394603
120	14	0.6790014286389539
180	16	0.6840759051435632
20	19	0.6603629040492157
1	14	0.5274083760146372
40	4	0.5197058204329732
200	3	0.4719817960204832
110	11	0.6519688499049728
120	7	0.5657343135888052
50	13	0.6672046575985378
100	2	0.41640799173166854
120	10	0.6417541360504528
150	8	0.6012740559471735
10	18	0.6396107215654986
1	2	0.38002653944766623
60	12	0.6593803813160993
60	1	0.4157581754918553
180	3	0.47634959764639734
170	9	0.627493723616424
120	3	0.4596297002519475
50	17	0.6720469772106327
1	10	0.5071321801888881
200	7	0.5649042486382913
110	15	0.6782399346918685
180	12	0.6673376985436167
170	12	0.666174957698719
110	7	0.5734884303129282
200	15	0.6839164106035972
100	18	0.6808188942817567
30	10	0.6305603682964067
190	6	0.5465575598015399
70	4	0.5190071888645731
90	12	0.6618050551977163
130	6	0.54562201320753
50	5	0.528202774431808
140	17	0.6795129068082268
170	2	0.42149276450946915
160	14	0.6754729308692019
120	8	0.596417468108031
110	20	0.6797523036487949
10	1	0.3752293648635552
20	16	0.6572179553924862
180	19	0.6813354118081553
80	14	0.6779995633912277
100	9	0.6218737208060245
10	13	0.6298643051199327
150	3	0.4643206965673625
150	11	0.6518721475331993
1	9	0.5028246848781666
180	8	0.6021438335008117
60	19	0.6765625136401549
80	5	0.5284606753163555
130	16	0.6843317864393146
90	19	0.6837692368197427
160	7	0.5720067083058953
70	14	0.6707894953384291
170	19	0.682005832313625
40	11	0.6433455508053935
140	6	0.547955548490294
100	13	0.6646144066145037
200	20	0.6843639948680262
20	5	0.523638953472123
190	14	0.6789410047669707
10	16	0.6386952281606313
150	6	0.5421931877510451
120	20	0.6814090158668067
80	11	0.6447015008105275
150	14	0.6797718175797756
30	5	0.5317628463441028
50	19	0.6749494895781912
160	11	0.6485208012626487
90	5	0.5279919219833157
170	7	0.5658326222156769
20	13	0.6484957227457254
10	4	0.5119631499938566
1	20	0.5325749483839166
200	9	0.6203588218187382
140	3	0.48366933979602367
40	14	0.6661557529823249
110	9	0.6258087049844243
30	20	0.6681860101359822
190	11	0.6511102089865038
190	8	0.6030734688830862
100	16	0.6796196973058041
130	8	0.6034150040433852
160	2	0.4187093169743539
130	13	0.669024847999056
70	11	0.6483136513012636
140	19	0.6840738581030931
50	12	0.6540562057462023
120	6	0.5439180425226656
180	17	0.6826809006653393
20	18	0.658018610433926
110	10	0.6390715981650383
200	2	0.4154466894147664
1	15	0.5275972326098752
40	5	0.529457596541204
120	15	0.6796124393130321
100	7	0.5662420246063431
180	6	0.5427042454337996
60	4	0.5172971261322439
60	17	0.6763251979642813
1	7	0.4985190081289899
130	3	0.4587527894016732
90	17	0.6797601457720397
130	18	0.6836589967406157
160	9	0.6229965544439419
140	12	0.6591809474579969
140	8	0.6099561750132753
110	2	0.4169134052540717
170	17	0.6822106837190384
70	1	0.40301588976185554
30	15	0.6679122309041655
190	3	0.45687589975234416
200	10	0.6419052044253728
140	16	0.6823161940111846
50	4	0.5206917203059516
70	20	0.6768225606529455
90	13	0.6664724242751642
130	7	0.5659678582505291
100	19	0.6795250371260398
200	14	0.6800068852078117
70	5	0.5269127682554718
30	11	0.6398308124357223
190	20	0.679952730296469
190	7	0.5741626030760315
110	6	0.5456025444046205
170	13	0.6745369240486002
110	14	0.6749720489413992
200	6	0.5386790710505823
1	11	0.5135468166785998
40	1	0.4112278557975479
180	13	0.6730531130350639
170	8	0.6007700757357362
160	20	0.6812309693242757
50	16	0.6738832540340713
120	2	0.4216217714173531
1	3	0.42731304372023116
180	2	0.4196067142359554
60	13	0.6664038823515395
120	11	0.6509884940574365
80	20	0.6803904983944409
100	3	0.4835025595073348
150	9	0.6207726475932102
10	19	0.6369498523777092
20	4	0.5161629762235396
100	12	0.6593019317985513
190	15	0.6822313383747063
170	18	0.6827909730294215
140	7	0.574534818945223
40	10	0.634459484554421
70	15	0.6769442952279432
160	6	0.5397358358112035
130	17	0.6824181264561362
90	18	0.6825533876807186
80	4	0.5235791010324793
1	8	0.49933564272739106
30	1	0.4073255914836843
150	10	0.6431793849545048
60	18	0.6748739671640842
180	9	0.6224141709531616
100	8	0.5949766165073725
80	15	0.6796035278725191
10	12	0.620533993182923
150	2	0.42082907752796994
20	17	0.6603513697349807
180	18	0.6824821473095654
90	1	0.41303903842362627
160	15	0.6805738412672896
170	3	0.488852771547228
120	9	0.6222850599455613
200	1	0.41318741312168605
110	13	0.6697848080440901
40	6	0.5393984297930732
1	16	0.5292537235046088
180	14	0.6791696922198107
160	19	0.6813080235476783
50	11	0.6486343660019542
120	5	0.5298674796248765
1	4	0.46787318693835567
180	5	0.5307229339107242
60	14	0.6737219154340035
60	7	0.567820917946188
100	4	0.5147801047975455
80	19	0.6807843429278119
120	16	0.6809659007891
10	20	0.6404924771656346
140	11	0.6467624998117681
50	3	0.4581679439897169
70	19	0.6738838139110457
80	8	0.5977674056303084
90	14	0.6752578157853384
200	13	0.6731029688992761
100	20	0.6822281764166918
20	8	0.5899333342976344
70	2	0.41633695626077943
190	19	0.6843044922429677
30	16	0.6729963554991778
110	1	0.40889134339270605
170	14	0.6791942200288151
30	6	0.5398524722403756
150	17	0.6840925293220448
80	12	0.6634655623774844
150	5	0.5251604358837116
10	15	0.6364432737169887
110	18	0.6810057388216052
20	10	0.6203901720495109
10	7	0.5725732212560627
90	6	0.5420672885412134
160	12	0.6670478250205589
170	4	0.5177890846252869
20	3	0.4834614622266744
100	15	0.6778808257605509
200	18	0.6813241986577603
190	12	0.663810130017705
70	9	0.621543288293673
40	17	0.6696026885934593
50	8	0.5960000608890474
70	12	0.6619547932477647
130	10	0.6419274953996483
160	1	0.4206575901400833
80	3	0.4744584645559952
140	4	0.5194482341981947
40	13	0.6622067100421931
30	19	0.6654937983416847
190	16	0.6822445621402542
20	7	0.5662826801116032
100	11	0.6491259448516281
130	14	0.6771087016813155
160	5	0.5267029594993029
80	7	0.5629413760845436
70	16	0.6737615130556784
140	20	0.6787114188476724
150	1	0.415761983343938
10	11	0.6175250781497938
120	19	0.6836557878274693
80	16	0.6816405835725553
60	8	0.5993966594982684
150	13	0.6723061822749705
30	2	0.41534167884462986
50	20	0.6780075808376747
160	16	0.6855101139122546
90	2	0.415698840304128
20	14	0.6538331704954424
10	3	0.49422504264458744
1	19	0.5369619039079803
40	9	0.6167583240464625
130	4	0.521523226780466
90	10	0.6368958053742475
50	7	0.5763421924448157
140	15	0.6849000164331234
40	18	0.6722033233592088
110	5	0.5239115279454537
170	10	0.6406472408825549
70	6	0.541359777170703
190	4	0.5221878734374651
30	12	0.6489746384883739
200	17	0.6794214183605485
50	15	0.6740974911523083
120	1	0.41406620688530255
90	9	0.6256103667340536
10	8	0.5910194833368583
180	10	0.6474197653470841
200	5	0.5231393565751076
110	17	0.6822991911059987
40	2	0.4203664609158577
1	12	0.5151609177295476
120	12	0.6610795561769172
180	1	0.408820145008582
60	10	0.63988190694834
60	3	0.4657623578014182
150	18	0.6825162618698581
30	9	0.6115296417355452
170	15	0.6806874785966704
20	9	0.6103454399267839
200	12	0.6633537157906157
190	18	0.6875866742383385
190	1	0.41694986742686424
30	17	0.6684290635231533
70	3	0.4452223527861956
90	15	0.6782816044389974
80	9	0.6255424471726733
130	1	0.41557296290233986
50	2	0.4175281091105809
140	10	0.6402764343950431
70	18	0.6798662116164306
80	18	0.6776874853008201
120	17	0.6815747160959035
100	5	0.5199328132435241
1	5	0.4757821406700416
60	6	0.5394144537845132
60	15	0.6764463047030514
180	4	0.5205155487074683
160	18	0.6804687039400822
120	4	0.5279353478741264
50	10	0.6320156078547803
40	7	0.5699839324080219
1	17	0.5301845025066142
110	12	0.6614279249972966
180	15	0.6821124097264607
80	2	0.41908284207143276
130	11	0.6527565732469598
90	20	0.6765341965451779
50	9	0.62157825035803
70	13	0.6655939805380859
170	20	0.6828269387770775
40	16	0.6734831243518462
140	1	0.41479588086667735
200	19	0.6811818776298298
100	14	0.6787948863196424
20	2	0.41325665475196244
70	8	0.603327260950564
190	13	0.6798547478949913
170	5	0.525675607405201
160	13	0.6776511870096984
90	7	0.5656048795751437
110	19	0.6806806207691792
10	6	0.5391885026381803
20	11	0.6364090464299107
180	20	0.683591426826274
80	13	0.667811414593372
150	4	0.5174695493853139
10	14	0.6348232376029855
150	16	0.6836340407416285
30	7	0.5665997056929113
60	20	0.6739948007242093
10	2	0.4126453854487016
20	15	0.6579774766236265
1	18	0.5345581056218915
40	8	0.6020970366037408
170	1	0.41799731878162705
90	3	0.4882232130183068
160	17	0.684341058353512
60	9	0.6258721220463429
30	3	0.4828970559003311
150	12	0.6620617192910571
10	10	0.6088542196743945
120	18	0.6802305866479854
80	17	0.6834489324924725
70	17	0.6785596483323326
80	6	0.5411796231641822
160	4	0.5224928302652282
130	15	0.6850397520224156
30	18	0.6710137917591977
190	17	0.6852245721789749
100	10	0.6414092736423999
20	6	0.5449793257939853
40	12	0.652303652394108
140	5	0.5278999663606723
60	2	0.42150980199492255
60	11	0.6506996340642491
1	1	0.2702139317639505
30	8	0.5999192146437433
150	19	0.6838683391993148
120	13	0.6733431160263228
100	1	0.4184297729109593
20	20	0.6580003241697254
180	11	0.6523065260799344
10	9	0.5986871567449252
40	3	0.49051176364301013
1	13	0.5226442239563227
110	16	0.6806907895488169
200	4	0.5179857483036314
50	14	0.672528293122476
90	8	0.5975100358248802
190	5	0.5268960611687104
30	13	0.6593353201888944
70	7	0.5644133530463928
200	16	0.6848266232171055
40	19	0.6709750380632745
170	11	0.6520122837718181
110	4	0.5174812398848867
140	14	0.6793809463395267
50	6	0.5414331896985665
130	5	0.5258025435484625
130	20	0.6772017809726973
90	11	0.6483733754686983
