accuracy	precision	recall	f1	oob	confMatrxVars
0.8519757046338634	0.8458974921345332	0.8519757046338634	0.8405667896826362	0.14569013425370736	10658,488,1681,1826
0.8557292022111513	0.8498229629776985	0.8557292022111513	0.8459226065887019	0.14516364912691215	10616,513,1601,1923
0.8579813007575241	0.8530500630638335	0.8579813007575241	0.8468109100178643	0.14592412764339402	10730,440,1641,1842
0.8543642940012284	0.8495866748937052	0.8543642940012284	0.8427527770660311	0.14551463921144225	10659,445,1689,1860
0.8543642940012284	0.8481688241318162	0.8543642940012284	0.844375888663424	0.1439059346573459	10617,521,1613,1902
0.8534771036647786	0.846968938369476	0.8534771036647786	0.8428860309058859	0.1440521805259002	10665,513,1634,1841
0.852726404149321	0.8469653722792454	0.852726404149321	0.8411469128705211	0.1458071309485507	10672,473,1685,1823
0.8573670920630587	0.8516875926241246	0.8573670920630587	0.8472226954702944	0.14422767556816518	10673,488,1602,1890
0.8548420118747014	0.8483485898598557	0.8548420118747014	0.8440915785470307	0.14139050571821343	10714,500,1627,1812
0.8525899133283287	0.8466570457641031	0.8525899133283287	0.8416317474367994	0.14446166895785195	10628,495,1665,1865
0.8559339384426398	0.8505911692445431	0.8559339384426398	0.8449790181507318	0.1454561408640206	10680,465,1646,1862
0.8577765645260357	0.8528749203789456	0.8577765645260357	0.8469866089663652	0.1447541606949604	10687,451,1633,1882
0.8609840988193544	0.8549497882686353	0.8609840988193544	0.8516839361638976	0.14513439995320132	10733,503,1534,1883
0.8549102572851975	0.8496932158836976	0.8549102572851975	0.8440532376754616	0.1420632367135628	10634,471,1655,1893
0.8574353374735549	0.8516561454875342	0.8574353374735549	0.8470433323217498	0.14317470531457488	10704,482,1607,1860
0.8557292022111513	0.8502419236728002	0.8557292022111513	0.8447067236905015	0.1451051507794905	10690,467,1647,1849
0.8568211287790896	0.8519975151152301	0.8568211287790896	0.8454913639587489	0.1424142267980929	10705,440,1658,1850
0.8573670920630587	0.8529768575018848	0.8573670920630587	0.8461886359698814	0.1446664131738279	10679,433,1657,1884
0.8544325394117246	0.8490239835034753	0.8544325394117246	0.8435963458859175	0.1460703735119483	10632,478,1655,1888
0.8557974476216474	0.8502693253106652	0.8557974476216474	0.8452390767972111	0.14460791482640611	10654,481,1632,1886
0.8521804408653518	0.8455585676089937	0.8521804408653518	0.8410903727595432	0.14469566234753872	10676,507,1659,1811
0.8562069200846243	0.8512340866857491	0.8562069200846243	0.8447233771276231	0.14697709789698443	10711,442,1665,1835
0.8518392138128711	0.8461489359361238	0.8518392138128711	0.840662848691564	0.14490040656351455	10609,488,1683,1873
0.8594826997884393	0.8539578527446805	0.8594826997884393	0.8496283134149479	0.1477375764134663	10695,482,1577,1899
0.8506107964239404	0.8442028971126144	0.8506107964239404	0.8399521810952194	0.14317470531457488	10584,525,1664,1880
