accuracy	precision	recall	f1	oob	confMatrxVars
0.860301644714393	0.8546135444277351	0.860301644714393	0.8506682710878386	0.14139050571821343	10712,488,1559,1894
0.8592779635569507	0.8534544912068195	0.8592779635569507	0.8500063040682491	0.142589721840358	10663,509,1553,1928
0.855114993516686	0.8488484871400991	0.855114993516686	0.8452974193638231	0.14033753546462313	10630,524,1599,1900
0.8600286630724083	0.8549923430567165	0.8600286630724083	0.8506903243236957	0.14291146275117728	10622,485,1566,1980
0.8605746263563775	0.8553578825384499	0.8605746263563775	0.8510253391073914	0.14253122349293634	10673,479,1564,1937
0.8586637548624855	0.8531304476979815	0.8586637548624855	0.8488471924539767	0.14177074497645437	10669,488,1583,1913
0.8599604176619122	0.8546499099156	0.8599604176619122	0.8497871028409659	0.14311620696715321	10721,465,1587,1880
0.8641916331126732	0.8590108146415811	0.8641916331126732	0.8551394152230819	0.1446664131738279	10727,474,1516,1936
0.8639868968811847	0.8590540094131862	0.8639868968811847	0.8550364179057514	0.14346719705168332	10689,473,1520,1971
0.8616665529243158	0.8559707898281648	0.8616665529243158	0.8531670655274634	0.14218023340840624	10652,520,1507,1974
0.8547055210537091	0.8489302365887353	0.8547055210537091	0.8449286544789117	0.13981105033782792	10574,517,1612,1950
0.8566163925476011	0.8509007742702596	0.8566163925476011	0.8472324450783468	0.1420632367135628	10588,518,1583,1964
0.8604381355353853	0.8543965485248092	0.8604381355353853	0.8513567223291768	0.14165374828161104	10700,514,1531,1908
0.8592097181464546	0.8532870211807492	0.8592097181464546	0.8501746355350176	0.1411857615022376	10650,520,1543,1940
0.8582542823995086	0.8527100815626453	0.8582542823995086	0.8484518790574885	0.1402205387697798	10657,491,1586,1919
0.8599604176619122	0.8545087049876814	0.8599604176619122	0.8500816102430844	0.1407470238965749	10705,477,1575,1896
0.8592779635569507	0.8534373209881052	0.8592779635569507	0.8503622899882639	0.14080552224399656	10634,522,1540,1957
0.8624854978502696	0.8577603666286787	0.8624854978502696	0.8525792179449837	0.14209248588727363	10724,447,1568,1914
0.8562069200846243	0.8514815214639393	0.8562069200846243	0.8457266130542033	0.13954780777443032	10601,465,1642,1945
0.860301644714393	0.8537622492336077	0.860301644714393	0.8519328385717376	0.14150750241305687	10693,554,1493,1913
0.8543642940012284	0.8477463887009594	0.8543642940012284	0.844630512119902	0.14089326976512917	10633,539,1595,1886
0.8585272640414932	0.8539554042414856	0.8585272640414932	0.8485585937184565	0.14077627307028573	10605,464,1609,1975
0.8589367365044701	0.8530602706577728	0.8589367365044701	0.8500534958617926	0.13992804703267137	10625,526,1541,1961
0.8557292022111513	0.8495296063664071	0.8557292022111513	0.8456709536471433	0.14121501067594844	10661,511,1603,1878
0.8635091790077117	0.8575898851229902	0.8635091790077117	0.8548300781799635	0.14291146275117728	10743,508,1492,1910
