accuracy	precision	recall	f1	oob	confMatrxVars
0.861734798334812	0.8559418011793943	0.861734798334812	0.8543393388481174	0.13814384743630992	10574,567,1459,2053
0.8644646147546577	0.858674083755847	0.8644646147546577	0.8571026855595677	0.13741261809353889	10650,552,1434,2017
0.8648058418071385	0.8590572331650509	0.8648058418071385	0.8577599259249373	0.13855333586826168	10631,563,1418,2041
0.862690234081758	0.8570660028176303	0.862690234081758	0.8558520576262242	0.13814384743630992	10537,582,1430,2104
0.8618030437453081	0.8560235398311794	0.8618030437453081	0.8542421790094245	0.1366521395770569	10587,559,1466,2041
0.8613253258718351	0.8556222632991115	0.8613253258718351	0.8536751327640713	0.13618415279768348	10571,556,1476,2050
0.8627584794922541	0.8572393376937395	0.8627584794922541	0.8551901918206508	0.13747111644096055	10583,546,1465,2059
0.8668532041220228	0.8619397439330029	0.8668532041220228	0.8604651103836873	0.14045453215946646	10516,557,1394,2186
0.8689688118474033	0.8635632121926006	0.8689688118474033	0.8623544131425925	0.13940156190587616	10672,548,1372,2061
0.8620077799767966	0.856303725279502	0.8620077799767966	0.8544529141617069	0.13712012635643045	10583,556,1466,2048
0.8600286630724083	0.8538835656571276	0.8600286630724083	0.8523632465837158	0.1356869168445991	10590,575,1476,2012
0.8667167133010305	0.861281224461343	0.8667167133010305	0.8604925382268794	0.1387288309105268	10583,582,1371,2117
0.8626219886712618	0.8568818684049736	0.8626219886712618	0.8553793541342678	0.13758811313580388	10581,567,1446,2059
0.8644646147546577	0.8591428376840795	0.8644646147546577	0.8570257831222448	0.13744186726724972	10597,536,1450,2070
0.8640551422916809	0.8586721566734055	0.8640551422916809	0.8565668506524579	0.13650589370850275	10597,538,1454,2064
0.8665802224800382	0.8608625739271498	0.8665802224800382	0.8597407247788309	0.13735411974611722	10664,561,1394,2034
0.8639186514706886	0.8581619048609936	0.8639186514706886	0.8567943832216679	0.1376173623095147	10612,565,1429,2047
0.861734798334812	0.856024306759943	0.861734798334812	0.8538499923579362	0.13659364122963524	10603,544,1482,2024
0.8661025046065652	0.8605367879826272	0.8661025046065652	0.859166852041779	0.1393430635584545	10635,555,1407,2056
0.862212516208285	0.8562825951416971	0.862212516208285	0.8553545216958636	0.1358624118868642	10570,593,1426,2064
0.8658977683750768	0.8604148692780543	0.8658977683750768	0.8590302556860667	0.13817309661002075	10612,557,1408,2076
0.8634409335972156	0.8581402815539578	0.8634409335972156	0.8564269539847603	0.13744186726724972	10527,560,1441,2125
0.8637821606496963	0.8583225701264955	0.8637821606496963	0.8565572210802752	0.13814384743630992	10576,553,1443,2081
0.862690234081758	0.85659923603687	0.862690234081758	0.8553059026573212	0.13685688379303285	10640,570,1442,2001
0.8630997065447349	0.8579937626323757	0.8630997065447349	0.85581806731461	0.13676913627190035	10516,545,1461,2131
