accuracy	precision	recall	f1	oob	confMatrxVars
0.8590732273254623	0.8535146410870046	0.8590732273254623	0.8489957020359172	0.14311620696715321	10706,478,1587,1882
0.8567528833685935	0.8510490182016768	0.8567528833685935	0.8467982629982602	0.14235572845067124	10641,498,1601,1913
0.8564799017266089	0.8505510302551134	0.8564799017266089	0.8466367858200378	0.14229723010324957	10642,508,1595,1908
0.8598921722514161	0.8545989727147699	0.8598921722514161	0.8502337812463276	0.14317470531457488	10670,481,1572,1930
0.8521804408653518	0.8470873809093822	0.8521804408653518	0.8406555669841729	0.14080552224399656	10610,465,1701,1877
0.8608476079983621	0.8555473933153972	0.8608476079983621	0.8508437400575491	0.1439936821784784	10730,465,1574,1884
0.8570941104210742	0.8519782343335938	0.8570941104210742	0.8469209127599165	0.1407470238965749	10625,477,1617,1934
0.8559339384426398	0.8506749449286534	0.8559339384426398	0.8453807368241282	0.1417999941501653	10638,475,1636,1904
0.8572988466525626	0.8514262997872916	0.8572988466525626	0.8478688106907525	0.14168299745532187	10625,516,1575,1937
0.8599604176619122	0.8548116658588947	0.8599604176619122	0.8493873650536674	0.14387668548363508	10746,450,1602,1855
0.8569576196000819	0.850970933954813	0.8569576196000819	0.8477123433380248	0.14367194126765914	10610,527,1569,1947
0.8600286630724083	0.8546487639231932	0.8600286630724083	0.8503049596229811	0.14229723010324957	10687,480,1571,1915
0.8607111171773698	0.8553081618567586	0.8607111171773698	0.8508716884669585	0.14393518383105675	10719,473,1568,1893
0.8543642940012284	0.8480908245454043	0.8543642940012284	0.8440199307333626	0.1420632367135628	10652,511,1623,1867
0.8577765645260357	0.8517352893981798	0.8577765645260357	0.8481706318214006	0.1424142267980929	10668,511,1573,1901
0.8562751654951205	0.8502594606762695	0.8562751654951205	0.8460305426723966	0.14358419374652664	10677,498,1608,1870
0.8572306012420665	0.852202954314156	0.8572306012420665	0.8462463896392738	0.14469566234753872	10698,451,1641,1863
0.8599604176619122	0.8551946482655317	0.8599604176619122	0.8502884365564966	0.14253122349293634	10631,469,1583,1970
0.8609158534088582	0.8551856033858957	0.8609158534088582	0.8519452142185799	0.14352569539910498	10675,508,1530,1940
0.8583225278100047	0.8522341871687226	0.8583225278100047	0.849504323675589	0.1432917020094182	10623,537,1539,1954
0.8610523442298506	0.855167801840492	0.8610523442298506	0.8511722349650244	0.1453683933428881	10771,480,1556,1846
0.8539548215382515	0.848244048344129	0.8539548215382515	0.8431983193991366	0.1433794495305507	10633,489,1651,1880
0.8594826997884393	0.8551413567709326	0.8594826997884393	0.8490953632534154	0.14256047266664718	10658,442,1617,1936
0.858390773220501	0.853025970287627	0.858390773220501	0.8481233869530717	0.1417122466290327	10689,472,1603,1889
0.8588684910939739	0.853353629296914	0.8588684910939739	0.8492545571915919	0.1422387317558279	10655,493,1575,1930
