accuracy	precision	recall	f1	oob	confMatrxVars
0.8592097181464546	0.8539276393630292	0.8592097181464546	0.8497178976286216	0.13887507677908095	10634,490,1573,1956
0.858459018630997	0.8526951923244044	0.858459018630997	0.849433210236198	0.13957705694814126	10613,521,1553,1966
0.8620760253872927	0.8565864485261949	0.8620760253872927	0.8535314852900844	0.1405715288543099	10647,511,1510,1985
0.8621442707977889	0.8562176210104099	0.8621442707977889	0.8541577221491895	0.14121501067594844	10648,543,1477,1985
0.863167951955231	0.8570875984392343	0.863167951955231	0.8547569828823469	0.14150750241305687	10728,524,1481,1920
0.8564116563161127	0.8501163577164522	0.8564116563161127	0.8469919623965778	0.13840708999970752	10637,531,1573,1912
0.8598921722514161	0.8546256499405608	0.8598921722514161	0.8507088864302692	0.13957705694814126	10623,496,1557,1977
0.858390773220501	0.8531655449991882	0.858390773220501	0.8488245651515722	0.13975255199040626	10613,491,1584,1965
0.8585272640414932	0.8532966337403546	0.8585272640414932	0.8487629497923252	0.14063002720173157	10636,484,1589,1944
0.8644646147546577	0.8587833714296912	0.8644646147546577	0.8562465789304352	0.14226798092953874	10707,514,1472,1960
0.8586637548624855	0.8522716843370978	0.8586637548624855	0.8495436357830303	0.14200473836614114	10686,531,1540,1896
0.8580495461680202	0.85199625218603	0.8580495461680202	0.8490210726208584	0.13910907016876772	10629,530,1550,1944
0.8561386746741282	0.8507173532961684	0.8561386746741282	0.8459121537181123	0.1379683523940448	10626,487,1621,1919
0.857503582884051	0.8515091098736136	0.857503582884051	0.8485353871449027	0.13998654538009303	10603,534,1554,1962
0.8614618166928274	0.8558396131813131	0.8614618166928274	0.8529242263075968	0.14141975489192427	10642,518,1512,1981
0.8642598785231693	0.8594997743066347	0.8642598785231693	0.8546571809977627	0.141098013981105	10748,447,1542,1916
0.8586637548624855	0.8526432407270457	0.8586637548624855	0.8495052775376244	0.13998654538009303	10654,521,1550,1928
0.860301644714393	0.8543245825821815	0.860301644714393	0.8517284417007153	0.13989879785896053	10648,532,1515,1958
0.8628267249027503	0.8575190605853982	0.8628267249027503	0.8539615791450935	0.14042528298575563	10681,491,1519,1962
0.8620760253872927	0.8568367856322433	0.8620760253872927	0.8531895714065817	0.14060077802802073	10655,493,1528,1977
0.8644646147546577	0.8592799144678603	0.8644646147546577	0.8557783670367379	0.14375968878879175	10700,485,1501,1967
0.8648740872176346	0.8596745311308426	0.8648740872176346	0.8574998286949596	0.14060077802802073	10588,533,1447,2085
0.8572306012420665	0.8509834179862137	0.8572306012420665	0.8482476867017352	0.14001579455380386	10621,541,1551,1940
0.8583225278100047	0.8521948517302776	0.8583225278100047	0.8498445459715864	0.1391675685161894	10600,551,1525,1977
0.8567528833685935	0.851277078343878	0.8567528833685935	0.847072226487365	0.13910907016876772	10598,502,1597,1956
