accuracy	precision	recall	f1	oob	confMatrxVars
0.8602333993038969	0.8539826301999884	0.8602333993038969	0.8517859708515024	0.13937231273216533	10665,544,1504,1940
0.8557974476216474	0.8501492327529817	0.8557974476216474	0.8456471253376082	0.13919681768990022	10627,496,1617,1913
0.8611888350508429	0.8552759805957438	0.8611888350508429	0.8525286458339433	0.14130275819708094	10674,522,1512,1945
0.8649423326281308	0.8592867698134252	0.8649423326281308	0.8570168925914279	0.1404837813331773	10693,522,1457,1981
0.8596191906094315	0.8537177876920727	0.8596191906094315	0.8518866606760784	0.13867033256310513	10553,568,1489,2043
0.8589367365044701	0.8539698979832706	0.8589367365044701	0.8496383266037751	0.13834859165228586	10581,491,1576,2005
0.8622807616187811	0.8569792191298655	0.8622807616187811	0.8541310642547308	0.13975255199040626	10597,520,1498,2038
0.8603698901248891	0.854682059177347	0.8603698901248891	0.8510188945593526	0.1399572962063822	10689,497,1549,1918
0.8635774244182078	0.8587957781463599	0.8635774244182078	0.8545064976100939	0.14092251893884	10676,468,1531,1978
0.8630314611342387	0.8577622619476433	0.8630314611342387	0.854726902372343	0.13954780777443032	10630,509,1498,2016
0.8638504060601925	0.8590216300679723	0.8638504060601925	0.8556654614646946	0.13919681768990022	10597,498,1497,2061
0.8616665529243158	0.8565168634395188	0.8616665529243158	0.852800305257129	0.1387288309105268	10633,494,1533,1993
0.8585272640414932	0.852965733401553	0.8585272640414932	0.8495029206924632	0.13817309661002075	10596,516,1557,1984
0.8628267249027503	0.8570935541611405	0.8628267249027503	0.8547397035369078	0.14027903711720147	10654,530,1480,1989
0.8583225278100047	0.8529357646163865	0.8583225278100047	0.8497934204513277	0.13858258504197252	10528,531,1545,2049
0.8621442707977889	0.8562654738278742	0.8621442707977889	0.8540893148802506	0.13940156190587616	10648,539,1481,1985
0.8577083191155395	0.8510797375787473	0.8577083191155395	0.8484775603869472	0.13750036561467138	10690,538,1547,1878
0.8575718282945471	0.8511652568820408	0.8575718282945471	0.8492322713481716	0.13890432595279179	10599,568,1519,1967
0.8585955094519894	0.8532769246956491	0.8585955094519894	0.8490029617121748	0.13928456521103283	10629,491,1581,1952
0.860301644714393	0.8545509879433273	0.860301644714393	0.8522557229747216	0.13776360817806899	10580,547,1500,2026
0.8558656930321435	0.8507046490013873	0.8558656930321435	0.8460513627743534	0.13770510983064732	10560,496,1616,1981
0.8624854978502696	0.8567237430989532	0.8624854978502696	0.8543547056977577	0.14024978794349063	10651,531,1484,1987
0.8634409335972156	0.8583527702806253	0.8634409335972156	0.855019214144805	0.13910907016876772	10635,498,1503,2017
0.8572988466525626	0.851420193345919	0.8572988466525626	0.8479803493981155	0.13867033256310513	10616,520,1571,1946
0.8583225278100047	0.8519936651000208	0.8583225278100047	0.8497178001536482	0.13834859165228586	10631,551,1525,1946
