accuracy	precision	recall	f1	oob	confMatrxVars
0.7621647444209377	0.5808950976382333	0.7621647444209377	0.6592971508224338	0.2399017227763316	11168,0,3485,0
0.764212106735822	0.5840201440816034	0.764212106735822	0.6620747492342837	0.2407791979876569	11198,0,3455,0
0.7579335289701767	0.5744632343371857	0.7579335289701767	0.6535665027945793	0.23808827400625932	11106,0,3547,0
0.7584794922541459	0.575291140170107	0.7584794922541459	0.6543052025391065	0.23832226739594609	11114,0,3539,0
0.7622329898314338	0.5809991307873668	0.7622329898314338	0.6593896881285171	0.23993097195004243	11169,0,3484,0
0.7630519347573875	0.5822482551369925	0.7630519347573875	0.6605004012171829	0.24028196203457253	11181,0,3472,0
0.7550672217293387	0.5701265093300624	0.7550672217293387	0.6496919346123889	0.2368598087104039	11064,0,3589,0
0.7648945608407834	0.585063689203815	0.7648945608407834	0.6630012944513746	0.24107168972476523	11208,0,3445,0
0.7564321299392616	0.5721895672044479	0.7564321299392616	0.6515362107663499	0.23744479218462078	11084,0,3569,0
0.7658499965877295	0.5865262172734252	0.7658499965877295	0.664299026991884	0.2414811781567171	11222,0,3431,0
0.7612775540844878	0.5795435143528602	0.7612775540844878	0.6580944758069174	0.23952148351809066	11155,0,3498,0
0.7593666825905958	0.5766377586286466	0.7593666825905958	0.6555060571905011	0.23870250665418702	11127,0,3526,0
0.7610045724425032	0.5791279592783971	0.7610045724425032	0.6577245378473379	0.23940448682324722	11151,0,3502,0
0.7615505357264724	0.5799592184652771	0.7615505357264724	0.6584644683226178	0.239638480212934	11159,0,3494,0
0.7640073705043335	0.583707262184946	0.7640073705043335	0.6617968518102766	0.2406914504665243	11195,0,3458,0
0.7635296526308606	0.5829775304466026	0.7635296526308606	0.6611485432943051	0.24048670625054847	11188,0,3465,0
0.7641438613253259	0.5839158408011789	0.7641438613253259	0.661982113366319	0.24074994881394596	11197,0,3456,0
0.7615505357264724	0.5799592184652771	0.7615505357264724	0.6584644683226178	0.239638480212934	11159,0,3494,0
0.7593666825905958	0.5766377586286466	0.7593666825905958	0.6555060571905011	0.23870250665418702	11127,0,3526,0
0.7640756159148298	0.5838115468356264	0.7640756159148298	0.6618894808915188	0.24072069964023513	11196,0,3457,0
0.758547737664642	0.5753946703161467	0.758547737664642	0.6543975554286321	0.23835151656965692	11115,0,3538,0
0.7606633453900226	0.5786087250199407	0.7606633453900226	0.6572621921560675	0.23925824095469306	11146,0,3507,0
0.7633931618098683	0.5827691194980678	0.7633931618098683	0.6609633428542271	0.2404282079031267	11186,0,3467,0
0.758957210127619	0.5760160468046988	0.758957210127619	0.6549517446907155	0.2385270116119219	11121,0,3532,0
0.7602538729270456	0.5779859513005725	0.7602538729270456	0.6567074899707122	0.23908274591242795	11140,0,3513,0
