accuracy	precision	recall	f1	oob	confMatrxVars
0.8267249027502901	0.8173979124347694	0.8267249027502901	0.8197769916391221	0.21591740033344053	10279,929,1610,1835
0.8293182283491435	0.8242817345108671	0.8293182283491435	0.8262732474409367	0.2147474333850069	10083,1083,1418,2069
0.825769467003344	0.8162958649601875	0.825769467003344	0.8184733621188369	0.21272924039895869	10243,916,1637,1857
0.8312973452535317	0.8227744837268143	0.8312973452535317	0.8247254122010677	0.21226125361958526	10248,895,1577,1933
0.8346413703678428	0.825606714101525	0.8346413703678428	0.8264102271799488	0.21009681476498288	10328,787,1636,1902
0.8240633317409404	0.8163290346329151	0.8240633317409404	0.818716385138452	0.21542016438035627	10093,1010,1568,1982
0.8331399713369276	0.8318941551320159	0.8331399713369276	0.8324898641699946	0.21574190529117554	10000,1184,1261,2208
0.8307513819695626	0.8221064858946187	0.8307513819695626	0.823951711734896	0.21173476849279005	10236,887,1593,1937
0.8386678495871153	0.8318657911581758	0.8386678495871153	0.833786901718081	0.21033080815466965	10237,909,1455,2052
0.8287040196546782	0.820087679834976	0.8287040196546782	0.8221219315694548	0.21044780484951298	10206,915,1595,1937
0.8315703268955162	0.8248921430032211	0.8315703268955162	0.8270832610166734	0.2103893065020913	10153,990,1478,2032
0.8279533201392206	0.8210569336958408	0.8279533201392206	0.8234540344048703	0.21603439702828398	10172,1026,1495,1960
0.839009076639596	0.8314238046048987	0.839009076639596	0.8332051831174354	0.21135452923454912	10305,864,1495,1989
0.8416706476489456	0.8336856194373077	0.8416706476489456	0.8348079405386366	0.21313872883091056	10366,788,1532,1967
0.8360745239882618	0.8275575876467771	0.8360745239882618	0.8289959749599304	0.21202726022989848	10317,829,1573,1934
0.8413294205964649	0.833503338843112	0.8413294205964649	0.8350328086845279	0.21182251601392266	10364,822,1503,1964
0.8324575172319661	0.8270935234234775	0.8324575172319661	0.8291341329555318	0.2151861709906695	10138,1044,1411,2060
0.8246092950249095	0.8156083018527592	0.8246092950249095	0.8179284345487413	0.21714586562929594	10189,950,1620,1894
0.8337541800313929	0.8260822879935885	0.8337541800313929	0.8281037399157898	0.21205650940360932	10227,915,1521,1990
0.8348461065993312	0.8271532104688726	0.8348461065993312	0.8292588185619819	0.21416244991079003	10275,914,1506,1958
0.8408517027229919	0.833017339205727	0.8408517027229919	0.834577269788768	0.2099505688964287	10356,827,1505,1965
0.8379171500716577	0.8295696651700027	0.8379171500716577	0.8314728461593479	0.2143086957793442	10387,854,1521,1891
0.8291134921176551	0.8241266447365357	0.8291134921176551	0.8261271736300323	0.21313872883091056	10109,1090,1414,2040
0.8355285607042926	0.82644299483902	0.8355285607042926	0.826049515889169	0.20927783790107934	10367,721,1689,1876
0.8403739848495189	0.8330945319545386	0.8403739848495189	0.8346454390172467	0.20980432302787444	10265,848,1491,2049
