accuracy	precision	recall	f1	oob	confMatrxVars
0.8638504060601925	0.8584814548872526	0.8638504060601925	0.8560227135103621	0.1391675685161894	10620,525,1470,2038
0.8610523442298506	0.8549199912240376	0.8610523442298506	0.8529001752099072	0.1372663722249846	10653,548,1488,1964
0.862690234081758	0.8575612549042513	0.862690234081758	0.8545575560108942	0.1388165784316593	10589,514,1498,2052
0.8563434109056166	0.850472626031467	0.8563434109056166	0.8477005439819573	0.13644739536108108	10531,550,1555,2017
0.8545690302327168	0.8488394529168609	0.8545690302327168	0.8459510584677823	0.13565766767088827	10465,558,1573,2057
0.8623490070292773	0.8568041962776941	0.8623490070292773	0.8546094893101784	0.13849483752084002	10589,542,1475,2047
0.8641916331126732	0.8584272349190337	0.8641916331126732	0.8566702773355828	0.13896282430021356	10651,546,1444,2012
0.8607111171773698	0.855183361684018	0.8607111171773698	0.8523838188833682	0.13808534908888825	10592,528,1513,2020
0.8657612775540845	0.8608595176766477	0.8657612775540845	0.8575020996689439	0.13963555529556293	10668,486,1481,2018
0.8649423326281308	0.8598896819449927	0.8649423326281308	0.8569168022677087	0.13984029951153876	10636,503,1476,2038
0.8599604176619122	0.8541279183187882	0.8599604176619122	0.8521061893415304	0.137003129661587	10564,559,1493,2037
0.8570941104210742	0.8505920423217621	0.8570941104210742	0.8486008006886513	0.135160431717804	10607,567,1527,1952
0.8665802224800382	0.8610528323279709	0.8665802224800382	0.8599213934717782	0.13919681768990022	10623,564,1391,2075
0.8605746263563775	0.8542208217711024	0.8605746263563775	0.8532287810967585	0.13659364122963524	10613,592,1451,1997
0.8643281239336654	0.8590500645569099	0.8643281239336654	0.8566789933283512	0.1386410833893943	10607,527,1461,2058
0.8615300621033235	0.8555589689181367	0.8615300621033235	0.8535242934258903	0.13755886396209305	10637,547,1482,1987
0.8661707500170613	0.8607885293146438	0.8661707500170613	0.8585013698425936	0.1397818011641171	10675,518,1443,2017
0.8599604176619122	0.853875353089396	0.8599604176619122	0.8520673335252694	0.13875808008423762	10597,564,1488,2004
0.8650105780386269	0.8594489825419515	0.8650105780386269	0.8574967602218202	0.13946006025329782	10649,536,1442,2026
0.8605063809458814	0.855002464562856	0.8605063809458814	0.8517569443982167	0.13820234578373158	10622,513,1531,1987
0.8613935712823313	0.8553063477955456	0.8613935712823313	0.8538368846601272	0.1376758606569365	10614,570,1461,2008
0.8629632157237426	0.8580857037773755	0.8629632157237426	0.8540253805693644	0.13782210652549065	10653,478,1530,1992
0.8671261857640074	0.8613067994447527	0.8671261857640074	0.8601662448830603	0.13998654538009303	10703,555,1392,2003
0.8573670920630587	0.8519699163248496	0.8573670920630587	0.8484293733278033	0.13668138875076774	10540,522,1568,2023
0.8634409335972156	0.858119020886242	0.8634409335972156	0.8552460252046284	0.1381145982625991	10637,512,1489,2015
