accuracy	precision	recall	f1	oob	confMatrxVars
0.8643963693441616	0.8589585512828319	0.8643963693441616	0.8558422207676953	0.14288221357746644	10710,496,1491,1956
0.8576400737050434	0.8523572138205189	0.8576400737050434	0.8482704656679885	0.13931381438474366	10578,503,1583,1989
0.8616665529243158	0.856733166135601	0.8616665529243158	0.8522820017171518	0.1399572962063822	10665,472,1555,1961
0.8650105780386269	0.8598141331236642	0.8650105780386269	0.856490839220897	0.14200473836614114	10701,488,1490,1974
0.8611888350508429	0.8555680164221315	0.8611888350508429	0.8525276392519956	0.14112726315481583	10645,515,1519,1974
0.858390773220501	0.8528971272827524	0.858390773220501	0.8490696281213163	0.13975255199040626	10613,505,1570,1965
0.8601651538934006	0.85533836042826	0.8601651538934006	0.8506805779032461	0.1402205387697798	10623,475,1574,1981
0.8613935712823313	0.8558924313917858	0.8613935712823313	0.8521311362730097	0.13957705694814126	10694,490,1541,1928
0.8630997065447349	0.8578002563409955	0.8630997065447349	0.854595152558057	0.14112726315481583	10654,502,1504,1993
0.8640551422916809	0.8579924885466844	0.8640551422916809	0.8560142382032836	0.14139050571821343	10723,533,1459,1938
0.8594826997884393	0.8536653389812421	0.8594826997884393	0.8502489111628144	0.13989879785896053	10665,509,1550,1929
0.8605063809458814	0.8554697380206889	0.8605063809458814	0.8514909762314625	0.1403082862909123	10604,493,1551,2005
0.8611888350508429	0.8549532759179663	0.8611888350508429	0.852842461257281	0.14033753546462313	10683,542,1492,1936
0.8611205896403467	0.8562010276061154	0.8611205896403467	0.8519280672181078	0.13981105033782792	10629,481,1554,1989
0.8564116563161127	0.8499030567028223	0.8564116563161127	0.8476874745917197	0.13910907016876772	10605,562,1542,1944
0.8616665529243158	0.8555507511040243	0.8616665529243158	0.853805949755404	0.14177074497645437	10647,556,1471,1979
0.8630314611342387	0.8576014609563715	0.8630314611342387	0.8541480687088983	0.14024978794349063	10700,492,1515,1946
0.8579813007575241	0.8523409055133673	0.8579813007575241	0.8481911830363408	0.1390798209950569	10656,495,1586,1916
0.8608476079983621	0.8547935820591707	0.8608476079983621	0.8520703272739185	0.14103951563368333	10688,523,1516,1926
0.8613253258718351	0.855582322928089	0.8613253258718351	0.8526065995754529	0.14042528298575563	10666,515,1517,1955
0.8607793625878659	0.8558345614026831	0.8607793625878659	0.8521885434793832	0.14019128959606886	10561,504,1536,2052
0.8579130553470279	0.8523154913183809	0.8579130553470279	0.848821198562294	0.13905057182134606	10588,518,1564,1983
0.8650105780386269	0.8597031487991542	0.8650105780386269	0.8565847670025611	0.14159524993418937	10703,494,1484,1972
0.8648740872176346	0.8591748151712617	0.8648740872176346	0.8558856097059924	0.1421509842346954	10788,484,1496,1885
0.8573670920630587	0.8506550887270635	0.8573670920630587	0.8479473561177379	0.13878732925794846	10702,535,1555,1861
