accuracy	precision	recall	f1	oob	confMatrxVars
0.8463113355626835	0.8403621051409899	0.8463113355626835	0.8329824586797806	0.14920003509900848	10648,465,1787,1753
0.8507472872449328	0.8440608293579418	0.8507472872449328	0.8379277340831774	0.15186170990669512	10770,467,1720,1696
0.8476079983621101	0.8415369382327552	0.8476079983621101	0.8350884340927758	0.14797156980315307	10627,481,1752,1793
0.8499965877294752	0.8452802123396793	0.8499965877294752	0.8359564886208508	0.15034075287373128	10743,409,1789,1712
0.8509520234764212	0.8451400730067361	0.8509520234764212	0.8377841486086502	0.15215420164380355	10754,442,1742,1715
0.8474715075411179	0.8408069439634395	0.8474715075411179	0.8352245258209393	0.15238819503349033	10638,500,1735,1780
0.8469255442571487	0.8420792626882916	0.8469255442571487	0.8325272619930254	0.14925853344643014	10694,419,1824,1716
0.8507472872449328	0.8458782916507066	0.8507472872449328	0.8376938387628224	0.15192020825411678	10690,430,1757,1776
0.8485634341090562	0.843474906636161	0.8485634341090562	0.8351655049098299	0.1501945070051771	10670,437,1782,1764
0.8489046611615368	0.8446603840984328	0.8489046611615368	0.8352658593651842	0.15069174295826138	10658,416,1798,1781
0.8442639732477991	0.8377700706699951	0.8442639732477991	0.8306099309478377	0.15232969668606866	10646,477,1805,1725
0.8491776428035215	0.8445008265062107	0.8491776428035215	0.834645045795761	0.15282693263915292	10758,402,1808,1685
0.8502013239609636	0.8446793104067792	0.8502013239609636	0.8372749892104356	0.15113048056392409	10699,447,1748,1759
0.8478809800040947	0.8429463854047302	0.8478809800040947	0.8342225490444951	0.149843516920647	10665,432,1797,1759
0.8493823790350099	0.8430266478466124	0.8493823790350099	0.8372495625580646	0.15042850039486388	10662,487,1720,1784
0.851361495939398	0.846320291062553	0.851361495939398	0.8374527422434936	0.1506332446108397	10785,410,1768,1690
0.8463795809731796	0.8389628137751491	0.8463795809731796	0.8337485027108051	0.15221269999122522	10682,509,1742,1720
0.8451511635842489	0.8387577144961622	0.8451511635842489	0.8314340215743536	0.1486150516247916	10669,469,1800,1715
0.8496553606769944	0.8439267935192589	0.8496553606769944	0.8366310269016056	0.15212495247009272	10703,451,1752,1747
0.8519757046338634	0.8477579115060401	0.8519757046338634	0.8378816863227666	0.1531486735499722	10779,390,1779,1705
0.8493823790350099	0.8432469567667658	0.8493823790350099	0.8366526505028	0.15083798882681565	10695,467,1740,1751
0.8505425510134443	0.8455322220497854	0.8505425510134443	0.8377606728482626	0.15317792272368302	10669,440,1750,1794
0.8487681703405446	0.8429934915968145	0.8487681703405446	0.8357231920498401	0.15159846734329752	10683,456,1760,1754
0.8508837780659251	0.846769863563405	0.8508837780659251	0.8367450092938292	0.15113048056392409	10748,393,1792,1720
0.8469937896676448	0.8411929337555788	0.8469937896676448	0.8334255267091646	0.15285618181286376	10677,453,1789,1734
