accuracy	precision	recall	f1	oob	confMatrxVars
0.8577083191155395	0.851022593839796	0.8577083191155395	0.8483869207094389	0.1426774693614905	10702,536,1549,1866
0.8552514843376783	0.8495100490593492	0.8552514843376783	0.8448123052750302	0.14194624001871947	10644,492,1629,1888
0.8530676312018016	0.8471895616918681	0.8530676312018016	0.8425290821916327	0.13893357512650273	10602,504,1649,1898
0.8534771036647786	0.8479530055786982	0.8534771036647786	0.8430206009419815	0.14212173506098458	10580,497,1650,1926
0.8621442707977889	0.8562899793747688	0.8621442707977889	0.8538004665287352	0.14270671853520134	10669,527,1493,1964
0.8577765645260357	0.8523595679365807	0.8577765645260357	0.8475259156702553	0.14317470531457488	10674,477,1607,1895
0.8566846379580974	0.8505639609931694	0.8566846379580974	0.8470198898313357	0.142589721840358	10649,517,1583,1904
0.8547055210537091	0.8491895863207841	0.8547055210537091	0.8440520817956022	0.1428529644037556	10631,484,1645,1893
0.8599604176619122	0.8548108914577685	0.8599604176619122	0.8502211284026843	0.14209248588727363	10668,475,1577,1933
0.8633044427762233	0.8585099080763064	0.8633044427762233	0.8538302873317124	0.14358419374652664	10710,457,1546,1940
0.8555244659796629	0.8496971522486362	0.8555244659796629	0.8458539226677122	0.14150750241305687	10592,517,1600,1944
0.8554562205691667	0.850054127509701	0.8554562205691667	0.8453443046213212	0.14130275819708094	10595,494,1624,1940
0.8562751654951205	0.8505934683413704	0.8562751654951205	0.8459645456422714	0.1414490040656351	10657,489,1617,1890
0.8557292022111513	0.8498487315111827	0.8557292022111513	0.8459092938502961	0.14147825323934604	10615,512,1602,1924
0.8566846379580974	0.8505861548892414	0.8566846379580974	0.8461716685520873	0.14235572845067124	10717,489,1611,1836
0.8560021838531359	0.8502472594096333	0.8560021838531359	0.845528127454356	0.14279446605633395	10669,487,1623,1874
0.8579130553470279	0.8530620243144383	0.8579130553470279	0.8471490881348751	0.1446664131738279	10685,450,1632,1886
0.8585955094519894	0.8530185232683417	0.8585955094519894	0.8490754801749223	0.1425019743192255	10644,499,1573,1937
0.8521121954548556	0.846542068639521	0.8521121954548556	0.8410683770923477	0.14045453215946646	10597,488,1679,1889
0.8588002456834778	0.8523677038695446	0.8588002456834778	0.8497030874811202	0.14229723010324957	10692,532,1537,1892
0.8571623558315703	0.8510348553987682	0.8571623558315703	0.847485351702008	0.1426774693614905	10664,514,1579,1896
0.8572306012420665	0.8514262254236471	0.8572306012420665	0.8473859073000973	0.14335020035683987	10653,501,1591,1908
0.857503582884051	0.8514880074360897	0.857503582884051	0.8477792064646161	0.14182924332387614	10668,508,1580,1897
0.8577765645260357	0.8525695672227753	0.8577765645260357	0.8478295742962416	0.14282371523004478	10630,482,1602,1939
0.8600286630724083	0.8539377168931546	0.8600286630724083	0.8508491321542996	0.1414490040656351	10701,514,1537,1901
