accuracy	precision	recall	f1	oob	confMatrxVars
0.8355285607042926	0.8334294695105725	0.8355285607042926	0.8140775545546934	0.17374009184240546	10796,317,2093,1447
0.8256329761823518	0.8279902691874269	0.8256329761823518	0.7957897663646476	0.18131562783351374	10918,224,2331,1180
0.8171022998703337	0.8265923526860905	0.8171022998703337	0.7808548213687474	0.18368481090409194	10913,157,2523,1060
0.8230396505834983	0.8308752425943283	0.8230396505834983	0.7904527495353016	0.17195589224604402	10914,172,2421,1146
0.8251552583088787	0.8300225679128218	0.8251552583088787	0.7899803705238727	0.18315832577729674	11109,167,2395,982
0.8299324370436089	0.8427943299002596	0.8299324370436089	0.797771293009062	0.17654801251864638	11010,119,2373,1151
0.824814031256398	0.8267472636391965	0.824814031256398	0.7944921462189375	0.1789171955892246	10926,226,2341,1160
0.8166928274073568	0.8272171549183126	0.8166928274073568	0.779586659746516	0.18324607329842935	10929,147,2539,1038
0.8164880911758684	0.8231255527025682	0.8164880911758684	0.7801651720593102	0.18447453859428475	10929,176,2513,1035
0.8211287790896062	0.8495839603286661	0.8211287790896062	0.7768962438386593	0.1863464857117787	11188,23,2598,844
0.806797242885416	0.829064288317982	0.806797242885416	0.7571711638202943	0.18848167539267013	11066,65,2766,756
0.8250187674878864	0.8324807303341096	0.8250187674878864	0.793311330269785	0.17233613150428495	10926,174,2390,1163
0.8117109124411384	0.8264441904227272	0.8117109124411384	0.7667551596152923	0.18868641960864607	11070,101,2658,824
0.8130758206510612	0.8191301490874664	0.8130758206510612	0.7748962860173002	0.18473778115768225	10926,178,2561,988
0.8211287790896062	0.8216259446778855	0.8211287790896062	0.7897676757047469	0.18099388692269447	10902,241,2380,1130
0.8336176892104006	0.826835117936811	0.8336176892104006	0.8153800947785117	0.17201439059346568	10684,435,2003,1531
0.8351190882413158	0.8375115955641048	0.8351190882413158	0.8093979210683567	0.17923893650004386	10945,226,2190,1292
0.8327304988739507	0.8321971729716453	0.8327304988739507	0.8086739305870094	0.17268712158881516	10844,280,2171,1358
0.830478400327578	0.8359360070349805	0.830478400327578	0.8003303706036907	0.17763023194594751	11012,181,2303,1157
0.830478400327578	0.8270497822012927	0.830478400327578	0.8062841927338915	0.17698675012430898	10853,316,2168,1316
0.8306831365590664	0.8415770129367102	0.8306831365590664	0.7993055440298096	0.17575828482845357	11012,134,2347,1160
0.831911553947997	0.8334517241696704	0.831911553947997	0.804776085252116	0.17906344145777886	10953,232,2231,1237
0.8219477240155599	0.8342606134735422	0.8219477240155599	0.7863982392669894	0.17730849103512825	10974,129,2480,1070
0.8119838940831229	0.8197499735050259	0.8119838940831229	0.7731171272349686	0.18453303694170642	10911,167,2588,987
0.8041356718760664	0.820906029621664	0.8041356718760664	0.7554770274037401	0.18892041299833284	11003,96,2774,780
