accuracy	precision	recall	f1	oob	confMatrxVars
0.77274278304784	0.8229508708955493	0.77274278304784	0.6816915438458278	0.23036649214659688	11200,1,3329,123
0.7638026342728451	0.5833944641221377	0.7638026342728451	0.6615189849318386	0.23495861241919913	11192,0,3461,0
0.7623694806524262	0.8188454528296325	0.7623694806524262	0.6597135890405179	0.23522185498259673	11169,0,3482,2
0.7638708796833413	0.8198302465529056	0.7638708796833413	0.6651861822075943	0.23197519670069322	11140,0,3460,53
0.7636661434518529	0.8197456381226924	0.7636661434518529	0.6653001899384812	0.23179970165842811	11131,0,3463,59
0.7592984371800996	0.8172673284102661	0.7592984371800996	0.6559673871049836	0.23381789464447633	11118,0,3527,8
0.7776564526035624	0.8279093334511236	0.7776564526035624	0.6948203863194499	0.22434116236216328	11157,0,3258,238
0.7640756159148298	0.5838115468356264	0.7640756159148298	0.6618894808915188	0.23700605457895818	11196,0,3457,0
0.7581382652016652	0.8168396751540895	0.7581382652016652	0.6572927644222937	0.23112697066307875	11058,0,3544,51
0.7685798130075753	0.8202712361063612	0.7685798130075753	0.6748756199503203	0.22981075784609084	11158,1,3390,104
0.760868081621511	0.8181459708824464	0.760868081621511	0.6591856087376706	0.23270642604346425	11125,0,3504,24
0.7592301917696035	0.8172795243355051	0.7592301917696035	0.6566964849137313	0.23136096405276552	11105,0,3528,20
0.7736982187947861	0.8248622566576627	0.7736982187947861	0.6901960588503119	0.2238439264090789	11086,1,3315,251
0.7732887463318092	0.8254015877852917	0.7732887463318092	0.6868896966401	0.2258328702214163	11130,0,3322,201
0.7712413840169249	0.824233704733944	0.7712413840169249	0.6831051417510217	0.22615461113223556	11118,0,3352,183
0.7648945608407834	0.8206600688209199	0.7648945608407834	0.6713493724847853	0.22709058469098253	11079,0,3445,129
0.7744489183102437	0.8259549174109584	0.7744489183102437	0.6872871382321417	0.22744157477551263	11168,0,3305,180
0.7799085511499352	0.8276663253968911	0.7799085511499352	0.7002505449158557	0.21626839041797075	11146,2,3223,282
0.7749948815942128	0.8253972123525919	0.7749948815942128	0.6907285952001365	0.22360993301939225	11128,1,3296,228
0.7700812120384904	0.8234317455905481	0.7700812120384904	0.6786810115074039	0.23112697066307875	11150,0,3369,134
0.7667371869241794	0.8215602836093995	0.7667371869241794	0.6726896679082489	0.2305712363625727	11125,0,3418,110
0.782228895106804	0.8299249119190522	0.782228895106804	0.7046366446496357	0.21767235075609115	11154,1,3190,308
0.7769057530881048	0.8267519303532043	0.7769057530881048	0.6955753465226577	0.2162391412442598	11113,1,3268,271
0.7623012352419299	0.8190770408688918	0.7623012352419299	0.6642264840598785	0.23060048553628365	11099,0,3483,71
0.7701494574489866	0.8235492385976252	0.7701494574489866	0.6800723659559237	0.22831904998683783	11129,0,3368,156
