accuracy	precision	recall	f1	oob	confMatrxVars
0.8594144543779431	0.8534943236584778	0.8594144543779431	0.8503861538347247	0.14516364912691215	10655,519,1541,1938
0.8568893741895858	0.8509916448895597	0.8568893741895858	0.8466102820695174	0.14452016730527362	10688,491,1606,1868
0.8554562205691667	0.8490633208321615	0.8554562205691667	0.8461815734522316	0.1418877416712978	10608,544,1574,1927
0.8560021838531359	0.8508499764783827	0.8560021838531359	0.8453980419374353	0.14495890491093621	10637,471,1639,1906
0.857503582884051	0.8514457127108263	0.857503582884051	0.8481600719617558	0.14484190821609289	10640,522,1566,1925
0.8567528833685935	0.8518391875113329	0.8567528833685935	0.846248169778621	0.14443241978414112	10632,465,1634,1922
0.8545007848222207	0.8488263303774688	0.8545007848222207	0.8441313171014778	0.14177074497645437	10612,497,1635,1909
0.8572988466525626	0.8510060614768029	0.8572988466525626	0.8477988978236212	0.14396443300476758	10668,523,1568,1894
0.8535453490752747	0.848485529792883	0.8535453490752747	0.8428098912345884	0.14226798092953874	10574,479,1667,1933
0.8559339384426398	0.8505920007496051	0.8559339384426398	0.8453246644163693	0.14358419374652664	10649,475,1636,1893
0.8510885142974135	0.8445989142007074	0.8510885142974135	0.8406773836526155	0.1417999941501653	10584,532,1650,1887
0.8590732273254623	0.8536217133135191	0.8590732273254623	0.8489705822089139	0.1428529644037556	10700,475,1590,1888
0.8568211287790896	0.8512186909887868	0.8568211287790896	0.8464350229851976	0.1423264792769604	10673,482,1616,1882
0.8577765645260357	0.8522645692079129	0.8577765645260357	0.8475275938151375	0.14247272514551468	10681,479,1605,1888
0.8582542823995086	0.853465320183009	0.8582542823995086	0.8483521372194648	0.14203398753985197	10607,472,1605,1969
0.8580495461680202	0.8531913150221411	0.8580495461680202	0.8478960525376965	0.14112726315481583	10631,467,1613,1942
0.8577765645260357	0.8524194659504655	0.8577765645260357	0.8473000364478593	0.1432917020094182	10690,469,1615,1879
0.8572306012420665	0.8501637283429808	0.8572306012420665	0.8478645744596762	0.14449091813156278	10728,546,1546,1833
0.863645669828704	0.8584643542575047	0.863645669828704	0.8547091323675537	0.1456316359062857	10700,481,1517,1955
0.8557292022111513	0.8509922878804199	0.8557292022111513	0.8445374422737661	0.14194624001871947	10656,448,1666,1883
0.8578448099365318	0.8525565348438456	0.8578448099365318	0.8472577944411541	0.14381818713621342	10697,464,1619,1873
0.8556609568006551	0.8500660599988041	0.8556609568006551	0.8461947252893228	0.1412735090233701	10558,518,1597,1980
0.8557974476216474	0.8498073571636917	0.8557974476216474	0.8454529649022865	0.14238497762438207	10670,497,1616,1870
0.8586637548624855	0.8524052875853708	0.8586637548624855	0.8495468137391377	0.14367194126765914	10673,528,1543,1909
0.8588002456834778	0.8546885541029742	0.8588002456834778	0.8483315136099914	0.14291146275117728	10631,439,1630,1953
