accuracy	precision	recall	f1	oob	confMatrxVars
0.8642598785231693	0.8587469545701306	0.8642598785231693	0.8577289930511848	0.13776360817806899	10544,584,1405,2120
0.8649423326281308	0.8594957375571871	0.8649423326281308	0.8578382286568342	0.1387288309105268	10598,551,1428,2076
0.8623490070292773	0.8562972320942316	0.8623490070292773	0.8552256022555483	0.13849483752084002	10608,583,1434,2028
0.8678086398689688	0.8624263059430772	0.8678086398689688	0.8610160014934727	0.13849483752084002	10648,546,1391,2068
0.8652835596806114	0.8598618486623016	0.8652835596806114	0.857801985159811	0.13913831934247856	10637,532,1442,2042
0.8634409335972156	0.8579962743754534	0.8634409335972156	0.8558013020346983	0.13752961478838222	10600,537,1464,2052
0.8629632157237426	0.8574978151001241	0.8629632157237426	0.8549154538428865	0.13896282430021356	10625,524,1484,2020
0.8633726881867194	0.8574588425917289	0.8633726881867194	0.8564019698981254	0.13843633917341835	10608,580,1422,2043
0.8646693509861462	0.8590378905426701	0.8646693509861462	0.8574122262726215	0.1383778408259967	10627,551,1432,2043
0.8627584794922541	0.8574337814295603	0.8627584794922541	0.8552177959157525	0.13755886396209305	10557,542,1469,2085
0.8628267249027503	0.8575128980217346	0.8628267249027503	0.8557661997028094	0.13752961478838222	10515,562,1448,2128
0.8609158534088582	0.8546750238730455	0.8609158534088582	0.8540715337713302	0.13673988709818952	10580,611,1427,2035
0.862212516208285	0.856482722471485	0.862212516208285	0.8547854490857156	0.1359501594079967	10582,561,1458,2052
0.8637139152392002	0.8581110155035354	0.8637139152392002	0.8561804617246138	0.13940156190587616	10618,544,1453,2038
0.8701289838258377	0.865452883091658	0.8701289838258377	0.8631219808000666	0.1382900933048642	10642,503,1400,2108
0.8640551422916809	0.8587768900308574	0.8640551422916809	0.8569588930527704	0.13799760156775576	10549,552,1440,2112
0.862212516208285	0.8565175645248131	0.862212516208285	0.8552693554099191	0.13764661148322554	10541,582,1437,2093
0.8614618166928274	0.8559433475266603	0.8614618166928274	0.8539234315580368	0.13890432595279179	10543,555,1475,2080
0.8639868968811847	0.8582700352067065	0.8639868968811847	0.8568964005072737	0.13732487057240628	10606,565,1428,2054
0.8661025046065652	0.8610914466913023	0.8661025046065652	0.8589750252367787	0.1376173623095147	10577,531,1431,2114
0.8675356582269842	0.8622556736217981	0.8675356582269842	0.8603197188603712	0.1391675685161894	10662,526,1415,2050
0.8661707500170613	0.8606978779143858	0.8661707500170613	0.8590362175776283	0.13858258504197252	10640,543,1418,2052
0.8602333993038969	0.8541125098261269	0.8602333993038969	0.8532566698117833	0.13694463131416534	10549,605,1443,2056
0.8646011055756501	0.8589311489642961	0.8646011055756501	0.8574230488784481	0.13823159495744242	10624,556,1428,2045
0.8614618166928274	0.8556531725687996	0.8614618166928274	0.8539508770090579	0.1376173623095147	10577,564,1466,2046
