10	20	0.3117765078136887
120	16	0.19124365489465844
80	19	0.19268750296969966
100	4	0.43732542450661166
180	5	0.3743656916957711
60	7	0.29514523497656464
60	14	0.202185594382249
1	4	2.8656048740817193
50	11	0.22227233584985662
120	5	0.37431670785908655
160	19	0.18639078744658355
180	14	0.1944180729418552
110	13	0.20093601107976206
200	1	0.7861695920771608
1	16	2.83094190846967
40	6	0.3344783231830305
110	1	0.786562391206959
170	14	0.19476609019477525
70	2	0.6299773434221134
30	16	0.21016741659999372
190	19	0.18597104623499455
100	20	0.18885364942270594
200	13	0.19924893347412984
20	8	0.28432648430051777
80	8	0.26566890635594165
90	14	0.19861655872126988
70	19	0.1941826360737118
140	11	0.2148149388299108
50	3	0.5212830886049783
90	6	0.32714628737925067
160	12	0.20536935220668515
170	4	0.4355514195050778
20	10	0.2500029292694261
10	7	0.3794002386367691
110	18	0.1895099461120475
10	15	0.30967787015720555
150	5	0.3744771479332308
80	12	0.2082868071496068
30	6	0.3402571151255314
150	17	0.18801397452976853
160	1	0.7840203647973535
130	10	0.2270298963304863
80	3	0.5210703733052682
70	12	0.20987734931616944
50	8	0.2698896059625345
40	17	0.20373857771117354
190	12	0.20435240916795586
70	9	0.24656132330692349
20	3	0.5372217427340998
200	18	0.1868521033174332
100	15	0.19558117370341566
140	20	0.18823237316763808
70	16	0.19651747155839216
160	5	0.3730965816065402
130	14	0.19669487720133344
80	7	0.29307610832199077
20	7	0.30883217845684036
100	11	0.2164198402570746
190	16	0.18961472012774067
30	19	0.21020886535964878
140	4	0.43974015343954215
40	13	0.21216387287298594
40	9	0.2510147947294408
1	19	2.8300207964484048
20	14	0.22648142646419242
10	3	0.5969807925068715
160	16	0.19031933494625378
90	2	0.631156338067694
50	20	0.19806136408682684
150	13	0.2007558660869473
30	2	0.6401771354327244
60	8	0.2683320266850582
80	16	0.1941509905970463
120	19	0.18935641914333717
10	11	0.31302935107104535
150	1	0.7827829270292855
200	17	0.18745789066305307
70	6	0.3308614411838596
30	12	0.2204689613330304
190	4	0.43547163291941904
110	5	0.37537106366716616
170	10	0.2254802598481065
40	18	0.2023132812466399
50	7	0.2959754404837197
140	15	0.19237820915352594
90	10	0.2293842105179783
130	4	0.43663117064624074
150	18	0.188129406527084
30	9	0.2551497149103932
180	1	0.7797019343314122
60	3	0.5238980964049461
60	10	0.23181372094841962
120	12	0.20677381754832902
110	17	0.1912333416939093
200	5	0.374247648699646
1	12	2.818245246630074
40	2	0.6349981668181459
10	8	0.3533252128546542
180	10	0.22667291887529964
90	9	0.24386715119846014
50	15	0.20131099606418737
120	1	0.7843591715167291
70	18	0.19329871616528557
50	2	0.6364079662160709
140	10	0.22684106945665294
130	1	0.7845779135171743
90	15	0.19538533137793038
80	9	0.2455939485271417
30	17	0.20919408559419866
190	1	0.784214657965231
190	18	0.18682702712917115
70	3	0.5257147881470228
20	9	0.26252101964728114
200	12	0.20525360349463323
170	15	0.19247092608703462
180	15	0.19123383183530604
1	17	2.828718348942567
40	7	0.2987494845251544
110	12	0.20773070478393665
120	4	0.43659787713643156
50	10	0.23283841815423456
160	18	0.18695187142821498
60	15	0.19865229880893762
60	6	0.3311997312010159
180	4	0.43471896670102944
1	5	2.8539795100622287
100	5	0.37510655919500413
120	17	0.19126802370619678
80	18	0.19245857088240595
70	8	0.2680291056794338
190	13	0.19909444176248153
100	14	0.19716787180037573
200	19	0.18650030450806107
20	2	0.6509713366258422
40	16	0.20519242277111982
140	1	0.7836758952721853
170	20	0.18669527571972647
70	13	0.20471774850657293
50	9	0.24833853164667674
80	2	0.6335752036563196
130	11	0.21523476398730626
90	20	0.19067638090095063
60	20	0.19469588748362418
150	16	0.18945376540948666
30	7	0.3028662525990304
10	14	0.31022555244798833
150	4	0.43603999700012674
80	13	0.20391733393034886
10	6	0.4165775138662908
20	11	0.24133563325848073
180	20	0.18600017002702088
110	19	0.1893943399188549
170	5	0.3727519295043451
160	13	0.20034643321611673
90	7	0.29312246456835955
80	17	0.19345154419191085
120	18	0.1888016081336053
10	10	0.3214845261457772
30	3	0.532071418507602
150	12	0.20560888629020993
60	9	0.24772316508615774
170	1	0.780508093276564
90	3	0.5195730971803326
160	17	0.1885567558621927
40	8	0.27107850648254006
1	18	2.836218584879222
10	2	0.7089790669881348
20	15	0.2256585894561216
40	12	0.21659262458475417
140	5	0.3751197305003648
100	10	0.22866546066588975
20	6	0.34613069716528794
190	17	0.18793178838616892
30	18	0.20927909017177054
80	6	0.3297644403941502
130	15	0.19362086856387328
160	4	0.4362255433520977
70	17	0.19426590066484412
90	8	0.2670814819674886
50	14	0.2034112140899152
1	13	2.8173062633670383
40	3	0.5303463025070483
200	4	0.43718685924460643
110	16	0.1912195000549472
20	20	0.22517470457148192
180	11	0.21468504221644213
10	9	0.3306991987568072
100	1	0.7858680813216915
120	13	0.2011698002415166
1	1	2.9912274632893707
30	8	0.27540978259166066
150	19	0.1873911982134885
60	11	0.21963631283291554
60	2	0.6339930057825487
130	20	0.18686147854520796
90	11	0.21692290689557
130	5	0.3739063964569774
140	14	0.1963545441731998
50	6	0.330912932326915
170	11	0.2145565580605029
110	4	0.43841686643320793
40	19	0.20209631204854964
200	16	0.19017468882967595
30	13	0.21645110740278034
190	5	0.3738977263780056
70	7	0.2945571684635608
110	8	0.2649299958193651
40	15	0.2059692849520314
140	2	0.6330401822842845
100	17	0.19050579991972924
20	1	0.7973027621495801
190	9	0.24190431573411647
190	10	0.22631090806558798
80	1	0.7866357104377836
160	3	0.5177280624868943
130	12	0.20672162971903588
130	9	0.24259281181170714
140	18	0.18908961454632187
70	10	0.23037421329302363
80	10	0.22973431072949135
150	7	0.29026226657386933
10	17	0.3114548704916238
30	4	0.449019235761627
150	15	0.1921612894500052
170	6	0.32626270565296883
90	4	0.4373701632545817
160	10	0.2255206206425919
50	18	0.19784332917328765
200	8	0.2620018362069941
10	5	0.46415261912530004
20	12	0.23380438480617546
130	19	0.18826865710061558
90	16	0.19447356649600347
160	8	0.2634359209401302
130	2	0.6314477982502613
140	13	0.20087421945670692
50	1	0.7820202815222368
170	16	0.19020661760685179
110	3	0.5221484946166728
140	9	0.24278070715062397
40	20	0.2011374338175547
200	11	0.2145070533234792
190	2	0.6309705134866426
30	14	0.21258300611034917
120	7	0.29048252987502243
50	13	0.2086812604420944
40	4	0.4413614229902871
1	14	2.822404664276517
110	11	0.21628834764938765
200	3	0.5200402961755026
20	19	0.22642835007512804
180	16	0.18949986379948336
120	14	0.19538151652603783
100	6	0.32799754175186374
1	6	2.8418889447596025
150	20	0.18625612947776715
60	5	0.3794529130609967
60	16	0.19704716080836981
180	7	0.29067603620728955
180	12	0.20507474220878852
1	10	2.807391965009433
110	15	0.19350923791062416
200	7	0.2902376520352247
120	3	0.5217077172780844
50	17	0.19922486968925834
170	9	0.24244317538016333
60	1	0.7811587136017997
60	12	0.21244902883723302
180	3	0.5192673266888481
1	2	2.940971332074112
10	18	0.31527252407808914
150	8	0.26321158062612365
120	10	0.22724175026965043
100	2	0.6301527826473756
50	5	0.37950874772700516
140	17	0.1885778770217884
130	6	0.3280662673345013
90	12	0.20873825861531178
190	6	0.32588812471583367
30	10	0.23852518210884885
70	4	0.44014154928512744
100	18	0.19056291004811363
200	15	0.19065858663898833
170	12	0.20584840592968473
110	7	0.2920791655498049
180	8	0.26224429439821845
60	19	0.1956349629701802
150	11	0.21513160027712203
1	9	2.80849788920184
150	3	0.5184094402511928
10	13	0.3095516948644492
100	9	0.2444319081101366
80	14	0.1987106586389353
10	1	0.8624885718089087
180	19	0.1859633113020416
20	16	0.22417457228363602
110	20	0.18940555693489994
120	8	0.2648757420012723
170	2	0.6327056197472352
160	14	0.19509390287645106
190	14	0.1943880246884463
200	20	0.18556803754113968
100	13	0.20201795264222733
20	5	0.3946326612514374
40	11	0.22457089106110256
140	6	0.32686335827109886
170	19	0.18634453665110068
70	14	0.20071418988179066
80	5	0.37538750737454957
160	7	0.2896273442478332
90	19	0.19143649756049938
130	16	0.19118059087219774
1	20	2.8388175214052387
200	9	0.24046349387914506
20	13	0.23002512618628168
10	4	0.527802234793312
160	11	0.2149699763634599
90	5	0.37688347192797195
170	7	0.2888966297993374
50	19	0.1976897690763039
150	14	0.19564438057633324
30	5	0.3873508830381174
120	20	0.1888712751238522
80	11	0.21867954777625997
150	6	0.32800450352480015
10	16	0.31452319991882666
140	19	0.18683431081557245
70	11	0.21802011681755942
130	13	0.20182952041490862
160	2	0.6311166842169845
130	8	0.26403845134932785
100	16	0.1919250051536422
190	8	0.2618881341484674
30	20	0.20885077396706564
190	11	0.2141212825863885
110	9	0.24442719018759593
140	3	0.5202765071607561
40	14	0.2085788066041894
1	7	2.820202587661876
180	6	0.32589880007126226
60	17	0.19624771517775738
60	4	0.43595892472709274
100	7	0.2908902178453522
120	15	0.19389591827087727
200	2	0.6286179221895832
110	10	0.2287412895064604
40	5	0.38352151333232315
1	15	2.821407204187992
20	18	0.22445726066353153
180	17	0.18812272147500117
50	12	0.21447382742265575
120	6	0.3271083470870073
200	10	0.22529312069031168
70	1	0.7887309492411879
190	3	0.5173453635329455
30	15	0.21162538685400878
110	2	0.6332841760997187
170	17	0.18844941340538326
140	8	0.26272951117943605
140	12	0.2066401484203998
160	9	0.24211082402912545
130	18	0.188927986321866
90	17	0.19152885294374936
130	3	0.5174089474270546
110	6	0.3298690860967849
170	13	0.2001248992234656
70	5	0.37618259060189646
190	7	0.2893552333779979
30	11	0.2306362379131585
190	20	0.18570299259685533
200	14	0.1942337466808935
100	19	0.19071181939894985
130	7	0.2905769708705474
90	13	0.20177224534163493
70	20	0.193317804388896
140	16	0.1911808310139616
50	4	0.4444332247434882
10	19	0.31513516680949677
150	9	0.24294672069243817
100	3	0.5183611913704109
120	11	0.21524328384169267
80	20	0.19198620264318383
180	2	0.6258625765726087
60	13	0.20600312480248384
1	3	2.9146232851104976
50	16	0.19940362682801194
120	2	0.6307726464869916
170	8	0.2635070598830195
160	20	0.18673060806138053
180	13	0.19898367020304075
200	6	0.32574273083635324
110	14	0.19676279573302533
40	1	0.7862537388191626
1	11	2.813574854282685
90	18	0.19138207817831784
130	17	0.18928568580904787
160	6	0.3261749935179694
80	4	0.4370887973621801
70	15	0.1970132651471282
140	7	0.2900887155912364
40	10	0.23766161993064358
170	18	0.18840660955626615
190	15	0.19108333585390938
20	4	0.45401042526769425
100	12	0.20756113273411625
120	9	0.2440443891427838
90	1	0.7856666338822835
160	15	0.191843341846457
170	3	0.5191484503807131
180	18	0.18623519014795473
20	17	0.2236038515163854
150	2	0.6299370071150917
10	12	0.3088561739720397
80	15	0.19653812250545002
100	8	0.2643098340437809
60	18	0.19629547236062386
180	9	0.24166325853686285
1	8	2.8135628292337316
30	1	0.7913578593722106
150	10	0.22652287559620926
