10	20	0.2775981882377392
120	16	0.249478509802016
80	19	0.24881603895691362
100	4	0.5773095677058757
180	5	0.497616837758393
60	7	0.38707702097572994
60	14	0.25617232717113225
1	4	0.7180643460813404
50	11	0.2855418961989075
120	5	0.4931509946756797
160	19	0.24370135658531042
180	14	0.2578438687990437
110	13	0.2637230303942347
200	1	1.0517974678157342
1	16	0.5858583382144813
40	6	0.43791775340206207
110	1	1.0502453118210584
170	14	0.2556898612481002
70	2	0.8357842545987326
30	16	0.25756907329144657
190	19	0.24588752241048742
100	20	0.24456027640545966
200	13	0.2661636820659416
20	8	0.3568440932469985
80	8	0.34983784377856625
90	14	0.25721081102441334
70	19	0.24668378738994456
140	11	0.2848166863038021
50	3	0.6910153184149352
90	6	0.4327764120498333
160	12	0.2740324643240069
170	4	0.5808725868763808
20	10	0.30930708425102904
10	7	0.402810870289229
110	18	0.24790895396851298
10	15	0.2835877642135596
150	5	0.4940536816601403
80	12	0.27450324998756753
30	6	0.433022753277527
150	17	0.2515616157764394
160	1	1.0456567277974416
130	10	0.2992162790397646
80	3	0.6909289283913616
70	12	0.27317815448002525
50	8	0.3524763852422875
40	17	0.25640252984515577
190	12	0.2724594173724891
70	9	0.31728550538268396
20	3	0.6946272551236244
200	18	0.2471536395779423
100	15	0.25014883377894576
140	20	0.24469300179285378
70	16	0.25280769222015176
160	5	0.4910089436044613
130	14	0.25665951195353165
80	7	0.3842614108808181
20	7	0.38980033909086614
100	11	0.28421989879089987
190	16	0.2484870259157628
30	19	0.2569396308206325
140	4	0.5853491940438238
40	13	0.2646207045743561
40	9	0.3270580482474497
1	19	0.6180969799796319
20	14	0.2742756489279668
10	3	0.700751987136496
160	16	0.24834070569641134
90	2	0.8415487197937701
50	20	0.24886645702175036
150	13	0.26196043225898646
30	2	0.8389934786093182
60	8	0.34640690947816644
80	16	0.24967370510421724
120	19	0.24573910387120318
10	11	0.3080383002162963
150	1	1.0442396407887484
200	17	0.24775626446646065
70	6	0.4318525972397144
30	12	0.2809818458956921
190	4	0.5765262858070659
110	5	0.49751898729065963
170	10	0.30172286473452437
40	18	0.2540723783392542
50	7	0.3859521013549636
140	15	0.2529737184552314
90	10	0.29397788359992705
130	4	0.577463400359791
150	18	0.24432968278217487
30	9	0.3251706185898114
180	1	1.0429908433906472
60	3	0.6928690491498581
60	10	0.3004000736557562
120	12	0.2690100775195776
110	17	0.24767485754193705
200	5	0.49249969438197844
1	12	0.5397530723221466
40	2	0.8366048261640852
10	8	0.3681141759341361
180	10	0.30174606790007896
90	9	0.3200303513385279
50	15	0.2576373232076547
120	1	1.0415912956481828
70	18	0.24927082843242224
50	2	0.8380050149484057
140	10	0.29724966510581213
130	1	1.0421483942354721
90	15	0.25400919529342914
80	9	0.3206632281417005
30	17	0.25858208345137235
190	1	1.043388557642237
190	18	0.24555209207816048
70	3	0.6978347932827522
20	9	0.32552147754925337
200	12	0.2720634219653441
170	15	0.2521246397291725
180	15	0.2535788802919793
1	17	0.5942627581202098
40	7	0.3902612061671696
110	12	0.27027544484544846
120	4	0.5810623118125584
50	10	0.3045430162395883
160	18	0.24708053377550493
60	15	0.2541987275596969
60	6	0.4337717252007758
180	4	0.5783915514630725
1	5	0.6880904958470946
100	5	0.491089194445756
120	17	0.24748484596983947
80	18	0.24628201364901828
70	8	0.35218714577806925
190	13	0.2611711168335587
100	14	0.25766123451405076
200	19	0.24552868956490265
20	2	0.8532647231257167
40	16	0.25342233101169254
140	1	1.0494556579503738
170	20	0.24334070754449047
70	13	0.26454090396089236
50	9	0.32034076243956144
80	2	0.8408355942917765
130	11	0.2804478920374573
90	20	0.24665613389460497
60	20	0.24552830570493925
150	16	0.24835521450146203
30	7	0.38889930714419535
10	14	0.28544026573404546
150	4	0.5818838922818681
80	13	0.26392627799703916
10	6	0.4546836132565627
20	11	0.2953488408384213
180	20	0.24318539963080088
110	19	0.24621142493312853
170	5	0.4964672440320524
160	13	0.2647841314553834
90	7	0.38264420713740266
80	17	0.24691391694994239
120	18	0.24641638232060933
10	10	0.32326232248166653
30	3	0.6937003190502276
150	12	0.2702476058295252
60	9	0.32464282762497987
170	1	1.0324807206496442
90	3	0.6854047824225685
160	17	0.24525826046277088
40	8	0.3526554244354187
1	18	0.5931397248006792
10	2	0.8556625685841368
20	15	0.2676017014617326
40	12	0.27734657332019275
140	5	0.4957717258319764
100	10	0.2992323398319028
20	6	0.43736521687212293
190	17	0.2471368173737374
30	18	0.2563371712614108
80	6	0.43569637518480697
130	15	0.2536248847001181
160	4	0.5761292017492948
70	17	0.25068448897911216
90	8	0.34872502014672163
50	14	0.25859069149018454
1	13	0.5454440389229274
40	3	0.6968984604440368
200	4	0.5770358925540938
110	16	0.25263962821679875
20	20	0.26121173989589047
180	11	0.28379920177502455
10	9	0.34212080366121506
100	1	1.0411501767957314
120	13	0.26256259197817317
1	1	1.2008249993293791
30	8	0.3502713445310035
150	19	0.24655970144708494
60	11	0.28723207382947435
60	2	0.8393381407069535
130	20	0.24478668405665915
90	11	0.28662941197719466
130	5	0.48801534477162956
140	14	0.2554654299854622
50	6	0.432391721977014
170	11	0.28509942595339394
110	4	0.5787101407855832
40	19	0.2524838210074995
200	16	0.24649685847494213
30	13	0.2726772232318579
190	5	0.49486502063537974
70	7	0.38341580900184097
110	8	0.3532973217115699
40	15	0.2593227706512553
140	2	0.8420035107499406
100	17	0.25092018891431894
20	1	1.0518288940871319
190	9	0.3193643675817866
190	10	0.2960403238798079
80	1	1.041365847526855
160	3	0.6927406936269559
130	12	0.2706992642345142
130	9	0.31912961268781376
140	18	0.24423522837752046
70	10	0.30066108661224045
80	10	0.29929571700879914
150	7	0.3837516179217539
10	17	0.2801741918026808
30	4	0.584636406882173
150	15	0.253697516991134
170	6	0.42758132030068957
90	4	0.5769941999485482
160	10	0.2966917878829035
50	18	0.25128893692437443
200	8	0.3494861151461434
10	5	0.521027052628598
20	12	0.28328320663848927
130	19	0.24380778155523344
90	16	0.24983932672812337
160	8	0.3461145278886118
130	2	0.8401300451306335
140	13	0.2600549815398672
50	1	1.0363383036705158
170	16	0.24747615172413745
110	3	0.6950484655095459
140	9	0.32087825794236857
40	20	0.2530188660973432
200	11	0.28275246775486146
190	2	0.841231709774466
30	14	0.26074948832086664
120	7	0.3860823800458828
50	13	0.2638440021040102
40	4	0.578054287611342
1	14	0.562059521967715
110	11	0.2831096094166809
200	3	0.6893542337444072
20	19	0.26088320850093993
180	16	0.2482352797428797
120	14	0.2591177664813011
100	6	0.4352272880056293
1	6	0.634393839308113
150	20	0.24398341268942506
60	5	0.4962847505724608
60	16	0.2542311534345379
180	7	0.3800628979643482
180	12	0.27129833829240974
1	10	0.5267000463355309
110	15	0.25344167095073156
200	7	0.3894601096306278
120	3	0.6924625723888437
50	17	0.25475508834118216
170	9	0.32020793547020365
60	1	1.0260104478707115
60	12	0.273393758725288
180	3	0.6871227761775021
1	2	0.9828950483339446
10	18	0.28081748995563666
150	8	0.34706740784646795
120	10	0.30006647505387085
100	2	0.8327904830423912
50	5	0.5012721481155699
140	17	0.25045693103953254
130	6	0.4288843581359058
90	12	0.2718409447078558
190	6	0.43043356145430095
30	10	0.30330388253488105
70	4	0.5769048480653511
100	18	0.245879672291729
200	15	0.25081801285418126
170	12	0.27126143538322867
110	7	0.3823798501216459
180	8	0.34849409208825866
60	19	0.2486593917839444
150	11	0.28462797216483676
1	9	0.5363341477697223
150	3	0.6969399700881282
10	13	0.28864246180846453
100	9	0.3208856693492418
80	14	0.2613118487879273
10	1	1.0724456896911172
180	19	0.24557420976151095
20	16	0.2627673289488467
110	20	0.24345604988282038
120	8	0.34597376278879566
170	2	0.8368110048121694
160	14	0.2565632588962684
190	14	0.25398750872673165
200	20	0.24720075718676643
100	13	0.26239644532955375
20	5	0.5068647238193759
40	11	0.2870847328272957
140	6	0.4341828036984874
170	19	0.24483219604144554
70	14	0.2607638430095733
80	5	0.49545630045314176
160	7	0.38520428205732793
90	19	0.24471840864742275
130	16	0.2478164099662158
1	20	0.6045007802905404
200	9	0.31975882660663946
20	13	0.27342630263611095
10	4	0.5987810267783168
160	11	0.28306499406832447
90	5	0.4979222901588401
170	7	0.385292195196969
50	19	0.2514098662832631
150	14	0.2549285914669926
30	5	0.5033322831078921
120	20	0.2451898294572781
80	11	0.2839754265972095
150	6	0.4314217330918606
10	16	0.28493929473231633
140	19	0.24425088516776086
70	11	0.2874923247992324
130	13	0.2584433710387757
160	2	0.8413588801826597
130	8	0.34661103082091466
100	16	0.2489794073962341
190	8	0.3506449193310894
30	20	0.2557229036278575
190	11	0.285894711365548
110	9	0.3192308299444522
140	3	0.6824290897015753
40	14	0.2643040585621609
1	7	0.5787861308969741
180	6	0.43249121255896594
60	17	0.25163277214440183
60	4	0.5711441898374559
100	7	0.3879577475332204
120	15	0.2519210000454234
200	2	0.837598913322885
110	10	0.3001246119018853
40	5	0.5052995833255237
1	15	0.5823932525193458
20	18	0.25765510940707864
180	17	0.24631068006387483
50	12	0.27458485300630725
120	6	0.4312434750233682
200	10	0.2990470424043718
70	1	1.041884067434683
190	3	0.6852892390038958
30	15	0.26133945409439696
110	2	0.8401773082753128
170	17	0.24756077682869881
140	8	0.3489391139211007
140	12	0.26990724449077463
160	9	0.3191534162001171
130	18	0.24901145331468616
90	17	0.24993647344140832
130	3	0.6917193517321206
110	6	0.4334121555925187
170	13	0.2629731232770859
70	5	0.4940759058535296
190	7	0.3826397561324403
30	11	0.29023671002443935
190	20	0.24299106549729618
200	14	0.2559055196564778
100	19	0.24651370879053833
130	7	0.38587932281527415
90	13	0.2658195244212573
70	20	0.2509747498902333
140	16	0.24857444615561008
50	4	0.5840582899528192
10	19	0.2819996709663728
150	9	0.3216279129947941
100	3	0.6837210622575328
120	11	0.28615697757886704
80	20	0.248483233593222
180	2	0.8357925508913362
60	13	0.2677456783032791
1	3	0.9066140825350866
50	16	0.25312724400942443
120	2	0.8392911072561995
170	8	0.3496354910715275
160	20	0.24341653005805636
180	13	0.26453892148398195
200	6	0.43547130958198954
110	14	0.2573961148036344
40	1	1.0388031130516957
1	11	0.515561767384288
90	18	0.2462859571641514
130	17	0.24886660265577812
160	6	0.4350498820105289
80	4	0.5834200346671335
70	15	0.25661368872781964
140	7	0.38592351102190475
40	10	0.3046327177962282
170	18	0.24693913931377157
190	15	0.25215559951657507
20	4	0.5836843267087101
100	12	0.2741404684481635
120	9	0.31826694615134815
90	1	1.044407171705792
160	15	0.2539710801684166
170	3	0.685862041547313
180	18	0.24775154026248775
20	17	0.2634085320225996
150	2	0.8347531148930994
10	12	0.29711332064618706
80	15	0.25360439311006855
100	8	0.3529767441662588
60	18	0.2471115771080974
180	9	0.31791136714913004
1	8	0.5669407566979486
30	1	1.0456402782828031
150	10	0.29771301968410685
