130	8	0.9685022910789678
10	6	0.9436651733940559
120	20	0.9787647658142786
200	3	0.8973461353343802
10	16	0.9686396748873802
130	13	0.9773884162281192
160	15	0.9788382790308758
140	2	0.7415393308396426
40	10	0.9730862479044761
150	6	0.9530488261237476
70	8	0.9678406815502874
190	13	0.9784011305643564
180	20	0.9793436854298652
60	19	0.978093258749463
1	14	0.8931193669227007
100	14	0.977998188109554
20	11	0.9710707261419492
70	17	0.9775325951598609
150	12	0.9768012738157205
1	9	0.8876227935582321
100	4	0.9180864660248353
90	9	0.972372648839781
80	11	0.9763323839251289
40	4	0.9160837454383102
20	5	0.9291036149390933
150	20	0.9784735653923251
1	6	0.8613849265035296
80	2	0.7301867133725802
70	18	0.9786544638482367
170	1	0.4043894304953741
60	16	0.9776778921881385
140	13	0.9790155029468985
110	15	0.9798668601948808
30	10	0.9722827366924566
90	10	0.9742597771104496
160	5	0.938063934540931
30	1	0.4070105972179771
90	6	0.9530440488222753
10	19	0.967475945577798
60	3	0.8928627414367121
170	14	0.9775866694159073
50	11	0.9743355184505549
120	12	0.977530689376037
130	7	0.9636927305213413
10	9	0.9629824166256681
180	12	0.9769459467706503
180	4	0.9202316647726437
120	3	0.8962619137730963
200	15	0.9796355785421264
150	9	0.9714258756598291
70	7	0.9625758893111102
200	12	0.9791962786725624
120	4	0.9216280910897277
180	3	0.89525602030012
180	15	0.9788134389245146
120	15	0.9781866476319236
50	16	0.9772219185760962
190	7	0.9635227168157117
170	13	0.9782373627148618
160	20	0.9806345473838098
40	18	0.9786739511984384
60	4	0.9185266879350243
90	1	0.40805007394966447
80	19	0.9787241138580169
30	6	0.9500330673616716
110	8	0.9684414295290182
160	2	0.7423533664453958
90	17	0.9789257031671628
30	17	0.9767361011785897
50	8	0.965229825235983
110	12	0.9763333543318837
140	14	0.9791449971147267
60	11	0.9765666124495833
170	6	0.9556387167301159
80	5	0.9384411932643535
20	19	0.9749760823905445
1	1	0.19363132770629576
20	2	0.7275379957841359
40	3	0.8853150144946487
90	18	0.9788168134141861
30	9	0.9699417181019352
110	7	0.9624836162330241
80	16	0.9787479921295459
100	3	0.8929162263301704
150	15	0.9790913514833793
70	10	0.9738765334708749
20	16	0.9759382860498741
100	13	0.9781822690459941
110	20	0.9781325364373101
50	7	0.9617162557676826
30	18	0.9759579152715828
170	9	0.9728443279758265
1	13	0.8932386080896131
200	20	0.9790934541238966
190	14	0.97822099064259
150	1	0.40794668908311993
40	17	0.9772937974502268
140	5	0.9396055783583932
160	12	0.9773346836267544
130	14	0.9780912391703754
10	11	0.9661598373896818
200	4	0.9183539679055969
190	8	0.9680204723981625
50	19	0.9774967947525078
10	1	0.3905722327089724
130	1	0.4106318267252038
50	17	0.9784615666737789
190	6	0.953718561821029
170	12	0.9771086952351606
120	14	0.9786539673129936
60	5	0.9376112175967477
40	19	0.9777703436421806
70	1	0.41036033127077814
200	13	0.9768724883344937
120	5	0.937853971732554
180	14	0.9789461576863938
180	2	0.739139962395894
140	15	0.9779149897946339
60	10	0.9743546416365015
170	7	0.9622814489198107
30	16	0.9769481946916747
50	9	0.9716149348686993
110	13	0.9777804371406751
1	20	0.890250102511727
80	4	0.9158069313206377
20	18	0.9746496290092722
100	20	0.9798910088859006
20	3	0.8781046146307427
80	18	0.9780957469590156
110	9	0.9710673771845434
30	7	0.9574377193767887
90	16	0.9782721406651461
160	3	0.8964951386245034
100	2	0.758845330754463
20	17	0.9756327099994152
100	12	0.9766704651038094
150	14	0.9776007988819003
70	11	0.9752012741272336
170	8	0.9690384682566932
1	12	0.8922466642954053
50	6	0.9523154432840677
30	19	0.9759181928074829
40	2	0.7441616578107828
90	19	0.978745294900095
110	6	0.9537497646484128
30	8	0.9656271332939923
80	17	0.9788182697900808
130	15	0.9791109028885863
10	10	0.9656846838629346
40	16	0.9761912988462735
140	4	0.9181330896661261
160	13	0.9774579644998603
200	5	0.9378211919442374
190	9	0.9708998245362906
50	18	0.9785869891239862
170	20	0.9794000146731524
190	15	0.9794331608812505
70	9	0.9724122900182322
190	12	0.9772727783162012
150	7	0.9641541937252447
10	7	0.9532286451732979
130	9	0.9721782510974691
200	2	0.7458098612008689
160	14	0.9786717629277354
140	3	0.8904679102461971
40	11	0.9745909854331148
10	17	0.9682939071722391
130	12	0.9766201623092511
90	8	0.9690377646093822
80	10	0.9748621681851981
110	1	0.407461644637904
40	5	0.93411120363956
50	1	0.4081571151067129
60	18	0.9778736317424002
1	15	0.885584608490163
140	20	0.9792559710228119
70	16	0.9792345340367646
150	13	0.9793429591573422
100	15	0.9790328634300338
20	10	0.9704052906720283
1	8	0.8808112283993965
100	5	0.937312390602399
160	4	0.9191885526922668
90	11	0.9755698629628357
90	7	0.9643367278742581
1	7	0.8757360261631262
20	4	0.9095258541859691
70	19	0.9772771447287354
80	3	0.8903032627469072
110	14	0.9775455407098823
30	11	0.9731780441294667
60	17	0.9793470577161933
140	12	0.9763729539010205
180	5	0.9386014306914447
180	13	0.9783268936560201
120	2	0.7398127906258418
200	14	0.9791290298812421
70	6	0.9534298520067246
150	8	0.9696171063756092
190	20	0.9789281898010413
10	18	0.9669837689331243
60	2	0.7495142378376158
130	20	0.9789079394599471
120	13	0.978579891597501
170	15	0.9783089766282795
190	1	0.4082590390471125
50	10	0.9731578717737247
10	8	0.9586744360434458
130	6	0.9537368591695823
140	17	0.9792742413609561
170	5	0.9385146826957117
60	12	0.975914905046283
30	14	0.9757872564281455
110	11	0.9762782109144496
20	1	0.3900638324558031
1	2	0.439811882141197
80	6	0.9518821559791215
150	19	0.9790363173478046
30	5	0.9335890672772549
90	2	0.7354191523476777
90	14	0.9787099539061286
160	1	0.40939748597170883
50	15	0.977309576304072
170	10	0.974553851789346
190	4	0.9188822244093667
120	16	0.9780959196369869
130	3	0.8946760356962861
60	7	0.9619408374299973
130	18	0.9785138570900267
140	9	0.9715383474159076
10	20	0.9670931211402852
200	8	0.9690273612918238
70	3	0.8940123274806233
190	18	0.9793657838395567
180	16	0.9788554375953044
200	11	0.9764406522906535
120	7	0.9640440189030645
200	7	0.9641098022126202
130	17	0.9782763692831703
60	8	0.9681669598915481
10	12	0.9674882361827392
140	6	0.952977336713478
40	14	0.9765873285874914
160	11	0.9765476373790052
10	2	0.7066508672116502
120	19	0.9771901526428932
120	8	0.9677420221951091
180	19	0.9798899486462175
150	2	0.738148525640759
190	17	0.9791812826086082
20	15	0.9750481097001753
100	10	0.9737014034234638
80	9	0.9725520599640867
150	16	0.9798521085679931
70	13	0.9780705640519678
1	10	0.8963984500558954
140	18	0.9797812482636813
50	4	0.9177357032435717
60	20	0.9780589486678883
80	15	0.9795626810466495
110	4	0.92193530931523
110	3	0.8943019946878481
80	12	0.9769980279231525
160	9	0.9722317235362591
40	7	0.9618411348373677
50	3	0.8907124112925261
110	19	0.9782558352235978
1	17	0.8835290428276228
100	7	0.9632813253627305
20	9	0.9688855240739156
70	14	0.9779470755441863
150	11	0.9766010567493849
100	17	0.9785655136561954
20	12	0.973164972883782
190	10	0.9753152567478527
150	5	0.9371462747393485
180	8	0.9695003616439664
200	19	0.9785653687511158
170	18	0.9787803133297498
10	5	0.9235237677946948
50	20	0.9777898978745388
160	16	0.978819103486341
40	13	0.9758819004118198
140	1	0.41090196839935733
10	15	0.9673789989838332
130	10	0.9734265751227609
200	16	0.9795983351451027
180	7	0.9634469734865232
180	11	0.9765305445111737
70	4	0.9186197666558029
160	19	0.9789624740236988
130	4	0.917292577293257
120	11	0.9754064900122722
190	3	0.8897367862884845
170	17	0.9792518450279166
50	12	0.97644291803945
160	6	0.9536871209895775
90	13	0.978344826793665
40	8	0.9671477429935824
90	5	0.9363232244681897
80	20	0.9784897981753098
30	2	0.7470449762014709
100	18	0.9777137060739881
80	1	0.40874269782669503
1	5	0.8294561588886806
100	8	0.9684257604975373
20	20	0.9742881383212202
20	6	0.948100516275307
110	16	0.9804125636606514
30	13	0.976062812840629
60	15	0.9777649698125752
1	18	0.8881999023714069
170	2	0.7308180777609681
140	10	0.9741870836905862
30	20	0.9757775023812683
1	16	0.8889592780539951
50	2	0.7580398433632374
110	18	0.9784202411639378
20	8	0.9643624994077388
100	6	0.9546671802660032
100	16	0.9793610368195964
20	13	0.9741048782985661
70	15	0.9785310460778129
150	10	0.9738744198413656
110	2	0.7293071973037871
80	13	0.9776570482782709
90	20	0.9776959751250164
40	6	0.950556084374273
160	8	0.9706969591392216
170	19	0.9797632342474827
10	4	0.9057585957019484
10	14	0.9684523896842827
130	11	0.9772385730961282
160	17	0.9789481462955006
40	12	0.9760604395509052
200	1	0.4116051242843465
150	4	0.9189289986961987
190	11	0.9765994491795458
180	9	0.9731734996581697
200	18	0.978852671526858
40	20	0.977497646721397
60	1	0.41009413765512526
160	18	0.9787258315161905
130	5	0.9382493919197351
190	2	0.7638233299003752
170	16	0.9789292721085474
50	13	0.9766043848125497
120	10	0.9758246972923215
120	1	0.41059811182160466
200	17	0.9790197890102331
180	10	0.9748062754422137
180	6	0.9549114020864228
70	5	0.934095626612653
100	19	0.9789830245826575
20	7	0.9587521117415408
1	4	0.7940116608193013
100	9	0.9714137140720861
60	14	0.9770029405758751
1	19	0.887714703039899
170	3	0.8890382246123132
140	11	0.9770411348846098
110	17	0.9790582580067874
30	12	0.9749014040659154
90	12	0.9775808990837421
40	9	0.9690518579972569
160	7	0.9632520347016699
90	4	0.9197934454845135
30	3	0.8869494577933523
30	4	0.916359945228004
90	3	0.8931651930486972
90	15	0.9786937752370988
30	15	0.9762083874154076
110	10	0.974407573043201
140	16	0.979761261656197
170	4	0.9188944053989779
60	13	0.9771665112534721
70	20	0.979363610842915
1	3	0.6985420613607473
150	18	0.9778627347482152
80	7	0.9628351873073331
70	2	0.7362472881066924
190	19	0.9786207367417119
180	1	0.4106029169835233
180	17	0.9792888603878777
200	10	0.9748910243052197
120	6	0.9553425200296293
120	17	0.9788748811965824
50	14	0.9772972548067662
170	11	0.9779106108765687
190	5	0.9396304914393728
130	2	0.7334929254690121
140	8	0.9685098461856669
60	6	0.9497631124669469
130	19	0.9793152442063611
200	9	0.9727162029193281
120	9	0.9722476725026398
180	18	0.9792564662988549
190	16	0.9797819262658142
150	3	0.895806490104625
200	6	0.9548671218972166
140	7	0.9637311606624374
40	15	0.9771346631720901
160	10	0.9744261935429677
130	16	0.9787315133978152
60	9	0.9723578303162513
10	13	0.967431843615528
10	3	0.867752878232984
120	18	0.9797242536386652
40	1	0.4064938568112105
80	14	0.9779623090789432
110	5	0.9365621810472127
150	17	0.9799456508846425
70	12	0.976481610040772
20	14	0.9740472992902063
100	11	0.9754087281069718
80	8	0.9680417240214407
100	1	0.40588158962818804
50	5	0.9360041854025748
1	11	0.8911861314557222
140	19	0.9798684597370003
