accuracy	precision	recall	f1	oob	confMatrxVars
0.6369230769230769	0.6494065704123043	0.6369230769230769	0.6152090753810767	0.36991422916208494	0,0,5,7,0,0,0,1,39,18,0,0,0,1,448,184,3,0,0,0,168,643,32,0,0,0,16,185,139,0,0,0,0,34,16,11
0.6497435897435897	0.6722216666850447	0.6497435897435897	0.6283496369912648	0.3604574444688806	0,0,2,4,0,0,0,0,1,41,21,1,0,0,0,0,439,211,5,0,0,0,0,122,665,46,0,0,0,0,9,163,153,2,0,0,0,0,37,16,9,0,0,0,0,1,2,0,0
0.6482051282051282	0.6699164097725107	0.6482051282051282	0.6310689217355766	0.36573564987904117	0,0,1,3,0,0,0,0,3,25,22,0,0,0,0,1,449,200,3,0,0,0,0,150,652,37,0,0,0,0,7,181,149,0,0,0,0,0,34,21,11,0,0,0,0,0,1,0,0
0.6302564102564102	0.6618117126453159	0.6302564102564102	0.6080966404088973	0.36375632285023096	0,0,2,5,0,0,0,1,38,19,1,0,0,0,431,226,1,0,0,0,136,654,38,0,0,0,7,191,134,1,0,0,0,39,17,9
0.6430769230769231	0.6630475883673524	0.6430769230769231	0.6238950560083799	0.36793490213327473	0,0,4,5,0,0,0,0,1,34,13,1,0,0,0,0,435,191,4,0,0,0,0,165,660,46,0,0,0,0,8,168,148,0,0,0,0,0,37,18,10,0,0,0,0,1,1,0,0
0.638974358974359	0.6635094698907023	0.638974358974359	0.6190595940484693	0.36089729491972733	0,0,1,3,0,0,0,0,1,41,29,1,0,0,0,0,418,197,4,0,0,0,0,156,660,50,0,0,0,0,7,169,156,0,0,0,0,0,24,21,11,0,0,0,0,0,1,0,0
0.6487179487179487	0.6480473190590859	0.6487179487179487	0.6297782473569	0.3630965471739609	0,0,5,4,0,0,0,0,3,39,15,2,0,0,0,1,451,180,6,0,0,0,3,156,660,49,0,0,0,0,8,170,144,1,0,0,0,0,31,14,7,0,0,0,0,1,0,0,0
0.6482051282051282	0.659400630286735	0.6482051282051282	0.6278029183877739	0.36023751924345726	0,0,7,3,0,0,0,1,34,13,0,0,0,0,429,209,3,0,0,1,144,678,39,0,0,0,9,171,150,0,0,0,0,33,20,6
0.6435897435897436	0.6381192537448381	0.6435897435897436	0.6195345611147276	0.3619969210468441	0,1,5,5,1,0,0,0,0,46,15,0,0,0,0,0,438,182,3,0,0,0,1,149,668,34,0,0,0,0,15,186,138,0,0,0,0,0,36,13,11,0,0,0,0,2,1,0,0
0.6374358974358975	0.6459967743968429	0.6374358974358975	0.614395991490531	0.3560589399604135	0,0,5,4,0,0,0,0,1,50,19,2,0,0,0,0,421,212,5,0,0,0,1,146,673,34,0,0,0,0,7,173,138,0,0,0,0,0,31,14,10,0,0,0,0,3,1,0,0
0.6369230769230769	0.6523209928564228	0.6369230769230769	0.6151792948336636	0.3635363976248076	0,0,7,3,0,0,0,0,3,38,26,1,0,0,0,1,440,211,3,0,0,0,1,136,655,37,0,0,0,0,11,192,137,0,0,0,0,0,25,14,7,0,0,0,0,1,1,0,0
0.6425641025641026	0.6640265557538285	0.6425641025641026	0.619463789482052	0.36529579942819446	0,0,3,5,0,0,0,0,2,35,28,2,0,0,0,0,455,174,4,0,0,0,0,158,659,37,1,0,0,0,9,190,124,0,0,0,0,0,32,17,13,0,0,0,0,1,1,0,0
0.6410256410256411	0.6603207859870713	0.6410256410256411	0.6186071229344284	0.35737849131295363	0,0,6,8,0,0,0,0,2,46,22,1,0,0,0,0,457,214,6,0,0,0,0,130,648,43,1,0,0,0,10,160,131,1,0,0,0,1,26,24,12,0,0,0,0,1,0,0,0
0.6333333333333333	0.6349965077959819	0.6333333333333333	0.6122313450980688	0.3534198372553332	0,0,6,3,0,0,0,2,39,20,1,0,0,3,443,206,4,0,0,0,138,656,54,0,0,0,6,185,125,1,0,0,0,31,18,9
0.6338461538461538	0.6402461454888675	0.6338461538461538	0.6110790624221565	0.3553991642841434	0,0,6,8,0,0,0,2,44,23,1,0,0,2,445,197,7,0,0,0,139,643,44,0,0,0,7,186,136,1,0,0,0,34,15,10
0.622051282051282	0.6415689861181483	0.622051282051282	0.602535168818017	0.35781834176380034	0,0,3,3,0,0,0,0,5,43,24,1,0,0,0,1,442,228,6,0,0,0,0,143,632,60,0,0,0,0,7,167,127,0,0,0,0,0,33,15,7,0,0,0,0,1,2,0,0
0.6374358974358975	0.6621076643130096	0.6374358974358975	0.6174173401031975	0.360677369694304	0,0,3,7,0,0,0,0,3,43,18,1,0,0,0,0,442,191,3,0,0,0,0,162,646,43,0,0,0,0,9,179,141,0,0,0,0,1,33,13,11,0,0,0,0,1,0,0,0
0.6517948717948718	0.6370943112644448	0.6517948717948718	0.6324037861839865	0.36177699582142075	0,0,6,3,0,0,0,0,0,29,25,2,0,0,0,0,444,189,7,0,0,0,0,160,672,44,1,0,0,0,7,157,144,1,0,0,0,0,27,19,11,0,0,0,0,2,0,0,0
0.6369230769230769	0.6169792620118363	0.6369230769230769	0.614772434277938	0.3626566967231142	0,0,5,7,0,0,0,0,0,42,32,0,0,0,0,4,419,178,6,0,0,0,0,154,668,64,0,0,0,0,11,160,146,0,0,0,0,0,21,22,9,0,0,0,0,0,2,0,0
0.66	0.6658445956399411	0.66	0.6402426265918046	0.3666153507807346	0,0,6,3,0,0,0,0,1,38,19,0,0,0,0,0,451,179,3,0,0,0,1,144,666,35,1,0,0,0,6,175,156,2,0,0,0,0,34,16,13,0,0,0,0,1,0,0,0
0.6323076923076923	0.6594173865132579	0.6323076923076923	0.6098391983533942	0.36133714537057404	0,0,3,3,0,0,0,0,3,38,20,1,0,0,0,0,439,208,6,0,0,0,0,146,657,30,0,0,0,0,7,200,125,3,0,0,0,1,38,10,9,0,0,0,0,3,0,0,0
0.6430769230769231	0.6659048680222373	0.6430769230769231	0.6235088378720416	0.3670552012315813	0,0,5,5,0,0,0,0,4,43,25,0,0,0,0,0,465,206,2,0,0,0,0,138,630,50,0,0,0,0,10,159,143,1,0,0,0,0,33,16,12,0,0,0,0,1,2,0,0
0.6343589743589744	0.6196400684597808	0.6343589743589744	0.6117352642502157	0.3564987904112602	0,0,8,5,0,0,0,0,0,38,24,1,0,0,0,1,443,188,3,0,0,0,0,157,655,48,0,0,0,0,8,187,127,1,0,0,0,0,25,18,12,0,0,0,0,1,0,0,0
0.6287179487179487	0.6405304775988907	0.6287179487179487	0.6068332514697691	0.3584781174400704	0,0,2,5,0,0,0,0,2,48,30,1,0,0,0,1,420,212,9,0,0,0,0,148,660,50,0,0,0,0,4,166,133,0,0,0,0,0,28,19,11,0,0,0,0,0,1,0,0
0.6471794871794871	0.6667452445398703	0.6471794871794871	0.6288055046683553	0.37145370574004843	0,0,3,4,0,0,0,0,4,34,24,0,0,0,0,0,423,222,3,0,0,0,0,143,686,55,0,0,0,0,3,154,145,0,0,0,0,0,21,20,4,0,0,0,0,1,1,0,0
