accuracy	precision	recall	f1	oob	confMatrxVars
0.5420512820512821	0.5272689854101393	0.5420512820512821	0.488579774314737	0.45502529140092374	0,0,5,2,0,0,0,0,0,30,38,0,0,0,0,0,376,289,1,0,0,0,0,168,654,11,0,0,0,0,19,275,27,0,0,0,0,0,47,6,0,0,0,0,0,2,0,0,0
0.5446153846153846	0.546904357897005	0.5446153846153846	0.49232729016505294	0.457664394106004	0,0,5,7,0,0,0,0,0,22,44,0,0,0,0,0,390,259,1,0,0,0,0,209,645,3,0,0,0,0,14,266,27,0,0,0,0,0,53,4,0,0,0,0,0,1,0,0,0
0.5430769230769231	0.506934386853046	0.5430769230769231	0.49350225865705477	0.45392566527380696	0,0,6,7,0,0,0,0,0,33,36,1,0,0,0,0,378,250,2,0,0,0,0,186,644,24,0,0,0,0,14,269,37,0,0,0,0,0,55,6,0,0,0,0,0,1,1,0,0
0.5425641025641026	0.5074118889080714	0.5425641025641026	0.4832084881904548	0.45392566527380696	0,0,4,4,0,0,0,0,0,41,24,0,0,0,0,0,399,249,0,0,0,0,0,194,642,7,0,0,0,0,14,299,17,0,0,0,0,1,43,9,0,0,0,0,0,2,1,0,0
0.5276923076923077	0.48428058513772226	0.5276923076923077	0.47448995629111107	0.4521662634704201	0,0,5,4,0,0,0,0,0,37,39,1,0,0,0,0,381,256,2,0,0,0,0,194,620,21,0,0,0,0,15,283,28,0,0,0,0,1,52,9,0,0,0,0,0,1,1,0,0
0.5415384615384615	0.5087829809600601	0.5415384615384615	0.48603640461674724	0.4603034968110842	0,0,4,6,0,0,0,0,0,25,38,0,0,0,0,0,404,266,0,0,0,0,0,178,632,13,0,0,0,0,12,296,20,0,0,0,0,0,45,9,0,0,0,0,0,1,1,0,0
0.536923076923077	0.5056973978194397	0.536923076923077	0.4834656492679115	0.4563448427534639	0,0,3,7,0,0,0,0,25,37,0,0,0,0,396,236,1,0,0,0,199,622,20,0,0,0,21,295,29,0,0,0,1,52,6,0
0.538974358974359	0.5144494883909971	0.538974358974359	0.4894564112035456	0.44930723553991647	0,0,3,7,0,0,0,0,0,32,38,0,0,0,0,0,352,283,0,0,0,0,0,165,658,20,0,0,0,0,13,275,41,0,0,0,0,0,50,10,0,0,0,0,0,1,2,0,0
0.5507692307692308	0.5246634487991515	0.5507692307692308	0.4913721101237308	0.4616230481636243	0,0,5,3,0,0,0,0,0,42,29,0,0,0,0,0,394,254,0,0,0,0,0,172,660,8,0,0,0,0,6,294,20,0,0,0,0,0,55,7,0,0,0,0,0,1,0,0,0
0.5394871794871795	0.5053018488257024	0.5394871794871795	0.48698823377589795	0.4486474598636464	0,0,5,6,0,0,0,0,0,27,37,0,0,0,0,0,393,260,1,0,0,0,0,194,634,15,0,0,0,0,10,283,25,0,0,0,0,0,49,9,0,0,0,0,0,1,1,0,0
0.5435897435897435	0.5135999830694228	0.5435897435897435	0.4914254875902701	0.4611831977127776	0,0,4,2,0,0,0,0,0,29,27,0,0,0,0,0,349,248,0,0,0,0,0,201,680,16,0,0,0,0,11,292,31,0,0,0,0,2,47,10,0,0,0,0,0,1,0,0,0
0.5523076923076923	0.5236542061279297	0.5523076923076923	0.5005764713859616	0.4567846932043106	0,0,5,3,0,0,0,0,0,33,39,0,0,0,0,0,373,246,1,0,0,0,0,176,666,18,0,0,0,0,15,269,38,0,0,0,0,1,60,6,0,0,0,0,0,0,1,0,0
0.58	0.5539437070660346	0.58	0.532065081701106	0.4686606553771717	0,0,5,4,0,0,0,0,0,31,27,0,0,0,0,0,417,237,0,0,0,0,0,196,686,12,0,0,0,0,5,256,28,0,0,0,0,0,37,6,0,0,0,0,0,2,1,0,0
0.5353846153846153	0.5027087194905401	0.5353846153846153	0.47318452577537107	0.4622828238398944	0,0,5,4,0,0,0,0,0,33,30,1,0,0,0,0,379,291,0,0,0,0,0,171,654,3,0,0,0,0,14,289,11,0,0,0,0,1,54,7,0,0,0,0,0,2,1,0,0
0.5261538461538462	0.5140039156455488	0.5261538461538462	0.4688120321939941	0.44886738508906976	0,0,4,8,0,0,0,0,0,32,31,0,0,0,0,0,367,271,1,0,0,0,0,193,636,7,0,0,0,0,12,302,23,0,0,0,0,1,54,6,0,0,0,0,0,2,0,0,0
0.5456410256410257	0.5295193630434567	0.5456410256410257	0.48239640753183993	0.45546514185177045	0,0,3,6,0,0,0,0,0,39,36,0,0,0,0,0,379,245,1,0,0,0,0,185,670,5,0,0,0,0,12,307,15,0,0,0,0,0,43,3,0,0,0,0,0,1,0,0,0
0.5451282051282051	0.5122635479684444	0.5451282051282051	0.4948358740149247	0.45084671211787997	0,0,4,4,0,0,0,0,31,34,0,0,0,0,382,264,1,0,0,0,193,654,20,0,0,0,13,269,27,0,0,0,1,48,5,0
0.536923076923077	0.5213463571985503	0.536923076923077	0.48062672046725763	0.454585440950077	0,0,7,2,0,0,0,0,38,39,0,0,0,0,363,279,0,0,0,0,174,656,7,0,0,0,10,278,28,0,0,0,1,60,8,0
0.5430769230769231	0.5363005971111967	0.5430769230769231	0.48402616532927367	0.4607433472619309	0,0,1,3,0,0,0,0,0,34,30,0,0,0,0,0,402,268,1,0,0,0,0,175,638,2,0,0,0,0,15,303,19,0,0,0,0,0,50,8,0,0,0,0,0,1,0,0,0
0.5466666666666666	0.4988985472536062	0.5466666666666666	0.4902276180072747	0.4616230481636243	0,0,5,4,1,0,0,0,33,34,0,0,0,0,406,238,0,0,0,0,186,639,20,0,0,0,17,285,21,0,0,0,1,53,7,0
0.5205128205128206	0.4800892387762135	0.5205128205128206	0.4646597075905291	0.45040686166703325	0,0,5,5,0,0,0,0,0,37,32,0,0,0,0,0,339,280,0,0,0,0,0,197,653,15,0,0,0,0,14,283,23,0,0,0,0,0,53,11,0,0,0,0,0,3,0,0,0
0.5574358974358974	0.5384973592527691	0.5574358974358974	0.5027266123213506	0.4636023751924345	0,0,4,6,0,0,0,0,0,38,35,0,0,0,0,0,395,252,0,0,0,0,0,176,664,9,0,0,0,0,12,276,28,0,0,0,0,0,47,7,0,0,0,0,0,1,0,0,0
0.5466666666666666	0.5185617786402971	0.5466666666666666	0.49144118821662464	0.4532658895975369	0,0,3,7,0,0,0,0,0,33,31,0,0,0,0,0,381,274,0,0,0,0,0,167,661,13,0,0,0,0,12,285,24,0,0,0,0,0,50,8,0,0,0,0,0,0,1,0,0
0.5543589743589744	0.5209321745656204	0.5543589743589744	0.5009836301819998	0.45788431933142737	0,0,3,5,0,0,0,0,0,39,31,0,0,0,0,0,392,238,1,0,0,0,0,186,659,16,0,0,0,0,18,276,30,0,0,0,0,0,47,8,0,0,0,0,0,1,0,0,0
0.5707692307692308	0.5410161329112005	0.5707692307692308	0.5205078348112576	0.4611831977127776	0,0,5,5,0,0,0,0,0,34,31,0,0,0,0,0,410,229,0,0,0,0,0,184,668,15,0,0,0,0,14,262,35,0,0,0,0,0,48,9,0,0,0,0,0,1,0,0,0
