accuracy	precision	recall	f1	oob	confMatrxVars
0.5492307692307692	0.5226697647874118	0.5492307692307692	0.49999672076199503	0.45084671211787997	0,0,3,6,0,0,0,0,0,40,23,0,0,0,0,0,414,254,1,0,0,0,0,192,623,13,0,0,0,0,17,270,34,0,0,0,0,0,48,11,0,0,0,0,0,0,1,0,0
0.5687179487179487	0.5568255393038453	0.5687179487179487	0.5172020023484809	0.45238618869584346	0,0,4,4,0,0,0,0,0,32,27,0,0,0,0,0,415,227,1,0,0,0,0,164,653,13,0,0,0,0,11,301,41,0,0,0,0,0,48,8,0,0,0,0,0,1,0,0,0
0.5461538461538461	0.5272786318063323	0.5461538461538461	0.4966497897757574	0.44952716076533983	0,0,4,4,0,0,0,0,0,33,31,0,0,0,0,0,390,256,1,0,0,0,0,174,636,21,0,0,0,0,16,287,39,0,0,0,0,0,51,5,0,0,0,0,0,2,0,0,0
0.5528205128205128	0.5268215130760261	0.5528205128205128	0.5062316100250077	0.4451286562568727	0,0,6,3,0,0,0,0,33,41,0,0,0,0,373,256,2,0,0,0,181,659,18,0,0,0,7,267,46,0,0,0,1,46,11,0
0.5620512820512821	0.5423067992376824	0.5620512820512821	0.517218952112271	0.4471079832856829	0,0,7,3,0,0,0,0,0,27,26,0,0,0,0,0,397,267,1,0,0,0,0,180,659,15,0,0,0,0,6,264,40,0,0,0,0,0,46,10,0,0,0,0,0,1,1,0,0
0.5384615384615384	0.5363357151462915	0.5384615384615384	0.48674301225734934	0.4405102265229822	0,0,4,3,0,0,0,0,0,41,29,0,0,0,0,0,374,241,1,0,0,0,0,199,635,10,0,0,0,0,12,303,41,0,0,0,0,1,50,5,0,0,0,0,0,1,0,0,0
0.5764102564102564	0.5473429514214961	0.5764102564102564	0.5360673783113643	0.4475478337365296	0,0,5,10,0,0,0,0,0,32,29,0,0,0,0,0,409,258,2,0,0,0,0,163,661,26,0,0,0,0,12,233,54,0,0,0,0,0,43,11,0,0,0,0,0,1,1,0,0
0.5594871794871795	0.527727167953614	0.5594871794871795	0.5155953410457169	0.43743127336705523	0,0,6,5,0,0,0,0,0,28,28,1,0,0,0,0,385,265,2,0,0,0,0,150,657,32,0,0,0,0,8,269,49,0,0,0,0,0,49,13,0,0,0,0,0,1,2,0,0
0.5620512820512821	0.5330361880202467	0.5620512820512821	0.5198156641299442	0.44336925445348585	0,0,5,5,0,0,0,0,0,37,35,0,0,0,0,0,416,251,1,0,0,0,0,187,632,23,0,0,0,0,11,246,48,0,0,0,0,0,41,11,0,0,0,0,0,1,0,0,0
0.5466666666666666	0.516462664737158	0.5466666666666666	0.5001641354621751	0.4442489553551793	0,0,5,5,0,0,0,0,0,32,23,0,0,0,0,0,393,239,0,0,0,0,0,191,625,21,0,0,0,0,10,281,48,0,0,0,0,0,59,16,0,0,0,0,0,1,1,0,0
0.536923076923077	0.5206481119261022	0.536923076923077	0.4925471009003162	0.4339124697602815	0,0,6,6,0,0,0,0,0,34,35,0,0,0,0,0,381,241,0,0,0,0,0,213,614,20,0,0,0,0,16,281,52,0,0,0,0,0,41,9,0,0,0,0,0,1,0,0,0
0.5697435897435897	0.5320708176901249	0.5697435897435897	0.5266204620472429	0.4517264130195734	0,0,5,4,0,0,0,0,0,39,35,1,0,0,0,0,412,241,1,0,0,0,0,181,652,25,0,0,0,0,9,247,47,0,0,0,0,0,35,14,0,0,0,0,0,1,1,0,0
0.5476923076923077	0.5188698291558145	0.5476923076923077	0.5061320942810027	0.4431493292280625	0,0,7,6,0,0,0,0,0,29,30,0,0,0,0,0,393,265,3,0,0,0,0,174,624,32,0,0,0,0,9,266,51,0,0,0,0,0,49,11,0,0,0,0,0,0,1,0,0
0.5517948717948717	0.5304501173522912	0.5517948717948717	0.504481560125628	0.44490873103144934	0,0,8,4,0,0,0,0,0,34,26,0,0,0,0,0,386,228,0,0,0,0,0,201,643,19,0,0,0,0,15,278,47,0,0,0,0,0,52,7,0,0,0,0,0,1,1,0,0
0.5482051282051282	0.510493140054315	0.5482051282051282	0.50068316258605	0.44336925445348585	0,0,4,3,0,0,0,0,0,35,35,0,0,0,0,0,407,214,2,0,0,0,0,208,619,26,0,0,0,0,13,279,43,0,0,0,0,0,50,10,0,0,0,0,0,1,1,0,0
0.5666666666666667	0.5428923673762012	0.5666666666666667	0.5224362974387772	0.4440290301297559	0,0,3,5,0,0,0,0,0,35,31,0,0,0,0,0,390,241,1,0,0,0,0,171,660,22,0,0,0,0,11,265,55,0,0,0,0,0,48,10,0,0,0,0,0,1,1,0,0
0.5579487179487179	0.5507504297298595	0.5579487179487179	0.5052758017658615	0.4510666373433033	0,0,5,7,0,0,0,0,0,28,32,0,0,0,0,0,384,254,0,0,0,0,0,171,669,8,0,0,0,0,7,289,35,0,0,0,0,0,52,7,0,0,0,0,0,1,1,0,0
0.5456410256410257	0.5063819322311677	0.5456410256410257	0.503200356849656	0.438530899494172	0,0,4,6,0,0,0,0,0,37,33,0,0,0,0,0,397,246,1,0,0,0,0,214,620,24,0,0,0,0,15,241,47,0,0,0,0,0,45,18,0,0,0,0,0,2,0,0,0
0.5615384615384615	0.5386101531711287	0.5615384615384615	0.5145248360265785	0.441609852650099	0,0,4,4,0,0,0,0,0,32,25,0,0,0,0,0,372,273,1,0,0,0,0,154,676,16,0,0,0,0,11,266,47,0,0,0,0,1,50,15,0,0,0,0,0,2,1,0,0
0.5646153846153846	0.5453219957579555	0.5646153846153846	0.5225062305244529	0.4460083571585661	0,0,7,3,0,0,0,0,0,35,25,0,0,0,0,0,392,265,1,0,0,0,0,171,658,22,0,0,0,0,13,261,51,0,0,0,0,0,35,10,0,0,0,0,0,1,0,0,0
0.5523076923076923	0.515290139592589	0.5523076923076923	0.5107903267961261	0.4396305256212888	0,0,4,4,0,0,0,0,0,34,28,0,0,0,0,0,364,257,2,0,0,0,0,184,661,33,0,0,0,0,8,259,52,0,0,0,0,0,43,16,0,0,0,0,0,0,1,0,0
0.558974358974359	0.5258515194450954	0.558974358974359	0.5151610311338284	0.45238618869584346	0,0,4,4,0,0,0,0,0,32,21,0,0,0,0,0,422,230,3,0,0,0,0,202,627,26,0,0,0,0,13,272,41,0,0,0,0,1,41,9,0,0,0,0,0,1,1,0,0
0.5441025641025641	0.5070893914497903	0.5441025641025641	0.49645446738402854	0.43875082471959537	0,0,3,5,0,0,0,0,0,45,38,0,0,0,0,0,391,242,2,0,0,0,0,202,631,23,0,0,0,0,14,261,39,0,0,0,0,0,44,9,0,0,0,0,0,1,0,0,0
0.5517948717948717	0.5342073067745295	0.5517948717948717	0.5062257223523177	0.4427094787772158	0,0,2,7,0,0,0,0,27,29,0,0,0,0,359,262,0,0,0,0,187,673,20,0,0,0,9,278,44,0,0,0,0,45,8,0
0.5461538461538461	0.5309528034248444	0.5461538461538461	0.5009952677998682	0.444688805806026	0,0,3,5,0,0,0,0,38,24,0,0,0,0,356,275,0,0,0,0,180,659,17,0,0,0,14,275,50,0,0,0,0,42,12,0
