accuracy	precision	recall	f1	oob	confMatrxVars
0.6374358974358975	0.660989091788097	0.6374358974358975	0.6177769175429643	0.3630965471739609	0,0,3,5,0,0,0,0,3,44,21,1,0,0,0,0,447,200,3,0,0,0,0,158,640,50,0,0,0,0,10,162,143,0,0,0,0,0,33,15,10,0,0,0,0,2,0,0,0
0.6497435897435897	0.663348417161712	0.6497435897435897	0.631312976556401	0.3641961733010777	0,0,1,5,0,0,0,0,2,30,25,1,0,0,0,2,449,225,2,0,0,0,0,129,673,44,0,0,0,0,5,168,134,0,0,0,0,1,30,14,9,0,0,0,0,0,1,0,0
0.6441025641025641	0.6509045732728331	0.6441025641025641	0.6261413499717449	0.35517923905872006	0,0,3,4,0,0,0,4,34,19,0,0,0,1,452,204,1,0,0,2,161,664,39,1,0,0,7,170,127,1,0,0,0,30,17,9
0.64	0.632010584875249	0.64	0.6197368331336934	0.36375632285023096	0,0,4,9,0,0,0,0,0,34,25,0,0,0,0,3,425,188,4,0,0,0,0,152,662,44,0,0,0,0,9,182,145,0,0,0,0,0,28,17,16,0,0,0,0,2,1,0,0
0.6338461538461538	0.6522871830281932	0.6338461538461538	0.615733083310868	0.36793490213327473	0,0,4,5,0,0,0,0,3,35,23,1,0,0,0,2,416,221,1,0,0,0,0,138,655,39,0,0,0,0,10,186,145,1,0,0,0,0,33,14,17,0,0,0,0,1,0,0,0
0.6476923076923077	0.6521178639053256	0.6476923076923077	0.6290163003786143	0.360677369694304	0,1,2,1,0,0,0,1,2,40,25,1,0,0,0,2,449,218,4,0,0,0,0,126,655,49,0,0,0,0,7,165,148,1,0,0,0,1,23,18,9,0,0,0,0,1,1,0,0
0.6353846153846154	0.6575341087490915	0.6353846153846154	0.6126688193402599	0.36529579942819446	0,0,7,6,0,0,0,0,1,48,25,1,0,0,0,0,441,197,7,0,0,0,0,141,637,48,1,0,0,0,8,177,151,0,0,0,0,0,28,15,9,0,0,0,0,1,1,0,0
0.6333333333333333	0.6652475501181037	0.6333333333333333	0.6069523050166407	0.35363976248075657	0,0,4,4,0,0,0,0,2,45,22,1,0,0,0,1,422,211,5,0,0,0,0,112,664,28,0,0,0,0,5,216,138,0,0,0,0,0,45,14,9,0,0,0,0,1,1,0,0
0.637948717948718	0.6479034876056085	0.637948717948718	0.6149289762964347	0.36133714537057404	0,0,3,6,0,0,0,0,3,38,18,1,0,0,0,1,447,163,4,0,0,0,0,180,659,30,0,0,0,0,14,187,123,4,0,0,0,0,40,15,12,0,0,0,0,1,1,0,0
0.6143589743589744	0.6286256810688317	0.6143589743589744	0.5932792971411294	0.35276006157906314	0,0,4,6,0,0,0,0,2,44,24,2,0,0,0,1,422,201,4,0,0,0,0,160,620,56,0,0,0,0,9,189,142,0,0,0,0,0,34,17,12,0,0,0,0,0,1,0,0
0.6384615384615384	0.6537746510467952	0.6384615384615384	0.6178369224227631	0.3666153507807346	0,0,0,5,0,0,0,0,3,41,25,0,0,0,0,1,425,225,1,0,0,0,1,120,667,44,1,0,0,0,5,181,139,1,0,0,0,0,34,17,11,0,0,0,0,2,1,0,0
0.6235897435897436	0.6266798132686432	0.6235897435897436	0.6030845481561067	0.35935781834176383	0,0,3,5,0,0,0,1,40,25,2,0,0,2,442,218,5,1,0,0,142,632,49,0,0,0,5,193,130,1,0,0,0,30,13,11
0.6415384615384615	0.6471240427213721	0.6415384615384615	0.6199458653316828	0.35451946338245	0,0,5,4,0,0,0,0,2,44,26,0,0,0,0,2,461,197,4,0,0,0,1,134,635,41,0,0,0,0,9,184,143,1,0,0,0,1,29,16,10,0,0,0,0,0,1,0,0
0.6328205128205128	0.6556823727501463	0.6328205128205128	0.6116607067241413	0.3595777435671872	0,0,4,8,0,0,0,0,3,31,30,2,0,0,0,0,419,211,4,0,0,0,1,139,656,41,0,0,0,0,7,181,145,0,0,0,0,0,40,16,11,0,0,0,0,1,0,0,0
0.6312820512820513	0.6274769467090746	0.6312820512820513	0.6092289287745899	0.35429953815702664	0,0,7,9,0,0,0,1,44,22,0,0,0,0,442,209,8,0,0,1,143,651,56,0,0,0,5,165,128,3,0,0,0,28,19,9
0.6482051282051282	0.6522907688143544	0.6482051282051282	0.6301957599543928	0.3681548273586981	0,0,6,3,0,0,0,0,3,37,17,0,0,0,2,1,447,202,2,0,0,0,1,145,661,49,1,0,0,0,12,155,143,1,0,0,0,0,30,19,10,0,0,0,0,1,2,0,0
0.6410256410256411	0.6648542245040799	0.6410256410256411	0.6228025830927485	0.3650758742027711	0,0,5,6,1,0,0,3,38,24,0,0,0,0,442,196,4,0,0,0,158,638,47,0,0,0,13,168,158,0,0,0,0,30,10,9
0.6517948717948718	0.6594415714170413	0.6517948717948718	0.633370849602143	0.3650758742027711	0,0,4,1,0,0,0,0,2,42,25,2,0,0,0,2,440,194,3,0,0,0,0,148,666,38,0,0,0,0,7,182,152,1,0,0,0,0,20,9,11,0,0,0,0,0,1,0,0
0.6538461538461539	0.6508220300378956	0.6538461538461539	0.6369474863871915	0.3650758742027711	0,0,6,5,0,0,0,0,2,27,19,0,0,0,0,4,458,167,5,0,0,0,1,168,665,46,0,0,0,0,11,171,135,0,0,0,0,0,26,16,15,0,0,0,0,1,2,0,0
0.6425641025641026	0.6622682828467024	0.6425641025641026	0.619451664028807	0.36441609852650103	0,0,4,3,0,0,0,0,2,40,22,0,0,0,0,1,452,206,3,0,0,0,0,142,659,33,0,0,0,0,10,179,134,0,0,0,0,0,38,13,6,0,0,0,0,1,2,0,0
0.6394871794871795	0.6480731391789114	0.6394871794871795	0.6197974740816218	0.3677149769078514	0,0,4,3,0,0,0,0,4,32,17,0,0,0,0,2,414,198,7,0,0,0,0,149,680,36,0,0,0,0,8,193,141,3,0,0,0,0,32,17,8,0,0,0,0,0,2,0,0
0.6441025641025641	0.6495661474917066	0.6441025641025641	0.6229683119804975	0.3721134814163185	0,0,4,4,0,0,0,0,1,48,30,0,0,0,0,0,455,205,6,0,0,0,1,150,640,44,0,0,0,0,10,144,149,0,0,0,0,1,29,16,11,0,0,0,0,1,1,0,0
0.6328205128205128	0.6597090848388654	0.6328205128205128	0.6126246980885367	0.3619969210468441	0,0,2,4,0,0,0,0,1,39,23,0,0,0,0,0,425,218,4,0,0,0,0,146,653,40,2,0,0,0,7,177,143,0,0,0,0,1,36,16,12,0,0,0,0,1,0,0,0
0.6307692307692307	0.6500669842936854	0.6307692307692307	0.607326961554091	0.35473938860787335	0,0,4,3,0,0,0,0,1,39,33,0,0,0,0,0,436,198,1,0,0,0,0,152,640,49,1,0,0,0,5,179,148,2,0,0,0,0,35,17,5,0,0,0,0,1,1,0,0
0.658974358974359	0.655913749943595	0.658974358974359	0.6380765843543253	0.3630965471739609	0,0,2,4,0,0,0,0,1,42,20,0,0,0,0,2,496,171,4,0,0,0,0,160,649,38,1,0,0,0,4,174,131,0,0,0,0,1,23,18,8,0,0,0,0,1,0,0,0
