accuracy	precision	recall	f1	oob	confMatrxVars
0.5492307692307692	0.516068103274752	0.5492307692307692	0.4917677464121791	0.4563448427534639	0,0,4,3,0,0,0,0,0,40,25,0,0,0,0,0,396,235,0,0,0,0,0,195,653,9,0,0,0,0,10,311,22,0,0,0,0,0,33,11,0,0,0,0,0,2,1,0,0
0.5292307692307693	0.5122578670124999	0.5292307692307693	0.46843076917130544	0.4552452166263471	0,0,5,6,0,0,0,0,0,38,26,0,0,0,0,0,377,262,0,0,0,0,0,202,640,6,0,0,0,0,18,301,15,0,0,0,0,1,49,3,0,0,0,0,0,0,1,0,0
0.5364102564102564	0.5106473461363318	0.5364102564102564	0.4879628639660957	0.454585440950077	0,0,3,6,0,0,0,0,0,35,30,1,0,0,0,0,379,290,0,0,0,0,0,181,635,19,0,0,0,0,10,269,32,0,0,0,0,2,49,8,0,0,0,0,0,1,0,0,0
0.5512820512820513	0.5183497284857224	0.5512820512820513	0.49731335817349415	0.46206289861447103	0,0,5,5,0,0,0,0,37,20,0,0,0,0,389,249,0,0,0,0,203,665,13,0,0,0,10,273,21,0,0,0,3,52,5,0
0.556923076923077	0.5234613658373254	0.556923076923077	0.5045908168677071	0.45986364636023747	0,0,3,5,0,0,0,0,0,35,32,1,0,0,0,0,420,248,0,0,0,0,0,189,641,13,0,0,0,0,12,265,25,0,0,0,0,0,52,8,0,0,0,0,0,1,0,0,0
0.538974358974359	0.5282944406957565	0.538974358974359	0.4847077132962178	0.45238618869584346	0,0,4,5,0,0,0,0,0,28,35,0,0,0,0,0,359,291,0,0,0,0,0,179,668,9,0,0,0,0,5,283,24,0,0,0,0,1,53,5,0,0,0,0,0,1,0,0,0
0.5461538461538461	0.5123012933916782	0.5461538461538461	0.4907558462620189	0.45700461842973394	0,0,2,5,0,0,0,0,0,29,37,0,0,0,0,0,392,262,1,0,0,0,0,186,652,10,0,0,0,0,14,272,21,0,0,0,0,1,55,9,0,0,0,0,0,2,0,0,0
0.5507692307692308	0.5496431642651497	0.5507692307692308	0.49676343968384723	0.45546514185177045	0,0,6,8,0,0,0,0,33,39,0,0,0,0,392,258,0,0,0,0,177,651,8,0,0,0,13,287,31,0,0,0,1,42,4,0
0.563076923076923	0.5294079633271488	0.563076923076923	0.5141297599397023	0.45898394545854404	0,0,4,4,0,0,0,0,0,32,19,0,0,0,0,0,422,225,0,0,0,0,0,206,645,18,0,0,0,0,16,268,31,0,0,0,0,0,50,9,0,0,0,0,0,1,0,0,0
0.5471794871794872	0.5207519070306338	0.5471794871794872	0.4983331116218125	0.45744446888058066	0,0,6,5,0,0,0,0,30,22,0,0,0,0,375,243,0,0,0,0,196,652,18,0,0,0,15,285,40,0,0,0,1,50,12,0
0.5328205128205128	0.5193410307743641	0.5328205128205128	0.4729260343108129	0.4563448427534639	0,0,5,4,0,0,0,0,0,28,36,0,0,0,0,0,374,260,0,0,0,0,0,204,649,5,0,0,0,0,17,289,16,0,0,0,0,1,57,4,0,0,0,0,0,1,0,0,0
0.541025641025641	0.5166421207512496	0.541025641025641	0.4810159633149078	0.4572245436551573	0,0,5,2,0,0,0,0,0,30,35,0,0,0,0,0,403,210,0,0,0,0,0,213,629,8,0,0,0,0,12,307,23,0,0,0,0,1,63,7,0,0,0,0,0,2,0,0,0
0.5466666666666666	0.5272751373088354	0.5466666666666666	0.4923961845111087	0.45502529140092374	0,0,0,5,0,0,0,0,27,40,0,0,0,0,395,284,0,0,0,0,164,647,9,0,0,0,15,269,24,0,0,0,0,62,9,0
0.5558974358974359	0.5163900192000913	0.5558974358974359	0.5056359630525741	0.4600835715856608	0,0,3,5,0,0,0,0,0,34,39,0,0,0,0,0,400,269,2,0,0,0,0,185,662,19,0,0,0,0,13,248,22,0,0,0,0,1,44,3,0,0,0,0,0,0,1,0,0
0.5451282051282051	0.5160762427001636	0.5451282051282051	0.4879262861689284	0.45986364636023747	0,0,6,5,0,0,0,0,0,43,27,0,0,0,0,0,371,236,0,0,0,0,0,186,662,12,0,0,0,0,15,292,30,0,0,0,0,0,52,9,0,0,0,0,0,4,0,0,0
0.5492307692307692	0.5170752113622231	0.5492307692307692	0.4869540242800218	0.4607433472619309	0,0,3,4,0,0,0,0,0,26,28,0,0,0,0,0,381,233,0,0,0,0,0,196,677,9,0,0,0,0,11,308,13,0,0,0,0,0,56,3,0,0,0,0,0,2,0,0,0
0.541025641025641	0.5261081072628586	0.541025641025641	0.4856893736877468	0.4616230481636243	0,0,1,3,0,0,0,0,0,34,31,0,0,0,0,0,386,256,0,0,0,0,0,201,645,5,0,0,0,0,10,291,24,0,0,0,0,1,52,8,0,0,0,0,0,1,1,0,0
0.5415384615384615	0.5015136941107167	0.5415384615384615	0.48694339351024507	0.45744446888058066	0,0,3,6,0,0,0,0,0,34,29,0,0,0,0,0,400,235,1,0,0,0,0,203,632,17,0,0,0,0,15,294,24,0,0,0,0,0,46,8,0,0,0,0,0,2,1,0,0
0.5523076923076923	0.5167590740834759	0.5523076923076923	0.5015102658350898	0.45150648779415004	0,0,2,4,0,0,0,0,0,31,28,0,0,0,0,0,399,239,1,0,0,0,0,210,651,13,0,0,0,0,16,273,27,0,0,0,0,0,43,12,0,0,0,0,0,1,0,0,0
0.541025641025641	0.5146090804611666	0.541025641025641	0.47591372888545713	0.4616230481636243	0,0,5,7,0,0,0,0,33,36,0,0,0,0,399,224,0,0,0,0,204,643,3,0,0,0,17,301,13,0,0,0,1,58,6,0
0.536923076923077	0.5115734783173811	0.536923076923077	0.4785564178721126	0.454585440950077	0,0,2,6,0,0,0,0,0,38,40,0,0,0,0,0,382,245,0,0,0,0,0,196,641,7,0,0,0,0,13,288,24,0,0,0,0,0,57,8,0,0,0,0,0,2,1,0,0
0.5348717948717949	0.4925649715781295	0.5348717948717949	0.48971657037437394	0.4490873103144931	0,0,3,6,0,0,0,0,0,39,39,1,0,0,0,0,354,265,2,0,0,0,0,197,647,31,0,0,0,0,15,252,42,0,0,0,0,0,42,11,0,0,0,0,0,3,1,0,0
0.5441025641025641	0.5198155234990781	0.5441025641025641	0.491174256491268	0.4563448427534639	0,0,2,8,0,0,0,0,0,35,32,1,0,0,0,0,397,259,1,0,0,0,0,175,632,13,0,0,0,0,18,286,32,0,0,0,0,1,47,10,0,0,0,0,0,1,0,0,0
0.5446153846153846	0.5072134627559953	0.5446153846153846	0.49405118866156716	0.45238618869584346	0,0,7,3,0,0,0,0,0,28,33,0,0,0,0,0,374,256,2,0,0,0,0,182,654,20,0,0,0,0,19,278,34,0,0,0,0,0,45,13,0,0,0,0,0,1,1,0,0
0.5466666666666666	0.5125984010101173	0.5466666666666666	0.4884195560127767	0.45546514185177045	0,0,3,4,0,0,0,0,0,38,34,1,0,0,0,0,385,235,0,0,0,0,0,186,654,8,0,0,0,0,18,290,27,0,0,0,0,1,52,12,0,0,0,0,0,1,1,0,0
