accuracy	precision	recall	f1	oob	confMatrxVars
0.6630769230769231	0.6617253636049335	0.6630769230769231	0.6496809985450459	0.32812843633164723	0,2,4,7,0,0,0,0,8,33,20,0,0,0,0,3,461,167,3,0,0,0,1,170,656,48,1,0,0,0,7,146,150,3,0,0,0,0,27,14,18,0,0,0,0,0,1,0,0
0.6794871794871795	0.6781444670342085	0.6794871794871795	0.6620853502635462	0.33208709038926765	0,1,9,6,0,0,0,0,3,33,24,0,0,0,0,1,460,187,2,0,0,0,1,120,682,45,0,0,0,0,7,140,162,2,0,0,0,0,22,22,18,0,0,0,0,2,1,0,0
0.6584615384615384	0.658348746028613	0.6584615384615384	0.6436095151636566	0.33318671651638443	0,0,3,3,0,0,1,5,41,23,2,0,0,8,437,190,2,0,0,2,128,664,60,0,0,0,8,151,163,1,0,0,0,31,12,15
0.6764102564102564	0.6819340532993483	0.6764102564102564	0.6649003498312306	0.3347261930943479	0,0,3,2,0,0,0,1,8,33,19,2,0,0,0,3,440,191,1,0,0,0,2,142,694,50,0,0,0,0,6,141,160,0,0,0,0,1,18,14,17,0,0,0,0,2,0,0,0
0.6748717948717948	0.6897186350557732	0.6748717948717948	0.6613334091181006	0.33318671651638443	0,0,4,5,0,0,0,8,41,20,1,0,0,0,450,184,3,0,0,0,139,676,45,2,0,0,4,150,159,2,0,0,2,17,15,23
0.6912820512820513	0.6998689177272067	0.6912820512820513	0.6806977032974905	0.33758522102485156	0,0,4,2,0,0,0,1,8,36,21,1,0,0,0,1,476,181,5,0,0,0,1,131,664,48,1,0,0,0,6,136,171,0,0,0,0,2,11,12,29,0,0,0,0,1,1,0,0
0.6697435897435897	0.6748402687874623	0.6697435897435897	0.6551046089442678	0.3303276885858808	0,0,4,2,0,0,0,0,5,44,16,1,0,0,0,2,469,179,3,0,0,0,0,154,662,47,1,0,0,0,6,144,152,1,0,0,0,0,20,18,18,0,0,0,0,1,1,0,0
0.6528205128205128	0.6614197776288747	0.6528205128205128	0.6356141029559597	0.319331427314713	0,1,6,4,0,0,0,1,6,40,21,2,0,0,0,3,425,191,3,0,0,0,1,144,667,32,1,0,0,0,9,169,158,1,0,0,0,0,31,15,17,0,0,0,0,0,2,0,0
0.6743589743589744	0.6785268709177726	0.6743589743589744	0.6605329850827983	0.33406641741807785	0,0,3,4,0,0,0,1,4,31,19,0,0,0,0,2,441,165,5,0,0,0,0,153,682,56,0,0,0,0,5,145,173,1,0,0,0,0,22,22,15,0,0,0,0,0,1,0,0
0.6774358974358974	0.6824645620644634	0.6774358974358974	0.6621455332442239	0.3287882120079173	0,0,9,6,0,0,0,0,7,44,23,0,0,0,0,2,470,180,3,1,0,0,0,139,658,46,0,0,0,0,5,133,167,2,0,0,0,0,19,15,19,0,0,0,0,2,0,0,0
0.6733333333333333	0.6763024801156498	0.6733333333333333	0.6602093042046547	0.3263690345282604	0,0,6,3,0,0,0,0,8,33,22,2,0,0,0,3,447,168,7,0,0,0,0,140,675,59,1,0,0,0,10,136,159,1,0,0,0,0,25,18,24,0,0,0,0,1,2,0,0
0.6820512820512821	0.6855143699083515	0.6820512820512821	0.6700724138846413	0.34616230481636245	0,1,4,4,0,0,0,0,9,30,20,0,0,0,0,1,458,166,3,0,0,0,1,138,686,58,0,0,0,0,12,144,157,2,0,0,0,0,21,14,20,0,0,0,0,1,0,0,0
0.6728205128205128	0.6846918258349838	0.6728205128205128	0.658410327828895	0.3272487354299538	0,0,4,5,0,0,0,0,4,33,20,1,0,0,0,0,463,161,5,0,0,0,0,152,646,56,0,0,0,0,8,146,181,2,0,0,0,0,22,21,18,0,0,0,0,0,2,0,0
0.6641025641025641	0.6704052797119433	0.6641025641025641	0.6484732299637166	0.3186716516384429	0,0,4,7,0,0,0,6,36,25,3,0,0,4,444,181,5,0,0,1,122,656,55,0,0,0,10,148,165,0,0,0,1,30,23,24
0.6825641025641026	0.6892952281036456	0.6825641025641026	0.6653398634159639	0.33758522102485156	0,0,4,5,0,0,0,0,2,33,19,0,0,0,0,1,450,155,0,0,0,0,0,150,683,39,0,0,0,0,8,157,184,1,0,0,0,0,22,24,12,0,0,0,0,0,1,0,0
0.6733333333333333	0.6838739223590137	0.6733333333333333	0.6604314976413025	0.3298878381350341	0,1,3,2,0,0,0,0,6,30,24,0,0,0,0,2,458,187,3,0,0,0,0,127,656,44,1,0,0,0,4,164,174,3,0,0,0,0,25,15,19,0,0,0,0,1,1,0,0
0.6871794871794872	0.6892350815140811	0.6871794871794872	0.6734666113962633	0.3314273147129976	0,1,3,7,0,0,0,7,28,19,2,0,0,3,448,175,4,0,0,1,124,707,45,2,0,0,5,154,165,0,0,0,0,20,17,13
0.6692307692307692	0.6827786419134624	0.6692307692307692	0.6527278307352026	0.32702881020453045	0,1,2,3,0,0,0,8,49,21,1,0,0,0,453,177,8,0,0,0,145,663,42,2,0,0,11,141,171,0,0,0,0,26,16,10
0.6774358974358974	0.6802367393333029	0.6774358974358974	0.6593910109931956	0.33164723993842093	0,1,3,2,0,0,0,5,41,22,2,0,0,2,454,164,5,0,0,1,125,687,43,0,0,0,10,157,159,2,0,0,0,28,21,16
0.6815384615384615	0.683928736411103	0.6815384615384615	0.6640530347338318	0.3338464921926545	0,0,2,3,0,0,0,0,6,44,17,1,0,0,0,1,460,147,4,0,0,0,2,131,691,47,0,0,0,0,10,164,156,3,0,0,0,0,24,20,16,0,0,0,0,1,0,0,0
0.6897435897435897	0.6883772706656002	0.6897435897435897	0.6750313943129302	0.33714537057400484	0,1,5,5,0,0,0,6,40,27,1,0,0,4,457,182,4,0,0,1,119,683,43,2,0,0,9,123,180,2,0,0,0,25,12,19
0.658974358974359	0.6601594461487563	0.658974358974359	0.6412889216660352	0.3248295579502969	0,0,5,1,0,0,0,2,44,21,0,0,0,1,435,188,4,0,0,1,142,671,38,2,0,0,12,163,160,3,0,0,0,19,21,17
0.6861538461538461	0.6865990703062054	0.6861538461538461	0.6723956045289863	0.34066417418077855	0,0,5,1,0,0,0,1,7,39,24,0,0,0,0,2,469,154,5,0,0,0,1,120,681,71,1,0,0,0,10,142,163,2,0,0,0,0,17,16,18,0,0,0,0,0,1,0,0
0.6758974358974359	0.6940891701508217	0.6758974358974359	0.6608900727970365	0.33164723993842093	0,0,3,6,0,0,0,4,48,20,0,0,0,0,465,185,6,0,0,0,114,645,62,0,0,0,9,141,181,1,0,0,0,20,17,23
0.6805128205128205	0.6918671070566611	0.6805128205128205	0.6683972431187806	0.3378051462502749	0,0,3,4,0,0,0,0,8,29,13,0,0,0,0,2,449,187,4,0,0,0,1,121,689,40,2,0,0,0,4,169,161,1,0,0,0,1,26,14,20,0,0,0,0,1,1,0,0
