accuracy	precision	recall	f1	oob	confMatrxVars
0.5256410256410257	0.4175318868354267	0.5256410256410257	0.4515548259739141	0.4688805806025951	0,0,5,8,0,0,0,0,0,33,29,0,0,0,0,0,343,306,0,0,0,0,0,150,682,0,0,0,0,0,10,321,0,0,0,0,0,0,62,0,0,0,0,0,0,1,0,0,0
0.5307692307692308	0.431359044329382	0.5307692307692308	0.45563686378079715	0.4767978887178359	0,0,2,6,0,0,0,0,30,39,0,0,0,0,329,333,0,0,0,0,122,706,0,0,0,0,11,316,0,0,0,0,2,54,0,0
0.5317948717948718	0.41956195483173897	0.5317948717948718	0.459397583055545	0.4702001319551352	0,0,5,6,0,0,0,0,0,26,36,0,0,0,0,0,346,283,0,0,0,0,0,173,691,0,0,0,0,0,9,314,0,0,0,0,0,1,59,0,0,0,0,0,0,1,0,0,0
0.5323076923076923	0.4193950343123341	0.5323076923076923	0.46096987604633144	0.46844073015174836	0,0,6,6,0,0,0,0,35,24,0,0,0,0,363,281,0,0,0,0,178,675,0,0,0,0,13,318,0,0,0,0,0,51,0,0
0.5353846153846153	0.4234377048778659	0.5353846153846153	0.4665839614440635	0.4693204310534418	0,0,3,7,0,0,0,0,0,27,33,0,0,0,0,0,385,264,0,0,0,0,0,198,659,0,0,0,0,0,13,293,0,0,0,0,0,0,64,0,0,0,0,0,0,4,0,0,0
0.5123076923076924	0.3979399279650116	0.5123076923076924	0.4389797106257433	0.4631625247415878	0,0,5,9,0,0,0,0,0,31,38,0,0,0,0,0,360,286,0,0,0,0,0,180,639,0,0,0,0,0,21,319,0,0,0,0,0,1,59,0,0,0,0,0,0,2,0,0,0
0.538974358974359	0.429788894298388	0.538974358974359	0.4643415946512311	0.47767758961952933	0,0,4,6,0,0,0,0,0,29,32,0,0,0,0,0,341,298,0,0,0,0,0,142,710,0,0,0,0,0,11,326,0,0,0,0,0,1,48,0,0,0,0,0,0,2,0,0,0
0.5302564102564102	0.41692569134829377	0.5302564102564102	0.46033025012772577	0.4702001319551352	0,0,7,8,0,0,0,0,0,33,32,0,0,0,0,0,359,278,0,0,0,0,0,193,675,0,0,0,0,0,14,293,0,0,0,0,0,1,55,0,0,0,0,0,0,2,0,0,0
0.5297435897435897	0.41429352503769995	0.5297435897435897	0.45668470260556615	0.46998020672971186	0,0,2,4,0,0,0,0,0,22,33,0,0,0,0,0,345,277,0,0,0,0,0,178,688,0,0,0,0,0,23,308,0,0,0,0,0,1,67,0,0,0,0,0,0,2,0,0,0
0.5323076923076923	0.42531480142470746	0.5323076923076923	0.46236520131433645	0.4693204310534418	0,0,1,5,0,0,0,0,0,24,48,0,0,0,0,0,357,290,0,0,0,0,0,176,681,0,0,0,0,0,8,308,0,0,0,0,0,1,50,0,0,0,0,0,0,1,0,0,0
0.5194871794871795	0.42194830666409616	0.5194871794871795	0.4494441572644704	0.4636023751924345	0,0,3,6,0,0,0,0,0,22,38,0,0,0,0,0,333,333,0,0,0,0,0,159,680,0,0,0,0,0,8,314,0,0,0,0,0,0,52,0,0,0,0,0,0,2,0,0,0
0.5287179487179487	0.4173199582384129	0.5287179487179487	0.45686816833580407	0.4708599076314053	0,0,4,3,0,0,0,0,0,31,34,0,0,0,0,0,352,288,0,0,0,0,0,174,679,0,0,0,0,0,11,310,0,0,0,0,0,1,62,0,0,0,0,0,0,1,0,0,0
0.5584615384615385	0.45606736091399375	0.5584615384615385	0.48767743642304884	0.4794369914229162	0,0,5,3,0,0,0,0,0,29,36,0,0,0,0,0,363,302,0,0,0,0,0,135,726,0,0,0,0,0,10,288,0,0,0,0,0,0,52,0,0,0,0,0,0,1,0,0,0
0.5338461538461539	0.4274561473983022	0.5338461538461539	0.4643766460202167	0.47261930943479213	0,0,1,6,0,0,0,0,0,30,31,0,0,0,0,0,350,301,0,0,0,0,0,173,691,0,0,0,0,0,12,296,0,0,0,0,0,1,57,0,0,0,0,0,0,1,0,0,0
0.5430769230769231	0.43209486409486403	0.5430769230769231	0.47104814818085755	0.4778975148449527	0,0,7,6,0,0,0,0,31,36,0,0,0,0,346,289,0,0,0,0,161,713,0,0,0,0,9,287,0,0,0,0,1,64,0,0
0.5364102564102564	0.4229663408345428	0.5364102564102564	0.46515603204170786	0.4721794589839454	0,0,2,4,0,0,0,0,0,33,27,0,0,0,0,0,365,273,0,0,0,0,0,180,681,0,0,0,0,0,13,305,0,0,0,0,0,0,64,0,0,0,0,0,0,3,0,0,0
0.5287179487179487	0.4189386726662449	0.5287179487179487	0.4575772667503437	0.4702001319551352	0,0,3,6,0,0,0,0,0,37,34,0,0,0,0,0,361,298,0,0,0,0,0,169,670,0,0,0,0,0,18,294,0,0,0,0,0,1,58,0,0,0,0,0,0,1,0,0,0
0.5333333333333333	0.42074039827406234	0.5333333333333333	0.4580821459894139	0.47151968330767535	0,0,3,6,0,0,0,0,0,23,36,0,0,0,0,0,345,285,0,0,0,0,0,152,695,0,0,0,0,0,16,316,0,0,0,0,0,0,70,0,0,0,0,0,0,3,0,0,0
0.5256410256410257	0.41562866622933364	0.5256410256410257	0.45453271613116775	0.474378711238179	0,0,5,3,0,0,0,0,0,39,29,0,0,0,0,0,328,308,0,0,0,0,0,175,697,0,0,0,0,0,10,294,0,0,0,0,0,1,60,0,0,0,0,0,0,1,0,0,0
0.5343589743589744	0.4214158069615297	0.5343589743589744	0.46282913211221466	0.46844073015174836	0,0,5,5,0,0,0,0,0,31,25,0,0,0,0,0,370,273,0,0,0,0,0,178,672,0,0,0,0,0,9,322,0,0,0,0,0,1,58,0,0,0,0,0,0,1,0,0,0
0.5430769230769231	0.4350148398100606	0.5430769230769231	0.47332618372353735	0.4814163184517264	0,0,4,4,0,0,0,0,24,38,0,0,0,0,360,286,0,0,0,0,171,699,0,0,0,0,10,296,0,0,0,0,2,56,0,0
0.5169230769230769	0.4103629682617611	0.5169230769230769	0.4449648975700401	0.46602155267209144	0,0,5,7,0,0,0,0,0,35,40,0,0,0,0,0,334,323,0,0,0,0,0,163,674,0,0,0,0,0,17,294,0,0,0,0,0,0,57,0,0,0,0,0,0,1,0,0,0
0.522051282051282	0.40630463481430046	0.522051282051282	0.4521516031491935	0.4658016274466681	0,0,3,3,0,0,0,0,0,33,39,0,0,0,0,0,359,264,0,0,0,0,0,213,659,0,0,0,0,0,14,305,0,0,0,0,0,0,57,0,0,0,0,0,0,1,0,0,0
0.5338461538461539	0.4138934228027804	0.5338461538461539	0.4631338573127001	0.46998020672971186	0,0,4,7,0,0,0,0,0,33,30,0,0,0,0,0,392,238,0,0,0,0,0,215,649,0,0,0,0,0,22,302,0,0,0,0,0,2,55,0,0,0,0,0,0,1,0,0,0
0.5394871794871795	0.42161825951159737	0.5394871794871795	0.4684365411250799	0.47459863646360234	0,0,3,5,0,0,0,0,0,29,32,0,0,0,0,0,391,247,0,0,0,0,0,197,661,0,0,0,0,0,21,301,0,0,0,0,0,1,60,0,0,0,0,0,0,2,0,0,0
