accuracy	precision	recall	f1	oob	confMatrxVars
0.5184615384615384	0.41594811673649845	0.5184615384615384	0.44344482266281304	0.46492192654497466	0,0,5,7,0,0,0,0,0,20,36,0,0,0,0,0,328,321,0,0,0,0,0,140,683,0,0,0,0,0,10,340,0,0,0,0,0,1,56,0,0,0,0,0,0,3,0,0,0
0.5384615384615384	0.42486048059886145	0.5384615384615384	0.4705404715995577	0.47899714097206947	0,0,5,8,0,0,0,0,0,31,34,0,0,0,0,0,357,264,0,0,0,0,0,209,693,0,0,0,0,0,13,281,0,0,0,0,0,1,51,0,0,0,0,0,0,3,0,0,0
0.54	0.43334990388804295	0.54	0.4673680908984847	0.47657796349241255	0,0,4,6,0,0,0,0,0,19,32,0,0,0,0,0,362,289,0,0,0,0,0,150,691,0,0,0,0,0,11,322,0,0,0,0,0,1,62,0,0,0,0,0,0,1,0,0,0
0.5241025641025641	0.4208278797147064	0.5241025641025641	0.451868619450529	0.47107983285682864	0,0,6,7,0,0,0,0,0,26,36,0,0,0,0,0,339,320,0,0,0,0,0,152,683,0,0,0,0,0,12,304,0,0,0,0,0,0,62,0,0,0,0,0,0,3,0,0,0
0.5358974358974359	0.4276271539647089	0.5358974358974359	0.46849795028038804	0.4706399824059819	0,0,5,3,0,0,0,0,0,31,33,0,0,0,0,0,395,277,0,0,0,0,0,192,650,0,0,0,0,0,13,297,0,0,0,0,0,0,52,0,0,0,0,0,0,2,0,0,0
0.5333333333333333	0.4222874689510845	0.5333333333333333	0.4612642539591489	0.47349901033648556	0,0,4,6,0,0,0,0,36,33,0,0,0,0,352,292,0,0,0,0,166,688,0,0,0,0,12,309,0,0,0,0,0,52,0,0
0.5148717948717949	0.40740192683941934	0.5148717948717949	0.44074859456660287	0.46338244996701117	0,0,5,4,0,0,0,0,0,29,39,0,0,0,0,0,334,309,0,0,0,0,0,158,670,0,0,0,0,0,7,330,0,0,0,0,0,0,62,0,0,0,0,0,0,3,0,0,0
0.5292307692307693	0.41649137826832416	0.5292307692307693	0.45668474965796796	0.47195953375852207	0,0,3,6,0,0,0,0,0,28,41,0,0,0,0,0,364,282,0,0,0,0,0,171,668,0,0,0,0,0,19,312,0,0,0,0,0,1,54,0,0,0,0,0,0,1,0,0,0
0.5338461538461539	0.41798263086496473	0.5338461538461539	0.4610232763930903	0.47151968330767535	0,0,4,5,0,0,0,0,31,41,0,0,0,0,377,268,0,0,0,0,175,664,0,0,0,0,21,307,0,0,0,0,0,57,0,0
0.5266666666666666	0.41424135936532563	0.5266666666666666	0.4550297071057747	0.46844073015174836	0,0,4,5,0,0,0,0,0,23,39,0,0,0,0,0,364,277,0,0,0,0,0,182,663,0,0,0,0,0,16,312,0,0,0,0,0,0,64,0,0,0,0,0,0,1,0,0,0
0.5394871794871795	0.4293181907791068	0.5394871794871795	0.46607908435847034	0.4759181878161425	0,0,4,3,0,0,0,0,31,32,0,0,0,0,332,300,0,0,0,0,152,720,0,0,0,0,12,321,0,0,0,0,1,42,0,0
0.5338461538461539	0.4321884498480243	0.5338461538461539	0.46374720160846067	0.4708599076314053	0,0,1,7,0,0,0,0,0,26,41,0,0,0,0,0,372,302,0,0,0,0,0,156,669,0,0,0,0,0,9,321,0,0,0,0,0,0,45,0,0,0,0,0,0,1,0,0,0
0.5297435897435897	0.4217157342851645	0.5297435897435897	0.45851619427299406	0.47613811304156584	0,0,9,6,0,0,0,0,0,24,38,0,0,0,0,0,354,300,0,0,0,0,0,166,679,0,0,0,0,0,16,304,0,0,0,0,0,0,53,0,0,0,0,0,0,1,0,0,0
0.5430769230769231	0.4295614629518481	0.5430769230769231	0.4699893415326721	0.4748185616890257	0,0,4,4,0,0,0,0,0,28,40,0,0,0,0,0,372,271,0,0,0,0,0,161,687,0,0,0,0,0,15,306,0,0,0,0,0,0,60,0,0,0,0,0,0,2,0,0,0
0.5287179487179487	0.416857735797564	0.5287179487179487	0.45455538003520674	0.46910050582801843	0,0,4,4,0,0,0,0,0,24,38,0,0,0,0,0,341,291,0,0,0,0,0,160,690,0,0,0,0,0,15,318,0,0,0,0,0,1,63,0,0,0,0,0,0,1,0,0,0
0.5148717948717949	0.40322733132788996	0.5148717948717949	0.43777252685612406	0.45942379590939075	0,0,3,8,0,0,0,0,0,28,33,0,0,0,0,0,322,307,0,0,0,0,0,148,682,0,0,0,0,0,16,340,0,0,0,0,0,1,61,0,0,0,0,0,0,1,0,0,0
0.536923076923077	0.4304059975324864	0.536923076923077	0.4642777905482133	0.4721794589839454	0,0,5,5,0,0,0,0,0,25,29,0,0,0,0,0,348,299,0,0,0,0,0,151,699,0,0,0,0,0,9,307,0,0,0,0,0,0,72,0,0,0,0,0,0,1,0,0,0
0.5348717948717949	0.41633793331384006	0.5348717948717949	0.46479073597293935	0.4772377391686826	0,0,2,6,0,0,0,0,0,35,31,0,0,0,0,0,375,242,0,0,0,0,0,216,668,0,0,0,0,0,13,306,0,0,0,0,0,1,52,0,0,0,0,0,0,3,0,0,0
0.5261538461538462	0.4165374469495597	0.5261538461538462	0.45881855760362095	0.46558170222124473	0,0,5,10,0,0,0,0,0,32,29,0,0,0,0,0,374,283,0,0,0,0,0,204,652,0,0,0,0,0,16,288,0,0,0,0,0,1,55,0,0,0,0,0,0,1,0,0,0
0.5241025641025641	0.41048531733034027	0.5241025641025641	0.4515127022444216	0.47349901033648556	0,0,4,6,0,0,0,0,0,24,31,0,0,0,0,0,341,285,0,0,0,0,0,180,681,0,0,0,0,0,18,323,0,0,0,0,0,0,56,0,0,0,0,0,0,1,0,0,0
0.5302564102564102	0.40885783619413957	0.5302564102564102	0.45469194803490715	0.4686606553771717	0,0,5,4,0,0,0,0,0,26,41,0,0,0,0,0,319,266,0,0,0,0,0,180,715,0,0,0,0,0,17,314,0,0,0,0,0,0,62,0,0,0,0,0,0,1,0,0,0
0.522051282051282	0.4231246001178556	0.522051282051282	0.4477249101337364	0.46492192654497466	0,0,6,9,0,0,0,0,0,20,39,0,0,0,0,0,335,329,0,0,0,0,0,132,683,0,0,0,0,0,13,322,0,0,0,0,0,0,61,0,0,0,0,0,0,1,0,0,0
0.5312820512820513	0.4151821011324999	0.5312820512820513	0.45757704064395827	0.47042005718055857	0,0,2,4,0,0,0,0,30,29,0,0,0,0,369,266,0,0,0,0,174,667,0,0,0,0,15,338,0,0,0,0,0,56,0,0
0.5235897435897436	0.41124921178112667	0.5235897435897436	0.45073879478287077	0.4666813283483615	0,0,4,4,0,0,0,0,0,30,30,0,0,0,0,0,341,294,0,0,0,0,0,172,680,0,0,0,0,0,17,309,0,0,0,0,0,0,68,0,0,0,0,0,0,1,0,0,0
0.5338461538461539	0.41180477929638787	0.5338461538461539	0.4596784010571946	0.47349901033648556	0,0,3,6,0,0,0,0,0,25,33,0,0,0,0,0,376,235,0,0,0,0,0,196,665,0,0,0,0,0,13,334,0,0,0,0,0,0,63,0,0,0,0,0,0,1,0,0,0
