accuracy	precision	recall	f1	oob	confMatrxVars
0.5876923076923077	0.5920343754934502	0.5876923076923077	0.567479869085353	0.38948757422476354	0,0,4,5,0,0,0,0,1,36,25,1,0,0,0,1,404,192,4,0,0,0,1,199,596,59,1,0,0,0,10,214,131,0,0,0,0,2,38,11,14,0,0,0,0,1,0,0,0
0.6107692307692307	0.6017425940855426	0.6107692307692307	0.5876124800656095	0.40246316252474157	0,0,2,5,0,0,0,0,0,45,24,0,0,0,0,2,431,192,3,0,0,0,0,185,616,49,0,0,0,0,15,181,136,0,0,0,0,0,32,22,8,0,0,0,0,1,1,0,0
0.6297435897435898	0.6315922519292617	0.6297435897435898	0.6095066634810082	0.4103804706399824	0,0,6,6,0,0,0,1,3,39,20,1,0,0,0,2,447,176,5,0,0,0,0,186,637,60,0,0,0,0,10,147,131,1,0,0,0,2,34,24,10,0,0,0,0,1,1,0,0
0.6005128205128205	0.5966967292589802	0.6005128205128205	0.5771603934090448	0.3927864526061139	0,0,3,3,0,0,0,0,1,54,16,1,0,0,2,3,421,196,6,0,0,0,0,160,611,61,0,0,0,0,13,201,128,2,0,0,0,1,41,15,10,0,0,0,0,1,0,0,0
0.617948717948718	0.6203486677759594	0.617948717948718	0.5966236167476968	0.397184957114581	0,0,2,3,0,0,0,0,0,40,20,0,0,0,0,2,428,231,4,0,0,0,0,156,644,38,0,0,0,0,12,189,123,0,0,0,0,0,36,11,10,0,0,0,0,1,0,0,0
0.6133333333333333	0.6092442398516748	0.6133333333333333	0.5917303366763635	0.3993842093688146	0,0,4,7,0,0,0,2,41,23,3,0,0,2,422,213,12,1,0,0,145,635,62,1,0,0,11,180,131,2,0,0,0,32,15,6
0.6194871794871795	0.622962977662828	0.6194871794871795	0.5958277595409511	0.4057620409060919	0,1,5,4,0,0,0,0,3,40,25,1,0,0,0,2,424,199,5,0,0,0,0,162,653,44,1,0,0,0,11,187,120,0,0,0,0,0,33,20,8,0,0,0,0,2,0,0,0
0.6128205128205129	0.6106076071172066	0.6128205128205129	0.5890498964036253	0.39806465801627444	0,0,5,4,0,0,0,0,0,30,36,1,0,0,0,2,421,221,0,0,0,0,0,139,634,49,1,0,0,0,13,200,131,0,0,0,0,1,36,16,9,0,0,0,0,1,0,0,0
0.5917948717948718	0.5973210160722571	0.5917948717948718	0.5659083747333631	0.3993842093688146	0,0,2,3,0,0,0,1,54,23,0,0,1,1,406,214,1,0,0,1,170,627,54,0,0,0,8,214,114,0,0,0,0,36,14,6
0.6287179487179487	0.642060853171025	0.6287179487179487	0.6085669636200663	0.4057620409060919	0,0,5,6,0,0,0,3,34,28,1,0,0,1,445,216,5,0,0,0,146,628,56,0,0,0,11,162,144,1,0,0,0,34,18,6
0.6061538461538462	0.6086749952836721	0.6061538461538462	0.5841427708304551	0.39454585440950074	0,0,4,5,0,0,0,0,3,39,21,1,0,0,0,2,418,203,4,0,0,0,1,177,629,49,1,0,0,0,8,187,122,1,0,0,0,0,36,27,10,0,0,0,0,1,1,0,0
0.6138461538461538	0.6063083382347946	0.6138461538461538	0.5911470481637927	0.39960413459423794	0,1,7,3,0,0,0,0,1,41,19,0,0,0,0,2,431,194,2,0,0,0,2,170,631,53,1,0,0,0,11,197,128,0,0,0,0,0,30,17,6,0,0,0,0,1,2,0,0
0.617948717948718	0.6375042008592575	0.617948717948718	0.5960656113874794	0.4119199472179459	0,0,4,3,0,0,0,0,1,36,27,1,0,0,0,0,435,219,10,0,0,0,0,161,652,52,0,0,0,0,8,179,109,0,0,0,0,0,23,21,8,0,0,0,0,0,1,0,0
0.6153846153846154	0.634544062486399	0.6153846153846154	0.5953372776436152	0.4013635363976248	0,0,3,4,0,0,0,1,2,32,20,0,0,0,0,1,437,209,6,0,0,0,0,170,624,41,0,0,0,0,10,208,130,0,0,0,0,1,29,14,7,0,0,0,0,1,0,0,0
0.615897435897436	0.6217721155140475	0.615897435897436	0.5934202344805196	0.4013635363976248	0,0,3,5,0,0,0,0,2,39,21,2,0,0,0,2,425,230,2,0,0,0,0,135,651,48,1,0,0,1,15,206,113,0,0,0,0,2,24,12,10,0,0,0,0,0,1,0,0
0.617948717948718	0.6420235995092661	0.617948717948718	0.5966102836690116	0.403342863426435	0,0,5,3,0,0,0,2,35,17,1,0,0,0,436,229,2,0,0,0,149,640,47,0,0,0,12,199,121,1,0,0,0,32,13,6
0.62	0.6208983365899821	0.62	0.5951400803469441	0.40356278865185835	0,0,2,5,1,0,0,0,1,43,19,1,0,0,0,1,440,213,0,0,0,0,1,152,638,34,1,0,0,0,12,201,124,2,0,0,0,2,29,21,6,0,0,0,0,1,0,0,0
0.6230769230769231	0.6308705073631837	0.6230769230769231	0.6031473972650263	0.4013635363976248	0,0,6,6,0,0,0,4,36,27,0,0,0,1,433,204,6,1,0,1,157,631,47,1,0,0,10,189,140,0,0,0,1,22,20,7
0.6225641025641026	0.623881580537814	0.6225641025641026	0.6008023017498928	0.4079612931603255	0,0,9,5,0,0,0,0,2,42,18,2,0,0,0,3,458,220,7,1,0,0,0,128,621,52,0,0,0,0,9,183,121,1,0,0,0,0,32,22,12,0,0,0,0,1,1,0,0
0.6276923076923077	0.634680576522131	0.6276923076923077	0.6084253933290173	0.40818121838574883	0,1,3,7,0,0,0,0,2,38,21,0,0,0,0,0,445,220,5,0,0,0,1,159,635,52,0,0,0,0,10,157,133,0,0,0,0,1,31,19,9,0,0,0,0,1,0,0,0
0.6235897435897436	0.6221666511899261	0.6235897435897436	0.5989618806857206	0.40400263910270506	0,0,4,1,1,0,0,0,2,38,24,0,0,0,0,0,443,189,7,0,0,0,2,149,642,61,0,0,0,0,16,177,125,1,0,0,0,2,33,28,4,0,0,0,0,1,0,0,0
0.6066666666666667	0.6036960185490498	0.6066666666666667	0.5848003711027526	0.406421816582362	0,1,4,5,0,0,0,0,1,46,18,2,0,0,0,1,420,223,7,0,0,0,1,162,632,60,0,0,0,0,12,169,121,0,0,0,0,0,32,23,9,0,0,0,0,1,0,0,0
0.6312820512820513	0.6354462693825191	0.6312820512820513	0.6106516389335916	0.40972069496371233	0,0,3,3,0,0,0,2,46,27,1,0,0,1,451,174,5,0,0,0,161,624,65,2,0,0,10,167,141,1,0,0,0,32,21,13
0.617948717948718	0.6267794402546072	0.617948717948718	0.5952902404105073	0.3991642841433912	0,0,6,4,1,0,0,0,3,40,21,1,0,0,0,0,451,162,8,0,0,0,1,192,615,49,0,0,0,0,18,188,126,0,0,0,0,0,31,19,10,0,0,0,0,0,4,0,0
0.622051282051282	0.635896296542937	0.622051282051282	0.5956028511084874	0.4044424895535518	0,0,3,2,0,0,0,0,1,37,28,1,0,0,0,0,457,208,4,0,0,0,1,147,633,41,0,0,0,0,8,195,118,0,0,0,0,2,39,17,4,0,0,0,0,2,2,0,0
