accuracy	precision	recall	f1	oob	confMatrxVars
0.5594871794871795	0.5936196830596188	0.5594871794871795	0.5281247712410128	0.3998240598196613	0,0,4,3,0,0,0,0,1,39,32,2,0,0,0,0,386,253,2,0,0,0,0,156,608,53,0,0,0,0,15,228,91,0,0,0,0,0,40,30,5,0,0,0,0,1,1,0,0
0.5928205128205128	0.60190691493408	0.5928205128205128	0.5658293636935611	0.4233560589399604	0,0,6,6,0,0,0,1,38,29,0,0,0,0,440,217,7,0,0,1,167,608,45,1,0,0,6,221,103,0,0,0,0,40,10,4
0.5815384615384616	0.5712895185279376	0.5815384615384616	0.5510455254358347	0.42115680668572686	0,0,2,4,0,0,0,0,0,40,23,0,0,0,0,0,456,198,4,0,0,0,0,207,595,50,0,0,0,0,10,224,81,0,0,0,0,0,40,12,2,0,0,0,0,2,0,0,0
0.598974358974359	0.5613991366347795	0.598974358974359	0.5684528053907695	0.4220365075874203	0,0,5,5,0,0,0,0,0,37,21,1,0,0,0,0,412,212,3,0,0,0,0,170,653,50,0,0,0,0,11,203,103,0,0,0,0,0,46,16,0,0,0,0,0,2,0,0,0
0.5851282051282052	0.5888191570900381	0.5851282051282052	0.5595069308769516	0.41763800307895316	0,0,4,4,0,0,0,0,30,20,0,0,0,1,418,229,4,0,0,0,186,615,43,0,0,0,7,224,105,0,0,0,0,38,19,3
0.5748717948717949	0.5792497400665432	0.5748717948717949	0.5390914763054749	0.40972069496371233	0,0,6,7,0,0,0,0,0,50,28,0,0,0,0,1,397,220,3,0,0,0,0,165,629,32,0,0,0,0,6,247,90,0,0,0,0,0,53,8,5,0,0,0,0,2,1,0,0
0.5917948717948718	0.6001376638443567	0.5917948717948718	0.5666191690856164	0.4077413679349021	0,0,4,7,0,0,0,1,44,24,1,0,0,1,407,224,3,0,0,0,180,629,48,0,0,0,14,200,112,0,0,0,0,29,17,5
0.5748717948717949	0.5649777721875133	0.5748717948717949	0.5475200135613758	0.40906091928744226	0,0,2,5,0,0,0,0,1,42,24,1,0,0,0,3,407,229,6,1,0,0,0,159,607,62,0,0,0,0,13,221,103,1,0,0,0,0,36,22,3,0,0,0,0,1,1,0,0
0.5851282051282052	0.5445908170368798	0.5851282051282052	0.5523934927709028	0.41961733010776336	0,0,5,6,0,0,0,0,0,43,25,1,0,0,0,0,414,216,4,0,0,0,0,174,631,48,0,0,0,0,8,215,96,0,0,0,0,1,41,20,0,0,0,0,0,2,0,0,0
0.598974358974359	0.5966056063699258	0.598974358974359	0.5644734011706612	0.4119199472179459	0,0,3,5,0,0,0,0,0,43,33,1,0,0,0,1,398,209,5,0,0,0,0,151,663,29,0,0,0,0,13,225,103,0,0,0,0,1,42,18,4,0,0,0,0,2,1,0,0
0.5948717948717949	0.6211878164045594	0.5948717948717949	0.5713289691439152	0.422476358038267	0,0,6,6,0,0,0,0,1,39,21,2,0,0,0,0,439,233,6,0,0,0,0,163,601,57,0,0,0,0,6,199,115,0,0,0,0,0,36,14,4,0,0,0,0,1,1,0,0
0.5882051282051282	0.5794357831282148	0.5882051282051282	0.5577663409819902	0.4240158346162305	0,0,8,5,0,0,0,0,0,45,27,1,0,0,0,0,407,215,3,0,0,0,0,191,625,38,0,0,0,0,12,195,114,0,0,0,0,0,34,28,1,0,0,0,0,1,0,0,0
0.5923076923076923	0.5866041699394491	0.5923076923076923	0.5608828739957772	0.42071695623488015	0,0,6,3,0,0,0,0,0,44,19,1,0,0,0,0,418,211,2,1,0,0,0,168,634,36,0,0,0,0,12,232,98,0,0,0,0,0,43,16,5,0,0,0,0,0,1,0,0
0.583076923076923	0.6063157482106818	0.583076923076923	0.5573348903857471	0.42027710578403343	0,0,4,6,0,0,0,0,1,41,32,0,0,0,0,0,414,232,4,1,0,0,0,163,608,62,0,0,0,0,10,204,109,0,0,0,0,0,33,19,5,0,0,0,0,1,1,0,0
0.5882051282051282	0.6132634804792068	0.5882051282051282	0.5591340992771491	0.4165383769518364	0,0,5,5,0,0,0,0,1,36,26,1,0,0,0,0,424,222,5,0,0,0,0,159,624,48,0,0,0,0,11,232,93,0,0,0,0,0,32,19,5,0,0,0,0,1,1,0,0
0.5671794871794872	0.5576548868810705	0.5671794871794872	0.5355765790344671	0.4158786012755663	0,0,4,1,0,0,0,0,0,41,35,0,0,0,0,0,395,230,2,0,0,0,0,177,618,53,0,0,0,0,19,217,88,0,0,0,0,0,39,25,5,0,0,0,0,1,0,0,0
0.6087179487179487	0.6314504211346008	0.6087179487179487	0.584768463180937	0.4240158346162305	0,0,5,3,0,0,0,0,1,36,22,0,0,0,0,0,423,200,1,0,0,0,0,179,640,54,0,0,0,0,7,204,118,0,0,0,0,1,34,16,5,0,0,0,0,0,1,0,0
0.6082051282051282	0.619405758229901	0.6082051282051282	0.5821697521347036	0.4235759841653838	0,1,7,4,0,0,0,0,1,41,22,0,0,0,0,0,444,225,3,0,0,0,0,170,626,42,0,0,0,0,6,186,113,0,0,0,0,0,38,18,2,0,0,0,0,0,1,0,0
0.5820512820512821	0.6123474514689091	0.5820512820512821	0.5536778028673238	0.4147789751484495	0,0,4,5,0,0,0,0,1,36,35,0,0,0,0,0,402,224,6,0,0,0,0,176,625,50,0,0,0,0,6,205,102,0,0,0,0,0,45,21,5,0,0,0,0,1,1,0,0
0.5748717948717949	0.5629112016640144	0.5748717948717949	0.5446026369213426	0.4123597976687926	0,0,3,5,0,0,0,0,0,41,22,2,0,0,0,1,419,233,8,0,0,0,0,168,598,42,0,0,0,0,11,222,102,1,0,0,0,0,42,26,2,0,0,0,0,1,1,0,0
0.5943589743589743	0.6035809847205459	0.5943589743589743	0.566511591344847	0.41455904992302617	0,0,5,3,1,0,0,0,1,45,25,2,0,0,0,1,423,215,1,0,0,0,0,165,626,49,0,0,0,0,13,220,104,0,0,0,0,0,33,11,5,0,0,0,0,1,1,0,0
0.6051282051282051	0.6079317194193177	0.6051282051282051	0.5770132436196092	0.42621508687046405	0,0,4,1,1,0,0,0,0,34,17,2,0,0,0,1,423,211,2,0,0,0,0,162,644,42,0,0,0,0,12,214,109,0,0,0,0,0,49,17,4,0,0,0,1,0,0,0,0
0.597948717948718	0.6185795848340451	0.597948717948718	0.5703237068370399	0.4284143391246976	0,0,7,4,1,0,0,0,1,36,27,0,0,0,0,0,434,200,3,0,0,0,0,173,627,56,0,0,0,0,7,225,101,0,0,0,0,1,30,13,3,0,0,0,0,1,0,0,0
0.5738461538461539	0.5489364807534006	0.5738461538461539	0.54317373823677	0.40818121838574883	0,0,3,5,0,0,0,0,1,39,24,0,0,0,0,2,423,224,2,0,0,0,1,183,598,45,1,0,0,0,16,215,97,0,0,0,0,0,51,16,0,0,0,0,0,3,1,0,0
0.5856410256410256	0.5761318604212701	0.5856410256410256	0.5575505048044581	0.4158786012755663	0,0,4,3,0,0,0,0,0,41,23,1,0,0,0,0,405,239,3,0,0,0,0,173,628,42,0,0,0,0,9,212,107,1,0,0,0,1,40,14,2,0,0,0,0,1,1,0,0
