accuracy	precision	recall	f1	oob	confMatrxVars
0.5338461538461539	0.5333270470392787	0.5338461538461539	0.46569764814200526	0.4642621508687046	0,0,4,6,0,0,0,0,0,36,35,0,0,0,0,0,380,253,0,0,0,0,0,199,656,1,0,0,0,0,16,304,5,0,0,0,0,1,51,1,0,0,0,0,0,2,0,0,0
0.5502564102564103	0.6086875955709043	0.5502564102564103	0.4799584904953447	0.4756982625907191	0,0,4,5,0,0,0,0,0,29,30,0,0,0,0,0,388,266,0,0,0,0,0,163,683,0,0,0,0,0,10,321,2,0,0,0,0,0,47,0,0,0,0,0,0,2,0,0,0
0.5307692307692308	0.4128626076531611	0.5307692307692308	0.45948796828439864	0.46690125357378487	0,0,7,3,0,0,0,0,0,28,39,0,0,0,0,0,386,249,0,0,0,0,0,203,649,0,0,0,0,0,15,312,0,0,0,0,0,1,57,0,0,0,0,0,0,1,0,0,0
0.5235897435897436	0.4981219987857156	0.5235897435897436	0.45476345248301236	0.4693204310534418	0,0,4,4,0,0,0,0,27,38,0,0,0,0,364,293,0,0,0,0,184,656,0,0,0,0,12,309,1,0,0,0,1,56,1,0
0.536923076923077	0.4980352980352981	0.536923076923077	0.4639351051009356	0.4677809544754783	0,0,4,7,0,0,0,0,0,34,37,0,0,0,0,0,380,246,0,0,0,0,0,185,666,1,0,0,0,0,12,305,1,0,0,0,0,1,68,0,0,0,0,0,0,3,0,0,0
0.5482051282051282	0.49459127599142905	0.5482051282051282	0.48203815718729415	0.46910050582801843	0,0,4,4,0,0,0,0,0,27,32,0,0,0,0,0,391,236,0,0,0,0,0,182,669,7,0,0,0,0,16,294,9,0,0,0,0,1,71,6,0,0,0,0,0,1,0,0,0
0.5364102564102564	0.50411740875861	0.5364102564102564	0.47621091376419283	0.4662414778975148	0,0,6,7,0,0,0,0,0,36,38,0,0,0,0,0,366,256,0,0,0,0,0,209,666,6,0,0,0,0,17,272,14,0,0,0,0,1,50,5,0,0,0,0,0,1,0,0,0
0.5348717948717949	0.4188418083842213	0.5348717948717949	0.46296554349529906	0.4737189355619089	0,0,3,10,0,0,0,0,0,32,30,0,0,0,0,0,364,262,0,0,0,0,0,184,679,2,0,0,0,0,12,311,0,0,0,0,0,1,59,0,0,0,0,0,0,1,0,0,0
0.5394871794871795	0.5237878138466585	0.5394871794871795	0.47532254316991746	0.46690125357378487	0,0,3,5,0,0,0,0,0,21,35,0,0,0,0,0,366,257,0,0,0,0,0,192,675,3,0,0,0,0,21,298,11,0,0,0,0,1,57,4,0,0,0,0,0,1,0,0,0
0.5225641025641026	0.5719170522740349	0.5225641025641026	0.452670794939148	0.4673411040246316	0,0,7,7,0,0,0,0,0,33,31,0,0,0,0,0,372,262,0,0,0,0,0,210,646,0,0,0,0,0,23,302,1,0,0,0,0,2,52,0,0,0,0,0,0,2,0,0,0
0.5517948717948717	0.5022644662489169	0.5517948717948717	0.48742770427658566	0.4706399824059819	0,0,10,5,0,0,0,0,38,26,0,0,0,0,395,233,0,0,0,0,196,672,7,0,0,0,18,284,9,0,0,0,0,53,4,0
0.5323076923076923	0.413022075328048	0.5323076923076923	0.4561365804676227	0.4673411040246316	0,0,8,10,0,0,0,0,0,36,35,0,0,0,0,0,359,267,0,0,0,0,0,162,679,0,0,0,0,0,12,314,0,0,0,0,0,0,67,0,0,0,0,0,0,1,0,0,0
0.5317948717948718	0.48382942583426064	0.5317948717948718	0.4795596871780405	0.465141851770398	0,0,3,4,1,0,0,0,30,31,0,0,0,0,388,250,0,0,0,0,225,628,17,0,0,0,13,265,21,0,0,0,1,63,10,0
0.5251282051282051	0.5378684885544178	0.5251282051282051	0.45579424095685395	0.4677809544754783	0,0,1,4,0,0,0,0,0,37,34,0,0,0,0,0,335,323,0,0,0,0,0,140,682,3,0,0,0,0,9,313,7,0,0,0,0,1,59,0,0,0,0,0,0,2,0,0,0
0.5461538461538461	0.4300074070834776	0.5461538461538461	0.4757898945334845	0.47195953375852207	0,0,2,7,0,0,0,0,0,32,37,0,0,0,0,0,420,240,0,0,0,0,0,191,645,1,0,0,0,0,16,299,0,0,0,0,0,0,58,0,0,0,0,0,0,2,0,0,0
0.541025641025641	0.4289950752694617	0.541025641025641	0.4696636148265297	0.4737189355619089	0,0,3,8,0,0,0,0,0,29,39,0,0,0,0,0,369,277,0,0,0,0,0,170,686,0,0,0,0,0,16,294,0,0,0,0,0,1,57,0,0,0,0,0,0,1,0,0,0
0.5507692307692308	0.5442960988107074	0.5507692307692308	0.47914099595412385	0.47349901033648556	0,0,5,3,0,0,0,0,0,35,40,0,0,0,0,0,366,277,0,0,0,0,0,145,704,1,0,0,0,0,15,298,4,0,0,0,0,0,54,1,0,0,0,0,0,2,0,0,0
0.522051282051282	0.5298360521907034	0.522051282051282	0.4522025748918493	0.465141851770398	0,0,2,3,0,0,0,0,0,36,29,0,0,0,0,0,345,267,0,0,0,0,0,204,670,0,0,0,0,0,15,311,3,0,0,0,0,0,62,1,0,0,0,0,0,2,0,0,0
0.5358974358974359	0.42407537459755046	0.5358974358974359	0.46840250776700837	0.46448207609412795	0,0,4,5,0,0,0,0,0,31,28,0,0,0,0,0,377,265,0,0,0,0,0,208,668,0,0,0,0,0,12,303,0,0,0,0,0,0,48,0,0,0,0,0,0,1,0,0,0
0.5405128205128205	0.5893916236370623	0.5405128205128205	0.47391181012516154	0.46338244996701117	0,0,2,4,0,0,0,0,36,35,0,0,0,0,383,273,0,0,0,0,186,667,0,0,0,0,10,300,4,0,0,0,0,50,0,0
0.521025641025641	0.4015925824111656	0.521025641025641	0.4504441111095105	0.4618429733890477	0,0,2,4,0,0,0,0,33,35,0,0,0,0,389,239,0,0,0,0,226,627,0,0,0,0,20,310,0,0,0,0,0,63,2,0
0.5164102564102564	0.4889665787599835	0.5164102564102564	0.448062164875616	0.4611831977127776	0,0,6,1,0,0,0,0,0,33,27,0,0,0,0,0,369,284,0,0,0,0,0,197,636,1,0,0,0,0,14,313,2,0,0,0,0,0,65,1,0,0,0,0,0,1,0,0,0
0.5302564102564102	0.4190263862067131	0.5302564102564102	0.461286960297936	0.46646140312293816	0,0,4,5,0,0,0,0,0,28,35,0,0,0,0,0,390,269,0,0,0,0,0,196,644,0,0,0,0,0,14,301,0,0,0,0,0,0,63,0,0,0,0,0,0,1,0,0,0
0.5251282051282051	0.4099038243116204	0.5251282051282051	0.45383370398240963	0.46404222564328124	0,0,6,3,0,0,0,0,37,28,0,0,0,0,364,277,0,0,0,0,190,660,0,0,0,0,18,310,0,0,0,0,1,56,0,0
0.5364102564102564	0.5954287254918532	0.5364102564102564	0.4640861269350474	0.474378711238179	0,0,1,2,0,0,0,0,0,26,42,0,0,0,0,0,356,287,0,0,0,0,0,158,689,0,0,0,0,0,12,317,1,0,0,0,0,2,54,0,0,0,0,0,0,3,0,0,0
