accuracy	precision	recall	f1	oob	confMatrxVars
0.6497435897435897	0.6691809739101753	0.6497435897435897	0.629436761061769	0.3727732570925886	0,0,5,2,0,0,0,1,43,24,2,0,2,0,429,185,4,0,0,0,170,671,35,1,0,0,5,155,158,2,0,0,0,33,15,8
0.6410256410256411	0.6607066085725699	0.6410256410256411	0.6228159252293165	0.36683527600615795	0,0,4,5,0,0,0,1,4,25,26,0,0,0,0,0,412,212,4,0,0,0,0,148,672,55,0,0,0,0,11,149,153,0,0,0,0,1,31,24,9,0,0,0,0,1,3,0,0
0.6456410256410257	0.6473775708463309	0.6456410256410257	0.6266108076406992	0.36925445348581487	0,0,5,3,0,0,0,1,36,25,1,0,0,1,444,208,3,1,0,1,144,646,45,0,0,0,9,159,158,0,0,0,0,27,23,10
0.6394871794871795	0.6453076510828982	0.6394871794871795	0.6202483211452946	0.36177699582142075	0,0,4,2,0,0,0,0,2,35,16,1,0,0,0,2,427,188,2,0,0,0,0,166,671,51,0,0,0,0,10,176,139,0,0,0,0,1,30,17,8,0,0,0,0,2,0,0,0
0.6374358974358975	0.6497511499350027	0.6374358974358975	0.6157568225152728	0.37629206069936216	0,0,4,5,0,0,0,0,3,38,26,1,0,0,0,2,447,183,5,0,0,0,0,154,637,40,1,0,0,0,4,181,145,0,0,0,0,0,43,17,11,0,0,0,0,2,1,0,0
0.6328205128205128	0.648310567684025	0.6328205128205128	0.6102843099969406	0.35825819221464705	0,0,4,2,0,0,0,0,2,47,26,0,0,0,0,1,435,197,3,0,0,0,0,154,650,42,0,0,0,0,6,190,140,0,0,0,0,1,26,15,7,0,0,0,0,1,1,0,0
0.6194871794871795	0.6390415896100908	0.6194871794871795	0.5998969135293835	0.3619969210468441	0,0,7,6,0,0,0,0,2,43,23,0,0,0,0,0,421,208,2,0,0,0,0,177,625,64,0,0,0,0,9,151,151,0,0,0,0,0,27,23,9,0,0,0,0,1,1,0,0
0.6256410256410256	0.6299007482946016	0.6256410256410256	0.6047419269860117	0.35781834176380034	0,0,6,7,0,0,0,0,2,42,26,1,0,0,0,1,421,218,5,1,0,0,1,143,648,51,0,0,0,0,7,175,138,0,0,0,0,0,28,16,11,0,0,0,0,0,2,0,0
0.6579487179487179	0.6411258889786884	0.6579487179487179	0.6383616979040542	0.3725533318671652	0,0,7,2,0,0,0,0,0,40,17,2,0,0,0,3,446,166,3,0,0,0,0,167,684,41,0,0,0,0,13,166,140,3,0,0,0,0,23,10,13,0,0,0,0,2,2,0,0
0.6482051282051282	0.6532093023255814	0.6482051282051282	0.6274414687884442	0.3681548273586981	0,0,6,4,0,0,0,0,1,35,25,1,0,0,0,0,443,187,3,0,0,0,1,146,659,50,0,0,0,0,15,167,153,0,0,0,0,0,28,17,8,0,0,0,0,0,1,0,0
0.64	0.6345843062171165	0.64	0.6198675935276898	0.3685946778095448	0,0,6,0,0,0,0,0,1,45,20,0,0,0,0,3,443,184,4,0,0,0,0,163,646,44,1,0,0,0,6,179,149,1,0,0,0,0,27,17,9,0,0,0,1,0,1,0,0
0.6446153846153846	0.6459726391111591	0.6446153846153846	0.6217499071169262	0.36133714537057404	0,0,5,3,0,0,0,0,2,42,25,0,0,0,0,2,454,182,6,0,0,0,1,152,656,49,0,0,0,0,11,153,137,0,0,0,0,2,35,24,8,0,0,0,0,0,1,0,0
0.6574358974358975	0.6692980329771261	0.6574358974358975	0.6353572082612803	0.37695183637563223	0,0,8,3,0,0,0,0,2,35,19,2,0,0,0,1,463,189,3,0,0,0,0,125,678,39,0,0,0,0,10,181,124,0,0,0,0,0,33,18,15,0,0,0,0,2,0,0,0
0.6312820512820513	0.6431760864642062	0.6312820512820513	0.6067067891185818	0.36485594897734774	0,0,4,5,0,0,0,0,2,41,26,0,0,0,0,2,456,184,3,0,0,0,0,161,631,40,0,0,0,0,9,180,135,0,0,0,0,1,42,20,7,0,0,0,0,1,0,0,0
0.6246153846153846	0.628596283657523	0.6246153846153846	0.6051256382068508	0.36573564987904117	0,0,3,5,0,0,0,0,2,50,12,1,0,0,0,1,413,195,6,0,0,0,1,160,645,63,0,0,0,0,9,178,149,0,0,0,0,1,28,18,9,0,0,0,1,0,0,0,0
0.6476923076923077	0.6512822923176501	0.6476923076923077	0.6249491849622562	0.3635363976248076	0,0,3,7,0,0,0,0,1,42,27,0,0,0,0,1,443,196,1,0,0,0,0,139,665,36,1,0,0,0,7,170,142,3,0,0,0,1,32,19,12,0,0,0,0,2,0,0,0
0.6553846153846153	0.664947287385539	0.6553846153846153	0.6346894645499027	0.37497250934682214	0,0,7,5,0,0,0,0,3,40,20,3,0,0,0,1,441,193,4,0,0,0,0,141,674,43,0,0,0,0,7,158,152,1,0,0,0,0,30,17,8,0,0,0,0,2,0,0,0
0.638974358974359	0.653356188068008	0.638974358974359	0.6206151657119428	0.3641961733010777	0,0,1,5,0,0,0,0,2,35,28,0,0,0,0,0,426,223,5,0,0,0,1,136,666,48,0,0,0,0,6,173,139,0,0,0,0,0,23,18,13,0,0,0,0,0,2,0,0
0.6405128205128205	0.656526803207726	0.6405128205128205	0.6195659517723455	0.3696943039366616	0,0,2,4,0,0,0,0,2,40,31,0,0,0,0,0,410,211,7,0,0,0,1,131,678,44,0,0,0,0,2,174,144,0,0,0,0,1,28,24,15,0,0,0,0,1,0,0,0
0.6338461538461538	0.6136949768835244	0.6338461538461538	0.6093386098600311	0.3569386408621069	0,0,2,6,0,0,0,0,0,50,28,0,0,0,0,0,454,203,3,0,0,0,0,156,644,54,0,0,0,0,3,156,133,1,0,0,0,1,30,20,5,0,0,0,0,0,1,0,0
0.6430769230769231	0.6656491076154734	0.6430769230769231	0.6239985429319289	0.3712337805146251	0,0,5,5,0,0,0,1,2,30,15,1,0,0,0,0,431,208,4,0,0,0,0,153,667,42,0,0,0,0,5,179,149,0,0,0,0,0,30,16,5,0,0,0,0,2,0,0,0
0.6369230769230769	0.6477279166471736	0.6369230769230769	0.6168187578264149	0.36441609852650103	0,0,5,3,0,0,0,0,3,42,25,0,0,0,0,1,436,225,3,0,0,0,0,115,665,64,2,0,0,0,6,175,130,0,0,0,0,0,24,16,8,0,0,0,0,1,1,0,0
0.6317948717948718	0.6448651653525302	0.6317948717948718	0.6112533803120701	0.35166043545194636	0,0,7,3,1,0,0,0,4,37,22,2,0,0,0,1,431,207,6,0,0,0,0,142,654,49,0,0,0,0,7,176,131,2,0,0,0,0,40,14,12,0,0,0,0,0,2,0,0
0.6507692307692308	0.6600833401452258	0.6507692307692308	0.6329847383935575	0.36991422916208494	0,0,4,4,0,0,0,0,3,41,19,1,0,0,0,1,438,202,5,0,0,0,0,143,676,62,0,0,0,0,8,146,142,0,0,0,0,0,27,17,10,0,0,0,0,0,1,0,0
0.6328205128205128	0.6441688052416454	0.6328205128205128	0.611884478741873	0.36925445348581487	0,0,3,3,0,0,0,0,2,39,22,0,0,0,0,1,442,204,2,0,0,0,0,141,640,44,1,0,0,0,12,189,139,2,0,0,0,0,31,20,11,0,0,0,0,0,2,0,0
