accuracy	precision	recall	f1	oob	confMatrxVars
0.58	0.5838501249579259	0.58	0.5462671692094028	0.4143391246976028	0,0,5,5,0,0,0,0,0,26,25,0,0,0,0,1,396,252,1,1,0,0,0,167,653,21,0,0,0,0,16,242,79,0,0,0,0,0,36,19,3,0,0,0,0,1,1,0,0
0.5861538461538461	0.5573297134562858	0.5861538461538461	0.5517742252049151	0.4235759841653838	0,0,3,3,0,0,0,0,0,34,31,1,0,0,0,0,413,228,1,0,0,0,0,170,639,32,0,0,0,0,11,224,91,0,0,0,0,0,52,16,0,0,0,0,0,1,0,0,0
0.5779487179487179	0.5774522805997364	0.5779487179487179	0.5430546544970839	0.4182977787552232	0,0,4,3,0,0,0,0,1,48,26,0,0,0,0,0,412,206,0,0,0,0,0,183,625,46,0,0,0,0,15,231,89,0,0,0,0,0,44,16,0,0,0,0,0,0,1,0,0
0.5882051282051282	0.5914048314185784	0.5882051282051282	0.5568937863736911	0.4143391246976028	0,0,3,5,0,0,0,0,0,39,22,0,0,0,0,0,412,224,3,0,0,0,0,177,642,33,0,0,0,0,7,246,92,0,0,0,0,0,34,8,1,0,0,0,0,1,1,0,0
0.5923076923076923	0.5720070557737826	0.5923076923076923	0.5590928162437521	0.4244556850670772	0,0,5,0,0,0,0,0,38,30,0,0,0,0,404,239,2,0,0,0,150,657,34,0,0,0,8,239,94,0,0,0,1,37,12,0
0.5712820512820512	0.5427008487690874	0.5712820512820512	0.5391320451494411	0.41873762920606994	0,0,7,5,0,0,0,0,0,35,26,0,0,0,0,0,390,258,2,0,0,0,0,170,638,42,0,0,0,0,5,229,86,0,0,0,0,0,39,15,0,0,0,0,0,1,2,0,0
0.5912820512820512	0.5543757615333071	0.5912820512820512	0.5562026321995723	0.416318451726413	0,0,6,3,0,0,0,0,0,39,27,0,0,0,0,0,395,242,5,0,0,0,0,154,676,37,0,0,0,0,10,210,82,0,0,0,0,0,45,16,0,0,0,0,0,1,2,0,0
0.6087179487179487	0.6020202931736602	0.6087179487179487	0.5762302253541971	0.41939740488234	0,0,8,3,0,0,0,0,0,35,23,0,0,0,0,0,430,198,2,0,0,0,0,183,669,33,0,0,0,0,12,211,87,0,0,0,0,0,38,15,1,0,0,0,0,2,0,0,0
0.5892307692307692	0.5586049630707818	0.5892307692307692	0.5602300858564874	0.4119199472179459	0,0,4,2,0,0,0,0,0,35,26,0,0,0,0,0,398,239,3,0,0,0,0,164,650,51,0,0,0,0,7,214,101,0,0,0,0,0,39,16,0,0,0,0,0,1,0,0,0
0.5820512820512821	0.5417095369217717	0.5820512820512821	0.5453607804477015	0.41675830217725973	0,0,5,8,0,0,0,0,0,41,32,0,0,0,0,0,412,207,1,0,0,0,0,199,638,25,0,0,0,0,4,226,85,0,0,0,0,0,36,29,0,0,0,0,0,2,0,0,0
0.5907692307692308	0.5618792190894609	0.5907692307692308	0.5568688087433304	0.41961733010776336	0,0,6,4,0,0,0,0,0,41,29,0,0,0,0,0,428,223,3,0,0,0,0,170,636,33,0,0,0,0,8,228,88,0,0,0,0,0,39,13,0,0,0,0,0,0,1,0,0
0.5876923076923077	0.5517804474134942	0.5876923076923077	0.5553234257041841	0.42115680668572686	0,0,8,0,0,0,0,0,0,37,34,1,0,0,0,0,411,249,4,0,0,0,0,165,650,39,0,0,0,0,4,203,85,0,0,0,0,0,41,18,0,0,0,0,0,0,1,0,0
0.5738461538461539	0.5492387132531762	0.5738461538461539	0.5349625199969636	0.416318451726413	0,0,4,4,0,0,0,0,0,27,30,0,0,0,0,0,392,232,2,0,0,0,0,162,649,28,0,0,0,0,15,260,78,0,0,0,0,0,47,19,0,0,0,0,0,1,0,0,0
0.581025641025641	0.548903067165811	0.581025641025641	0.5455988689696505	0.4229162084891137	0,0,1,8,0,0,0,0,0,44,26,0,0,0,0,1,406,246,3,0,0,0,0,170,649,27,0,0,0,0,6,226,78,0,0,0,0,0,35,20,0,0,0,0,0,1,3,0,0
0.6	0.6243932510059755	0.6	0.5664649059845566	0.4213767319111502	0,0,5,5,0,0,0,0,1,40,17,1,0,0,0,0,417,221,2,0,0,0,0,161,667,35,0,0,0,0,13,221,84,0,0,0,0,0,40,16,1,0,0,0,0,1,2,0,0
0.5841025641025641	0.5508228704422096	0.5841025641025641	0.5484232767645846	0.4284143391246976	0,0,7,4,0,0,0,0,0,34,24,1,0,0,0,0,400,234,1,0,0,0,0,147,656,45,0,0,0,0,9,243,83,0,0,0,0,0,41,19,0,0,0,0,0,2,0,0,0
0.5728205128205128	0.5853683869248808	0.5728205128205128	0.5353265061996625	0.4174180778535298	0,0,3,2,0,0,0,0,0,38,23,1,0,0,0,0,382,245,2,0,0,0,0,172,655,20,0,0,0,0,11,250,79,0,0,0,0,0,48,17,1,0,0,0,0,1,0,0,0
0.5882051282051282	0.5477053730404269	0.5882051282051282	0.5591098165795803	0.42665493732131077	0,0,2,2,0,0,0,0,0,35,32,0,0,0,0,0,406,213,5,0,0,0,0,190,645,56,0,0,0,0,7,202,96,0,0,0,0,0,37,19,0,0,0,0,0,1,2,0,0
0.5656410256410257	0.5393611682718475	0.5656410256410257	0.5295841831954103	0.41213987244336925	0,0,2,7,0,0,0,0,0,33,29,0,0,0,0,0,407,234,1,0,0,0,0,184,620,35,0,0,0,0,13,249,76,0,0,0,0,0,45,14,0,0,0,0,0,1,0,0,0
0.6184615384615385	0.6180773755316172	0.6184615384615385	0.5870720583717893	0.4299538157026611	0,0,6,6,0,0,0,0,0,37,29,0,0,0,0,0,456,223,2,0,0,0,0,141,652,32,0,0,0,0,8,207,97,0,0,0,0,0,38,13,1,0,0,0,0,1,1,0,0
0.5687179487179487	0.5395177743818425	0.5687179487179487	0.533475530334338	0.41411919947217946	0,0,2,3,0,0,0,0,38,28,0,0,0,0,412,223,4,0,0,0,184,618,40,0,0,0,8,251,79,0,0,0,0,49,11,0
0.5758974358974359	0.5693483711432237	0.5758974358974359	0.5432005386473664	0.4213767319111502	0,0,7,2,0,0,0,0,0,40,31,0,0,0,0,0,403,242,2,0,0,0,0,153,630,53,0,0,0,0,10,231,89,0,0,0,0,1,36,18,1,0,0,0,0,0,1,0,0
0.5758974358974359	0.5599239048208514	0.5758974358974359	0.5388308252798338	0.4185177039806466	0,0,4,4,0,0,0,0,0,42,28,0,0,0,0,0,426,235,0,0,0,0,0,174,620,25,0,0,0,0,9,250,77,0,0,0,0,0,47,8,0,0,0,0,0,0,1,0,0
0.5728205128205128	0.5842195180468034	0.5728205128205128	0.5392721518540917	0.42027710578403343	0,0,3,1,0,0,0,1,38,28,1,0,0,0,403,248,1,0,0,0,183,630,26,0,0,0,9,235,83,0,0,0,0,43,17,0
0.561025641025641	0.5281271391720542	0.561025641025641	0.5230280071015815	0.41521882559929624	0,0,3,5,0,0,0,0,0,39,31,0,0,0,0,0,395,214,1,0,0,0,0,207,619,28,0,0,0,0,17,241,80,0,0,0,0,0,48,19,0,0,0,0,0,2,1,0,0
