r2	rmse	mse	oob	mae
0.7735422141284594	0.5533629020715595	0.30621050138905836	0.2256503312674859	0.38914173138591757
0.7711762356510296	0.5428510536249391	0.2946872664217065	0.2228411484923909	0.3849980253598477
0.7767404380352653	0.5505197700501308	0.3030720172160488	0.22677216193616534	0.3895694475840432
0.7736671406663468	0.5403890629723929	0.29202033938018074	0.22558772694525198	0.3795514451117827
0.7693723047445669	0.5580950609182681	0.31147009702136536	0.23080058320215202	0.39577449484480764
0.7744467422754364	0.5444504102200197	0.29642624918874777	0.22540829380275396	0.3846841861952107
0.7669293731972847	0.5585318399636074	0.31195781625313285	0.22768474434332409	0.388049223539793
0.7742827082441569	0.5472661695781585	0.29950026036474975	0.22893814366961107	0.38759777822625013
0.7749981728470202	0.5443224640208317	0.2962869448377096	0.22917303973845438	0.3851637785470744
0.7872772393673243	0.5366533267731216	0.2879967931366588	0.23470094179382128	0.3846012589517584
0.7786358899092127	0.5417237194474883	0.29346458821202104	0.23160218423074175	0.38330771617800524
0.7808469398261044	0.5395986615810839	0.2911667155800971	0.2330944746743352	0.38391536333354537
0.7733661216752437	0.5452014957199752	0.29724467093529816	0.22938012752765014	0.38476655298861806
0.7822927653568563	0.5335317900080121	0.2846561709491535	0.2310610358303078	0.3759941653909748
0.7582459845090717	0.5669724528826071	0.3214577623277201	0.2285522141105203	0.3989486065404059
0.7868387824257949	0.5305972830053781	0.2815334767326893	0.23069741959219103	0.3779694549186144
0.7661253157143644	0.5662652261754575	0.32065630637554204	0.2288700623062654	0.3993525735522284
0.7752399120863407	0.5574061468803435	0.31070161257999107	0.23897016169709828	0.39467524003332194
0.7726687933444165	0.5512799839716696	0.3039096207278042	0.2247153243221096	0.3846576891200948
0.782422127117502	0.5362368618779622	0.2875499720367247	0.23069036347028904	0.3807398442496654
0.7731224091832892	0.5447569862432691	0.2967601740608492	0.2258457636850606	0.38602809634869956
0.7713138240544688	0.5494346676354894	0.30187845399972074	0.22336531837322604	0.3848008335212428
0.7789525390790536	0.543741348468053	0.2956546540338566	0.22925435336042677	0.3844962384155143
0.773208260110084	0.5504808225269631	0.3030291359699618	0.22909475685573233	0.38783463796453777
0.7772191707118684	0.5399230464304913	0.2915168960667824	0.22388584141987966	0.3806263225616485
