r2	rmse	mse	oob	mae
0.485567997606714	0.8261806640221868	0.6825744896041415	0.5227976041685048	0.6377097177973702
0.4811940395989337	0.8215590605048856	0.6749592898976703	0.5259331633840598	0.6249036452040009
0.4811612942389819	0.8226615495606985	0.6767720251256095	0.5184159994542593	0.631061461625611
0.47493600791711377	0.8434481038961771	0.7114047039660563	0.5273374335934566	0.6404621928115258
0.48748958248324004	0.8325530402242536	0.6931445647866477	0.5207502452275251	0.6364587075470451
0.4869610226479568	0.8211789585980414	0.6743348820441637	0.518236558048295	0.6323743871122585
0.492426475426921	0.8292099767375098	0.6875891855210216	0.5255666991457537	0.6298976976193263
0.4708919992162016	0.8278088052558764	0.6852674180591615	0.5274614483990387	0.6300266724349876
0.4842071051028093	0.8311647265500564	0.69083480266103	0.5185997427703176	0.6331485506121742
0.4854930124092003	0.8249511068415755	0.6805443286791405	0.5140797069191781	0.6272913896433148
0.484206886416118	0.835252909290964	0.6976474224790193	0.5100248329948376	0.6370206010242232
0.5028144852580978	0.805624223621983	0.6490303896865229	0.4965006921300117	0.6185147487021457
0.4724185925669001	0.8410211707280263	0.7073166096127399	0.5298747551033943	0.6402383264483043
0.4970311629537323	0.8052163069484188	0.6483733009756503	0.5038725437985541	0.6174568511605328
0.4918730325563313	0.8174732903883448	0.6682625804983471	0.5184704139434648	0.6243587896523003
0.46103870711259665	0.8346079146977937	0.6965703712761997	0.5316257434671057	0.6368599993305334
0.4749941096228637	0.8358409001220769	0.6986300103168838	0.516281173338848	0.6296429665514542
0.4805827903859583	0.8322956342783117	0.6927160228387371	0.5182551935538707	0.6345316218980376
0.49570693919976305	0.8149346828443407	0.6641185373026062	0.5206240272301736	0.6246898553913766
0.48752770741432727	0.8284043667787644	0.6862537948981257	0.514032612770101	0.6353764307775763
0.494675657281178	0.8242874977110526	0.6794498788827485	0.5170173778420922	0.6314614880704572
0.4832428547203069	0.8246997993888193	0.6801297591119588	0.5082660532749816	0.6285626456539304
0.4921193614871766	0.8227785571363542	0.6769645540833807	0.5175685437386319	0.625188347873283
0.48009494499857575	0.8273797844902567	0.6845573077831437	0.5192816193169632	0.6271541626527865
0.47810616927745964	0.8399882894109987	0.7055803263476156	0.5181556006468552	0.6361141117725612
