r2	rmse	mse	oob	mae
0.7930396189169673	0.5234949928848106	0.27404700757546785	0.3038600112093488	0.3593259064973213
0.79403365468041	0.52552657689554	0.276178183023544	0.31293358156188367	0.3589263338229414
0.7849722365083776	0.5265648615133968	0.27727055338062273	0.3019825861088292	0.3596220143712767
0.778989391991465	0.5346147100074358	0.2858128881563346	0.3077764945990409	0.37032640943285833
0.7856276623599748	0.5337969985868923	0.2849392357003747	0.31532210299039964	0.36989850483431297
0.7862308059971943	0.5404617856905412	0.29209894179180845	0.3057825970833855	0.365133704194533
0.8000658682772841	0.5206344460072087	0.2710602263692331	0.30894527309145303	0.3587091512826188
0.775601883285433	0.544251710765095	0.2962099246707327	0.31277430025661024	0.37156473740623985
0.794328959181092	0.525671857812328	0.2763309020958643	0.2947339173326108	0.3553006638330358
0.7805278737972239	0.5348392399236646	0.28605301256212323	0.323334353212796	0.3659235480372596
0.7835901296752807	0.5409049419803716	0.2925781562587892	0.31263206657253817	0.3689324103762564
0.7901217770236708	0.5256224946421322	0.27627900687381823	0.3197227161734635	0.3629212324698752
0.7838553569745501	0.5345827998742801	0.28577876992142465	0.31716497449696546	0.3655471736491811
0.7826060564072757	0.53813957095967	0.2895941978326577	0.30931437750498314	0.37109431842144364
0.7829558653640487	0.5345763951228582	0.2857719222225501	0.30328831981089266	0.36554933247809207
0.7779096360890301	0.5456541380118237	0.2977384383294263	0.32371986783962536	0.37114666687117964
0.7845091616844222	0.53582743455038	0.28711103961684176	0.32663740545613396	0.36662163516719876
0.7783691750553485	0.5515891839048777	0.30425062780084894	0.32125802728931274	0.37702513573087715
0.801995823048493	0.5160726732275849	0.2663310040522656	0.30015844370604405	0.3474269324527905
0.7876912638959992	0.5339727171616996	0.28512686267304843	0.31220763318873956	0.3637889604297948
0.7745397180087157	0.5489788985613685	0.3013778310656533	0.3079485868278946	0.37346875018219566
0.7842259489017969	0.5315743509039097	0.2825712905389129	0.2989543699815044	0.36257595980229396
0.791208025287145	0.5234666987462762	0.2740173846963246	0.30853122673361044	0.35901684896818803
0.7818088243069661	0.5385922028143989	0.29008156093246656	0.30285500311623625	0.36909964513531623
0.7784413633034712	0.5453417966835141	0.2973976752100032	0.3038005750554069	0.36955527869944493
