r2	rmse	mse	oob	mae
0.6193792885634359	0.7085867774333223	0.5020952211533407	0.4614726001774052	0.5355954273595511
0.6299590773509138	0.6980109879942489	0.4872193393607074	0.4427014002185897	0.525710634759022
0.5975019782862838	0.7322575713885182	0.5362011508558109	0.4705116044408597	0.5517717978131781
0.6026742807168143	0.7304086819640949	0.5334968426885264	0.48611851498573133	0.5506082111541959
0.5862406772363122	0.7450918754258694	0.5551619028256393	0.4788387007885173	0.5626818732677029
0.6257889864162647	0.7029251391183503	0.49410375120455213	0.4279834098601769	0.5245855244327223
0.6133179801950008	0.7297716728882686	0.532566694550142	0.4772967702532438	0.5484277447968262
0.6116120527199673	0.7275952874739432	0.5293949023542901	0.44860846657413633	0.5428644111467144
0.6298587449254462	0.7094099930730313	0.5032625382718783	0.4634760712852717	0.5290389086867868
0.6228847377284075	0.7078024084540259	0.5009842494133196	0.4371696853145186	0.5272846245999001
0.6125248755198234	0.7169301245739335	0.5139888035215958	0.45514987301377197	0.5345264684519617
0.6192650100530507	0.7033481787917301	0.49469866060964346	0.4383979702073457	0.5306613640264795
0.5904209500620647	0.7397845922014086	0.5472812428586044	0.484495752822776	0.5622414253469554
0.6215582173814546	0.7138210948453051	0.5095405554461501	0.44960130781826113	0.5361655005485366
0.6040211272373444	0.7264836578499636	0.527778505123063	0.48731309654854693	0.5492683153752108
0.5861994847399339	0.7354149612602765	0.540835165245454	0.4836674106122215	0.5521515554212013
0.6001238064575649	0.7247670239337887	0.5252872389818409	0.4745508548703242	0.5412257265513364
0.6144655402279017	0.7202655680516286	0.5187824885207352	0.4713466819396561	0.5440001828848493
0.6198620211645893	0.7203372696656047	0.5188857820692981	0.4548911097091872	0.5427825936833782
0.596945698621435	0.7403635561384367	0.5481381952579522	0.4567895316669641	0.551305599064002
0.6345941458537365	0.7020107309925401	0.4928190664286805	0.4449612463643	0.5209154209221207
0.618972809832139	0.7152885051445158	0.511637645591876	0.46416396668881843	0.536505566146304
0.621996790953252	0.721042703797174	0.5199025806991391	0.4646090953393859	0.5342308519827611
0.5841911882931299	0.741495876269137	0.5498161345241355	0.4975854886249198	0.5507015644052013
0.6003039972064561	0.7292445804793996	0.5317976581585755	0.4821148680075733	0.5490215148974354
