r2	rmse	mse	oob	mae
0.7985661265521221	0.5202676890846646	0.27067846830549724	0.2005848862057159	0.35944820350695744
0.797418621077189	0.5179502005911066	0.2682724102923676	0.20015770184912907	0.3567037832847164
0.7971694547552328	0.5264917576570748	0.277193570880836	0.19743372434071604	0.36121489620103303
0.8048113756545535	0.5133468821404091	0.26352502140327916	0.2083209297546882	0.35511891985731336
0.8030895999701775	0.5020239480358042	0.2520280444014559	0.20026080018431414	0.34426999225589433
0.8121016890917565	0.5035476403240481	0.25356022607591694	0.2048714645673283	0.35153209089660187
0.8068001084208395	0.5097051695820493	0.2597993598986656	0.2006937745702142	0.3508841592282353
0.7988357259451443	0.5125626308165494	0.2627204505095823	0.19985257414788293	0.35049090506962643
0.8018873192921365	0.51632880728941	0.2665954372369047	0.20160727614291307	0.3536337101534046
0.798278183040049	0.5197543243113112	0.2701445576403076	0.20463828741932089	0.3593872268698165
0.804097793503668	0.5149482255536879	0.2651716750008918	0.20200042693477593	0.3504703485216051
0.8007423739878692	0.5155057381979194	0.26574616611498186	0.2051188736327818	0.3539369701535731
0.8041479443443635	0.5120316918064454	0.2621764534141706	0.20012270223011375	0.3499572901862114
0.7991874752611112	0.5071065380783524	0.25715704096181147	0.20131263972233904	0.3519461115916972
0.7993416544151949	0.5267695889399198	0.277486199831932	0.19915259179932432	0.36012518209621064
0.7915571114163142	0.521246301422001	0.27169770674611554	0.19627163530095992	0.3483152533011825
0.8128618336800953	0.49907703794010694	0.24907788979907095	0.2025192514132279	0.34071977278056376
0.79452847763711	0.5237225776707437	0.2742853383620881	0.19997699509493283	0.35604700963669556
0.7998296378207016	0.5115946810655272	0.2617291176945385	0.19601637112010106	0.35227021901034195
0.8066751434962961	0.5028421933178554	0.2528502713807115	0.1989827910254658	0.346744518194143
0.8061113265335071	0.5037430285545441	0.2537570388173042	0.19950386989933833	0.3449061227051711
0.7969981618402554	0.5160642570266406	0.2663223173804586	0.19571709004020343	0.3513128550785496
0.8100273964141897	0.5082576834440002	0.2583258727798615	0.20317541660986926	0.3521522189555824
0.7975842197105276	0.5147360923506006	0.264953244768366	0.19956306833263715	0.34958575853470186
0.8009617311523685	0.5175151013823206	0.2678218801587536	0.20554513465575963	0.35794220834538215
