r2	rmse	mse	oob	mae
0.8137402462570937	0.5056122278368826	0.2556437249381757	0.1919764401873878	0.3402481032660123
0.8141666283594795	0.5014629465912547	0.25146508680398355	0.19397396499030672	0.33715601611535984
0.8139054284090467	0.49759100222326924	0.24759680549355753	0.19605291062308883	0.3383525162400647
0.8091221045605236	0.5063697617179902	0.2564103355823342	0.18692104624163086	0.3362697958604893
0.804198526730743	0.5073798703730574	0.25743433285978057	0.18584809764482757	0.34305069643323716
0.8083885770154717	0.5086915822091385	0.25876712581043665	0.18919217248930997	0.33655085951433283
0.8157136395770043	0.4919184445497011	0.2419837560881973	0.1931706905461763	0.33305733079782157
0.8190213803061395	0.4923799274296492	0.24243799293562662	0.19315408877866114	0.3343269966662301
0.8234992808624804	0.4884032280046994	0.23853771312541036	0.19426423186114972	0.32784789537953996
0.8182090927528114	0.49756279696172023	0.24756873692037004	0.19159590392963388	0.33771005224217104
0.8176427470601935	0.49373852997403134	0.24377773598091745	0.18901584661225823	0.3344346805319105
0.8149575122164585	0.4975182096503439	0.24752436893368351	0.19186197261310778	0.33395504775674495
0.8208547269216154	0.49547496008273084	0.24549543606898372	0.19320240548340983	0.3347989396482025
0.8158722467950412	0.5001994697992836	0.25019950958748444	0.1904345293557348	0.339094823211409
0.8013553467897624	0.5136691434063833	0.26385598888784756	0.1886761820789753	0.34265947448220574
0.8123882669855889	0.4982328687773819	0.24823599153013984	0.18902409361872308	0.33538221099410337
0.8088187631769066	0.49630102972188894	0.2463147121030073	0.1889355614966517	0.33545627096025527
0.8125357541544761	0.5064130759826326	0.25645420352619164	0.19128609630006577	0.34087004399252563
0.8106904874755876	0.4999655598193016	0.2499655610054276	0.18446183479167755	0.33549804171420594
0.8218300653589671	0.4877113976974943	0.23786240744404344	0.19403686671966136	0.33353194176696366
0.8214320341163048	0.4886839648499592	0.23881201750147615	0.19576698698634076	0.3320247624403561
0.8195954307847646	0.4890118087098645	0.23913254905769313	0.19305031184989574	0.33357119011526104
0.8172188284208328	0.48678612600043175	0.23696073246650823	0.19202958303059336	0.32812295980052497
0.810119517817655	0.5007909488652488	0.25079157446535616	0.1894823053821073	0.3320417530215894
0.8246759926328203	0.4836245962824416	0.2338927501293546	0.1942864690435454	0.32799892806462855
