r2	rmse	mse	oob	mae
0.6475379321074364	0.6801371098150624	0.4625864881475862	0.36618841330196594	0.5120447436853608
0.6376887990552027	0.7005997828734013	0.490840055762257	0.3728782271289808	0.5253642764727346
0.6189083110220424	0.712664378048157	0.5078905157387664	0.3759093696752369	0.5315464715638677
0.625965023723309	0.706081311189415	0.4985508180109635	0.37706714495908633	0.5279789952509756
0.62409827020659	0.7156217488921396	0.5121144874874445	0.37268793333558625	0.5325969096952402
0.6062360015306221	0.7305821864913018	0.5337503312184112	0.3761327916226267	0.5427677966639238
0.6304265529375858	0.6888966054003367	0.4745785329321072	0.36722013688591215	0.5182722075726169
0.6309423824197193	0.6985505499997225	0.4879728709049149	0.37778857616151595	0.5269761980227309
0.6224136308335806	0.7086556389719282	0.5021928146467118	0.37105328833752727	0.5286326312289834
0.6315416737638851	0.7068932872609673	0.49969811957461646	0.37479472460081986	0.5297241283803074
0.629163520415594	0.7042306789426157	0.4959408491639774	0.36879196805808445	0.5305305949073641
0.6336126042438095	0.6951162703467723	0.483186629300807	0.3729734753139411	0.5203052733874906
0.632591417183075	0.6966877518213237	0.48537382353785036	0.375308135750024	0.5257251263686364
0.6291178147900989	0.7020450710458296	0.4928672817797439	0.37448794116845097	0.5321173192318751
0.6294124344709753	0.7077324234408722	0.5008851831894899	0.3712073159299102	0.5283240219235295
0.6305987139530471	0.7005617437926144	0.49078675686574874	0.37484811909008364	0.5301015121126404
0.6322433898416693	0.6911620342690764	0.477704957614968	0.3719451676610839	0.5199303935206285
0.6224553441867728	0.7043146931491955	0.49605918698584534	0.3806372888740772	0.5306679095222453
0.6284345191570755	0.6965075942936644	0.48512282890874775	0.3772522057103225	0.5251718876021022
0.6252912665562886	0.6914676839099824	0.47812755789183525	0.36772583675481973	0.5248424624937356
0.6396554719078714	0.7000342898567042	0.4900480069751802	0.3832500463020079	0.5263204450361992
0.6333727959018756	0.6974664873630492	0.48645950099455043	0.375678432572072	0.522232574858293
0.6298294930591721	0.7063784122329436	0.4989704612687344	0.37563246950958984	0.5274634052992686
0.6237979262698694	0.707313747201329	0.5002927369799856	0.37463263761953414	0.5272861014553302
0.6342626807248138	0.7048220137103757	0.49677407101074894	0.3818260501539037	0.5292842041731926
