r2	rmse	mse	oob	mae
0.2225868839746422	1.022877858798698	1.046279114020609	0.778195762173074	0.8025533487240814
0.221560534681722	1.0213557141323681	1.0431674947908396	0.777465307397955	0.7939718847879345
0.20591954426316195	1.0147670312666686	1.029752127745768	0.7913237048889962	0.7884197029003995
0.2322409550704153	1.0146784835596518	1.0295724249989144	0.7738585435329223	0.7915432238339666
0.22815386907902224	1.0054737823604827	1.010977527014295	0.7678737163375194	0.7812089635708426
0.2383458784268092	1.0147284438426396	1.029673814743305	0.7672448258242672	0.7935230542524458
0.21722708249306732	1.0330353140320905	1.0671619600373798	0.7906235714182868	0.803222938298027
0.2319891163425818	1.0078600709587897	1.0157819226330567	0.7678363292450039	0.7844373112446495
0.22244988515821595	1.0201428521630875	1.040691438819439	0.7824354223343714	0.7944995211374916
0.20619656656644825	1.0315559104301162	1.064107596343306	0.7976532974268218	0.8037702328885615
0.21353089069678222	1.0239407250945618	1.0484546085071769	0.7962300257624252	0.7974891709966323
0.23153578964295718	1.0044309326919443	1.008881498548409	0.7775991065665772	0.7795983432648826
0.17777463008593586	1.0505890523159664	1.1037373568461606	0.8248719263479827	0.8243393490183488
0.21048274669922318	1.0332871957840124	1.067682428971188	0.7965177843306412	0.8052125935612586
0.24016102352807434	0.993879817651285	0.9877970919345516	0.7641700967155316	0.7733789682284683
0.22245328502103678	1.0096465225309788	1.019386100458898	0.7797348389977801	0.7849631997554294
0.19444742477813226	1.026339724835306	1.0533732307750117	0.8092387790747458	0.8054423200707564
0.22459838992160985	1.0133183841019828	1.0268141475590535	0.7779625788442617	0.791324051094275
0.1918001011582674	1.0382017175978464	1.0778628064231186	0.8122390230787397	0.8102694650228351
0.23404396001110106	1.0110617944751483	1.022245952247307	0.7672592445561668	0.7884789690957787
0.20356042730837243	1.0377430242633516	1.076910584407247	0.7907035760220544	0.8108659698147604
0.2282261053045802	1.0008546754673877	1.00171008140493	0.7630969142892272	0.7804960047216104
0.20251901569285624	1.035950196531837	1.0731928096943517	0.7890016194612467	0.8050664370548012
0.2330037224266649	1.01301111180276	1.026191512635864	0.7688902109562713	0.7903685798665798
0.20360143943467746	1.0403385142955266	1.0823042243266234	0.802421632346487	0.8103428302647631
