r2	rmse	mse	oob	mae
0.6319186132572687	0.699572384142002	0.4894015206541247	0.36919226373334046	0.5241943492179756
0.6332412129452201	0.699189640976106	0.488866154048296	0.37819233255397644	0.5260342880355159
0.6296951097201872	0.697307332886086	0.4862375164967068	0.3778029183527378	0.5257939646086077
0.6210835475796399	0.7070276823857892	0.49988814365982037	0.3771080241336756	0.5290220753155362
0.6283023610118968	0.7035047291606389	0.4949189039513838	0.3853069082884111	0.5324383240930023
0.6311131489940851	0.7029937076760384	0.49420015303210335	0.36780566901171385	0.5246720510877186
0.6348184985277487	0.6997930090251823	0.4897102554805188	0.3747332165032	0.5211805211909003
0.6385210966570078	0.6933591018245565	0.48074684408295576	0.3702299062136096	0.523104330491982
0.6220964632507084	0.7021089203104853	0.4929569359795555	0.3658028599951856	0.5283686775399664
0.636141687895744	0.6883267135520056	0.4737936645893048	0.3753137820855946	0.52065250495414
0.6389210674715115	0.6807176773420502	0.4633765562459557	0.3784035012904974	0.5197960091371536
0.6382643950155783	0.6857810700031464	0.4702956759746604	0.3672370807952988	0.5152282123413887
0.6336548021094373	0.6966166926525623	0.48527481648219445	0.37376467549327286	0.5276688541744211
0.6468519656110833	0.6866958854121245	0.47155123904194163	0.38292973401089503	0.5176123213359783
0.6378981859480128	0.6984419606289467	0.4878211723672071	0.3742278142320773	0.5260848058771349
0.6311155079485693	0.6990682136471357	0.48869636733179733	0.36745042376867043	0.5244778089650026
0.6332954108647895	0.6919042429778852	0.47873148145080047	0.37338845446916813	0.518796817393274
0.627622516083224	0.7130099244156825	0.5083831523152572	0.3709762203094702	0.5368719183993915
0.6323715205512002	0.6983830916073109	0.4877389426429856	0.3744704272419027	0.5268513698280909
0.6245017741706214	0.7071396322316498	0.5000464594727129	0.37364731860401257	0.52863338271861
0.6273642456232902	0.7035220937167929	0.4949433363476598	0.3734315764876315	0.5309123912003748
0.6229746755610743	0.7054010458935528	0.4975906355477182	0.3678130013960599	0.5304669421718017
0.6263641236270014	0.700299355917681	0.4904191878987189	0.3805952644930368	0.5288390114668279
0.6268073663639455	0.7046683260393606	0.4965574497231146	0.37331501538121226	0.5267879551236792
0.6190331535595002	0.6987396185083847	0.48823705447324306	0.37452152257978455	0.5314082533767397
