r2	rmse	mse	oob	mae
0.7978463922198133	0.5241695561413054	0.27475372358537314	0.20408219124124571	0.36165381941703933
0.7959621745507653	0.5159856508576856	0.26624119189102935	0.20690045313016592	0.35673355063537177
0.7981239661651032	0.5257450899502805	0.2764078996068285	0.2097495577265709	0.36555399686981654
0.8012412591200775	0.520280769335639	0.27069207894048447	0.2073988330656834	0.35811855909313084
0.7954140972225192	0.5180761583171324	0.2684029058166384	0.20391461288027002	0.35587535030772105
0.7854738376449963	0.5423030390943789	0.2940925862109995	0.20262537235947697	0.37140886521309213
0.7924007257079057	0.5311301545685332	0.28209924109199397	0.20503710772158645	0.366811198589635
0.8048630257000705	0.5084273313950183	0.25849835130945975	0.20807875799213105	0.3518239087817142
0.7919881680966807	0.52582785390426	0.2764949319415598	0.20378114326327346	0.36116906022034534
0.7943480149487343	0.5256194405385493	0.2762757962720575	0.21074694654090176	0.3608403758460268
0.8023530909062256	0.5065057281798487	0.25654805267899883	0.20688298059849997	0.3547833084216624
0.8010835670600707	0.5174006153417209	0.2677033967559914	0.20271133849998302	0.3573450875130264
0.7909546879834402	0.5280262170083035	0.2788116858481001	0.209329571399967	0.364961765265289
0.8040152519032728	0.5042311117126895	0.2542490140190148	0.20432757295802462	0.35199706780640183
0.7986223754686919	0.5147059215862365	0.264922185715937	0.20757331227304532	0.35848737840804645
0.7967863356354157	0.518016583449552	0.26834118072874674	0.20790249671524386	0.3606380078215827
0.7935625537594947	0.5264165239309018	0.27711435666749373	0.20706057515985	0.36033596933504375
0.8053792354553931	0.5106171408929422	0.26072986457368275	0.20709588019445246	0.3545711289643812
0.8029111501386799	0.5130568784422428	0.26322736051689827	0.20616434088665236	0.35603242717297046
0.7912560833655127	0.5278587849955624	0.2786348968969914	0.20615150645536462	0.36215414463085466
0.7881884074426233	0.535119683352575	0.28635307551136013	0.20315842950308916	0.36449880218719727
0.7964806803718207	0.5232894153999741	0.27383181226964665	0.20948480813248138	0.3622794211526311
0.8034020687447812	0.5131993737677578	0.26337359723561876	0.20886965424271142	0.3582482505686053
0.8013622768400089	0.516085049669955	0.26634377849284	0.20922743116408427	0.3581258419257829
0.8009575025801331	0.513165315746409	0.2633386412851117	0.20978586887114437	0.3583713652957396
