r2	rmse	mse	oob	mae
0.8156965347788478	0.4983045699146921	0.24830744439786623	0.19142621337818955	0.33746569405824445
0.8115689763901982	0.5054832984004979	0.25551336496184673	0.1856612482678015	0.3412666503212887
0.8041437198580995	0.5111813828788113	0.2613064062018939	0.18731343719617366	0.34300869892139707
0.8118302444217951	0.5013055192044713	0.2513072235848645	0.19073017514534285	0.34035332087292136
0.8124829395167781	0.5005137711208753	0.2505140350816399	0.18941853912375528	0.338486950343017
0.808671346190103	0.5091329391385809	0.25921634971588997	0.1847011605711243	0.34091545799785966
0.8167875326336886	0.4987752459716241	0.2487767459940541	0.19319894870665255	0.340241802198578
0.8134732919911662	0.4995558264835221	0.2495560237736348	0.1889390680093348	0.3372132976892592
0.8193259872546924	0.4858146285292385	0.23601585329300198	0.18795194378561053	0.32822867797750155
0.8120680407257461	0.49959255026079463	0.24959271627608462	0.18676249167632353	0.3369624953538948
0.8021989039972403	0.5160443040590034	0.2663017237517411	0.18637366973805314	0.34511941538551627
0.804107155001212	0.5121907528387802	0.2623393672935565	0.1898980754197246	0.344639096638085
0.815779168905453	0.49761994172490454	0.2476256064022974	0.18849394245425166	0.33568425034368055
0.8134715754132112	0.49996242001105146	0.24996242142330702	0.19297053234003358	0.33325811698516444
0.8191251571203477	0.49357677342002215	0.24361803125971987	0.19012619426401334	0.3331123163876944
0.8128578512005383	0.4981484945868526	0.2481519226591475	0.18760597276670365	0.33709478055969744
0.8250559241953122	0.4816817259281188	0.23201728509309139	0.19259829338329737	0.3296485123814318
0.8177695149262869	0.4930063044592837	0.2430552162365999	0.18983011513337367	0.33311960745861796
0.8140722007452633	0.4970871209395371	0.24709560580395798	0.19274491746873212	0.3340795729987335
0.8187496404011759	0.49926101721971	0.24926156331525956	0.19036888866629498	0.3359849967576481
0.8138492329871182	0.5007522047032736	0.25075277051518924	0.19181045249257822	0.3408844603749564
0.8149584379533923	0.4937059877892129	0.24374560237892243	0.18711298968541712	0.3335355407887548
0.8228788260979517	0.4892142196594583	0.23933055271701276	0.19073040485419435	0.33208647475884434
0.81521035019732	0.49315294957202443	0.24319983167158765	0.18676477559851767	0.33141181171312
0.8133015150373513	0.49507716832054344	0.24510140259228771	0.1886096951007039	0.3323248405149566
