r2	rmse	mse	oob	mae
0.8122936815757973	0.5007959987919642	0.25079663240604105	0.19706089146971373	0.3418976482268293
0.8065580359138503	0.5027932696609618	0.2528010720163607	0.19606861300351297	0.34506533535259
0.8043320148855652	0.5065767526147167	0.2566200062896719	0.1880399591263413	0.3416413254344165
0.801648738230336	0.5178422601815051	0.2681606064298897	0.19548414359497612	0.3498634327771886
0.807971255424146	0.5019306597248042	0.25193438717177724	0.19424318749699032	0.34137023928933447
0.8103423747537621	0.496942682560749	0.2469520297506734	0.19538347065706363	0.34297811683443896
0.8073718639473935	0.5090513801398997	0.25913330762233666	0.19587948831394597	0.3498066642586464
0.7975799270131025	0.5167664699963836	0.2670475845125233	0.19605053175199416	0.35353383088117263
0.8112355021547832	0.5022900933565135	0.2522953378840951	0.19402179662377406	0.34243906175250144
0.8079790688741719	0.5019153093634178	0.2519189777733754	0.19500897740788858	0.34661485414740506
0.8126506989156581	0.5035315792037329	0.2535440512554052	0.20275273184214115	0.34488048654909464
0.8097050677135198	0.5019297558152178	0.25193347977272423	0.19714484403415045	0.3412519271565793
0.8184107997220487	0.4877194788138727	0.2378702900144756	0.19758604973871163	0.33819351278532683
0.8079721423028426	0.5074179235921991	0.2574729491826188	0.1941527894125653	0.34242726473278573
0.80480681622842	0.5088988560287483	0.2589780456673687	0.1959047533656486	0.34795479543106805
0.8035013028216857	0.5167366615533457	0.267016777393297	0.19598309441989503	0.3500205923657217
0.8094217907049465	0.49632616177060024	0.24633965885793602	0.1978917639543678	0.3435210656660916
0.8048612972378912	0.5017763282177944	0.25177948355973173	0.19457423317202827	0.3437960222652294
0.8139146711461319	0.4984977846328796	0.24850004128388878	0.19845487114479132	0.34153087807489757
0.8076015467112005	0.5155190271541262	0.2657598673579368	0.19549867947663246	0.3493737605682447
0.8151141781076834	0.5028457510090483	0.2528538493078538	0.19446751241183102	0.34069644503321395
0.8023585983909362	0.513844653889508	0.26403632833082824	0.1932200282439096	0.34326711424495243
0.8167729092433678	0.49487982858074936	0.24490604473611188	0.19650206197771247	0.3411267071989242
0.809264325069123	0.5023565544143054	0.252362107763013	0.19614232762314643	0.3428633339365558
0.8064621487463672	0.5120565108802757	0.26220187033488196	0.19359271414460033	0.34800039263695404
