r2	rmse	mse	oob	mae
0.8001886371187177	0.5177554918162055	0.2680707493058408	0.19853020735968174	0.35742014984030607
0.7962183647150056	0.5278490496852125	0.27862461925358195	0.20018591725440482	0.35992780232815536
0.7967427190062157	0.5206376410161225	0.2710635532428328	0.19751774405305045	0.35325410974396315
0.8174575121284958	0.4894405469556559	0.23955204900425164	0.20306440155154992	0.33730119561781036
0.8127455972534597	0.4983231066592879	0.24832591863056402	0.20260688040891095	0.34328425078028346
0.8113084962877555	0.5005947431458162	0.2505950968652257	0.20224202363247734	0.3465153648156488
0.8003178258431625	0.5162027443971428	0.26646527332314185	0.1969451614576836	0.3522444060863972
0.8077974518042548	0.5143301813604629	0.2645355354582867	0.2068822739873848	0.35550425410700043
0.8088546468198164	0.5056823428861905	0.2557146319068667	0.20456092545031368	0.35012184486037495
0.8003888562897687	0.5137562068205862	0.26394544004667697	0.19811318297446867	0.35091607654194495
0.8019959393352777	0.5129693096784936	0.2631375126720303	0.1996617673150458	0.35375746580206047
0.8002964370283059	0.5184220658581733	0.2687614383686562	0.1999377091234651	0.3557618524151358
0.7970571218779752	0.5194916713197631	0.26987159657060084	0.19964488391050328	0.35878479609589037
0.806307993143925	0.5115954690241636	0.26172992392605393	0.201424125607097	0.35319153421933114
0.805138867486781	0.5035739346788598	0.2535867076879486	0.2032137738933294	0.34801132936882645
0.8053432470928865	0.5054285615126552	0.2554580307927519	0.19930367353906586	0.3501995244153191
0.8093180877033327	0.5126913237191141	0.26285239341685745	0.20418044330359564	0.35152549994039006
0.8028631714733034	0.5100360856414707	0.2601368086564737	0.20246569671297465	0.35263838140699016
0.7968209274275871	0.5240246909836209	0.27460187676047937	0.19917810409529535	0.3559724156243901
0.7990948595537938	0.5189623054384913	0.2693218744660339	0.20394421362386794	0.3563929213982108
0.7975731896519958	0.5245550981557541	0.27515805100119284	0.19706811826200243	0.35697385552530203
0.8076645888034026	0.5068889964700117	0.2569364547423756	0.1990697022701422	0.3451531799743538
0.8052424925037225	0.5030481948095703	0.2530574863011674	0.203954698454762	0.34863633759747
0.792805794470871	0.5182817514428179	0.26861597387863484	0.19280808861740018	0.35351848015355675
0.8049382857797922	0.49889057938202763	0.24889181019613524	0.20239293531520985	0.3468058104111761
