r2	rmse	mse	oob	mae
0.8145565784814862	0.4929941540453748	0.24304323592291474	0.186165907968053	0.33305746602710096
0.8191464001333542	0.4950931022151251	0.2451171798609963	0.19087603172302192	0.33312937284354965
0.8161236450561977	0.4985755138981758	0.2485775430588301	0.18933927625138824	0.3351897865875836
0.8106799879654216	0.5000742256951943	0.2500742312046481	0.1861919621166619	0.3386871364183439
0.8150414398377368	0.4931934925530745	0.24323982109669953	0.1892394771668222	0.33465754415201404
0.8243280633137557	0.4863081074240696	0.2364955753463804	0.19008679523335903	0.3298328463008967
0.8133361782098819	0.4964065087910444	0.24641942197011324	0.18905121237013156	0.3329912826350239
0.8209832317314173	0.4908672910807274	0.24095069745293157	0.1915774565327314	0.3356653954035764
0.8028297643459433	0.5180212201319517	0.268345984506996	0.18846785980943281	0.3487586178739944
0.8152675986628908	0.49794800922165805	0.24795221988781246	0.18817430174312666	0.3348933760387252
0.815128088848306	0.49535140880520256	0.2453730182052989	0.1871663249160873	0.3286145071384397
0.8163373720185061	0.4964781271879286	0.246490530776033	0.18676480019270847	0.3356878194736401
0.8099136431130565	0.5001216085501565	0.25012162333879595	0.1895506591072742	0.33711615179381466
0.811300373134052	0.4981825273016891	0.24818583050869822	0.18821169813565164	0.3371675149634659
0.8210394813062054	0.49107645453668947	0.24115608420032525	0.1901618646418417	0.331248344556197
0.8177298442194951	0.4916630386614843	0.24173254358584423	0.19066432661761468	0.332581821569886
0.8170031518851675	0.49524446814202505	0.24526708322527727	0.18982654454742098	0.3333786107571579
0.8151427210532181	0.4919194534924105	0.24198474872427184	0.18932149262822928	0.3317912569864616
0.8219833853096279	0.48531860432288637	0.23553414770191436	0.1916987659050221	0.3317264256998712
0.8033359061142734	0.5132716173979542	0.26344775322631186	0.1850295778196488	0.341353831853394
0.8103649623615031	0.5031870925812003	0.25319725014032146	0.18327173015184028	0.3360340942739262
0.8095284073529727	0.502115821041508	0.2521202977401876	0.18765448501316562	0.33735851159264146
0.804631749741364	0.5049767476937659	0.25500151571137325	0.1879448708511452	0.33943459291986283
0.8117284405026618	0.5050717474225475	0.2550974700444656	0.18787685001220011	0.3387718903037962
0.8132556310135057	0.49405830959516306	0.24409361328003001	0.18692106368000339	0.3282509864389323
