r2	rmse	mse	oob	mae
0.6308876977282887	0.6954038159129838	0.48358646718633913	0.3755009471470738	0.5214896171274315
0.6239830570604905	0.7084966222936517	0.5019674638015135	0.374015488652361	0.5275839064614459
0.6299507410360515	0.7065821186660924	0.499258290418664	0.3688599011683389	0.5286576200215151
0.6221003791936838	0.704627348317874	0.49649969999747845	0.37815484382713827	0.530053330331757
0.6398362172242757	0.6919015437223861	0.47872774620542097	0.37030704242277457	0.5197972914669086
0.6195291095906383	0.7133956345718383	0.5089333314261558	0.3780029383515344	0.5325793435740991
0.6283553829880265	0.701914943710738	0.4926845882044486	0.3769402306858367	0.5247888968816907
0.6387322330933215	0.7029421330349634	0.49412764239574425	0.36756752342770227	0.5253685475359967
0.6264276958717541	0.7031672991485335	0.49444425059184316	0.3788668851499566	0.52859833599876
0.6227984906106504	0.7115432481699826	0.5062937940162894	0.3832084738463184	0.534267744963449
0.6273936896912162	0.7059784249627216	0.49840553651284514	0.3717201254986551	0.5254926396061746
0.6189008475482158	0.721007113045867	0.5198512570627355	0.3772001155194753	0.5370733189897909
0.6278175511670532	0.6975671531756439	0.4865999331895723	0.371384456178259	0.523458250608334
0.6250731479029061	0.6981977797280512	0.48748013961718023	0.37130901723989984	0.5255746339018906
0.6237362454795885	0.7158003310737396	0.5123701139652753	0.36787132211378204	0.5340193531447993
0.6132364898557852	0.7210643721262467	0.5199338287498184	0.3743410132756346	0.5402694922799192
0.6292995375267854	0.7087681558009066	0.5023522986774182	0.3705594502810221	0.525804950675249
0.6299434402676243	0.7013592099131787	0.49190474133003825	0.3682366759235529	0.5245904755367827
0.6162098825557915	0.7047637819495413	0.4966919883478205	0.3695116346507905	0.5277219223048749
0.6412079434935005	0.7030597977017673	0.4942930791444499	0.37690810515038775	0.5279939530285125
0.6222380921916557	0.7053962516892521	0.4975838718972468	0.38247404897647974	0.5323092799449709
0.6292522847800164	0.6960399346280175	0.4844715905969749	0.37773630644721723	0.5251993552407186
0.6330573558493231	0.7007750662198778	0.4910856934354742	0.3833137820708026	0.5299306731966312
0.6345748368612834	0.7107053577989638	0.5051021056041533	0.372123102703795	0.5299644410636699
0.6291671464578962	0.704110425703898	0.4957714915849245	0.3730288616854893	0.5281665964027512
