r2	rmse	mse	oob	mae
0.8050840930086218	0.5076905815887859	0.2577497266339596	0.19356888369466052	0.34805926282776656
0.8023773349986683	0.5127493625386009	0.2629119087837416	0.191567489826445	0.3481995644733982
0.8103872398023412	0.5001949638051933	0.25019500181607873	0.19256183379994118	0.3404724235761643
0.8091928063218593	0.49965911103385835	0.2496592272391456	0.1946540605713194	0.34136178483317847
0.7998852450251179	0.5147902360241841	0.26500898710583515	0.18977132592051094	0.34774720185770297
0.8038356689438434	0.5056800477795834	0.2557123107223618	0.1936344023149239	0.34292507326646166
0.8175160255085826	0.49457525569905997	0.24460468354979056	0.20204435518244823	0.3377373984260677
0.8070175787420775	0.5080580324173402	0.25812296430377907	0.19759882298961307	0.3442614450493881
0.8121906095693319	0.49848035469468177	0.24848266401653576	0.1955474759709357	0.34486451205771934
0.8192491219725476	0.4913772817300463	0.2414516330004093	0.19826986155875692	0.33660880319372377
0.8085901302228937	0.5069757522006094	0.2570244133193737	0.1947668205209171	0.3439998037492391
0.7958449851196492	0.5098992571029779	0.25999725239416877	0.1876898078726028	0.34364704760140447
0.8043209581819512	0.5033198318059289	0.25333085308914854	0.19371127339302585	0.3431076963335927
0.8070358516137722	0.5011475203391825	0.25114883714211134	0.196382370975821	0.3464717477403903
0.8005867809912036	0.5184083187817266	0.2687471849820962	0.19201613992906064	0.35452116853262494
0.8095866652346262	0.5023727043512912	0.2523783340772298	0.1953369592868024	0.3454213609590212
0.8165489288532749	0.4948858300662227	0.24491198480033427	0.1968074026865978	0.3383445485862751
0.8060641407678274	0.5041435523156067	0.25416072134139883	0.1945194170563196	0.34233213254989636
0.8052767145312889	0.5116213620049995	0.2617564180598508	0.19502587010725925	0.3500757970646717
0.8091452405768421	0.5051133078012433	0.2551394537179135	0.19637950516864344	0.3452912307533924
0.8061204819673708	0.5017152487151362	0.25171819079329094	0.19515131988663614	0.345731813418045
0.818801205307416	0.4854965605703973	0.23570691032568547	0.19736775774511683	0.33524623052457814
0.8037592639898067	0.5068047742507671	0.256851079203371	0.19085341865173766	0.3416113133019096
0.8053368602719932	0.511073152269697	0.2611957669708848	0.19302429171435276	0.3443983341842058
0.8059977831019179	0.5017182583679778	0.25172121077979687	0.19144975038670942	0.33996017866365463
