r2	rmse	mse	oob	mae
0.8022590360010684	0.51929888770283	0.26967133476939636	0.19166088233317546	0.34892471476872555
0.8013868768946828	0.5079140267681117	0.25797665858779806	0.1881735153601649	0.3430420306612784
0.816812753427623	0.498411396064243	0.24841391972670773	0.19403040072280853	0.3381886843519242
0.8137112627516241	0.49342250799082626	0.24346577139195702	0.19259343144611885	0.33733501937282884
0.8043154383229969	0.5098490210562067	0.2599460242719723	0.18954462259017824	0.34242189354044605
0.8107967625585503	0.506415082182395	0.2564562354618018	0.1944564617370177	0.34201372211996706
0.8213757527925154	0.49162765349573234	0.24169774968171986	0.19458574921669047	0.33798510246420227
0.8143765551368258	0.5027003054273449	0.2527075970767459	0.19074392408770713	0.3422162820915741
0.8101376547430356	0.4942805863779897	0.24431329807016933	0.1925732927048216	0.3378322284752023
0.8176693384288038	0.4943441639125615	0.24437615239440943	0.1986700213497915	0.3351680002407947
0.8104661168365899	0.5071915820269708	0.2572433008790215	0.1915247225522566	0.344732824454594
0.8144810569437292	0.49649432137312943	0.2465066111557643	0.18835164985850283	0.33663125150551126
0.8072744517147386	0.4986017700950645	0.24860372514193158	0.19087031806367472	0.33790109957424935
0.8174157427061697	0.5005433564008425	0.25054365163702075	0.19154858079656056	0.34113216404742464
0.8085226935536425	0.50674803541624	0.25679357139821885	0.18891530151877467	0.3431190521234585
0.8172068357631006	0.495597866367533	0.2456172451480511	0.19213794693352104	0.3376624698346764
0.8103308313771609	0.5060893942152425	0.25612647493715107	0.18925956674630884	0.3406977368967001
0.8123878503146955	0.4936077438545035	0.24364860479313313	0.19131429317760262	0.3347496607056643
0.8169619602774053	0.4966144549815206	0.2466259168965928	0.19474470878290773	0.34026182148924483
0.8074400944560156	0.502165137517378	0.25216982533784715	0.19106601483655572	0.3433791562514927
0.7996446921535751	0.5137435382568583	0.263932423100676	0.18440874917576666	0.3427138770900194
0.8143587725506874	0.5016124052561061	0.251615005106816	0.1941909895058409	0.3399176861632177
0.8015147104222369	0.5077079549737096	0.2577673675435863	0.18648315724589182	0.3426135843920065
0.8097034399628402	0.5030160632811517	0.25302515991886754	0.18903191752860526	0.3424231404883763
0.808777829911379	0.5046249731107464	0.25464636348702147	0.18620317807649	0.34329342298344584
