r2	rmse	mse	oob	mae
0.3805298872201476	0.9151221374329808	0.8374485264199073	2.8787999350519855	0.7054794783538136
0.4170745677071718	0.8848030261822988	0.7828763951413538	2.911560411602474	0.6769893737164511
0.21047466694373407	1.0391810057918789	1.079897162798621	2.9913572613474453	0.8141060742096703
0.42022258685868585	0.8881328833479223	0.7887800184838942	2.8720106786223885	0.6821977321733284
0.4525309343513573	0.8574655181715306	0.7352471148531714	2.896203152574278	0.656335850992537
0.4196328999280077	0.8739805314281438	0.7638419693154207	2.8645070427445094	0.6685269462997494
0.15899098169915393	1.0572817736684266	1.117844748931454	2.973694194886607	0.8097144845953748
0.42714076860635997	0.8616076164675616	0.7423676847549127	2.8402871701721706	0.6641268857001215
0.4069825769997788	0.8917710940739231	0.7952556842258018	2.859032250193476	0.6777475481357513
0.40329694342983236	0.8848254021265197	0.7829159922483574	2.8868480309842877	0.6810588927952885
0.3425372747649609	0.9436983974945768	0.8905666654338323	2.9156728137560752	0.7155093477297807
0.3337130154801349	0.9346131713952476	0.8735017801454825	2.9468152673539354	0.7163305545689735
0.14402390177495095	1.0709467334880338	1.14692690596869	2.9798355777649497	0.8239143103494624
0.3676918542640112	0.931484390478516	0.8676631697051325	2.893494878027643	0.7122320954284566
0.33677792122111194	0.9401146586120112	0.8838155713371784	2.893666228074627	0.7265952360780412
0.17165017937478688	1.03431670234858	1.0698110407572408	2.9833638396945132	0.797634458191906
0.18282050340184008	1.0375151204681932	1.0764376252001295	2.97026894897443	0.7974720005656332
0.21582876645309357	1.0251514919167544	1.0509355813791474	2.9076358582396726	0.7722332536877451
0.3228475992644996	0.9488315477040359	0.900281305918436	2.9087500899094985	0.7281484631046713
0.3173649666297387	0.9600365109817209	0.921670102417956	2.9247490641006455	0.7426048322537704
0.44010738503962565	0.8573090370422668	0.7349787849943388	2.872077190802351	0.6449970302057109
0.44516491179583506	0.8620412258227841	0.7431150750180482	2.8707253901554304	0.649317794128082
0.20763285042969615	1.0242872864219836	1.0491644451257107	2.9513801453382937	0.7843860236822763
0.3684836564947408	0.9226522780088224	0.8512872261148694	2.883364909831377	0.708641455975595
0.11118941001314087	1.0856894061784323	1.178721486688077	2.989481797559383	0.8316772598418253
