r2	rmse	mse	oob	mae
0.8095333556297748	0.5037009684430271	0.2537146656104434	0.18747431803407877	0.33688199554594167
0.8092266802651412	0.5072230989379478	0.25727527209621515	0.18519283431162104	0.3392919134720117
0.8101745107032968	0.5036583694709417	0.2536717531381276	0.18641826635008785	0.33782130369162794
0.8187992055606634	0.49557954027800794	0.2455990807421617	0.19057504235937694	0.3361326955738241
0.8144897699564491	0.4966940724526289	0.24670500160957737	0.18638358738438787	0.3362268510404585
0.8252841612842671	0.4790845507754836	0.22952200679174692	0.18672699972107087	0.3225379856655168
0.8152076732768978	0.4934167586760592	0.24346009774238844	0.18908806089458818	0.33217450094055334
0.8146899989733946	0.4954032191146248	0.24542434950913294	0.19071053416967298	0.33755318937268386
0.8074695944952472	0.5011753477690952	0.2511767292114735	0.18355997539354296	0.3368758149042685
0.8114151437182044	0.5051789218082009	0.25520574303929633	0.18682222888756117	0.33791324809402673
0.8220568549658811	0.4869415372829773	0.23711206073150917	0.19183956546683734	0.32989885169048383
0.8132966620552982	0.5018831564502133	0.2518867027284293	0.1846926840240125	0.33834412275197995
0.8028546859011594	0.507536557489374	0.2575933571881646	0.184523036457083	0.33976128427756247
0.8130968690673877	0.4987233078439686	0.24872493778682989	0.18728131033739004	0.3336422540293709
0.807289283080127	0.5059901457364789	0.2560260275824232	0.187119752700456	0.33820552074790655
0.8157204058953544	0.5018083374017457	0.25181160748590425	0.1894640056395852	0.33801477080959624
0.8187586818086136	0.48433200748092964	0.2345774934705073	0.19000444335517896	0.32830390509227203
0.8164406513431802	0.49582517682696325	0.2458426059754894	0.1859612789922287	0.3314512276770885
0.8166791376204573	0.5001247308156069	0.2501247463733833	0.19042321730368073	0.3356959072159473
0.8093147770761094	0.5043222362357014	0.25434091796177855	0.18911128256051157	0.3393424661224261
0.8117205445670164	0.4971416680547484	0.24714983811625765	0.18772533477109676	0.33486351981910306
0.816161759260075	0.49663046506973946	0.24664181883538572	0.1873410614890183	0.33387303882986097
0.8194692172641332	0.4914368174932261	0.2415101455878704	0.18824702299033114	0.33471041447473754
0.8169605919664745	0.4974500817782554	0.24745658386119296	0.18617501855220553	0.33660029425341403
0.8087207676954695	0.49127697736188286	0.24135306848582797	0.1835864044307236	0.3295919908773755
