r2	rmse	mse	oob	mae
0.6735768103833112	0.6666334919974747	0.4444002126527471	0.32555500918872105	0.4949560503504033
0.6789870823422287	0.6593159330244682	0.43469749953992504	0.3263201504613994	0.4844445825589168
0.6706263113911113	0.6639573396845901	0.4408393489210382	0.3232344488226513	0.4921985918539597
0.6731568839567184	0.6610213743683468	0.4369492573718182	0.3296772558731391	0.4928353093902702
0.6709956052205108	0.6594480121825996	0.43487168077158206	0.3215904361656945	0.4861641271602792
0.6707367073595214	0.6669361307038227	0.44480380243818657	0.3263948561090406	0.49508620863265157
0.6847291156194282	0.6471852603919227	0.41884876126856074	0.32473294514431006	0.4819113903903843
0.6839057580611785	0.6591701676082415	0.4345053098646773	0.33036963557320687	0.4898104362100208
0.6721343694467734	0.6544135429763573	0.42825708523086875	0.32989957848200313	0.49000321829306653
0.6689445610735802	0.6608829323405824	0.4367662502590868	0.3258841878965453	0.4909115116039273
0.6663512636954794	0.6653711590722248	0.4427187793251158	0.32619649014681784	0.49286287223594133
0.6635022294162449	0.6767832157682869	0.4580355211456636	0.331947524655237	0.5014539358697574
0.6774556253257389	0.6572235852868951	0.4319428410573606	0.330981031843975	0.4868751581893802
0.6739695543117423	0.6644126253706549	0.44144413675192623	0.329661097104218	0.48940881617932586
0.6604810306975367	0.6734413046690277	0.4535231908343223	0.32428404845770986	0.49589463814260537
0.6872279467008625	0.6353384018011152	0.40365488480319534	0.32237819784177413	0.4758619092223376
0.6703961842200279	0.655703375162098	0.429946916198967	0.32213297858569256	0.48572003252073753
0.6692692933177671	0.671645096112658	0.45110713513218154	0.3340873167444265	0.4923502420168242
0.6844215763973813	0.6461570102180612	0.4175188818539436	0.32971336352003666	0.47990169611717765
0.6697485890397779	0.645170243036314	0.4162446424995365	0.3161869583196657	0.47937351148446466
0.6694901504223734	0.6637884594653995	0.4406151189194484	0.319448776728684	0.48918569989820915
0.6817605013043955	0.6480066675794596	0.41991264122743616	0.3285066055597172	0.481994312127544
0.6667795501696561	0.672386405620329	0.45210347846302557	0.32256136582051864	0.49754748489057243
0.6755882778315545	0.6564117496063295	0.4308763850212427	0.32120272002304007	0.4876333602114673
0.6700168998402146	0.6649804342970423	0.442198977997883	0.32062129184060717	0.4911836991965481
