r2	rmse	mse	oob	mae
0.6421670961596161	0.6934062476870029	0.48081222433136916	0.3677861552281254	0.5130610827774058
0.6059722528103824	0.7149922489122504	0.5112139160045975	0.41676139697030035	0.5365186027505219
0.6182667346905724	0.7168273979796368	0.5138415184942566	0.3947127674142248	0.5398826861847161
0.6233340509213309	0.6972242470518907	0.48612165067707586	0.39814995408647835	0.5249168420896166
0.6471184812900511	0.6866056600883511	0.4714273324653604	0.3811756335951799	0.515538653363517
0.6271577875372495	0.7014914927452109	0.4920903143939044	0.3909348396698066	0.5376237343212584
0.6064223233875128	0.7145400507242823	0.5105674840890598	0.3867500132021291	0.5365562891975956
0.6426174077186593	0.6980628902327474	0.48729179872009676	0.38316865834862335	0.5235030268850467
0.6194815218469297	0.6991582863348096	0.48882230935062754	0.41634530614217957	0.5272488197970482
0.6101533286365133	0.7165100461120383	0.5133866461794752	0.39088519319690007	0.537569384077105
0.6225994706389707	0.7070300248388581	0.49989145602363627	0.3909007519023562	0.5262738841436364
0.6203963759171589	0.7112749009433877	0.505911984712026	0.39350506045888467	0.5323851471841117
0.606960024346497	0.7262499540956104	0.5274389958238762	0.40249955865904696	0.5449821274699981
0.5996672859863954	0.7360197427690338	0.5417250617457947	0.4012856692164356	0.5438223683372907
0.5961090196883936	0.7206782651390463	0.5193771618438255	0.41369204576950924	0.5354351428719545
0.6183935463427228	0.7231717017923615	0.5229773102732601	0.3903837583876113	0.5339433892195099
0.6130482444474652	0.7188969544092526	0.516812831058899	0.39520366813240604	0.5452534802671989
0.6017537469230156	0.732756356775762	0.5369318783952878	0.4011210009384505	0.5454063376406846
0.636250311820892	0.6887555280357919	0.4743841773998625	0.3926602148490168	0.5166554396911274
0.6192612245264555	0.7090938416697142	0.5028140762939137	0.39208885221619394	0.5286537023838556
0.6195892452536957	0.7121840460039534	0.5072061153825612	0.39404234100329516	0.5359712199248505
0.6089121186594444	0.7260682913051192	0.5271751636387354	0.39330638407059415	0.5388092067235125
0.6169159374640389	0.708448258191468	0.5018989345345248	0.39124737518882446	0.5298905579040892
0.5988588462787485	0.7320894280081468	0.5359549306012956	0.40105830457160785	0.5454412526156714
0.6283303132601036	0.7039480258165896	0.4955428230510738	0.38615162806775527	0.529991240645115
