r2	rmse	mse	oob	mae
0.7378548281830313	0.5881783492070469	0.34595377047592685	0.27257697877412856	0.4284375327148316
0.7282889074717493	0.5997015333655218	0.359641929120958	0.2754056047542135	0.4319352887474649
0.7372603015837862	0.5910670871124801	0.34936030146763214	0.26602513730402055	0.4275596473203334
0.7303991003347086	0.6100439938737349	0.3721536744614175	0.2654116200587948	0.4326029970488162
0.7412604738129231	0.5845029269125502	0.341643671569338	0.2701189082686497	0.4249063203764367
0.7407316384985643	0.5902856963747248	0.3484372033445938	0.2694185724699997	0.42670461321326725
0.7339337446530156	0.5938692363767428	0.35268066991469565	0.2716253960681082	0.4306316944716272
0.7438371876077394	0.5850269634884164	0.342256548008477	0.2696415188394501	0.424614565886093
0.7409097178902986	0.5788454186144661	0.3350620186509566	0.2665021070631608	0.4221044425890528
0.7188152816991792	0.6202384324170127	0.38469571304711325	0.2784018692826059	0.4488409086544723
0.7524430469853116	0.5844530636818335	0.34158538364708124	0.26822094041395916	0.4213649591161753
0.7390172674041964	0.5815923917887078	0.33824971018650984	0.2737179803492925	0.4256555845752118
0.7362651064029211	0.5997100908030841	0.35965219301104345	0.26987187938164325	0.43502331713036935
0.7305918680233773	0.6001588662183788	0.36019066470052985	0.2821962323182585	0.4335524741672637
0.7340896426360293	0.5873130114715345	0.34493657344376283	0.26995371350310315	0.429581126220766
0.7446510399566839	0.578478536401209	0.334637417076885	0.2637526090912097	0.41729131448292905
0.7236671412676698	0.6129280724751917	0.37568082202815384	0.26720557133125655	0.4429787346447833
0.729534720109569	0.6099429199481738	0.3720303655949044	0.27217567618994765	0.4406908528153135
0.7480024991802138	0.5729338757721274	0.3282532260072715	0.2658235337369672	0.4190248898918966
0.7372145809487958	0.5932801485926322	0.3519813347140958	0.2671577832163181	0.42752344902855094
0.7459188891588304	0.5841530215972497	0.34123475264119685	0.2735456749874512	0.4222153657420549
0.7266958926769014	0.6025477847213611	0.36306383287261973	0.2755326966508074	0.43163922421411166
0.7390002575631069	0.5970978197277849	0.35652580632367425	0.27437683294040216	0.4323463880640485
0.74316209576342	0.5892031358052489	0.3471603352427385	0.2731209402563082	0.42652171969967595
0.7276543382934532	0.6077151416032782	0.36931769333389247	0.275182884813446	0.4369507064772884
