r2	rmse	mse	oob	mae
0.6290961939348307	0.7058992525100258	0.49829375469421316	0.37605753960619115	0.5292626721596893
0.6340175581968119	0.701531722748717	0.49214675802278274	0.37974436043946835	0.5309855324698264
0.615974020405594	0.7185840910257503	0.5163630958753037	0.3799241319054869	0.5385359036708447
0.6306071006950479	0.7065772397071692	0.49925139567220256	0.3722688722851373	0.5300215673162074
0.6192997078920834	0.7129207068433441	0.5082559342460133	0.3801653198373127	0.5353362607870589
0.6284269256290602	0.7079005298471804	0.5011231601579188	0.38473022733706497	0.5321474705601127
0.6274064470322975	0.7153701303083728	0.5117544233374184	0.3837432858283665	0.5336762045669909
0.6238689269970241	0.6982114091451521	0.48749917186045894	0.3722093219270175	0.5223764739378703
0.6270588889590081	0.6960581947473302	0.4844970104749122	0.3687089319858581	0.5221553027492872
0.5985843791371768	0.7233348762735685	0.5232133432336987	0.38590151974193465	0.5433570516197994
0.6268526809458859	0.7120735708449921	0.507048770295938	0.38724676728109153	0.5319821186735306
0.6236792917372673	0.7173798108232862	0.5146337929768539	0.3747453077735602	0.5359305707356676
0.6239747781333048	0.6960664975753159	0.48450856904676726	0.37273939361616504	0.5227401366737995
0.6238827795607413	0.7024635263292683	0.49345500582295065	0.3789003600647258	0.5248027497978182
0.6268947855596956	0.7063164319082381	0.4988829019835848	0.3892143149662153	0.5327209147581804
0.647941499745291	0.6778747907498988	0.459514231934219	0.3670671933551648	0.5093802561964259
0.6211576659745182	0.7141657316038094	0.5100326921972043	0.3689453731393777	0.5302025469237566
0.630001311338094	0.7106915118219336	0.5050824249757455	0.3767490111012586	0.5308493782550702
0.6180937242525928	0.7147360042167276	0.510847555723694	0.37857034462986605	0.5345822662982209
0.6270286234192834	0.6991288268403594	0.48878111651917716	0.3851591379261604	0.527672302724253
0.625589056330011	0.7066690456462468	0.49938114007457723	0.3893514531451543	0.5327975367713451
0.6100143683850874	0.7179255527056742	0.5154170992277477	0.3810812475656302	0.5442697981277859
0.6297858240350427	0.7157845353290755	0.5123475010162605	0.39033617025865297	0.5395640590774456
0.6235029388593296	0.7100000631338004	0.5041000896500005	0.38654774004798353	0.532280066206409
0.625909049483776	0.7108957475393992	0.5053727638696012	0.37761136741028567	0.5282196406949211
