r2	rmse	mse	oob	mae
0.7577642785255195	0.564976981493261	0.3191989896172366	0.24504321242734917	0.40656367962138484
0.7583549883062377	0.5710534185577308	0.32610200684647095	0.24793837980866384	0.4067334185444707
0.7680341177013015	0.5621080041472802	0.3159654083264389	0.25294767010605956	0.40658369204473566
0.7548443940670017	0.572047301399399	0.3272381150383348	0.2518217797725921	0.4071538734152766
0.7491647638547709	0.5847397875069053	0.34192061909362065	0.2499181218224138	0.4179588038664901
0.7593786023315248	0.5693411720876584	0.32414937023414875	0.24973000434006243	0.40755603150492203
0.7441783293052695	0.5753520679497673	0.33103000209407374	0.24698827176549087	0.40778599498953766
0.7608267493527882	0.5574794632082556	0.31078335189896483	0.25090172938229727	0.398446465893532
0.7553554721821378	0.5775427899427229	0.3335556742148242	0.2479501670992601	0.4126074798008833
0.7525256574325837	0.5660620507603445	0.3204262453110069	0.24356001392316162	0.40359037130775044
0.7628242212952092	0.5672930956165292	0.3218214563341846	0.24604496228269546	0.40593208940833453
0.7573173915169458	0.5588911873036445	0.3123593592456775	0.24545833746449186	0.3985632590432826
0.7653656422768144	0.5606039544187766	0.3142767937099698	0.2521163635247028	0.403935366115508
0.773060368019385	0.5518135994740465	0.3044982485645034	0.2480287896532073	0.39600790199564184
0.7670315146441183	0.5581683071794529	0.31155185913957606	0.2536389582092936	0.40398925608778585
0.7640355112865018	0.5655408122319636	0.31983641029998916	0.25053540635673477	0.40568383024337434
0.7699570921114823	0.5545459349285742	0.30752119394580646	0.24991385061005544	0.4004729522099186
0.7702473670784038	0.550513509544869	0.3030651241914085	0.25077993441429247	0.39660465977773396
0.7457618342062742	0.5816356688130719	0.3383000512356295	0.24361244545890737	0.4134658991072045
0.766475479053746	0.5510327911553533	0.3036371369284592	0.244627677638252	0.3926189860874443
0.7510980109207628	0.5823340919716917	0.3391129946724947	0.24627657789031665	0.41380259834725647
0.7536448021258411	0.5679886586974835	0.32261111640896634	0.24993155757323227	0.4071097479514769
0.7648976588251677	0.5639823518384863	0.3180760931852702	0.24493435443998746	0.400960093269224
0.7560442167343473	0.5673525654367733	0.32188893350768805	0.24597376613261923	0.4055509367816183
0.75694360690567	0.565325133833879	0.3195925069442932	0.24979095907077964	0.4032129795148874
