r2	rmse	mse	oob	mae
0.8211972800059621	0.4921500192403941	0.24221164143832027	0.19336770911932377	0.32978830552907973
0.8162093829654596	0.49647060701848067	0.2464830636332987	0.19114681196026484	0.3314511786962177
0.8006547222202464	0.5066787566122463	0.2567233624021319	0.19178832971604898	0.341317499677578
0.8126489636106627	0.5036591336683062	0.2536725229275087	0.1966970790543071	0.3380923070766607
0.8086151348098967	0.5051076036886821	0.2551336913041227	0.1927817265309425	0.33888516139793484
0.8209053805486075	0.4853008131512808	0.23551687924529435	0.19486016853041532	0.3264744399625635
0.8169635691967244	0.49155355814587326	0.2416249005258684	0.19470858079852182	0.33191857035978073
0.8137895045239618	0.4957206213446142	0.24573893442629038	0.194123714589857	0.33373537257876207
0.8118531124532665	0.4928870222628578	0.24293761671514688	0.19377840637239907	0.33309931471542703
0.8164316595329135	0.49405853882290335	0.2440938397838223	0.19607517326013923	0.3298143584803077
0.8240288817511817	0.48486105785961015	0.2350902454287402	0.19705771496937963	0.3302847337957254
0.8121694329545384	0.49952405196826405	0.24952427849479297	0.19823626275369854	0.3372456311005607
0.8227940222928479	0.4868462652495872	0.2370192859874714	0.20178373711295805	0.33308154598762146
0.8190931664006814	0.4959450056962771	0.24596144867508032	0.19938558353375857	0.3326735945397156
0.8112773034874248	0.49738079613006236	0.24738765635897467	0.19163488959775365	0.3336157796666655
0.806929300971116	0.5034691218696052	0.25348115667615145	0.19415760215645006	0.3358405996133178
0.8137084620958217	0.4921144825753428	0.24217666396039736	0.18821558138565342	0.3327446630294908
0.818231080422418	0.4852009357923552	0.23541994809377717	0.19987379796634008	0.3268506877281534
0.8094192387898047	0.5006492240161089	0.250649645507932	0.19330460410865336	0.33780847496102767
0.8212851323384961	0.4896066833313301	0.23971470436270537	0.19748660047591515	0.32857193647097077
0.8190933896856796	0.49053704992876473	0.24062659735281544	0.19030481046083603	0.33002811139954913
0.817734756930931	0.492615374108963	0.24266990680851355	0.19503847564091747	0.33282939784783955
0.8066111633343653	0.5118483772390219	0.26198876128222004	0.19714466015885734	0.3414695371065311
0.8026732206770746	0.5050395293615602	0.25506492621774624	0.19018883552367338	0.33617273621922505
0.8178048329043618	0.4871303367830417	0.23729596501435962	0.19425633131354147	0.3299095542044252
