r2	rmse	mse	oob	mae
0.7088248420517174	0.6185371394986469	0.38258819293916846	0.29327723536247197	0.45359853382183846
0.7129130603417853	0.611971321033399	0.37450889776736357	0.2952677800200806	0.4524936236442693
0.7196751199863278	0.6204788835689998	0.3849940449550325	0.29412740605153687	0.4539435661834532
0.7102345537827083	0.6218471642594581	0.3866938956975295	0.2914694327033751	0.4551846389385325
0.7119931443044607	0.6241352157935303	0.38954476759363665	0.28994620772212154	0.45831586860289875
0.721015910491769	0.6117307671422758	0.37421453146847733	0.29750073116589903	0.4481126647112084
0.7188408651883353	0.6097288320831216	0.37176924867344746	0.2944206128650131	0.4466597808007733
0.704441172133802	0.6295741426769019	0.396363601127356	0.2989566487536418	0.4660730140829694
0.7091287154548014	0.620883315139509	0.3854960910186268	0.2970212367681211	0.45842690384414936
0.7054728657425602	0.6260371151283586	0.39192246951823767	0.2991302366619446	0.45767124131588816
0.7114956823804484	0.6251290009947086	0.3907862678846423	0.299041068235567	0.46069923027315934
0.7065820266416982	0.6218876045071016	0.38674419263958115	0.2928235667137393	0.4580048839904941
0.7229765090071201	0.6091486308809172	0.3710620545040959	0.29339909549948917	0.44828224312457365
0.7184291529849867	0.6213552202767562	0.3860823097651762	0.29974085828564223	0.4591597242689277
0.70424884938872	0.6192304937214024	0.38344640435445176	0.2887203195536969	0.4551516403746318
0.7102104732043095	0.6218030086026729	0.3866389815073358	0.29727972320255436	0.4584941082285236
0.7093848042376609	0.6215855239058111	0.38636856352926174	0.297497188840798	0.4573621190655696
0.7085480194824689	0.6243739570709069	0.3898428382683827	0.2893517962658789	0.45443968925415373
0.704929436762461	0.6293433749631185	0.39607308360996846	0.29279973013320393	0.4568564794149206
0.7081881493496234	0.6161705492805547	0.37966614580070046	0.2933770176878505	0.4504991500689562
0.7030763471956901	0.6222880200901498	0.3872423799477187	0.29450654272631516	0.455907887441495
0.7125268346506783	0.6234822514292544	0.388730117847292	0.29514620887559295	0.4586354300133228
0.7248669109452128	0.6036874184611352	0.36443849920826965	0.29163589013729374	0.44483566730096497
0.7157739965120526	0.6076219677468927	0.36920445568860594	0.2899887081078961	0.44477398899014353
0.7121007838677658	0.6172302566560275	0.38097318973166555	0.297503969249297	0.45671243741948075
