r2	rmse	mse	oob	mae
0.8087578170609239	0.502083586315148	0.25208792764708077	0.19164728287269361	0.33536444493593986
0.827546405409376	0.4846464361062159	0.23488216803045642	0.20035220013386124	0.32783787867362185
0.8162657150226607	0.4962026600347618	0.2462170798255734	0.19198680460911555	0.3319346782421456
0.8158418100812677	0.49884461695791316	0.24884595186788708	0.18895991007545132	0.33662931280179675
0.8081467617661053	0.5010588437510606	0.25105996490114973	0.1939830812042126	0.33747055460689757
0.8033971663805389	0.507137362322183	0.25718830426310113	0.18658766722416376	0.33755566008148724
0.8153107878661053	0.4936986640939815	0.24373837092818199	0.1953445531384319	0.33344260295987244
0.816729856429144	0.49520899276243835	0.2452319465127887	0.20022866221065128	0.3361520440410892
0.8173193273709525	0.4963912179855175	0.24640424129314553	0.1954722412303983	0.3337209038784924
0.8185844784051381	0.49980540130798745	0.24980543917663836	0.19638378196444373	0.3364139183991174
0.8076752883714545	0.5018985931758486	0.251902197831896	0.19438464138674716	0.33586666436833473
0.8054943493074831	0.5051581013736437	0.25518470738342447	0.18993423739065307	0.33841898156168854
0.8103510622776906	0.49617745738221564	0.24619206921428044	0.19234007890124405	0.33436954258690926
0.8121744577617609	0.5102924789470213	0.2603984140698962	0.19193792294729595	0.34096330868330416
0.8163738316226747	0.4977224649708156	0.2477276521366248	0.18930821226221184	0.33556742871055123
0.8204776899713148	0.4900641584683242	0.24016287941526673	0.19203044636245636	0.33276429635242266
0.8152922931904314	0.4967101248054964	0.24672094808429185	0.1911305634265016	0.33184318273577496
0.8170216100421883	0.49591080958249073	0.24592753106076137	0.19543051739841033	0.3389967190655879
0.8172445465686022	0.4909279243914555	0.24101022694730262	0.19190021709466953	0.32699592908916686
0.8064494487068441	0.5088940504515116	0.2589731545849456	0.1895577091676306	0.3389969885346872
0.7999742659842379	0.5145507773949044	0.2647625025177005	0.18803433940838477	0.34244072520149726
0.8192422830950354	0.48960454671747317	0.23971261216642237	0.19176046847813055	0.32821863610403623
0.8185467966182873	0.49169292259324104	0.24176193012828295	0.19074333034878443	0.3305555124868816
0.8123905752747898	0.49978583906045804	0.24978588492536608	0.19294392322609655	0.33556351976879595
0.8133540412108209	0.5046948276041443	0.25471686901037693	0.19480478177985228	0.3410921892052409
