r2	rmse	mse	oob	mae
0.6592651218543678	0.6749042050581824	0.45549568600521706	0.33066138790013255	0.49994394221528143
0.6818168927780462	0.651831904163775	0.4248848312857728	0.3310951015192213	0.485327251114119
0.6789895345782822	0.6612321477149243	0.43722795317169155	0.33393513642268746	0.4928744095343819
0.6701568090101147	0.6510670501343118	0.4238883037705945	0.33444355102202883	0.48585630092096715
0.6686428448984396	0.6599848915293287	0.4355800570469798	0.3340100285334644	0.49383852936418593
0.6656351552093178	0.6730185648844184	0.4529539886790821	0.32887444455796455	0.49533428551753855
0.6830394841258263	0.6514703252142616	0.4244135846347758	0.3247124771344423	0.48553222601907586
0.668864853972698	0.6646446294640121	0.44175248347535395	0.3305410413100862	0.4950263207548435
0.6689705153919887	0.6632716376868995	0.43992926535986154	0.328379085215059	0.48884948624642194
0.6627731626124288	0.6676388850603004	0.445741680844561	0.3332841831878788	0.4926778091663877
0.6675726985019892	0.6650104957296231	0.44223895943055913	0.3282097298135662	0.4929588770669017
0.6737632798445313	0.6550064565059235	0.42903345806444626	0.32555047640159285	0.4809603657930753
0.6724855323368861	0.658367711442862	0.43344804347051163	0.32518578829692624	0.48702493112324574
0.6873194161217453	0.6444723023056652	0.4153445484391648	0.3230050933648232	0.47938682395875776
0.6782329169080985	0.6525144933223572	0.4257751639957325	0.33010304754066433	0.4824556240131271
0.6765206022242579	0.6584397291495457	0.43354287692252713	0.3295642296555632	0.48964970759340526
0.6689988503379847	0.6642197627142579	0.441187893180185	0.3365893060423558	0.4966972406502071
0.6701728592625702	0.6558191800955816	0.43009879698124087	0.3362286808297619	0.48862329265667037
0.6721969082595024	0.6663225423408606	0.44398573043158807	0.3241083205896904	0.49771082234667735
0.6794072759898563	0.6561795971178712	0.4305716636737718	0.3293090117300941	0.4868147653460694
0.6736627954430572	0.6561772401282923	0.4305685704623825	0.3301878617626566	0.48695751094601203
0.671426757733095	0.654172321978915	0.42794142684328523	0.33041303073134676	0.4837975505934831
0.6653339770192139	0.6723765849839174	0.45209027203463503	0.33041113514071263	0.49737636715640426
0.6694183710646375	0.6696145092724475	0.44838359102818065	0.3380144902057248	0.49576787375932957
0.675916278137106	0.6529399286213664	0.426330550388075	0.31729437094531165	0.485459284720231
