r2	rmse	mse	oob	mae
0.8085671197367739	0.49989897478490386	0.24989898499099797	0.20374753643893473	0.3455302927326893
0.7952081304675227	0.5162751237822029	0.26654000343632883	0.20130910806905922	0.35304757243467594
0.8039004871754528	0.510756223777336	0.2608719201272841	0.20699643252253852	0.3558939143169602
0.7977435112127198	0.5249182909336568	0.27553921215671123	0.2048722251790508	0.3583007289170285
0.8024693782769021	0.5124119553648586	0.2625660120008379	0.2012774058086293	0.3520474878753284
0.8033584226285218	0.5080036190540671	0.2580676769720297	0.2072101063530507	0.35006895954432576
0.8002728251468691	0.5139557676789133	0.26415053113042103	0.20490893893669404	0.3568925045169928
0.790284544038582	0.5206709303189431	0.2710982176791936	0.20340438598399047	0.3577410691869816
0.8029676412002545	0.5105709506782573	0.2606826956764995	0.20610011128609118	0.3516963173988884
0.8027664063286887	0.5192462365111031	0.2696166541309445	0.208627845157921	0.3546692766669134
0.8074058030535181	0.5039331171242006	0.25394858653451335	0.20433671271788167	0.34941815170741786
0.8073831862185349	0.514746612696975	0.2649640752830096	0.2060982320992919	0.3508613127970708
0.8000474773847769	0.5176707474999152	0.2679830028171209	0.20507655324941054	0.3532771273450007
0.807107756122023	0.49607560262912603	0.24609100352385055	0.20539323334835968	0.3476571330017627
0.8098656114645181	0.5048119789022598	0.2548351340432156	0.20545421186006796	0.34816834084276055
0.8024951553538922	0.5140819779060419	0.26428028000778814	0.20620634162124551	0.35263093615092267
0.7937772802910029	0.5179950912374603	0.2683189145461049	0.19913828857263516	0.3559994334791903
0.7951373044007217	0.5203338313909325	0.2707472960899674	0.20563621873041116	0.35440027708337674
0.8038167476820852	0.5068357495181028	0.2568824769895771	0.2038414816877735	0.3476085072588553
0.8032072804545893	0.5165383046353291	0.2668118201555401	0.20391572143677528	0.3531148214333018
0.7938407420192074	0.5253857786809928	0.2760302164402331	0.19840879407564938	0.3539898857762688
0.7990880475616963	0.5217855036730066	0.27226011184329313	0.20046129766495446	0.3553562022711288
0.8060199600265998	0.5099245140999857	0.26002301008010653	0.20085101528751137	0.3501987676823746
0.7996452823514056	0.5192957436340808	0.26966806935647303	0.20250557272327108	0.3550041055321835
0.7966298137358011	0.5160242667878492	0.26628104391393737	0.20215557744752466	0.3520872711002588
