r2	rmse	mse	oob	mae
0.8236003387672828	0.4829307484969461	0.23322210784382064	0.19119270943868782	0.32535940122762275
0.8189304301824586	0.49528901267001163	0.24531120607163492	0.19029836200006023	0.3350293561105175
0.8104465176864819	0.5010427137847617	0.2510438010367987	0.19129472877538434	0.3337356468314289
0.8136064872307839	0.48985281477083853	0.23995578013891342	0.19005868074374033	0.327479954900883
0.8072444623670838	0.5060542931219338	0.2560909475871402	0.1968369837797158	0.3402573852971807
0.8034777818583969	0.5089745469333166	0.2590550894259748	0.1901692672230164	0.34245151897970916
0.8224834997446493	0.4881333097700977	0.23827412810711016	0.19718139305278748	0.3277831737568277
0.8108823201945806	0.5008523150654575	0.2508530415064283	0.18520662575412206	0.33362337301679895
0.8156435587586052	0.4984155083851716	0.2484180189988491	0.19704405482459109	0.3343716837996828
0.8102089234518927	0.506357669366436	0.2563980893262089	0.19337505517237008	0.34329005748028574
0.8111733817746836	0.49547124568000656	0.2454917552956974	0.18961004745167642	0.3338925452542699
0.8143235454618557	0.5048379063080999	0.2548613116455459	0.1915162700040659	0.3385598304927194
0.8054980771092326	0.5126665669898863	0.26282700890919564	0.18993995571402855	0.34297210381152465
0.8091760302135835	0.5029153399067221	0.25292383911349386	0.18815895740627686	0.33645365147998
0.8182913078919383	0.49545195682488646	0.24547264152160916	0.1928042718064934	0.3335261674672236
0.8031350405933597	0.5099390016208264	0.2600377853740452	0.1857437960751399	0.33596458245528826
0.8086893582209072	0.505486779083402	0.25551688382811205	0.18787125391923498	0.33807581288788446
0.829226463939327	0.47956388301613645	0.2299815178935146	0.1951482653130573	0.32779567005439975
0.8173072528333251	0.49163455103475356	0.24170453177114373	0.19584241724674467	0.3319210132864014
0.8295329827143096	0.47712826619927295	0.22765138240632427	0.19328688812882422	0.3219819189174277
0.8127079461726371	0.4967172519404527	0.24672802837527516	0.19417990137872498	0.33327341261651583
0.8169669819923626	0.5003097391201778	0.25030983505850046	0.19676625146592097	0.33302718119402064
0.8051025514924617	0.512943043228689	0.26311056559670876	0.1896341472010653	0.3407921337248945
0.8137116135638651	0.5076238606806217	0.25768198393229924	0.19282636423457078	0.34263569963790247
0.8191099655980443	0.4890394248587797	0.23915955906620603	0.19366841796929624	0.3279510133853488
