r2	rmse	mse	oob	mae
0.8078723983835068	0.5084324130664694	0.2585035186565929	0.18931860450478333	0.33959449963478056
0.8093186641916528	0.5028240428650512	0.25283201808315486	0.18663408359004052	0.336686817668256
0.821281739074465	0.49053264297237753	0.240622273821466	0.1979528665654663	0.33681539795844484
0.8168316036372305	0.49836362824770275	0.24836630596021447	0.19135011630246634	0.33559619248622363
0.8076941092436472	0.5039629380018185	0.25397864287942473	0.19127606254451923	0.3407541888156009
0.8172969116992473	0.4939481997758686	0.24398482406182143	0.19695211331960838	0.33609345739824037
0.8147482104804382	0.5011478829112443	0.25114920054642226	0.19212528495696535	0.3370297178780353
0.8205960060774093	0.48975066947489804	0.23985571825111085	0.19712169910111577	0.33108661897315145
0.8130510293491313	0.496868813178553	0.24687861750946385	0.19654695017535517	0.3347413521339161
0.8125326855579171	0.4983091170855597	0.24831197617059003	0.18822250542474994	0.3366693999941615
0.8176780450832655	0.49503876774667244	0.2450633815721439	0.18803012152154586	0.33542915346660335
0.8096973169276178	0.5089531436568699	0.25903330243821054	0.18999719552682304	0.3406114577935536
0.8123121844423684	0.5065433619786022	0.2565861775645852	0.1891349697121536	0.3393256045499752
0.8143041552592101	0.4942654834964836	0.2442983681760127	0.19068821740645903	0.33387398434892473
0.8064096251432306	0.5008945061422486	0.25089530628348716	0.18749217262156526	0.33891786411485986
0.8133278847989103	0.5013726799786695	0.2513745642289934	0.19456366533638914	0.3357015022582324
0.807154214657832	0.5072472898417248	0.25729981305177485	0.1906003217587564	0.3375727772478194
0.810295213050355	0.5045084605986625	0.2545287868156322	0.18549123994881178	0.336083351437149
0.802683444160996	0.5046113732373185	0.2546326380004524	0.18949829379084782	0.34024191852750957
0.8114296513567472	0.49901588931290924	0.2490168577867537	0.19045589114871064	0.33725571988476344
0.8163822537789067	0.49190833487823477	0.24197380992267756	0.19557537026548655	0.3354423692018176
0.8060430824108339	0.507809453344271	0.25787044090580735	0.18858783653473699	0.3391555128665842
0.8077770646326055	0.5005922090004747	0.25059255971197497	0.19461589834347093	0.341640064084037
0.811325579022844	0.49715686114314	0.24716494458169938	0.1896589725449549	0.33530219710513415
0.8222428261594406	0.49355626736446456	0.24359778905474283	0.19633087064795218	0.332024281022924
