r2	rmse	mse	oob	mae
0.47965270015379546	0.8312820430757967	0.6910298351402706	0.5145257444195152	0.6350160376018458
0.4537634618637588	0.8602096886284579	0.7399607084102685	0.5585767245915237	0.6626515641712091
0.4923053947331749	0.8222183657982799	0.676043041055994	0.5124378810165814	0.6311779006125029
0.4857205635040518	0.8442750968163687	0.7128004391042888	0.5143952134825398	0.6372182737587531
0.48531193940808426	0.8260267696337524	0.6823202241515723	0.5154812633545385	0.6325168172973862
0.4937898986419186	0.8274588484254751	0.6846881458376134	0.5172922196300257	0.6323885882895952
0.4752077494500522	0.8443469378057856	0.7129217513820073	0.5231849703114885	0.6442067096136957
0.5079790998897884	0.8102668219082897	0.6565323226853601	0.4913651772613382	0.6162785409647578
0.503444449484944	0.8070631249967162	0.6513508877294651	0.5138453736399733	0.624637719485253
0.47912671044461796	0.8371316557430025	0.7007894090470208	0.5261029707935594	0.6368769718810875
0.4974767725698679	0.8293984464727746	0.687901783011452	0.517357230628134	0.6384323574010377
0.49086596693675844	0.8265571275832062	0.6831966851586007	0.5188767622368693	0.6337227550041393
0.4723079502454799	0.83559262729075	0.6982150387826583	0.5279190071539218	0.6345228408317394
0.4712489846240442	0.8342864141053875	0.6960338207608262	0.5286102857004756	0.6365992553032734
0.4892120941521597	0.813750579780977	0.6621900060938761	0.5194870520593285	0.6211687279657799
0.48999609911167785	0.8177700678903775	0.6687478839374327	0.5178686073344032	0.630195046831473
0.4887600445921222	0.8307783843914524	0.6901927239720718	0.525125743047804	0.6357199469977789
0.4850149096928721	0.8274382385764418	0.6846540386584847	0.517733180659387	0.6327315693595117
0.4915590604216261	0.8240388967295905	0.6790401033233208	0.51717519037053	0.6255465367975835
0.4732307158959864	0.8312576904337681	0.6909893479052822	0.519659347197382	0.6312365810153672
0.4892630743803694	0.8134006619002306	0.6616206367797333	0.5143145984366913	0.6239026423212902
0.4919654184376713	0.8198091778310936	0.6720870880560937	0.5199498392075732	0.6296797489130537
0.47496638902679555	0.8451700684242278	0.7143124445602139	0.5351657082777131	0.6439799090372756
0.502147384720637	0.8092283005911772	0.6548504424776848	0.504487235805591	0.6154187874396533
0.4961555766956218	0.8262268166445715	0.6826507525426224	0.518390102891427	0.6316361209378939
