r2	rmse	mse	oob	mae
0.8155536493706752	0.4967054752158575	0.24671632910941083	0.19757515050002783	0.3367186365977393
0.7986438143919339	0.5107855329194748	0.2609018606398319	0.1916156338429037	0.34226635583274667
0.806665831055785	0.5049582823425735	0.25498286690636207	0.2036312336345235	0.3410114067423818
0.8165250391043808	0.48838249833055464	0.23851746467559418	0.1950271018949642	0.333141342745341
0.7984168701238756	0.5209551768845924	0.2713942963228569	0.1931254642579734	0.35026691907074115
0.8128033889907716	0.49586300907345116	0.24588012376737753	0.19378470145426108	0.33971040178643175
0.8105760038017079	0.5012060925351118	0.25120754719431504	0.1947205056693596	0.3423738936832594
0.8099061545821699	0.5022206464695864	0.2522255777403293	0.19557386577773317	0.338191746170886
0.803342989418937	0.5141657525829054	0.26436642112914555	0.19672660566867162	0.3488200506845974
0.8116234086579155	0.5062122732716201	0.25625086561082144	0.19932600031125625	0.34297317322173854
0.8104760409109744	0.49966664889636025	0.24966676001931856	0.19500736177871048	0.33333483161692135
0.8123935026098535	0.501041625170603	0.251042710153599	0.1968937469926333	0.3399513609609655
0.808841304251193	0.5038267255331216	0.25384136936142737	0.1979193582187544	0.3439593926681651
0.8120321255101123	0.5007392546378288	0.25073980113524835	0.19938035769582352	0.345388604880479
0.8027361424098338	0.50679545407614	0.25684163227224094	0.1901737323273136	0.3427287225517316
0.8104224791234103	0.502748043487076	0.2527555952300829	0.19038550836039492	0.34167750508697076
0.8145446743397999	0.4938982386869182	0.24393547017804	0.19994153144325377	0.3399824012383637
0.8019981598636003	0.5160762644245497	0.26633471070239767	0.19551696478969238	0.34876222098181187
0.8057068766816943	0.503588056573632	0.2536009307236077	0.19676487818949318	0.3423505859356124
0.8032335100079343	0.5093689006259015	0.2594566769248394	0.19227123595792706	0.34400188999842973
0.8096821661705693	0.5038668400925173	0.25388179254481835	0.19064498470589863	0.337332062036116
0.8088652374555507	0.5045655753871041	0.2545864198657194	0.19898633796641907	0.34523597013741303
0.8239472699332098	0.48753040090533944	0.23768589180692098	0.19936463541479577	0.332126435350388
0.8028154598223399	0.5156270348292723	0.26587123904682763	0.1880249683590065	0.3462168413425718
0.8082559929609168	0.5074894375990462	0.2575455292745962	0.19225141923646938	0.34225751421724393
