accuracy	precision	recall	f1	oob	confMatrxVars
0.8766999093381687	0.8808270146195951	0.8766999093381687	0.875892190223512	0.17625340069957252	426,2,0,0,0,2,4,284,98,0,0,0,0,32,385,0,0,0,0,0,0,321,20,10,0,0,0,30,249,17,0,0,0,39,18,269
0.8336355394378967	0.8481924435325116	0.8336355394378967	0.8299371831213775	0.20093276331130971	392,0,1,0,0,0,0,219,177,0,0,0,0,34,376,0,0,0,0,0,0,356,13,17,0,0,0,33,240,15,0,0,0,56,21,256
0.8798730734360835	0.8915338228232921	0.8798730734360835	0.8779985939289174	0.18538670812281388	438,0,0,0,0,1,1,251,131,0,0,0,0,15,370,0,0,0,0,0,0,348,9,11,0,0,0,30,259,12,0,0,0,26,29,275
0.8776065276518585	0.8910777902073365	0.8776065276518585	0.8758950213827189	0.19179945588806835	437,0,0,0,0,1,0,257,137,0,0,0,0,17,387,0,0,1,0,0,0,332,9,16,0,0,0,46,226,10,0,0,0,28,5,297
0.8558476881233001	0.871492490990605	0.8558476881233001	0.852111394752949	0.19452001554605514	418,0,0,0,0,0,1,226,160,0,0,0,0,17,411,0,0,1,0,0,0,335,10,14,0,0,0,36,227,26,0,0,0,41,12,271
0.8744333635539437	0.8805181462802054	0.8744333635539437	0.8725727807409389	0.17197823552273606	419,1,0,0,0,0,3,261,115,0,0,0,0,26,419,0,0,0,0,0,0,334,8,15,0,0,0,32,235,16,0,0,0,37,24,261
0.900271985494107	0.9011372673007485	0.900271985494107	0.9001764686674444	0.1704236300038865	452,0,1,0,0,0,2,341,41,0,0,0,0,50,355,0,0,0,0,0,0,347,7,21,0,0,0,20,251,28,0,0,0,37,13,240
0.8485947416137806	0.8654805760044005	0.8485947416137806	0.8427981903914403	0.18324912553439565	407,0,8,0,0,1,26,219,166,0,0,0,0,17,389,0,0,0,0,0,0,354,15,12,0,0,0,16,224,22,0,0,0,34,17,279
0.8372620126926564	0.8409552501590607	0.8372620126926564	0.8331019491670009	0.20579090555771473	416,0,2,0,1,0,17,210,151,0,0,0,0,54,374,0,0,0,0,0,0,339,7,22,0,0,0,26,233,30,0,0,0,34,15,275
0.8893925657298277	0.8889396005143094	0.8893925657298277	0.8883457529249078	0.17061795569374272	406,0,7,0,1,1,30,323,49,0,0,1,0,47,360,0,0,0,0,0,0,345,3,12,0,0,0,28,251,24,0,0,0,16,25,277
0.8776065276518585	0.8803755219045882	0.8776065276518585	0.8771833936461717	0.17975126311698408	442,1,0,0,0,1,0,279,88,0,0,0,0,39,379,0,0,0,0,0,0,332,13,21,0,0,0,22,239,26,0,0,0,50,9,265
0.8739800543970988	0.8800009738748261	0.8739800543970988	0.8731583275476953	0.17936261173727164	429,0,0,0,0,0,0,287,112,0,0,0,0,34,368,0,0,0,0,0,0,340,5,19,0,0,0,28,252,24,0,0,0,41,15,252
0.8848594741613781	0.8926471638989538	0.8848594741613781	0.8829622628091669	0.18033424018655264	431,0,0,0,0,2,4,251,120,0,0,0,0,24,402,0,0,0,0,0,0,344,6,19,0,0,0,33,232,17,0,0,0,24,5,292
0.842701722574796	0.8508175572439441	0.842701722574796	0.8366144659621143	0.2065682083171395	435,0,0,0,0,0,4,173,188,0,0,0,0,46,370,0,0,0,0,0,0,347,8,11,0,0,0,26,249,29,0,0,0,18,17,285
0.8762466001813236	0.887699469149112	0.8762466001813236	0.8741578248262805	0.1809172172561213	435,0,1,0,0,0,3,264,138,0,0,0,0,21,385,0,0,0,0,0,0,336,7,10,0,0,0,27,236,28,0,0,0,28,10,277
0.9029918404351768	0.9069950668014635	0.9029918404351768	0.9024558170321962	0.17081228138359894	420,0,0,0,0,0,0,288,92,1,0,0,0,23,375,0,0,0,0,0,0,381,17,12,0,0,0,12,237,18,0,0,0,18,21,291
0.8785131459655485	0.8819450105945271	0.8785131459655485	0.877947758792915	0.18013991449669642	420,1,0,0,0,0,3,320,66,0,0,0,0,59,364,0,0,0,0,0,0,322,4,12,0,0,0,23,272,18,0,0,0,64,18,240
0.8640072529465095	0.8703914968075096	0.8640072529465095	0.8616212746112865	0.1838321026039642	399,1,0,0,0,0,21,274,109,0,0,1,0,38,401,0,0,0,0,0,0,336,5,10,0,0,0,35,232,13,0,0,0,53,14,264
0.85675430643699	0.8608951256801856	0.85675430643699	0.8559964683409658	0.18810726778080067	443,0,0,1,0,1,12,252,88,0,0,1,0,42,351,0,0,0,0,0,0,327,7,44,0,0,0,48,248,18,0,0,0,44,10,269
0.8563009972801451	0.8670040782367983	0.8563009972801451	0.8526324021716167	0.18888457054022545	428,0,0,0,0,1,17,258,152,0,0,1,0,33,377,0,0,0,0,0,0,349,5,13,0,0,0,41,212,15,0,0,0,27,12,265
0.8680870353581143	0.8728400890412554	0.8680870353581143	0.865949982806853	0.19529731830548003	448,1,0,0,0,1,6,249,125,0,0,0,0,37,386,0,0,0,0,0,0,336,9,16,0,0,0,25,251,13,0,0,0,32,26,245
0.843155031731641	0.8560695892611428	0.843155031731641	0.8373990561743477	0.19840652934317915	427,0,5,0,0,1,26,213,153,0,0,1,1,22,378,0,0,0,0,0,0,352,9,18,0,0,0,24,245,18,0,0,0,48,20,245
0.8667271078875793	0.8816672049170277	0.8667271078875793	0.8642578051663083	0.1818888457054022	427,0,0,0,0,1,1,250,158,0,0,0,0,18,379,0,0,0,0,0,0,323,9,16,0,0,0,24,251,15,0,0,0,30,22,282
0.8844061650045331	0.8883793374670131	0.8844061650045331	0.8830714922290671	0.1789739603575593	429,0,0,0,0,0,4,262,110,0,0,1,0,35,399,0,0,0,0,0,0,319,10,20,0,0,0,23,265,20,0,0,0,25,7,277
0.899818676337262	0.901194478945311	0.899818676337262	0.8995840984064071	0.16517683637776914	443,0,0,0,0,2,0,358,32,0,0,1,0,66,331,0,0,0,0,0,0,348,10,15,0,0,0,28,233,17,0,0,0,27,23,272
