accuracy	precision	recall	f1	oob	confMatrxVars
0.9777878513145966	0.977801018574989	0.9777878513145966	0.9777796460204052	0.02098717450446952	451,0,0,0,0,0,0,357,19,0,0,0,0,15,392,0,0,0,0,0,0,366,6,1,0,0,0,4,278,3,0,0,0,0,1,313
0.9773345421577516	0.9774700233104182	0.9773345421577516	0.9773138067305086	0.02331908278274386	426,0,0,0,0,0,0,359,22,0,0,1,0,12,402,0,0,0,0,0,0,338,4,5,0,0,0,1,301,2,0,0,0,1,2,330
0.971441523118767	0.9715872687087953	0.971441523118767	0.9714351464599214	0.02254178002331908	422,0,0,0,0,0,0,362,28,0,0,0,0,17,373,0,0,0,0,0,0,379,6,3,0,0,0,4,273,3,0,0,0,0,2,334
0.9696282864913871	0.9696646873276602	0.9696282864913871	0.9696361238479734	0.02254178002331908	402,1,0,0,0,0,0,371,26,0,0,0,0,24,410,0,0,0,0,0,0,369,4,3,0,0,0,4,282,3,0,0,0,0,2,305
0.9741613780598368	0.9745384265759041	0.9741613780598368	0.9741384677243976	0.022347454333462857	411,0,0,0,0,0,0,364,28,0,0,1,0,9,405,0,0,0,0,0,0,369,5,1,0,0,0,3,304,5,0,0,0,0,5,296
0.9800543970988214	0.9801070341402448	0.9800543970988214	0.9800511528042335	0.022153128643606634	418,0,0,0,0,0,0,391,15,0,0,0,0,12,376,0,0,0,0,0,0,372,7,3,0,0,0,3,282,3,0,0,0,0,1,323
0.9782411604714415	0.9783747910590082	0.9782411604714415	0.9782463555779244	0.020015546055188516	413,0,0,0,0,0,0,371,12,0,0,0,0,21,411,0,0,0,0,0,0,365,1,4,0,0,0,5,305,3,0,0,0,0,2,293
0.9678150498640072	0.9679610554363107	0.9678150498640072	0.9678069031003727	0.02390205985231253	399,0,0,0,0,0,0,364,28,0,0,0,0,16,399,0,0,0,0,0,0,382,7,4,0,0,0,5,273,4,0,0,0,3,4,318
0.9728014505893019	0.9731297846861395	0.9728014505893019	0.9727944457043344	0.025650991061018313	418,0,0,0,0,0,0,383,34,0,0,1,0,17,363,0,0,0,0,0,0,384,3,2,0,0,0,2,275,1,0,0,0,0,0,323
0.9809610154125114	0.9810157250535917	0.9809610154125114	0.9809642472450594	0.021375825884181854	417,0,0,0,0,0,0,396,20,0,0,0,0,15,377,0,0,0,0,0,0,366,3,1,0,0,0,0,300,3,0,0,0,0,0,308
0.9777878513145966	0.9778658153148263	0.9777878513145966	0.9777919838103376	0.02390205985231253	431,0,0,0,0,0,0,379,16,0,0,0,0,23,386,0,0,0,0,0,0,360,3,2,0,0,0,0,291,3,0,0,0,1,1,310
0.9814143245693563	0.9814201229193851	0.9814143245693563	0.9814117177841639	0.024873688301593422	420,0,0,0,0,0,0,368,18,0,0,0,0,15,409,0,0,0,0,0,0,360,2,1,0,0,0,1,290,2,0,0,0,1,1,318
0.9777878513145966	0.9777901117204079	0.9777878513145966	0.9777640254915501	0.021181500194325742	424,0,0,0,0,0,0,349,16,0,0,1,0,15,388,0,0,0,0,0,0,374,5,3,0,0,0,6,294,3,0,0,0,0,0,328
0.9759746146872167	0.9760593856984162	0.9759746146872167	0.9759793215227277	0.022347454333462857	456,0,0,0,0,0,0,371,14,0,0,0,0,22,389,0,0,0,0,0,0,328,3,3,0,0,0,4,313,1,0,0,0,2,4,296
0.9782411604714415	0.9785581999306205	0.9782411604714415	0.9782150268695654	0.023124757092887638	428,0,0,0,0,0,0,370,24,0,0,0,0,6,408,0,0,0,0,0,0,335,2,0,0,0,0,5,301,5,0,0,0,1,5,316
0.9782411604714415	0.9782984812408024	0.9782411604714415	0.9782280168389683	0.024873688301593422	431,0,0,0,0,0,0,379,19,0,0,1,0,13,386,0,0,0,0,0,0,365,1,1,0,0,0,2,282,7,0,0,0,1,3,315
0.9805077062556664	0.9805488466363835	0.9805077062556664	0.9805019318461741	0.021570151574038077	413,0,0,0,0,0,0,359,15,0,0,1,0,11,397,0,0,0,0,0,0,362,9,0,0,0,0,4,296,2,0,0,0,0,1,336
0.9782411604714415	0.9782549737102999	0.9782411604714415	0.9782355785874393	0.024290711232024864	431,0,0,0,0,0,0,369,12,0,0,0,0,13,370,0,0,0,0,0,0,365,7,5,0,0,0,5,305,2,0,0,0,2,2,318
0.9886672710788758	0.9887271003931457	0.9886672710788758	0.9886592058262893	0.02545666537116209	402,0,0,0,0,0,0,365,14,0,0,0,0,6,421,0,0,0,0,0,0,380,0,0,0,0,0,1,303,2,0,0,0,1,1,310
0.985947416137806	0.9860016127764853	0.985947416137806	0.9859467704242255	0.02681694520015543	438,0,0,0,0,0,0,380,14,0,0,0,0,7,399,0,0,0,0,0,0,369,3,1,0,0,0,3,290,1,0,0,0,0,2,299
0.9836808703535811	0.9836839966461469	0.9836808703535811	0.9836748682402557	0.0283715507190051	431,0,0,0,0,0,0,382,11,0,0,1,0,14,390,0,0,0,0,0,0,352,2,2,0,0,0,0,300,1,0,0,0,3,2,315
0.9750679963735267	0.9751729871549434	0.9750679963735267	0.9750769362755924	0.023124757092887638	424,0,0,0,0,0,0,359,20,0,0,0,0,17,384,0,0,0,0,0,0,375,6,4,0,0,0,1,299,4,0,0,0,0,3,310
0.9782411604714415	0.978291300055241	0.9782411604714415	0.9782349064331919	0.02409638554216864	426,0,0,0,0,0,0,350,23,0,0,0,0,16,400,0,0,0,0,0,0,395,3,1,0,0,0,1,294,2,0,0,0,0,2,293
0.970988213961922	0.9711656630822382	0.970988213961922	0.9709754418880719	0.0217644772638943	415,0,0,0,0,1,0,364,24,0,0,0,0,12,374,0,0,0,0,0,0,355,3,1,0,0,0,5,329,9,0,0,0,4,5,305
0.9777878513145966	0.9778545833589888	0.9777878513145966	0.9777764906933727	0.023513408472600084	428,0,0,0,0,0,0,364,22,0,0,0,0,13,401,0,0,0,0,0,0,363,2,1,0,0,0,4,274,3,0,0,0,0,4,327
