accuracy	precision	recall	f1	oob	confMatrxVars
0.9125113327289212	0.9166033556230516	0.9125113327289212	0.9120414610332924	0.0814224640497474	414,0,0,0,0,1,0,308,75,0,0,0,0,22,380,0,0,0,0,0,0,366,3,12,0,0,0,19,257,36,0,0,0,18,7,288
0.9265639165911151	0.9270313883886386	0.9265639165911151	0.9264753110408803	0.08161678973960362	417,0,0,0,0,1,0,327,45,0,0,0,0,42,381,0,0,0,0,0,0,366,5,11,0,0,0,17,255,19,0,0,0,15,7,298
0.9224841341795105	0.9237987077174157	0.9224841341795105	0.9222040458869563	0.08317139525845318	427,0,0,0,0,0,0,334,60,0,0,0,0,23,400,0,0,0,0,0,0,329,0,14,0,0,0,16,260,19,0,0,0,20,19,285
0.9233907524932004	0.9249402507038625	0.9233907524932004	0.9231727425083439	0.08200544111931596	427,0,0,0,0,0,0,353,51,0,0,0,0,25,377,0,0,0,0,0,0,340,8,8,0,0,0,29,254,19,0,0,0,20,9,286
0.9184043517679057	0.9210612466915415	0.9184043517679057	0.9178843325880036	0.08064516129032262	404,0,0,0,0,0,0,330,66,0,0,0,0,21,386,0,0,0,0,0,0,358,5,11,0,0,0,26,242,27,0,0,0,15,9,306
0.9211242067089755	0.9220872630571066	0.9211242067089755	0.9206788357303883	0.07559269335406138	392,0,0,0,0,0,0,320,52,0,0,0,0,32,418,0,0,0,0,0,0,358,5,9,0,0,0,24,241,26,0,0,0,17,9,303
0.9206708975521306	0.9226383718788195	0.9206708975521306	0.9204546446611013	0.08375437232802174	406,0,0,0,0,1,0,308,58,0,0,0,0,23,397,0,0,0,0,0,0,363,4,17,0,0,0,21,257,22,0,0,0,22,7,300
0.9252039891205802	0.9262451625704801	0.9252039891205802	0.9249233099347256	0.08200544111931596	418,0,0,0,0,0,0,359,49,0,0,0,0,27,384,0,0,0,0,0,0,345,5,11,0,0,0,23,235,23,0,0,0,17,10,300
0.9111514052583862	0.9148580588137707	0.9111514052583862	0.9105134034001785	0.08919549164399532	412,0,0,0,0,1,0,300,74,0,0,1,0,25,402,0,0,0,0,0,0,372,7,14,0,0,0,24,252,35,0,0,0,9,6,272
0.9206708975521306	0.9215033229129783	0.9206708975521306	0.9205264033710906	0.08433734939759041	435,2,0,0,0,1,0,362,48,0,0,1,0,38,374,0,0,0,0,0,0,323,8,10,0,0,0,23,242,22,0,0,0,15,7,295
0.9116047144152312	0.9123358085909435	0.9116047144152312	0.9111256032123323	0.07850757870190439	428,0,0,0,0,1,0,339,57,0,0,0,0,37,372,0,0,0,0,0,0,368,4,10,0,0,0,25,226,28,0,0,0,17,16,278
0.9097914777878513	0.9146045455398921	0.9097914777878513	0.9089480079846067	0.08258841818888452	425,0,0,0,0,1,0,303,85,0,0,0,0,15,392,0,0,0,0,0,0,337,10,9,0,0,0,31,248,26,0,0,0,12,10,302
0.9360834088848595	0.9366165970574144	0.9360834088848595	0.935860049668261	0.08297706956859696	443,0,0,0,0,0,0,330,46,0,0,0,0,25,386,0,0,0,0,0,0,357,6,7,0,0,0,19,264,19,0,0,0,9,10,285
0.915684496826836	0.9185086543817044	0.915684496826836	0.9154017612459255	0.08394869801787797	441,0,0,0,0,0,0,316,75,0,0,0,0,24,378,0,0,0,0,0,0,350,6,14,0,0,0,21,263,19,0,0,0,19,8,272
0.915684496826836	0.9160577837372718	0.915684496826836	0.9156163594318623	0.08122813835989118	434,0,0,0,0,1,0,336,50,0,0,1,0,41,362,0,0,0,0,0,0,343,10,16,0,0,0,17,247,23,0,0,0,16,11,298
0.9279238440616501	0.9297441040706746	0.9279238440616501	0.927696526782576	0.09055577147298877	435,0,0,0,0,0,0,324,53,0,0,0,0,28,402,0,0,0,0,0,0,332,6,9,0,0,0,30,263,16,0,0,0,15,2,291
0.9256572982774252	0.9265189893501063	0.9256572982774252	0.925432429699751	0.07850757870190439	453,2,0,0,0,0,0,327,48,0,0,0,0,35,379,0,0,0,0,0,0,323,6,8,0,0,0,22,257,24,0,0,0,12,7,303
0.914324569356301	0.9151303995609337	0.914324569356301	0.9139311954057786	0.0767586474931986	434,0,0,0,0,0,0,338,42,0,0,0,0,51,346,0,0,0,0,0,0,363,6,8,0,0,0,28,258,28,0,0,0,14,12,278
0.9333635539437897	0.933887699745782	0.9333635539437897	0.9332723502207955	0.08317139525845318	444,0,0,0,0,1,0,337,32,0,0,0,0,36,396,0,0,0,0,0,0,331,5,10,0,0,0,22,249,16,0,0,0,15,10,302
0.9297370806890299	0.9313024907361956	0.9297370806890299	0.9296464585595976	0.08258841818888452	410,0,0,0,0,1,0,336,49,0,0,0,0,26,386,0,0,0,0,0,0,357,5,12,0,0,0,24,269,17,0,0,0,18,3,293
0.914777878513146	0.916040149412415	0.914777878513146	0.9146293445868738	0.07598134473377383	441,0,0,0,0,1,0,339,46,0,0,0,0,49,360,0,0,0,0,0,0,339,6,5,0,0,0,29,266,17,0,0,0,23,12,273
0.9347234814143246	0.9356341443723294	0.9347234814143246	0.9345419988460295	0.08064516129032262	450,1,0,0,0,0,0,331,43,0,0,1,0,16,385,0,0,0,0,0,0,344,9,11,0,0,0,16,247,23,0,0,0,15,9,305
0.929283771532185	0.9298457519958959	0.929283771532185	0.929132477297066	0.08336572094830941	434,0,0,0,0,1,0,332,42,0,0,0,0,41,375,0,0,0,0,0,0,347,6,8,0,0,0,21,258,19,0,0,0,12,6,304
0.9202175883952856	0.9209718174116415	0.9202175883952856	0.9199605989557297	0.07909055577147295	436,0,0,0,0,1,0,325,52,0,0,0,0,30,393,0,0,0,0,0,0,342,7,11,0,0,0,19,252,28,0,0,0,15,13,282
0.9270172257479601	0.92875227983077	0.9270172257479601	0.9266326251910447	0.08336572094830941	430,0,0,0,0,1,0,308,71,0,0,1,0,28,388,0,0,0,0,0,0,375,7,6,0,0,0,14,256,20,0,0,0,8,5,288
