accuracy	precision	recall	f1	oob	confMatrxVars
0.9796010879419764	0.9795971109599385	0.9796010879419764	0.9795907201612519	0.021958802953750522	423,0,0,0,0,0,0,354,15,0,0,1,0,13,403,0,0,0,0,0,0,370,4,2,0,0,0,4,306,3,0,0,0,2,1,305
0.9741613780598368	0.9743385726925209	0.9741613780598368	0.9741670607053718	0.020792848814613296	426,0,0,0,0,0,0,382,22,0,0,1,0,16,404,0,0,0,0,0,0,364,5,5,0,0,0,0,275,6,0,0,0,1,1,298
0.9750679963735267	0.9751514241988969	0.9750679963735267	0.9750600803671291	0.020792848814613296	446,0,0,0,0,0,0,373,19,0,0,0,0,11,376,0,0,0,0,0,0,367,6,6,0,0,0,6,280,3,0,0,0,2,2,309
0.9805077062556664	0.9805724457405292	0.9805077062556664	0.9805159068850569	0.024873688301593422	384,0,0,0,0,0,0,376,15,0,0,0,0,21,399,0,0,0,0,0,0,387,3,0,0,0,0,1,289,1,0,0,0,0,2,328
0.9832275611967362	0.9833425699716447	0.9832275611967362	0.9832366620839039	0.021958802953750522	416,1,0,0,0,0,0,384,15,0,0,0,0,7,394,0,0,0,0,0,0,359,1,5,0,0,0,1,292,1,0,0,0,0,6,324
0.9823209428830463	0.9824216536603859	0.9823209428830463	0.9823102677745463	0.022930431403031526	410,0,0,0,0,0,0,348,18,0,0,0,0,9,414,0,0,0,0,0,0,372,4,2,0,0,0,1,286,4,0,0,0,0,1,337
0.9786944696282865	0.978747080085421	0.9786944696282865	0.9787014458338853	0.023124757092887638	403,0,0,0,0,0,0,365,14,0,0,1,0,20,412,0,0,0,0,0,0,361,2,1,0,0,0,0,284,4,0,0,0,1,4,334
0.9732547597461468	0.9733226832292169	0.9732547597461468	0.973265019356226	0.022930431403031526	419,0,0,0,0,0,0,361,15,0,0,0,0,20,414,0,0,0,0,0,0,349,4,5,0,0,0,4,277,5,0,0,0,1,5,327
0.9814143245693563	0.9814569629538804	0.9814143245693563	0.9814187291337242	0.02409638554216864	429,0,0,0,0,0,0,389,14,0,0,0,0,15,403,0,0,0,0,0,0,349,2,4,0,0,0,1,268,3,0,0,0,0,2,327
0.9768812330009066	0.9770398288004878	0.9768812330009066	0.9768788211324407	0.025650991061018313	395,0,0,0,0,0,0,379,20,0,0,0,0,9,396,0,0,0,0,0,0,352,3,7,0,0,0,4,301,3,0,0,0,1,4,332
0.9791477787851315	0.9792336603476034	0.9791477787851315	0.9791488888059193	0.022736105713175303	432,0,0,0,0,0,0,362,13,0,0,0,0,18,379,0,0,0,0,0,0,351,3,6,0,0,0,2,306,2,0,0,0,0,2,330
0.9755213055303718	0.9756245569426374	0.9755213055303718	0.9755200498060307	0.021570151574038077	386,0,0,0,0,0,0,377,25,0,0,0,0,16,395,0,0,0,0,0,0,364,0,7,0,0,0,1,287,1,0,0,0,2,2,343
0.9818676337262012	0.9818547190900833	0.9818676337262012	0.981858174920592	0.02254178002331908	425,0,0,0,0,0,0,345,14,0,0,1,0,13,428,0,0,0,0,0,0,370,2,0,0,0,0,4,265,2,0,0,0,0,4,333
0.9814143245693563	0.9815466221354039	0.9814143245693563	0.9814188371839242	0.02254178002331908	438,0,0,0,0,0,0,350,12,0,0,0,0,14,399,0,0,0,0,0,0,378,5,6,0,0,0,0,299,1,0,0,0,0,3,301
0.9746146872166818	0.9749484671524894	0.9746146872166818	0.9746167457996442	0.02040419743490085	451,0,0,0,0,0,0,400,28,0,0,1,0,12,364,0,0,0,0,0,0,351,5,2,0,0,0,3,296,4,0,0,0,0,1,288
0.9796010879419764	0.9796047344206563	0.9796010879419764	0.9795981233778199	0.02331908278274386	414,0,0,0,0,0,0,378,19,0,0,0,0,17,415,0,0,0,0,0,0,339,3,1,0,0,0,2,290,2,0,0,0,0,1,325
0.9768812330009066	0.9768929217407755	0.9768812330009066	0.9768804633300019	0.022930431403031526	424,0,0,0,0,0,0,372,19,0,0,0,0,19,401,0,0,0,0,0,0,359,1,2,0,0,0,1,280,2,0,0,0,2,5,319
0.9773345421577516	0.9774609305443629	0.9773345421577516	0.977340314155491	0.022153128643606634	425,0,0,0,0,1,0,368,23,0,0,0,0,16,413,0,0,0,0,0,0,348,1,3,0,0,0,0,289,5,0,0,0,1,0,313
0.9746146872166818	0.9747475478250459	0.9746146872166818	0.9746193260059104	0.02020987174504474	431,0,0,0,0,0,0,387,26,0,0,0,0,18,388,0,0,0,0,0,0,353,4,3,0,0,0,0,270,4,0,0,0,0,1,321
0.9782411604714415	0.9782677819744251	0.9782411604714415	0.9782373864464978	0.02390205985231253	425,0,0,0,0,0,0,374,13,0,0,0,0,17,394,0,0,0,0,0,0,352,2,1,0,0,0,3,281,4,0,0,0,4,4,332
0.9786944696282865	0.9787666330393763	0.9786944696282865	0.9786984183126888	0.022347454333462857	408,0,0,0,0,1,0,370,17,0,0,0,0,14,365,0,0,0,0,0,0,355,6,3,0,0,0,1,318,2,0,0,0,1,2,343
0.9868540344514959	0.9869071802573491	0.9868540344514959	0.9868605989454654	0.023124757092887638	447,0,0,0,0,0,0,348,9,0,0,1,0,7,382,0,0,0,0,0,0,362,2,3,0,0,0,0,294,4,0,0,0,0,3,344
0.9750679963735267	0.9750665617660207	0.9750679963735267	0.97505851325263	0.024485036921881087	436,0,0,0,0,0,0,374,18,0,0,1,0,18,403,0,0,0,0,0,0,337,2,2,0,0,0,5,295,3,0,0,0,3,3,306
0.9818676337262012	0.9819875075519932	0.9818676337262012	0.981874415751908	0.02331908278274386	437,0,0,0,0,0,0,364,11,0,0,0,0,20,397,0,0,0,0,0,0,349,3,2,0,0,0,1,292,2,0,0,0,0,1,327
0.9814143245693563	0.9814932631705423	0.9814143245693563	0.9814128654173172	0.02020987174504474	431,0,0,0,0,1,0,384,18,0,0,0,0,13,415,0,0,0,0,0,0,343,1,2,0,0,0,2,280,4,0,0,0,0,0,312
