accuracy	precision	recall	f1	oob	confMatrxVars
0.7470534904805077	0.8348926471046	0.7470534904805077	0.7003128060823146	0.2586474931986008	383,0,0,0,0,0,10,45,334,0,0,0,0,0,442,0,0,0,0,0,0,364,6,1,0,0,0,32,249,3,0,0,0,141,31,165
0.8263825929283771	0.8441938885657476	0.8263825929283771	0.8165227843245317	0.18538670812281388	429,0,0,0,0,0,6,152,215,0,0,0,0,32,387,0,0,0,0,0,0,374,11,8,0,0,0,38,249,5,0,0,0,40,28,232
0.7452402538531279	0.8416819284519048	0.7452402538531279	0.6943474841394798	0.2537893509521959	435,0,0,0,0,0,11,22,357,0,0,0,0,0,380,0,0,0,0,0,0,340,5,4,0,0,0,43,272,2,0,0,0,110,30,195
0.7688123300090662	0.8451726922680002	0.7688123300090662	0.7282925612798619	0.22930431403031482	425,0,0,0,0,0,13,43,322,0,0,0,0,0,394,0,0,0,0,0,0,357,10,3,0,0,0,43,256,6,0,0,0,80,33,221
0.7756119673617408	0.857857059651625	0.7756119673617408	0.73233275014715	0.21434123591138754	437,0,0,0,0,2,18,46,355,0,0,0,0,0,411,0,0,0,0,0,0,332,4,3,0,0,0,45,246,2,0,0,0,51,15,239
0.7747053490480508	0.8506966902208295	0.7747053490480508	0.7304740651587831	0.23085891954916438	445,0,0,0,0,0,15,31,324,0,0,1,0,0,399,0,0,0,0,0,0,338,11,1,0,0,0,43,260,6,0,0,0,73,23,236
0.8349954669084315	0.8645254047753961	0.8349954669084315	0.8224083459255613	0.2036533229692965	430,0,0,0,0,0,20,145,189,0,0,1,0,5,410,0,0,0,0,0,0,384,17,7,0,0,0,32,249,1,0,0,0,64,28,224
0.8100634632819583	0.8480655450957568	0.8100634632819583	0.7936571755181798	0.21239797901282553	421,0,0,0,0,1,16,126,230,0,0,1,0,10,413,0,0,0,0,0,0,358,10,4,0,0,0,46,249,3,0,0,0,76,22,220
0.8218495013599275	0.8452681575740568	0.8218495013599275	0.8119561238223534	0.19141080450835601	423,0,0,0,1,1,19,169,185,0,0,0,0,28,422,0,0,0,0,0,0,330,5,3,0,0,0,36,246,2,0,0,0,88,25,223
0.8059836808703535	0.8579286449580197	0.8059836808703535	0.7783099241506395	0.22386319471434124	421,0,0,0,0,1,17,80,274,0,0,1,0,0,414,0,0,0,0,0,0,378,11,11,0,0,0,34,237,8,0,0,0,42,29,248
0.7796917497733454	0.8435553562321134	0.7796917497733454	0.7490658054723613	0.23163622230858916	403,0,0,0,0,0,25,84,288,0,0,0,0,1,427,0,0,0,0,0,0,352,9,1,0,0,0,44,242,6,0,0,0,87,25,212
0.7651858567543064	0.8438217238256852	0.7651858567543064	0.7248614567767668	0.2339681305868636	433,0,0,0,0,0,19,50,334,0,0,0,0,1,404,0,0,0,0,0,0,332,12,2,0,0,0,44,264,4,0,0,0,88,14,205
0.7543064369900272	0.8375757870783861	0.7543064369900272	0.7100234503252769	0.23999222697240574	436,0,0,0,0,0,16,40,329,0,0,1,0,0,404,0,0,0,0,0,0,359,10,0,0,0,0,46,233,7,0,0,0,107,26,192
0.7760652765185857	0.8421390511510368	0.7760652765185857	0.7533128862286662	0.2396035755926934	428,0,0,0,0,1,13,121,281,0,0,0,0,4,436,0,0,0,0,0,0,313,7,0,0,0,0,51,240,2,0,0,0,107,28,174
0.7538531278331823	0.8350086434562426	0.7538531278331823	0.7077583973321393	0.25242907112320245	435,0,0,0,0,1,24,32,319,0,0,0,0,0,385,0,0,0,0,0,0,363,10,2,0,0,0,51,247,6,0,0,0,100,30,201
0.7651858567543064	0.8469240458587651	0.7651858567543064	0.7210347988695681	0.2244461717839098	412,0,0,0,0,1,12,39,353,0,0,0,0,0,399,0,0,0,0,0,0,363,13,4,0,0,0,46,255,5,0,0,0,57,27,220
0.7878513145965549	0.8541035340867426	0.7878513145965549	0.7607966580973258	0.22308589195491646	433,0,0,0,0,1,7,88,293,0,0,0,0,0,417,0,0,0,0,0,0,345,8,3,0,0,0,40,244,2,0,0,0,80,34,211
0.7271078875793291	0.8313265754539837	0.7271078875793291	0.6746767250414005	0.26467158958414305	407,0,0,0,0,0,9,30,376,0,0,0,0,0,418,0,0,0,0,0,0,353,10,1,0,0,0,48,218,1,0,0,0,128,29,178
0.7325475974614687	0.8299224077217905	0.7325475974614687	0.6909743420392066	0.25787019043917603	405,0,0,0,0,0,3,89,288,0,0,0,0,0,410,0,0,0,0,0,0,368,10,0,0,0,0,43,255,1,0,0,0,209,36,89
0.8182230281051677	0.8557109827338442	0.8182230281051677	0.8018176517200238	0.19762922658375437	400,0,0,0,0,0,12,136,253,0,0,0,0,10,433,0,0,0,0,0,0,355,12,5,0,0,0,38,250,3,0,0,0,47,21,231
0.7212148685403446	0.8324132434823384	0.7212148685403446	0.6714073709396142	0.27147298872910997	402,0,0,0,0,0,4,41,357,0,0,0,0,0,402,0,0,0,0,0,0,358,11,0,0,0,0,44,253,0,0,0,0,174,25,135
0.7805983680870353	0.8506238310713413	0.7805983680870353	0.7527990167554758	0.23416245627671983	431,0,0,0,0,0,10,85,298,0,0,0,0,1,398,0,0,0,0,0,0,371,11,1,0,0,0,47,228,1,0,0,0,89,26,209
0.7828649138712602	0.8185737393781067	0.7828649138712602	0.7652917357333905	0.20501360279828995	393,0,0,0,0,1,19,128,254,0,0,1,0,25,398,0,0,0,0,0,0,342,5,3,0,0,0,59,257,5,0,0,0,79,28,209
0.7914777878513146	0.8356691294699592	0.7914777878513146	0.7724528363624067	0.2188107267780801	413,0,0,0,0,0,18,123,255,0,0,0,0,13,400,0,0,0,0,0,0,354,11,2,0,0,0,45,243,3,0,0,0,84,29,213
0.7239347234814143	0.8201475863932901	0.7239347234814143	0.6735961187485865	0.25981344733773803	397,0,0,0,0,1,23,46,340,0,0,0,0,0,433,0,0,0,0,0,0,355,12,0,0,0,0,51,222,1,0,0,0,143,38,144
