accuracy	precision	recall	f1	oob	confMatrxVars
0.9514959202175884	0.9516707940884523	0.9514959202175884	0.9514949954402155	0.04858142246404973	439,0,0,0,0,1,0,320,31,0,0,0,0,40,378,0,0,0,0,0,0,357,6,4,0,0,0,10,285,9,0,0,0,1,5,320
0.9519492293744334	0.9520899971418768	0.9519492293744334	0.9519249676962113	0.046055188495919164	414,0,0,0,0,1,0,346,34,0,0,0,0,31,365,0,0,0,0,0,0,360,5,9,0,0,0,12,291,8,0,0,0,2,4,324
0.9555757026291931	0.9557293905687219	0.9555757026291931	0.9555812222557681	0.04780411970462495	419,0,0,0,0,0,0,353,26,0,0,0,0,34,392,0,0,0,0,0,0,389,5,9,0,0,0,9,262,7,0,0,0,3,5,293
0.9551223934723482	0.9559209148876952	0.9551223934723482	0.9550822763236738	0.047609794014768725	431,0,0,0,0,1,0,349,40,0,0,1,0,20,361,0,0,0,0,0,0,384,7,10,0,0,0,9,274,10,0,0,0,0,1,308
0.9637352674524026	0.9641750381919034	0.9637352674524026	0.9636505107942263	0.04566653711620672	429,0,0,0,0,1,0,336,35,0,0,1,0,14,422,0,0,0,0,0,0,364,4,4,0,0,0,6,251,8,0,0,0,6,1,324
0.9465095194922938	0.9465725552915298	0.9465095194922938	0.9463953505530494	0.04411193159735716	424,0,0,0,0,1,0,337,34,0,0,0,0,36,381,0,0,0,0,0,0,369,6,4,0,0,0,16,266,13,0,0,0,1,7,311
0.9456029011786038	0.9460298731635121	0.9456029011786038	0.9456434376968487	0.04488923435678194	428,0,0,0,0,0,0,348,38,0,0,0,0,27,361,0,0,0,0,0,0,368,10,15,0,0,0,6,262,10,0,0,0,4,10,319
0.956029011786038	0.9568301659342358	0.956029011786038	0.9559972718443518	0.048387096774193505	404,0,0,0,0,1,0,372,35,0,0,0,0,15,382,0,0,0,0,0,0,377,8,8,0,0,0,12,297,14,0,0,0,2,2,277
0.9519492293744334	0.9521783885043911	0.9519492293744334	0.9519685749349327	0.046832491255343944	437,0,0,0,0,2,0,354,36,0,0,0,0,26,372,0,0,0,0,0,0,369,4,9,0,0,0,7,263,10,0,0,0,5,7,305
0.9524025385312783	0.9526846891475517	0.9524025385312783	0.9523630619906466	0.049747376603186955	409,0,0,0,0,2,0,362,38,0,0,0,0,21,401,0,0,0,0,0,0,342,6,5,0,0,0,12,277,9,0,0,0,4,8,310
0.9501359927470535	0.9502102810044646	0.9501359927470535	0.9501433682735985	0.04644383987563161	431,0,0,0,0,0,0,362,35,0,0,0,0,37,373,0,0,0,0,0,0,338,6,11,0,0,0,4,284,6,0,0,0,6,5,308
0.956482320942883	0.9565583267225886	0.956482320942883	0.9564465455952973	0.04702681694520017	412,0,0,0,0,1,0,363,27,0,0,1,0,21,402,0,0,0,0,0,0,353,8,5,0,0,0,11,277,11,0,0,0,6,5,303
0.9596554850407978	0.9599201777311553	0.9596554850407978	0.9596686460548607	0.05091333074232418	418,0,0,0,0,1,0,354,32,0,0,0,0,18,398,0,0,0,0,0,0,374,6,7,0,0,0,7,272,6,0,0,0,1,11,301
0.9487760652765186	0.9499802642742353	0.9487760652765186	0.9486496409464907	0.046055188495919164	416,0,0,0,0,0,0,324,44,0,0,0,0,14,387,0,0,0,0,0,0,397,6,10,0,0,0,12,273,17,0,0,0,6,4,296
0.9546690843155031	0.9552166581427367	0.9546690843155031	0.954645162462216	0.04527788573649438	426,0,0,0,0,2,0,355,42,0,0,0,0,19,380,0,0,0,0,0,0,341,7,7,0,0,0,10,272,5,0,0,0,4,4,332
0.9555757026291931	0.9559752240798268	0.9555757026291931	0.9555180021874974	0.047609794014768725	428,0,0,0,0,0,0,356,35,0,0,0,0,20,397,0,0,0,0,0,0,344,5,10,0,0,0,11,273,11,0,0,0,2,4,310
0.956482320942883	0.9568525498520759	0.956482320942883	0.9564685937243027	0.04702681694520017	452,0,0,0,0,0,0,354,38,0,0,0,0,20,364,0,0,0,0,0,0,352,6,4,0,0,0,9,284,6,0,0,0,8,5,304
0.957388939256573	0.957520733068458	0.957388939256573	0.9573716945961983	0.046832491255343944	433,0,0,0,0,0,0,359,32,0,0,0,0,20,384,0,0,0,0,0,0,347,5,5,0,0,0,6,277,12,0,0,0,4,10,312
0.9465095194922938	0.9467048080761228	0.9465095194922938	0.9464893569293674	0.04722114263505639	403,0,0,0,0,1,0,358,32,0,0,0,0,43,386,0,0,0,0,0,0,363,2,5,0,0,0,9,274,13,0,0,0,3,10,304
0.9478694469628286	0.9483353960570531	0.9478694469628286	0.947779951418743	0.049747376603186955	413,0,0,0,0,0,0,364,25,0,0,0,0,39,400,0,0,0,0,0,0,345,2,4,0,0,0,15,257,13,0,0,0,9,8,312
0.956029011786038	0.9562332718396119	0.956029011786038	0.9559764979491996	0.046832491255343944	447,0,0,0,0,0,0,358,24,0,0,1,0,32,372,0,0,0,0,0,0,347,4,5,0,0,0,13,282,10,0,0,0,4,4,303
0.9610154125113327	0.9611797928864133	0.9610154125113327	0.9609949765707355	0.04663816556548772	401,0,0,0,0,1,0,350,28,0,0,0,0,16,391,0,0,0,0,0,0,369,5,6,0,0,0,10,288,7,0,0,0,7,6,321
0.9474161378059837	0.947571641587637	0.9474161378059837	0.9472680385251654	0.048970073843762174	419,0,0,0,0,1,0,334,39,0,0,1,0,35,389,0,0,0,0,0,0,399,3,1,0,0,0,10,253,17,0,0,0,4,5,296
0.956935630099728	0.9576858400450792	0.956935630099728	0.9568245640367228	0.048970073843762174	403,0,0,0,0,2,0,344,38,0,0,0,0,15,400,0,0,0,0,0,0,364,4,3,0,0,0,12,289,14,0,0,0,4,3,311
0.9578422484134179	0.9581586137167402	0.9578422484134179	0.9578313159391169	0.048970073843762174	419,1,0,0,0,0,0,342,28,0,0,0,0,26,381,0,0,0,0,0,0,375,3,7,0,0,0,10,305,13,0,0,0,1,4,291
