accuracy	precision	recall	f1	oob	confMatrxVars
0.9832275611967362	0.9832492073658633	0.9832275611967362	0.9832315674410174	0.02040419743490085	432,0,0,0,0,1,0,368,13,0,0,0,0,11,406,0,0,0,0,0,0,352,2,2,0,0,0,2,290,3,0,0,0,0,3,321
0.9773345421577516	0.9773519909986279	0.9773345421577516	0.9773358000371595	0.022153128643606634	428,0,0,0,0,0,0,380,17,0,0,0,0,20,395,0,0,0,0,0,0,335,3,2,0,0,0,2,290,3,0,0,0,1,2,328
0.9750679963735267	0.9752146568822793	0.9750679963735267	0.9750690522342988	0.02040419743490085	417,0,0,0,0,0,0,347,25,0,0,0,0,15,383,0,0,0,0,0,0,363,5,1,0,0,0,0,315,4,0,0,0,1,4,326
0.9786944696282865	0.9787667077839798	0.9786944696282865	0.9786896284072448	0.024485036921881087	455,0,0,0,0,0,0,370,12,0,0,0,0,13,383,0,0,0,0,0,0,362,8,5,0,0,0,4,273,3,0,0,0,0,2,316
0.9786944696282865	0.9787082578446441	0.9786944696282865	0.9786895978875807	0.022153128643606634	423,0,0,0,0,0,0,357,18,0,0,0,0,14,379,0,0,0,0,0,0,350,2,3,0,0,0,5,325,2,0,0,0,0,3,325
0.9737080689029919	0.9737212724637576	0.9737080689029919	0.9737121673822773	0.021375825884181854	419,0,0,0,0,0,0,367,24,0,0,0,0,23,359,0,0,0,0,0,0,354,3,0,0,0,0,1,296,4,0,0,0,0,3,353
0.9777878513145966	0.9779372482186258	0.9777878513145966	0.9777817160111737	0.020792848814613296	438,0,0,0,0,0,0,357,20,0,0,0,0,12,386,0,0,0,0,0,0,354,5,6,0,0,0,2,290,0,0,0,0,0,4,332
0.9746146872166818	0.9747111179255116	0.9746146872166818	0.9746058849560844	0.022153128643606634	418,0,0,0,0,0,0,362,23,0,0,0,0,13,399,0,0,0,0,0,0,363,4,3,0,0,0,4,278,4,0,0,0,1,4,330
0.9786944696282865	0.9787308642940818	0.9786944696282865	0.978683718254264	0.02331908278274386	423,0,0,0,0,0,0,355,22,0,0,0,0,15,401,0,0,0,0,0,0,366,3,1,0,0,0,4,300,1,0,0,0,1,0,314
0.9796010879419764	0.9796504383228569	0.9796010879419764	0.9796018789566665	0.019821220365332293	410,0,0,0,0,0,0,387,18,0,0,0,0,12,399,0,0,0,0,0,0,345,3,3,0,0,0,2,295,3,0,0,0,1,3,325
0.9791477787851315	0.9791848429795091	0.9791477787851315	0.9791413599636151	0.023124757092887638	429,0,0,0,0,0,0,348,19,0,0,0,0,13,393,0,0,0,0,0,0,335,3,3,0,0,0,3,318,2,0,0,0,0,3,337
0.9750679963735267	0.9751295574062739	0.9750679963735267	0.9750753560645605	0.0217644772638943	426,0,0,0,0,0,0,381,20,0,0,0,0,17,385,0,0,0,0,0,0,343,5,3,0,0,0,1,299,5,0,0,0,1,3,317
0.9805077062556664	0.9804987908575369	0.9805077062556664	0.98049885741534	0.02020987174504474	419,0,0,0,0,0,0,351,18,0,0,1,0,17,398,0,0,0,0,0,0,377,2,1,0,0,0,0,300,2,0,0,0,1,1,318
0.9786944696282865	0.9788183831772569	0.9786944696282865	0.9786902468084242	0.0217644772638943	414,0,0,0,0,0,0,369,23,0,0,0,0,13,402,0,0,0,0,0,0,370,4,2,0,0,0,1,290,2,0,0,0,0,2,314
0.9773345421577516	0.9774147469040046	0.9773345421577516	0.9773298447647143	0.022930431403031526	415,0,0,0,0,0,0,364,20,0,0,0,0,13,397,0,0,0,0,0,0,358,3,3,0,0,0,2,290,6,0,0,0,1,2,332
0.9777878513145966	0.9778518527226742	0.9777878513145966	0.9777726975772398	0.02098717450446952	438,0,0,0,0,0,0,385,18,0,0,0,0,12,374,0,0,0,0,0,0,352,4,4,0,0,0,6,282,4,0,0,0,0,1,326
0.9750679963735267	0.9750988409297134	0.9750679963735267	0.9750698746591742	0.021958802953750522	392,1,0,0,0,0,0,364,19,0,0,0,0,14,384,0,0,0,0,0,0,358,6,1,0,0,0,5,315,5,0,0,0,1,3,338
0.9809610154125114	0.9810612991305211	0.9809610154125114	0.9809656101948089	0.021375825884181854	388,0,0,0,0,0,0,373,17,0,0,0,0,9,404,0,0,0,0,0,0,391,3,3,0,0,0,1,291,3,0,0,0,1,5,317
0.9768812330009066	0.9770001769566271	0.9768812330009066	0.9768914257462463	0.019821220365332293	401,0,0,0,0,1,0,370,18,0,0,0,0,10,397,0,0,0,0,0,0,370,3,6,0,0,0,3,288,3,0,0,0,1,6,329
0.986400725294651	0.9864389198502537	0.986400725294651	0.9863925060179566	0.022736105713175303	403,0,0,0,0,0,0,377,15,0,0,1,0,9,406,0,0,0,0,0,0,348,2,0,0,0,0,1,300,0,0,0,0,0,2,342
0.9823209428830463	0.982406857821864	0.9823209428830463	0.9823204234853187	0.021375825884181854	420,0,0,0,0,0,0,373,9,0,0,1,0,15,407,0,0,0,0,0,0,364,6,3,0,0,0,2,275,2,0,0,0,0,1,328
0.9755213055303718	0.9755164958841452	0.9755213055303718	0.9755182217236185	0.02040419743490085	396,0,0,0,0,0,0,398,20,0,0,0,0,20,391,0,0,0,0,0,0,345,1,1,0,0,0,3,306,4,0,0,0,0,5,316
0.985040797824116	0.9850383066637097	0.985040797824116	0.9850346762018237	0.023707734162456306	421,0,0,0,0,0,0,341,12,0,0,1,0,13,426,0,0,0,0,0,0,375,1,1,0,0,0,2,281,2,0,0,0,0,1,329
0.9800543970988214	0.9801254996216067	0.9800543970988214	0.9800561727198025	0.021375825884181854	424,0,0,0,0,0,0,348,15,0,0,0,0,14,417,0,0,0,0,0,0,365,4,2,0,0,0,1,296,7,0,0,0,0,1,312
0.9823209428830463	0.9823879725412014	0.9823209428830463	0.9823193022481148	0.02331908278274386	422,0,0,0,0,1,0,355,18,0,0,0,0,12,407,0,0,0,0,0,0,364,3,2,0,0,0,0,303,1,0,0,0,0,2,316
