accuracy	precision	recall	f1	oob	confMatrxVars
0.9750679963735267	0.975103158857906	0.9750679963735267	0.9750616809867102	0.02331908278274386	447,0,0,0,0,1,0,357,16,0,0,1,0,14,377,0,0,0,0,0,0,329,6,5,0,0,0,5,297,3,0,0,0,1,3,344
0.9768812330009066	0.9769518014836639	0.9768812330009066	0.9768806346725669	0.02254178002331908	402,0,0,0,0,0,0,376,15,0,0,0,0,23,401,0,0,0,0,0,0,373,0,1,0,0,0,2,270,4,0,0,0,1,5,333
0.985494106980961	0.9855034160716557	0.985494106980961	0.9854935148182675	0.021958802953750522	417,0,0,0,0,0,0,362,13,0,0,0,0,12,401,0,0,0,0,0,0,347,1,2,0,0,0,1,295,2,0,0,0,1,0,352
0.9773345421577516	0.9773892768777713	0.9773345421577516	0.9773075762158168	0.023707734162456306	434,0,0,0,0,0,0,360,18,0,0,0,0,11,387,0,0,0,0,0,0,367,2,2,0,0,0,9,294,4,0,0,0,0,4,314
0.9800543970988214	0.9800867300909679	0.9800543970988214	0.9800362987399074	0.022153128643606634	448,0,0,0,0,0,0,348,15,0,0,0,0,9,393,0,0,0,0,0,0,376,3,3,0,0,0,8,298,3,0,0,0,0,3,299
0.9791477787851315	0.9793396727547437	0.9791477787851315	0.9791389820520712	0.021375825884181854	405,0,0,0,0,0,0,383,23,0,0,0,0,10,396,0,0,0,0,0,0,381,1,2,0,0,0,4,272,3,0,0,0,2,1,323
0.9764279238440616	0.9766750448696514	0.9764279238440616	0.9764320938649791	0.020015546055188516	422,0,0,0,0,1,0,373,21,0,0,1,0,11,390,0,0,0,0,0,0,356,7,4,0,0,0,0,271,3,0,0,0,1,3,342
0.9800543970988214	0.9801360703919775	0.9800543970988214	0.9800607520365519	0.025845316750874425	438,0,0,0,0,0,0,353,13,0,0,0,0,19,422,0,0,0,0,0,0,341,1,2,0,0,0,2,273,5,0,0,0,0,2,335
0.9750679963735267	0.9752982290005401	0.9750679963735267	0.9750773471638553	0.023513408472600084	417,0,0,0,0,2,0,375,26,0,0,0,0,14,390,0,0,0,0,0,0,337,2,4,0,0,0,1,299,4,0,0,0,1,1,333
0.9791477787851315	0.9793007485923263	0.9791477787851315	0.9791589682737896	0.02331908278274386	440,0,0,0,0,0,0,398,22,0,0,0,0,13,365,0,0,0,0,0,0,350,5,2,0,0,0,1,289,1,0,0,0,0,2,318
0.9764279238440616	0.9764401039154796	0.9764279238440616	0.9764168802343158	0.021181500194325742	412,0,0,0,0,0,0,369,21,0,0,1,0,16,382,0,0,0,0,0,0,379,2,3,0,0,0,4,298,1,0,0,0,1,3,314
0.9823209428830463	0.9823356872141568	0.9823209428830463	0.9823225944677895	0.022153128643606634	412,0,0,0,0,1,0,370,14,0,0,0,0,11,379,0,0,0,0,0,0,395,3,1,0,0,0,4,289,2,0,0,0,0,3,322
0.9741613780598368	0.9743455779499168	0.9741613780598368	0.974147856531354	0.02020987174504474	397,0,0,0,0,0,0,369,25,0,0,0,0,11,407,0,0,0,0,0,0,355,4,1,0,0,0,6,297,4,0,0,0,0,6,324
0.9755213055303718	0.9759250640691012	0.9755213055303718	0.9755000521620515	0.023513408472600084	424,0,0,0,0,0,0,375,31,0,0,0,0,11,431,0,0,0,0,0,0,358,3,3,0,0,0,1,257,1,0,0,0,0,4,307
0.9791477787851315	0.9791788862221543	0.9791477787851315	0.9791532858308334	0.02254178002331908	435,0,0,0,0,2,0,368,18,0,0,0,0,16,387,0,0,0,0,0,0,354,2,2,0,0,0,2,299,2,0,0,0,0,2,317
0.971441523118767	0.9717601270822911	0.971441523118767	0.9714054629033473	0.021375825884181854	409,0,0,0,0,0,0,359,29,0,0,1,0,12,383,0,0,0,0,0,0,394,3,4,0,0,0,6,275,5,0,0,0,0,3,323
0.9791477787851315	0.9792226709127205	0.9791477787851315	0.9791281642940652	0.021181500194325742	420,0,0,0,0,0,0,376,22,0,0,1,0,14,411,0,0,0,0,0,0,343,0,2,0,0,0,3,285,3,0,0,0,0,1,325
0.9814143245693563	0.9814259788228805	0.9814143245693563	0.9814124303363367	0.023124757092887638	422,0,0,0,0,0,0,355,13,0,0,0,0,16,407,0,0,0,0,0,0,353,2,0,0,0,0,4,296,3,0,0,0,0,3,332
0.9728014505893019	0.972836303561265	0.9728014505893019	0.9728047516001906	0.019432568985619847	407,0,0,0,0,0,0,374,21,0,0,0,0,19,374,0,0,0,0,0,0,365,5,4,0,0,0,4,289,3,0,0,0,0,4,337
0.9768812330009066	0.9769225565225319	0.9768812330009066	0.9768872397569361	0.02254178002331908	408,0,0,0,0,0,0,356,14,0,0,0,0,19,389,0,0,0,0,0,0,370,3,2,0,0,0,4,297,3,0,0,0,1,5,335
0.9827742520398912	0.9827621349454555	0.9827742520398912	0.982764660967073	0.021958802953750522	441,0,0,0,0,0,0,385,12,0,0,1,0,13,384,0,0,0,0,0,0,361,3,0,0,0,0,4,294,3,0,0,0,0,2,303
0.9818676337262012	0.9820061444296783	0.9818676337262012	0.9818528564524405	0.024290711232024864	438,0,0,0,0,0,0,367,21,0,0,1,0,10,403,0,0,0,0,0,0,353,2,2,0,0,0,0,297,1,0,0,0,0,3,308
0.9791477787851315	0.9792248044090617	0.9791477787851315	0.9791492482859274	0.022736105713175303	408,0,0,0,0,0,0,356,17,0,0,1,0,12,395,0,0,0,0,0,0,367,3,4,0,0,0,1,290,3,0,0,0,0,5,344
0.9818676337262012	0.9819089532661167	0.9818676337262012	0.9818755757569776	0.021958802953750522	400,0,0,0,0,0,0,358,13,0,0,0,0,14,414,0,0,0,0,0,0,368,4,2,0,0,0,1,309,3,0,0,0,0,3,317
0.9782411604714415	0.9784690283653008	0.9782411604714415	0.9782555073028314	0.022736105713175303	437,0,0,0,0,0,0,343,18,0,0,0,0,8,410,0,0,0,0,0,0,359,7,1,0,0,0,2,289,3,0,0,0,2,7,320
