accuracy	precision	recall	f1	oob	confMatrxVars
0.9818676337262012	0.9819011522373051	0.9818676337262012	0.9818674758649693	0.02409638554216864	411,0,0,0,0,0,0,362,15,0,0,0,0,10,396,0,0,0,0,0,0,386,3,2,0,0,0,4,303,1,0,0,0,1,4,308
0.9786944696282865	0.9788711813084234	0.9786944696282865	0.978665013267693	0.021181500194325742	439,0,0,0,0,0,0,343,23,0,0,0,0,9,418,0,0,0,0,0,0,359,6,0,0,0,0,3,299,5,0,0,0,0,1,301
0.9823209428830463	0.9823222420315281	0.9823209428830463	0.9823124846689968	0.023707734162456306	430,0,0,0,0,0,0,371,11,0,0,0,0,11,406,0,0,0,0,0,0,354,3,2,0,0,0,4,265,5,0,0,0,0,3,341
0.9827742520398912	0.9828464329231359	0.9827742520398912	0.9827701261083814	0.022347454333462857	392,0,0,0,0,0,0,363,18,0,0,0,0,11,417,0,0,0,0,0,0,392,5,1,0,0,0,1,287,1,0,0,0,0,1,317
0.9818676337262012	0.981910324839367	0.9818676337262012	0.9818534786935494	0.022347454333462857	423,0,0,0,0,0,0,373,15,0,0,1,0,8,404,0,0,0,0,0,0,380,4,0,0,0,0,5,275,3,0,0,0,2,2,311
0.9814143245693563	0.9814498126697562	0.9814143245693563	0.9814149961338139	0.02390205985231253	386,0,0,0,0,0,0,384,14,0,0,0,0,14,418,0,0,0,0,0,0,365,5,3,0,0,0,2,287,0,0,0,0,1,2,325
0.971894832275612	0.971963882477345	0.971894832275612	0.9718912161002702	0.023707734162456306	428,0,0,0,0,1,0,368,23,0,0,0,0,18,404,0,0,0,0,0,0,360,3,5,0,0,0,5,276,4,0,0,0,1,2,308
0.9791477787851315	0.9793212641966759	0.9791477787851315	0.9791688813827566	0.02254178002331908	449,0,0,0,0,0,0,344,13,0,0,0,0,22,387,0,0,0,0,0,0,364,5,1,0,0,0,2,288,0,0,0,0,0,3,328
0.9759746146872167	0.9761645030753338	0.9759746146872167	0.9759588233113066	0.022736105713175303	429,0,0,0,0,0,0,382,21,0,0,0,0,12,394,0,0,0,0,0,0,364,2,5,0,0,0,6,280,6,0,0,0,0,1,304
0.9764279238440616	0.9764750718400358	0.9764279238440616	0.9764281424783914	0.022347454333462857	445,0,0,0,0,0,0,365,20,0,0,0,0,17,405,0,0,0,0,0,0,352,3,5,0,0,0,2,273,2,0,0,0,0,3,314
0.9777878513145966	0.9779389087929254	0.9777878513145966	0.9777770753011985	0.02390205985231253	414,0,0,0,0,0,0,358,26,0,0,0,0,14,393,0,0,0,0,0,0,371,2,3,0,0,0,1,297,1,0,0,0,0,2,324
0.9764279238440616	0.9765699744255228	0.9764279238440616	0.9764345884488886	0.020598523124757073	431,0,0,0,0,0,0,386,19,0,0,1,0,9,407,0,0,0,0,0,0,374,8,1,0,0,0,8,250,1,0,0,0,1,4,306
0.9773345421577516	0.9774872453294179	0.9773345421577516	0.9773246443371514	0.024290711232024864	429,0,0,0,0,0,0,354,19,0,0,1,0,12,403,0,0,0,0,0,0,370,5,5,0,0,0,2,294,5,0,0,0,0,1,306
0.9737080689029919	0.9737314457688142	0.9737080689029919	0.9737126454091803	0.022930431403031526	460,0,0,0,0,1,0,345,24,0,0,0,0,21,366,0,0,0,0,0,0,377,4,0,0,0,0,3,291,2,0,0,0,0,3,309
0.9773345421577516	0.9775164281720593	0.9773345421577516	0.977327252583138	0.02254178002331908	439,0,0,0,0,0,0,354,21,0,0,0,0,11,388,0,0,0,0,0,0,336,2,5,0,0,0,3,301,6,0,0,0,1,1,338
0.9759746146872167	0.9761351791295494	0.9759746146872167	0.97597414265688	0.02390205985231253	422,0,0,0,0,0,0,353,21,0,0,1,0,12,379,0,0,0,0,0,0,367,9,1,0,0,0,3,290,3,0,0,0,0,3,342
0.9777878513145966	0.9778409680421083	0.9777878513145966	0.9777731946292256	0.021375825884181854	424,0,0,0,0,0,0,369,22,0,0,1,0,14,393,0,0,0,0,0,0,353,3,1,0,0,0,2,295,3,0,0,0,1,2,323
0.9777878513145966	0.9778554248232795	0.9777878513145966	0.9777823210986688	0.02040419743490085	429,0,0,0,0,0,0,369,20,0,0,0,0,13,409,0,0,0,0,0,0,319,4,2,0,0,0,1,308,6,0,0,0,2,1,323
0.9827742520398912	0.9829270430265465	0.9827742520398912	0.9827870119031556	0.022347454333462857	444,0,0,0,0,0,0,363,17,0,0,0,0,9,397,0,0,0,0,0,0,362,4,1,0,0,0,1,264,1,0,0,0,0,5,338
0.9823209428830463	0.9823602506998844	0.9823209428830463	0.9823171365209691	0.0217644772638943	403,0,0,0,0,0,0,390,11,0,0,0,0,15,414,0,0,0,0,0,0,348,2,3,0,0,0,4,297,3,0,0,0,0,1,315
0.9773345421577516	0.9773208592196223	0.9773345421577516	0.9773242979502306	0.021958802953750522	427,0,0,0,0,0,0,353,20,0,0,1,0,21,389,0,0,0,0,0,0,355,2,0,0,0,0,1,298,3,0,0,0,2,0,334
0.9777878513145966	0.9778237589904798	0.9777878513145966	0.9777962783427248	0.02331908278274386	425,0,0,0,0,0,0,363,16,0,0,0,0,16,378,0,0,0,0,0,0,402,5,0,0,0,0,4,288,2,0,0,0,2,4,301
0.9805077062556664	0.9805446219816822	0.9805077062556664	0.9804930680897089	0.023707734162456306	409,0,0,0,0,0,0,394,19,0,0,0,0,13,413,0,0,0,0,0,0,353,1,0,0,0,0,3,275,5,0,0,0,0,2,319
0.9800543970988214	0.9801552611150085	0.9800543970988214	0.9800676766555214	0.020792848814613296	462,0,0,0,0,0,0,375,12,0,0,0,0,9,386,0,0,0,0,0,0,362,5,6,0,0,0,3,289,4,0,0,0,0,5,288
0.9728014505893019	0.9728669492809191	0.9728014505893019	0.9728062921721404	0.022347454333462857	401,0,0,0,0,0,0,386,25,0,0,0,0,18,382,0,0,0,0,0,0,347,3,2,0,0,0,1,303,5,0,0,0,2,4,327
