accuracy	precision	recall	f1	oob	confMatrxVars
0.7778785131459656	0.7883168297812517	0.7778785131459656	0.7755300587026233	0.5905557714729888	423,7,8,1,0,0,19,278,75,0,0,0,5,190,220,0,0,0,0,0,0,344,6,23,0,0,0,40,195,42,0,1,0,62,11,256
0.8844061650045331	0.8896356870929452	0.8844061650045331	0.8836260250437148	0.5590750097162844	416,1,0,0,0,0,0,271,108,0,0,0,0,30,404,0,0,0,0,0,0,326,12,30,0,0,0,13,255,31,0,0,0,20,10,279
0.7792384406165005	0.8033217060668458	0.7792384406165005	0.7753972075394724	0.5866692576758648	359,6,54,0,0,0,34,184,183,0,0,0,34,25,339,0,0,0,0,0,1,347,5,38,0,0,0,11,239,39,0,0,2,42,13,251
0.8585675430643699	0.8609592049867041	0.8585675430643699	0.8567778671993984	0.5647104547221142	424,2,0,2,0,1,14,251,109,1,0,0,0,43,383,0,0,0,0,0,0,305,17,23,0,0,0,23,259,19,0,0,0,44,14,272
0.8472348141432456	0.8551832343962101	0.8472348141432456	0.8481707657085829	0.5658764088612515	404,0,0,0,0,0,0,321,77,0,1,0,0,41,353,0,0,1,0,0,0,300,54,22,0,0,0,21,237,23,0,0,0,29,68,254
0.8322756119673618	0.8429518899577504	0.8322756119673618	0.8297837184255978	0.5719005052467936	434,1,0,0,0,0,0,232,152,0,0,1,0,27,376,0,0,0,0,0,0,293,32,36,0,0,0,30,259,20,0,0,0,30,41,242
0.7402538531278332	0.7532489191671988	0.7402538531278332	0.7447031273120316	0.6061018266614846	341,39,42,0,0,3,12,245,134,0,0,0,0,150,260,0,0,0,0,0,0,295,21,46,0,0,0,44,241,9,0,0,1,45,27,251
0.8667271078875793	0.8720409167276094	0.8667271078875793	0.8677885113557757	0.5631558492032647	369,33,22,0,0,1,33,319,25,0,0,1,0,66,343,0,0,0,0,0,0,320,7,39,0,0,0,8,245,34,0,0,0,15,10,316
0.8263825929283771	0.834674403014391	0.8263825929283771	0.8275128379933006	0.583948698017878	401,0,1,0,0,0,0,298,89,0,0,1,0,100,319,1,0,0,0,0,0,332,9,58,0,0,0,15,209,64,0,0,0,37,8,264
0.8259292837715322	0.836625380616836	0.8259292837715322	0.8239334516959418	0.5680139914496696	376,43,3,2,0,1,7,238,156,0,0,0,2,21,397,0,0,0,0,0,0,335,5,25,0,0,0,29,240,32,0,0,2,45,11,236
0.8680870353581143	0.8693426657708017	0.8680870353581143	0.8682361006266662	0.5557714729887291	431,0,0,0,0,1,0,351,39,0,0,0,0,66,325,0,0,0,0,0,0,291,13,62,0,0,0,31,232,15,0,0,0,44,20,285
0.8345421577515866	0.8386242183773344	0.8345421577515866	0.8347595246694431	0.572289156626506	432,0,0,0,0,0,0,276,80,0,0,1,0,133,281,0,0,0,0,0,0,330,6,31,0,0,0,19,256,36,0,0,1,45,13,266
0.8549410698096102	0.8559027189513235	0.8549410698096102	0.855024599624821	0.5602409638554218	414,4,0,0,0,0,0,293,73,0,0,2,0,55,376,1,0,2,0,0,0,283,25,50,0,0,0,11,257,29,0,0,0,39,29,263
0.8218495013599275	0.8345903188720607	0.8218495013599275	0.8182872461281903	0.5685969685192382	407,7,4,0,0,1,0,231,138,0,0,0,0,47,359,0,0,0,0,0,0,322,3,34,0,0,0,73,192,52,0,0,0,22,12,302
0.7955575702629193	0.7983292282722341	0.7955575702629193	0.794980116966237	0.5979401476875243	389,18,23,0,0,1,30,237,131,0,0,0,0,84,307,0,0,2,0,0,0,307,23,28,0,0,0,34,224,30,0,0,4,26,17,291
0.8467815049864007	0.8527427425541532	0.8467815049864007	0.8464285042822379	0.5689856198989507	412,1,10,0,0,1,0,257,123,0,0,0,0,58,349,1,0,0,0,0,0,348,13,20,0,0,0,30,247,41,0,0,0,31,9,255
0.8218495013599275	0.8271071146471857	0.8218495013599275	0.8157495554463035	0.590750097162845	438,7,1,0,0,0,20,174,182,0,0,0,0,55,336,0,0,0,0,0,0,352,15,15,0,0,0,29,236,26,0,0,2,33,8,277
0.8535811423390752	0.8657015543246768	0.8535811423390752	0.8528439492790373	0.5753983676642052	427,0,1,0,0,0,0,267,108,0,0,0,0,37,386,2,0,0,0,0,0,337,12,10,0,0,0,66,220,17,0,0,0,61,9,246
0.858114233907525	0.8658608851570794	0.858114233907525	0.859734759506961	0.5658764088612515	348,49,20,0,0,2,11,331,52,0,0,1,0,58,360,1,1,0,0,0,1,312,18,34,0,0,0,6,254,30,0,6,0,15,8,288
0.827742520398912	0.8375827317364174	0.827742520398912	0.8283982545920855	0.5882238631947143	400,7,54,0,0,4,5,328,47,0,0,0,9,89,306,0,0,1,0,0,0,317,10,42,0,0,0,37,198,50,0,0,1,15,9,277
0.8608340888485947	0.8647955187408981	0.8608340888485947	0.8608951370912635	0.5633501748931209	426,0,0,0,0,0,0,314,74,1,0,1,0,66,359,2,0,1,0,0,0,330,11,23,0,0,0,50,219,12,0,0,0,52,14,251
0.8893925657298277	0.8905775215455696	0.8893925657298277	0.8896903258672137	0.5458608628060629	387,4,0,0,3,2,0,368,43,0,0,2,0,56,356,2,1,1,0,0,0,324,14,37,0,0,0,26,235,16,0,0,1,12,24,292
0.8304623753399819	0.8384530246032237	0.8304623753399819	0.827557018838416	0.5833657209483094	464,1,0,0,0,0,0,243,130,0,0,0,0,42,367,0,0,0,0,0,0,329,23,20,0,0,0,34,239,13,0,0,0,78,33,190
0.7941976427923844	0.802069992001377	0.7941976427923844	0.791195341116913	0.5860862806062961	399,0,0,0,0,0,0,209,169,0,0,0,0,48,357,0,0,0,0,0,0,276,21,74,0,0,0,24,262,27,0,0,1,46,44,249
0.7638259292837716	0.7745980439522696	0.7638259292837716	0.759399967204789	0.5936649825106879	376,5,42,1,2,0,82,208,118,0,0,0,65,38,305,0,0,0,0,0,0,295,29,39,0,0,0,15,254,21,0,0,0,23,41,247
