accuracy	precision	recall	f1	oob	confMatrxVars
0.7280145058930191	0.7357822063256021	0.7280145058930191	0.7221855581556134	0.6094053633890401	186,143,86,0,0,2,40,246,103,0,0,0,29,30,345,0,0,0,0,0,0,306,9,36,0,0,0,28,251,20,0,0,0,52,22,272
0.670897552130553	0.637400852415159	0.670897552130553	0.6240967923281648	0.6335017489312087	419,0,0,0,0,0,0,163,236,1,0,1,0,23,375,1,0,0,0,0,0,263,0,90,0,0,0,32,0,268,0,0,1,73,0,260
0.7112420670897552	0.7244262863733314	0.7112420670897552	0.6939348044611259	0.622036533229693	381,31,0,0,0,0,168,92,112,1,0,0,111,23,281,0,0,1,0,0,0,294,4,62,0,0,0,31,260,44,0,0,1,38,10,261
0.7388939256572983	0.771713176094881	0.7388939256572983	0.7334966061620511	0.6022153128643606	363,35,14,0,0,4,0,332,57,0,0,1,0,274,147,1,0,0,0,0,0,324,3,30,0,0,0,47,218,46,0,1,0,55,8,246
0.6160471441523119	0.5259926635991068	0.6160471441523119	0.5616956809248612	0.6537116206762534	341,0,74,0,0,2,136,0,264,1,0,0,126,0,293,1,0,0,0,0,0,264,4,90,0,0,0,36,248,10,0,0,0,89,14,213
0.7094288304623754	0.6687067789958696	0.7094288304623754	0.66194036714467	0.6134862028760202	446,0,0,4,0,0,0,221,202,1,0,0,0,29,379,0,0,0,0,0,0,314,13,0,0,0,0,73,205,0,0,0,0,294,25,0
0.6341795104261106	0.6950122390786185	0.6341795104261106	0.628017419321619	0.6416634279051691	182,204,6,0,0,1,27,315,56,0,0,0,25,269,116,0,0,0,0,0,0,301,11,82,0,0,0,57,190,43,0,1,0,7,18,295
0.7407071622846781	0.7598189392697716	0.7407071622846781	0.7264475572245125	0.6066848037310533	391,1,21,0,0,2,52,128,202,0,0,0,0,36,383,0,0,0,0,0,0,318,3,58,0,0,0,55,217,25,0,0,1,103,13,197
0.714868540344515	0.7558286380957818	0.714868540344515	0.7080173626368236	0.6226195102992615	340,18,99,0,0,2,22,131,221,0,0,3,0,24,391,0,0,4,0,0,1,285,28,26,0,0,1,76,213,8,0,0,2,58,36,217
0.7488667271078876	0.7540038364976775	0.7488667271078876	0.7481556027283158	0.5985231247570929	364,6,39,0,3,0,32,202,146,0,2,0,0,92,309,0,0,0,0,0,0,291,36,47,0,0,0,19,224,48,0,0,3,39,42,262
0.7398005439709883	0.6838150817102239	0.7398005439709883	0.686985062111848	0.6078507578701904	433,0,0,0,0,0,0,201,173,0,0,0,0,18,381,0,0,0,0,0,1,374,6,0,0,0,0,56,243,0,0,0,0,290,30,0
0.6382592928377153	0.5969730635037481	0.6382592928377153	0.5874240523422388	0.6393315196268947	416,0,6,0,0,0,0,151,264,1,0,0,0,48,350,1,0,0,0,0,0,291,56,0,0,0,0,92,200,0,0,0,1,304,25,0
0.7846781504986401	0.7943447245679276	0.7846781504986401	0.7849975870727062	0.5812281383598912	381,9,9,0,0,4,49,296,34,0,0,0,1,65,322,0,0,2,0,0,0,305,4,69,0,1,0,82,219,20,0,0,2,100,24,208
0.7615593834995467	0.7702956560502937	0.7615593834995467	0.7610675574840837	0.6043528954527788	441,0,0,0,0,4,0,234,118,0,0,1,0,144,267,0,0,0,0,0,0,307,27,26,0,0,0,110,175,18,0,0,0,56,22,256
0.6976427923844062	0.6952934519206296	0.6976427923844062	0.6877475312175947	0.6303925378935096	406,36,0,0,0,1,25,93,280,0,0,0,0,108,305,0,0,0,0,0,0,302,11,49,0,0,0,16,218,55,0,0,0,80,6,215
0.7112420670897552	0.656271631037194	0.7112420670897552	0.6625657855451941	0.6301982122036534	442,0,0,0,0,0,0,188,193,0,0,0,0,46,349,0,0,0,0,0,0,363,0,13,0,0,0,236,0,54,0,0,0,95,0,227
0.7130553037171351	0.7369168420744996	0.7130553037171351	0.7105973483051125	0.6204819277108433	363,0,62,1,0,3,102,208,108,0,0,1,108,44,208,0,0,0,0,0,0,302,3,54,0,0,0,33,218,55,4,0,0,50,5,274
0.7506799637352675	0.7871256896142891	0.7506799637352675	0.7095019375071551	0.6051301982122037	416,11,0,0,0,2,9,34,334,0,0,0,0,0,416,0,0,0,0,0,0,332,5,46,0,0,0,50,202,29,0,0,0,57,7,256
0.6622846781504986	0.6637549343739872	0.6622846781504986	0.6594513348856952	0.6300038865137971	204,75,107,0,0,1,92,166,150,0,0,0,71,69,275,0,0,0,0,0,0,321,17,32,0,0,0,20,248,37,2,0,0,49,23,247
0.7053490480507706	0.7583715858131304	0.7053490480507706	0.6971737168974311	0.6094053633890401	287,5,124,0,0,1,45,135,235,0,0,1,58,9,351,0,0,0,0,0,0,304,17,43,0,0,0,28,229,27,0,0,0,35,22,250
0.8068902991840435	0.8239989754818265	0.8068902991840435	0.8086523264736012	0.5901671200932763	303,108,0,0,0,0,21,326,35,0,0,1,0,50,366,0,0,0,0,0,0,335,3,48,0,0,0,50,204,41,0,0,0,53,16,246
0.7552130553037172	0.7740687982503681	0.7552130553037172	0.7574563072430622	0.6010493587252235	386,12,33,1,0,0,0,251,128,0,0,1,0,97,318,0,0,0,0,0,0,288,9,58,0,0,0,96,179,26,0,0,0,67,12,244
0.685856754306437	0.6258302517202617	0.685856754306437	0.6372851086950645	0.6144578313253012	417,0,0,0,0,0,0,197,162,4,0,0,0,80,331,0,0,0,0,0,1,350,13,0,0,0,0,92,218,0,0,0,1,314,26,0
0.7801450589301904	0.794344330793829	0.7801450589301904	0.7712542149550421	0.5983287990672367	393,47,2,0,0,2,0,141,234,0,0,1,0,17,416,0,0,3,0,0,0,327,6,41,0,0,0,53,206,11,0,0,0,48,20,238
0.7330009066183137	0.7375449018693039	0.7330009066183137	0.7334039121950935	0.6177613680528566	421,0,0,0,0,1,0,203,156,0,0,0,0,145,280,0,0,0,0,0,0,291,15,75,0,0,0,65,217,8,0,0,1,100,23,205
