accuracy	precision	recall	f1	oob	confMatrxVars
0.9052583862194016	0.9054834210090225	0.9052583862194016	0.9052438717179473	0.5408083948698018	439,3,4,0,0,3,4,295,59,0,0,0,2,51,365,0,0,0,1,0,0,339,11,14,0,0,0,15,273,18,1,0,0,12,11,286
0.8739800543970988	0.8745504183979547	0.8739800543970988	0.8741156056052718	0.5567431014380101	423,12,10,0,0,0,14,298,65,0,0,0,10,77,310,0,0,1,0,0,0,333,16,11,1,0,0,8,272,16,0,5,1,13,18,292
0.8635539437896645	0.8651565651516795	0.8635539437896645	0.8630939501590992	0.5584920326467159	402,24,10,1,1,0,26,313,63,0,0,1,10,51,336,0,0,0,0,0,0,318,14,8,0,0,0,20,280,8,0,0,0,34,30,256
0.885312783318223	0.8867240198567689	0.885312783318223	0.8857276573227802	0.5491643995336184	398,8,3,0,0,6,7,298,55,0,2,0,0,60,350,0,0,5,0,0,1,332,13,25,0,0,0,11,280,24,0,0,0,15,18,295
0.885312783318223	0.8862691094879022	0.885312783318223	0.8853073156394967	0.5596579867858531	413,5,0,0,0,1,2,309,79,0,0,0,0,57,354,0,0,0,0,0,0,337,27,28,0,0,0,12,278,12,0,0,0,18,12,262
0.8916591115140526	0.8921423041779593	0.8916591115140526	0.8916170052285565	0.5530509133307423	441,1,1,0,0,0,2,327,59,0,0,1,0,42,352,1,0,1,1,0,0,326,20,25,0,0,0,19,241,25,0,0,0,32,9,280
0.9025385312783318	0.9029234862001108	0.9025385312783318	0.9025192974553771	0.5551884959191605	417,3,1,0,0,0,1,326,59,0,0,0,4,49,355,0,0,0,1,0,0,353,5,20,0,0,0,19,255,20,0,0,6,12,15,285
0.8612873980054397	0.8622223220398756	0.8612873980054397	0.8615881281466866	0.5627671978235522	393,24,8,0,0,1,18,285,73,0,0,0,7,78,317,0,0,0,0,0,0,337,8,17,0,0,0,16,277,15,0,0,0,26,15,291
0.8549410698096102	0.8562884448094279	0.8549410698096102	0.8554639322533556	0.5666537116206762	394,21,5,0,2,1,10,287,80,0,0,0,4,75,315,0,0,0,0,0,0,328,16,18,0,0,0,21,275,27,0,1,1,20,18,287
0.8925657298277425	0.8926720160437447	0.8925657298277425	0.8925537244203987	0.547804119704625	373,12,7,0,1,0,16,340,40,0,1,0,8,39,357,0,0,0,0,0,0,329,17,22,0,0,0,8,262,26,0,0,0,21,19,308
0.8975521305530372	0.8975942719087574	0.8975521305530372	0.8975526008844216	0.550719005052468	404,2,0,0,0,0,0,315,65,0,0,0,0,58,392,1,0,0,0,0,0,331,14,14,0,0,0,13,278,21,0,0,0,16,22,260
0.9029918404351768	0.9029257362259621	0.9029918404351768	0.9028707938264989	0.5493587252234746	401,2,2,0,0,0,6,334,49,0,0,0,3,59,360,1,0,0,0,0,0,353,15,19,0,0,0,11,276,13,0,0,0,16,18,268
0.8862194016319129	0.8864571739581553	0.8862194016319129	0.8860923348878124	0.5561601243684415	427,0,0,0,0,0,0,298,77,0,0,0,0,56,342,1,0,0,0,2,0,340,7,23,0,0,0,21,264,17,1,1,2,19,24,284
0.8939256572982774	0.8954190268115946	0.8939256572982774	0.8943422298722795	0.5446949086669257	384,12,0,0,0,0,4,325,44,0,0,0,0,48,388,0,0,0,0,0,0,317,12,34,0,0,0,16,258,26,0,4,0,19,15,300
0.885312783318223	0.8863015416725358	0.885312783318223	0.8854542327255847	0.5501360279828993	390,0,0,0,0,0,0,312,60,0,0,0,0,87,362,0,0,1,0,0,0,340,15,22,0,0,0,16,285,17,0,0,0,19,16,264
0.8626473254759747	0.8627841306733756	0.8626473254759747	0.8624779818197732	0.5682083171395258	410,18,8,0,3,0,27,295,62,0,0,0,6,59,330,0,0,0,0,0,0,333,23,23,0,0,0,17,260,27,0,0,0,13,17,275
0.9061650045330916	0.9065198970869205	0.9061650045330916	0.9062420292065508	0.5386708122813836	413,0,0,0,2,1,0,340,42,0,0,0,0,53,368,0,0,0,0,0,0,341,10,18,0,0,0,8,259,24,0,0,0,20,29,278
0.8635539437896645	0.8633695361499418	0.8635539437896645	0.8633321878902332	0.5598523124757093	382,13,9,1,1,3,23,303,57,0,0,0,6,63,319,0,0,1,0,0,0,337,21,14,0,0,0,16,288,22,0,0,0,36,15,276
0.8594741613780599	0.8592492340753825	0.8594741613780599	0.8591465077972095	0.5542168674698795	372,9,5,0,0,0,10,283,89,0,0,0,6,69,364,0,0,0,0,1,0,328,18,22,0,0,0,23,249,22,0,0,0,18,18,300
0.9025385312783318	0.9032693049955337	0.9025385312783318	0.9025382823921535	0.5493587252234746	423,1,0,0,1,0,0,318,71,0,0,0,0,48,364,1,1,0,0,0,0,361,12,15,2,0,0,5,256,30,1,0,0,14,13,269
0.9070716228467816	0.9072923497274625	0.9070716228467816	0.9071584946666033	0.5460551884959192	408,0,0,1,0,2,0,361,44,0,0,0,0,43,363,1,0,0,0,0,0,317,19,21,0,0,0,26,265,12,0,0,0,20,16,287
0.8803263825929284	0.8803111974411266	0.8803263825929284	0.8802417236376997	0.5577147298872911	397,9,3,0,0,0,11,330,61,0,0,0,3,67,356,0,0,0,0,0,1,321,18,24,0,0,0,11,260,12,0,0,0,28,16,278
0.9025385312783318	0.9035921685773067	0.9025385312783318	0.9027272107760402	0.5509133307423242	407,5,2,0,0,2,2,343,37,0,0,0,1,55,387,0,0,1,0,0,0,319,6,24,0,0,0,18,262,14,0,0,0,31,17,273
0.8912058023572076	0.8923315672084126	0.8912058023572076	0.8910812827909778	0.5520792848814613	407,0,0,0,0,0,0,312,96,0,0,0,0,58,339,0,0,0,0,0,0,349,13,13,0,0,0,16,265,12,0,0,0,16,16,294
0.8812330009066183	0.8814630223536868	0.8812330009066183	0.8811268311312659	0.5567431014380101	428,7,0,0,0,0,3,324,65,0,0,0,0,69,326,0,0,0,0,0,0,351,7,17,0,0,0,17,251,21,0,0,0,26,30,264
