accuracy	precision	recall	f1	oob	confMatrxVars
0.9750679963735267	0.9751088653833706	0.9750679963735267	0.9750686239622901	0.023513408472600084	417,0,0,0,0,0,0,372,17,0,0,0,0,20,375,0,0,0,0,0,0,365,2,4,0,0,0,4,302,4,0,0,0,3,1,320
0.9777878513145966	0.9778061511136257	0.9777878513145966	0.9777667841384129	0.020015546055188516	422,0,0,0,0,0,0,356,19,0,0,1,0,13,420,0,0,0,0,0,0,358,2,1,0,0,0,2,270,6,0,0,0,2,3,331
0.985040797824116	0.9850745889563441	0.985040797824116	0.9850379760812283	0.022347454333462857	435,0,0,0,0,0,0,367,10,0,0,0,0,8,372,0,0,0,0,0,0,371,1,2,0,0,0,3,320,6,0,0,0,0,3,308
0.9796010879419764	0.9796783473146576	0.9796010879419764	0.9795963776428692	0.021375825884181854	415,0,0,0,0,0,0,373,16,0,0,0,0,11,414,0,0,0,0,0,0,351,6,4,0,0,0,1,290,1,0,0,0,3,3,318
0.9737080689029919	0.9737485355892938	0.9737080689029919	0.973709856675523	0.021958802953750522	417,0,0,0,0,0,0,379,20,0,0,0,0,20,395,0,0,0,0,0,0,349,6,3,0,0,0,2,296,4,0,0,0,1,2,312
0.9805077062556664	0.980538776249103	0.9805077062556664	0.9805093170834497	0.02390205985231253	403,0,0,0,0,0,0,380,14,0,0,0,0,15,385,0,0,0,0,0,0,346,2,5,0,0,0,2,296,2,0,0,0,0,3,353
0.9791477787851315	0.9791626918826801	0.9791477787851315	0.9791455475809473	0.021181500194325742	405,0,0,0,0,2,0,348,17,0,0,1,0,16,417,0,0,0,0,0,0,386,3,1,0,0,0,2,290,2,0,0,0,0,2,314
0.9845874886672711	0.9846555712412595	0.9845874886672711	0.9845861596469575	0.022347454333462857	388,0,0,0,0,0,0,389,17,0,0,0,0,10,410,0,0,0,0,0,0,365,0,1,0,0,0,0,300,1,0,0,0,0,5,320
0.9759746146872167	0.9761678224913826	0.9759746146872167	0.9759640896941862	0.0217644772638943	436,0,0,0,0,2,0,364,23,0,0,0,0,10,419,0,0,0,0,0,0,352,4,2,0,0,0,4,273,5,0,0,0,0,3,309
0.9782411604714415	0.9782821450448359	0.9782411604714415	0.978244091747409	0.021958802953750522	437,0,0,0,0,0,0,349,20,0,0,0,0,16,411,0,0,0,0,0,0,379,4,1,0,0,0,1,261,3,0,0,0,0,3,321
0.9768812330009066	0.9770338403795978	0.9768812330009066	0.9768709289412953	0.02331908278274386	417,0,0,0,0,2,0,377,22,0,0,1,0,11,407,0,0,0,0,0,0,354,4,2,0,0,0,1,302,1,0,0,0,3,4,298
0.9764279238440616	0.9766246810321345	0.9764279238440616	0.9764394915572924	0.021375825884181854	452,0,0,0,0,0,0,363,21,0,0,0,0,10,399,0,0,0,0,0,0,361,5,1,0,0,0,1,265,5,0,0,0,2,7,314
0.9818676337262012	0.9818997911814523	0.9818676337262012	0.9818666361048368	0.02098717450446952	424,0,0,0,0,0,0,361,14,0,0,0,0,15,416,0,0,0,0,0,0,345,1,7,0,0,0,1,299,0,0,0,0,2,0,321
0.971441523118767	0.971583605307225	0.971441523118767	0.9714658812711301	0.019432568985619847	452,0,0,0,0,0,0,359,19,0,0,0,0,26,384,0,0,0,0,0,0,362,5,2,0,0,0,3,277,2,0,0,0,0,6,309
0.9827742520398912	0.9828182904300081	0.9827742520398912	0.9827776667623099	0.023513408472600084	448,0,0,0,0,0,0,385,13,0,0,0,0,16,401,0,0,0,0,0,0,350,1,3,0,0,0,1,271,3,0,0,0,1,0,313
0.9768812330009066	0.9769698062906257	0.9768812330009066	0.9768771065993387	0.018655266226195066	434,0,0,0,0,0,0,357,18,0,0,1,0,16,385,0,0,0,0,0,0,378,3,7,0,0,0,1,303,0,0,0,0,0,5,298
0.9755213055303718	0.9755226913291791	0.9755213055303718	0.97551482436998	0.02254178002331908	438,0,0,0,0,0,0,364,20,0,0,0,0,17,384,0,0,0,0,0,0,372,4,1,0,0,0,4,274,4,0,0,0,2,2,320
0.9791477787851315	0.9792148227029148	0.9791477787851315	0.9791471525168882	0.022736105713175303	435,0,0,0,0,0,0,365,16,0,0,0,0,15,389,0,0,0,0,0,0,358,2,8,0,0,0,1,296,1,0,0,0,1,2,317
0.9805077062556664	0.9805668359111945	0.9805077062556664	0.9805119091902831	0.020015546055188516	397,0,0,0,0,0,0,375,15,0,0,0,0,10,419,0,0,0,0,0,0,388,3,5,0,0,0,2,282,3,0,0,0,1,4,302
0.9827742520398912	0.9828154758769164	0.9827742520398912	0.9827680101705751	0.021570151574038077	397,0,0,0,0,0,0,379,14,0,0,0,0,9,414,0,0,0,0,0,0,366,6,2,0,0,0,3,283,3,0,0,0,0,1,329
0.9814143245693563	0.981481586004491	0.9814143245693563	0.9814291623446997	0.02040419743490085	443,0,0,0,0,2,0,351,11,0,0,0,0,13,398,0,0,0,0,0,0,369,3,2,0,0,0,2,290,5,0,0,0,0,3,314
0.9796010879419764	0.9796831701765429	0.9796010879419764	0.9796126172653921	0.019432568985619847	433,0,0,0,0,1,0,403,20,0,0,0,0,13,382,0,0,0,0,0,0,348,2,1,0,0,0,1,283,3,0,0,0,0,4,312
0.9782411604714415	0.9782889794507001	0.9782411604714415	0.9782397742706257	0.02254178002331908	436,0,0,0,0,0,0,344,18,0,0,0,0,12,399,0,0,0,0,0,0,355,4,2,0,0,0,4,301,2,0,0,0,1,5,323
0.9832275611967362	0.9832748452496753	0.9832275611967362	0.9832247301937078	0.022736105713175303	423,0,0,0,0,0,0,376,16,0,0,1,0,11,396,0,0,0,0,0,0,375,3,0,0,0,0,2,262,0,0,0,0,1,3,337
0.9818676337262012	0.982076764881159	0.9818676337262012	0.9818510312194239	0.02331908278274386	461,0,0,0,0,0,0,353,21,0,0,1,0,8,387,0,0,0,0,0,0,352,2,2,0,0,0,1,299,4,0,0,0,0,1,314
