accuracy	precision	recall	f1	oob	confMatrxVars
0.7941976427923844	0.8402925216873853	0.7941976427923844	0.7748324323108243	0.21919937815779245	431,0,0,0,0,1,21,123,250,0,0,0,0,10,390,0,0,0,0,0,0,367,12,0,0,0,0,49,252,3,0,0,0,80,28,189
0.8037171350861287	0.8446291946707191	0.8037171350861287	0.7910132456214033	0.2244461717839098	448,0,0,0,0,1,8,173,185,0,0,0,0,14,406,0,0,0,0,0,0,359,9,1,0,0,0,47,232,3,0,0,0,132,33,155
0.7497733454215775	0.8410003821806167	0.7497733454215775	0.6912108997944887	0.24387874076952976	449,0,0,0,1,1,20,10,375,0,0,0,0,0,380,0,0,0,0,0,0,366,14,6,0,0,0,29,240,3,0,0,0,58,45,209
0.7815049864007253	0.8476506695535388	0.7815049864007253	0.7540258010140382	0.22755538282160903	443,0,0,0,0,1,18,82,274,0,0,1,0,0,385,0,0,0,0,0,0,350,11,3,0,0,0,50,255,2,0,0,0,91,31,209
0.7815049864007253	0.8504025052263995	0.7815049864007253	0.750615547768278	0.21997668091721723	420,0,0,0,0,2,12,72,301,0,0,1,0,0,396,0,0,0,0,0,0,349,8,2,0,0,0,43,255,6,0,0,0,75,32,232
0.7679057116953762	0.8444723574197863	0.7679057116953762	0.7226305939235924	0.2300816167897396	433,0,0,0,0,0,20,42,334,0,0,0,0,0,431,0,0,0,0,0,0,350,11,2,0,0,0,33,238,3,0,0,0,79,30,200
0.7987307343608341	0.8509038614118202	0.7987307343608341	0.7749475545712928	0.21278663039253787	401,0,0,0,0,0,20,103,262,0,0,0,0,1,429,0,0,0,0,0,0,365,14,4,0,0,0,43,241,2,0,0,0,62,36,223
0.7955575702629193	0.8342075463737935	0.7955575702629193	0.7827972518427043	0.20520792848814617	461,0,0,0,0,0,10,144,228,0,0,0,0,21,390,0,0,0,0,0,0,337,10,2,0,0,0,62,224,3,0,0,0,89,26,199
0.7171350861287398	0.8234852807046452	0.7171350861287398	0.6605501331829394	0.280217644772639	442,0,0,0,0,1,22,35,323,0,0,0,0,0,393,0,0,0,0,0,0,357,8,0,0,0,0,34,232,0,0,0,0,197,39,123
0.7828649138712602	0.8491022607636209	0.7828649138712602	0.7434156651662098	0.22949863972017104	415,0,0,0,0,1,28,47,302,0,0,0,0,0,388,0,0,0,0,0,0,390,7,8,0,0,0,41,237,6,0,0,0,61,25,250
0.7370806890299184	0.8342313569517943	0.7370806890299184	0.678634047101271	0.24368441507967353	418,0,0,0,0,0,27,15,380,0,0,1,0,0,382,0,0,0,0,0,0,345,7,4,0,0,0,49,253,5,0,0,0,74,33,213
0.757026291931097	0.8333003697701731	0.757026291931097	0.7221744584842945	0.22697240575204047	432,0,0,0,0,1,13,64,320,0,0,0,0,2,386,0,0,0,0,0,0,347,13,4,0,0,0,49,241,2,0,0,0,98,34,200
0.7960108794197642	0.8373242126242594	0.7960108794197642	0.7816366133856282	0.20287602020987172	423,0,0,0,0,1,11,146,220,0,0,0,0,17,396,0,0,0,0,0,0,338,7,0,0,0,0,44,266,6,0,0,0,112,32,187
0.7688123300090662	0.846142250463784	0.7688123300090662	0.729609479995714	0.2186164010882239	421,0,0,0,0,0,11,49,337,0,0,0,0,0,413,0,0,0,0,0,0,334,12,9,0,0,0,53,265,8,0,0,0,68,12,214
0.7892112420670897	0.8322739097289399	0.7892112420670897	0.7704041605399641	0.2225029148853478	435,0,0,0,0,0,14,120,253,0,0,0,0,18,399,0,0,0,0,0,0,339,5,1,0,0,0,44,250,4,0,0,0,99,27,198
0.7964641885766093	0.8297415110288047	0.7964641885766093	0.7800241246305111	0.2083171395258453	467,0,0,0,0,2,20,126,221,0,0,0,0,22,387,0,0,0,0,0,0,352,10,2,0,0,0,42,229,2,0,0,0,100,28,196
0.8050770625566637	0.8598319737976218	0.8050770625566637	0.7816690881187623	0.20287602020987172	426,0,0,0,0,1,13,106,282,0,0,0,0,1,432,0,0,0,0,0,0,346,4,8,0,0,0,42,250,7,0,0,0,54,18,216
0.7665457842248413	0.8438585561199137	0.7665457842248413	0.7339076507253558	0.23066459385930815	413,0,0,0,0,1,6,68,307,0,0,0,0,0,393,0,0,0,0,0,0,364,10,3,0,0,0,43,258,3,0,0,0,109,33,195
0.7824116047144152	0.8555234892020358	0.7824116047144152	0.755888562256669	0.22328021764477268	427,0,0,0,0,0,8,104,310,1,0,0,0,0,420,0,0,0,0,0,0,336,5,2,0,0,0,36,251,3,0,0,0,91,24,188
0.7969174977334542	0.8562353963543456	0.7969174977334542	0.7770938368960202	0.21414691022153132	434,0,0,0,0,1,5,96,263,0,0,0,0,2,374,0,0,0,0,0,0,355,11,4,0,0,0,55,273,5,0,0,0,85,17,226
0.729827742520399	0.8339662258274818	0.729827742520399	0.6833348694329814	0.2605907500971628	434,0,0,0,0,0,10,55,331,0,0,0,0,0,420,0,0,0,0,0,0,335,5,0,0,0,0,48,248,0,0,0,0,172,30,118
0.7978241160471442	0.836250137793614	0.7978241160471442	0.7823789252834713	0.2007384376214536	433,0,0,0,0,0,11,134,243,0,0,0,0,19,371,0,0,0,0,0,0,359,10,1,0,0,0,38,245,4,0,0,0,79,41,218
0.8186763372620127	0.8616374292627988	0.8186763372620127	0.8042148706438571	0.1997668091721726	398,0,0,0,0,1,5,126,230,0,0,0,0,6,404,0,0,0,0,0,0,373,4,3,0,0,0,49,278,5,0,0,0,76,21,227
0.7538531278331823	0.8486268074987873	0.7538531278331823	0.7063596876948609	0.2386319471434124	434,0,0,0,0,1,0,24,366,0,0,1,0,0,373,0,0,0,0,0,0,378,9,2,0,0,0,44,234,4,0,0,0,93,23,220
0.7484134179510427	0.8284385337849393	0.7484134179510427	0.711877029636591	0.2516517683637777	413,0,0,0,1,1,19,83,268,0,0,0,0,0,416,0,0,0,0,0,0,367,9,2,0,0,0,45,247,1,0,0,0,173,36,125
