accuracy	precision	recall	f1	oob	confMatrxVars
0.9623753399818676	0.9624031751892013	0.9623753399818676	0.9623347565017156	0.05518849591916053	429,0,0,0,0,0,0,333,26,0,0,0,0,18,426,0,0,0,0,0,0,368,8,4,0,0,0,9,273,10,0,0,0,1,7,294
0.9673617407071623	0.9676227403011706	0.9673617407071623	0.9673314286352047	0.05732607850757865	425,0,0,0,0,1,0,344,31,0,0,0,0,14,415,0,0,0,0,0,0,363,5,6,0,0,0,6,259,0,0,0,0,5,4,328
0.9555757026291931	0.9561898515137711	0.9555757026291931	0.9555336693110776	0.05538282160901675	424,0,0,0,0,1,0,355,42,0,0,0,0,17,376,0,0,0,0,0,0,342,7,3,0,0,0,10,260,8,0,0,0,4,6,351
0.9555757026291931	0.9561705719182283	0.9555757026291931	0.9555376085903409	0.05227361057131752	392,0,0,0,0,0,0,357,42,0,0,0,0,20,396,0,0,0,0,0,0,355,6,11,0,0,0,7,292,7,0,0,0,1,4,316
0.9601087941976428	0.9606078485179572	0.9601087941976428	0.9600758224943903	0.05285658764088608	394,0,0,1,0,1,0,341,36,0,0,0,0,15,407,0,0,0,0,0,0,374,5,10,0,0,0,7,285,6,0,0,0,4,3,317
0.9542157751586582	0.9542340691088316	0.9542157751586582	0.9542006712390101	0.05596579867858531	427,0,0,0,0,0,0,354,25,0,0,0,0,24,382,0,0,0,0,0,0,355,7,8,0,0,0,11,273,9,0,0,0,10,7,314
0.9623753399818676	0.9623859994167248	0.9623753399818676	0.9623773585707818	0.053439564710454746	421,0,0,0,1,0,0,356,27,0,0,0,0,27,402,0,0,0,0,0,0,328,4,4,0,0,0,7,304,5,0,0,0,3,5,312
0.9596554850407978	0.9597100190022116	0.9596554850407978	0.9596354177630585	0.05110765643218029	395,0,0,0,0,1,0,352,28,0,0,1,0,25,415,0,0,0,0,0,0,354,3,4,0,0,0,8,284,3,0,0,0,8,8,317
0.9542157751586582	0.954319543158956	0.9542157751586582	0.9542053099047172	0.06043528954527788	417,0,0,0,0,1,0,345,34,0,0,1,0,24,374,0,0,0,0,0,0,369,8,6,0,0,0,10,280,4,0,0,0,5,8,320
0.9496826835902086	0.9500863734311755	0.9496826835902086	0.949742799903357	0.05907500971628454	429,0,0,0,0,1,0,319,33,0,0,0,0,47,381,0,0,0,0,0,0,349,6,4,0,0,0,4,298,2,0,0,0,6,8,319
0.9456029011786038	0.9458205524404716	0.9456029011786038	0.9455329235329923	0.052079284881461296	414,0,0,0,0,0,0,331,45,0,0,1,0,28,378,0,0,0,0,0,0,371,7,7,0,0,0,11,289,7,0,0,0,8,6,303
0.9587488667271079	0.95936596286217	0.9587488667271079	0.9586997851288515	0.05071900505246796	421,0,0,0,0,1,0,337,34,0,0,0,0,15,379,0,0,0,0,0,0,381,4,10,0,0,0,12,288,10,0,0,0,1,4,309
0.9546690843155031	0.954701193089166	0.9546690843155031	0.9546473056802252	0.049747376603186955	403,0,0,0,0,0,0,374,35,0,0,1,0,27,393,0,0,0,0,0,0,346,7,4,0,0,0,8,278,7,0,0,0,4,7,312
0.9601087941976428	0.9615309205178523	0.9601087941976428	0.960063052051559	0.05324523902059852	427,0,0,0,0,0,0,341,48,0,0,0,0,11,372,0,0,0,0,0,0,358,2,6,0,0,0,5,320,7,0,0,0,2,7,300
0.958295557570263	0.9587902773983205	0.958295557570263	0.9582806779787572	0.054799844539448084	448,0,0,0,0,1,0,348,44,0,0,0,0,22,368,0,0,0,0,0,0,367,5,4,0,0,0,6,283,4,0,0,0,1,5,300
0.9605621033544878	0.9605886900331592	0.9605621033544878	0.9605627411609762	0.05596579867858531	424,0,0,0,0,0,0,367,24,0,0,0,0,25,389,0,0,0,0,0,0,338,5,6,0,0,0,10,272,4,0,0,0,6,7,329
0.9641885766092475	0.9641937562500787	0.9641885766092475	0.9641699197351956	0.05363389040031097	418,0,0,0,0,0,0,347,29,0,0,0,0,23,403,0,0,0,0,0,0,363,7,2,0,0,0,7,287,5,0,0,0,3,3,309
0.9601087941976428	0.9601232550007321	0.9601087941976428	0.9601079514874031	0.05382821609016708	434,0,0,0,0,1,0,339,27,0,0,0,0,26,392,0,0,0,0,0,0,351,7,3,0,0,0,8,300,8,0,0,0,1,7,302
0.9601087941976428	0.960201657139819	0.9601087941976428	0.9601226807358623	0.05324523902059852	437,0,0,0,0,0,0,383,26,0,0,0,0,27,373,0,0,0,0,0,0,343,5,10,0,0,0,5,303,4,0,0,0,2,9,279
0.9555757026291931	0.9557579592647505	0.9555757026291931	0.9555676641801253	0.048970073843762174	418,1,0,0,0,0,0,356,38,0,0,0,0,24,408,0,0,0,0,0,0,341,7,3,0,0,0,5,274,7,0,0,0,5,8,311
0.9605621033544878	0.9611832583053646	0.9605621033544878	0.9605385866958256	0.05169063350174896	402,0,0,0,0,0,0,386,36,0,0,1,0,14,392,0,0,0,0,0,0,363,4,10,0,0,0,10,273,6,0,0,0,3,3,303
0.9605621033544878	0.960718910918734	0.9605621033544878	0.9605851613793557	0.04858142246404973	409,0,0,0,0,0,0,351,26,0,0,1,0,29,395,0,0,0,0,0,0,362,6,8,0,0,0,3,276,6,0,0,0,1,7,326
0.9637352674524026	0.964108665664253	0.9637352674524026	0.9636761487238527	0.05149630781189274	403,1,0,0,0,0,0,341,30,0,0,1,0,16,401,0,0,0,0,0,0,371,3,4,0,0,0,10,304,10,0,0,0,4,1,306
0.9605621033544878	0.960742600202802	0.9605621033544878	0.9605905814233174	0.049747376603186955	436,0,0,0,0,0,0,348,22,0,0,0,0,32,385,0,0,0,0,0,0,353,8,2,0,0,0,9,274,4,0,0,0,3,7,323
0.9646418857660924	0.9648062216581574	0.9646418857660924	0.9646827707305689	0.05091333074232418	405,1,0,0,0,0,0,359,25,0,0,0,0,32,410,0,0,0,0,0,0,373,1,6,0,0,0,3,289,4,0,0,0,4,2,292
