accuracy	precision	recall	f1	oob	confMatrxVars
0.9782411604714415	0.978250520123294	0.9782411604714415	0.9782390180407811	0.040419743490089366	432,0,0,0,0,0,0,366,16,0,0,0,0,14,388,0,0,0,0,0,0,369,3,4,0,0,0,4,277,3,0,0,0,1,3,326
0.9641885766092475	0.9642722914945177	0.9641885766092475	0.964191345191468	0.04003109211037703	400,0,0,0,0,1,0,357,26,0,0,1,0,31,381,0,0,0,0,0,0,365,2,4,0,0,0,4,299,6,0,0,0,0,4,325
0.9673617407071623	0.9678431939650278	0.9673617407071623	0.9673331558108501	0.042557326078507596	421,0,0,0,0,0,0,357,36,0,0,0,0,14,396,0,0,0,0,0,0,366,3,6,0,0,0,5,287,3,0,0,0,4,1,307
0.9660018132366274	0.9661118653431774	0.9660018132366274	0.9659957624772924	0.04197434900893893	416,0,0,0,0,0,0,353,31,0,0,0,0,22,413,0,0,0,0,0,0,355,6,3,0,0,0,5,298,1,0,0,0,1,6,296
0.958295557570263	0.9584053978016512	0.958295557570263	0.958286602158085	0.04003109211037703	417,0,0,0,0,1,0,353,39,0,0,0,0,29,390,0,0,0,0,0,0,368,1,6,0,0,0,3,275,2,0,0,0,2,9,311
0.9750679963735267	0.9753010753401644	0.9750679963735267	0.9750423151860295	0.0445005829770696	423,0,0,0,0,0,0,367,25,0,0,1,0,10,393,0,0,0,0,0,0,373,1,4,0,0,0,6,281,3,0,0,0,1,4,314
0.971894832275612	0.9720286416985615	0.971894832275612	0.9719039625094921	0.046055188495919164	424,0,0,0,0,0,0,392,24,0,0,0,0,14,390,0,0,0,0,0,0,351,5,3,0,0,0,4,274,4,0,0,0,2,6,313
0.9728014505893019	0.9730114058123979	0.9728014505893019	0.9728048731220632	0.04080839486980181	396,1,0,0,0,0,0,369,27,0,0,0,0,14,397,0,0,0,0,0,0,389,2,5,0,0,0,2,269,5,0,0,0,2,2,326
0.9737080689029919	0.9737754086138464	0.9737080689029919	0.9737311448356799	0.04372328021764482	441,1,0,0,0,2,0,349,20,0,0,0,0,23,392,0,0,0,0,0,0,351,2,1,0,0,0,2,295,3,0,0,0,1,3,320
0.9728014505893019	0.9728292991872823	0.9728014505893019	0.9727769075930593	0.040419743490089366	420,0,0,0,0,0,0,330,25,0,0,1,0,18,385,0,0,0,0,0,0,376,4,0,0,0,0,4,317,2,0,0,0,3,3,318
0.9632819582955575	0.9639379748671333	0.9632819582955575	0.9633463513934063	0.041002720559658035	405,0,0,0,1,1,0,359,35,0,0,0,0,20,375,0,0,0,0,0,0,401,6,4,0,0,0,1,276,1,0,0,0,0,12,309
0.970988213961922	0.9711311763162886	0.970988213961922	0.9710003896822942	0.03944811504080836	409,0,0,0,0,0,0,363,17,0,0,1,0,27,392,0,0,0,0,0,0,352,1,5,0,0,0,2,300,5,0,0,0,2,4,326
0.9746146872166818	0.974658424154277	0.9746146872166818	0.9746032818633865	0.039642440730664585	409,0,0,0,0,0,0,361,19,0,0,0,0,18,419,0,0,0,0,0,0,377,5,4,0,0,0,4,265,5,0,0,0,0,1,319
0.9669084315503174	0.9672553724140603	0.9669084315503174	0.9668940014058364	0.041197046249514147	404,0,0,0,0,0,0,368,34,0,0,0,0,16,395,0,0,0,0,0,0,360,6,5,0,0,0,3,290,4,0,0,0,2,3,316
0.9705349048050771	0.9707766953000633	0.9705349048050771	0.9705196773100255	0.03925378935095225	399,0,0,0,0,0,0,371,33,0,0,0,0,17,397,0,0,0,0,0,0,371,2,2,0,0,0,3,291,2,0,0,0,3,3,312
0.9705349048050771	0.9705537936904859	0.9705349048050771	0.9705336832507773	0.03905946366109603	416,0,0,0,0,0,0,362,26,0,0,0,0,26,419,0,0,0,0,0,0,352,4,3,0,0,0,1,280,3,0,0,0,2,0,312
0.9768812330009066	0.9770227414265291	0.9768812330009066	0.9768955470571279	0.04411193159735716	399,0,0,0,0,0,0,388,21,0,0,0,0,12,376,0,0,0,0,0,0,370,0,9,0,0,0,1,291,2,0,0,0,5,1,331
0.9737080689029919	0.973778499935182	0.9737080689029919	0.9737060855828139	0.0435289545277886	423,0,0,0,0,0,0,374,26,0,0,0,0,20,380,0,0,0,0,0,0,369,2,6,0,0,0,0,289,1,0,0,0,2,1,313
0.970988213961922	0.9710999266219621	0.970988213961922	0.970971122343378	0.04236300038865137	395,0,0,0,0,1,0,371,26,0,0,0,0,15,394,0,0,0,0,0,0,375,3,1,0,0,0,8,289,4,0,0,0,0,6,318
0.9728014505893019	0.9730306251168367	0.9728014505893019	0.9727890063182648	0.03983676642052081	406,0,0,0,0,0,0,375,26,0,0,0,0,11,393,0,0,0,0,0,0,366,2,4,0,0,0,7,294,3,0,0,0,2,5,312
0.9655485040797824	0.9656398897039871	0.9655485040797824	0.9655667985474513	0.041780023319082815	442,0,0,0,1,0,0,352,27,0,0,0,0,26,386,0,0,0,0,0,0,362,3,7,0,0,0,1,276,4,0,0,0,2,5,312
0.9623753399818676	0.9624946797093883	0.9623753399818676	0.9623671412939956	0.04294597745821993	409,1,0,0,0,0,0,375,33,0,0,1,0,24,382,0,0,0,0,0,0,347,4,3,0,0,0,4,283,8,0,0,0,2,3,327
0.971441523118767	0.971633960209535	0.971441523118767	0.9714223799039713	0.039642440730664585	447,0,0,0,0,0,0,354,27,0,0,0,0,14,400,0,0,0,0,0,0,368,1,6,0,0,0,6,275,4,0,0,0,2,3,299
0.9750679963735267	0.9750688877255466	0.9750679963735267	0.9750523240764679	0.04294597745821993	419,0,0,0,0,0,0,366,16,0,1,0,0,16,402,0,0,0,0,0,0,341,3,8,0,0,0,7,282,1,0,0,0,1,2,341
0.9741613780598368	0.9741888776484288	0.9741613780598368	0.9741593898467072	0.04197434900893893	398,0,0,0,0,0,0,388,22,0,0,0,0,17,396,0,0,0,0,0,0,344,4,3,0,0,0,4,296,3,0,0,0,1,3,327
