accuracy	precision	recall	f1	oob	confMatrxVars
0.970988213961922	0.9712354265275066	0.970988213961922	0.9709928131274547	0.033812670034978676	403,0,0,0,0,0,0,382,13,0,0,0,0,26,396,0,0,0,0,0,0,343,2,7,0,0,0,6,297,5,0,0,0,2,3,321
0.9759746146872167	0.9759812124900221	0.9759746146872167	0.9759756621789213	0.038865137971239805	417,0,0,0,0,1,0,358,14,1,0,0,0,16,397,0,0,0,0,0,0,379,4,1,0,0,0,3,281,6,0,0,0,2,5,321
0.9773345421577516	0.9773415181597419	0.9773345421577516	0.9773280722195433	0.04022541780023314	434,0,0,0,0,0,0,367,18,0,0,1,0,15,407,0,0,0,0,0,0,340,4,2,0,0,0,4,294,2,0,0,0,0,4,314
0.970081595648232	0.9700988973590355	0.970081595648232	0.9700790551173589	0.03536727555382824	421,0,0,0,0,1,0,390,24,0,0,0,0,23,374,0,0,0,0,0,0,344,2,3,0,0,0,6,284,3,0,0,0,1,3,327
0.9750679963735267	0.9751522887450986	0.9750679963735267	0.9750717551582417	0.04216867469879515	415,0,0,0,0,0,0,354,13,0,0,0,1,20,415,0,0,0,0,0,0,371,4,5,0,0,0,3,271,3,0,0,0,2,4,325
0.9786944696282865	0.9786988450707849	0.9786944696282865	0.9786848716181586	0.04294597745821993	377,0,0,0,0,0,1,395,18,0,0,0,0,14,397,0,0,0,0,0,0,374,3,2,0,0,0,2,293,3,0,0,0,2,2,323
0.9764279238440616	0.9765503300903651	0.9764279238440616	0.9764276481838559	0.0378935095219588	399,0,0,0,0,0,0,379,16,0,0,0,0,14,392,0,0,0,0,0,0,346,2,2,0,0,0,11,312,2,0,0,0,3,2,326
0.9746146872166818	0.97470409507117	0.9746146872166818	0.974619214131367	0.04022541780023314	420,0,0,0,0,1,0,351,19,0,0,1,0,17,381,0,0,0,0,0,0,381,3,7,0,0,0,2,290,1,0,0,0,0,5,327
0.9687216681776972	0.9687505052766988	0.9687216681776972	0.9687082890332414	0.03867081228138358	410,0,0,0,0,0,0,358,28,0,0,0,0,21,403,0,0,0,0,0,0,357,1,4,0,0,0,4,291,3,0,0,0,3,5,318
0.9796010879419764	0.9796805032499123	0.9796010879419764	0.979577770335584	0.03828216090167125	440,0,0,0,0,0,0,344,21,0,0,1,0,11,401,0,0,0,0,0,0,362,1,1,0,0,0,1,294,4,0,0,0,1,4,320
0.9764279238440616	0.976537942745991	0.9764279238440616	0.9764466506415937	0.043917605907500934	427,0,0,0,0,0,0,336,15,0,0,0,0,22,409,0,0,0,0,0,0,374,1,4,0,0,0,1,289,2,0,0,0,1,6,319
0.9759746146872167	0.9762753273096475	0.9759746146872167	0.9759591919750142	0.03867081228138358	451,0,0,0,0,0,0,347,29,0,0,0,0,12,371,0,0,0,0,0,0,374,3,1,0,0,0,3,285,3,0,0,0,0,2,325
0.9768812330009066	0.9769813577114594	0.9768812330009066	0.9768747200686113	0.035172949863972014	431,2,0,0,0,0,0,354,23,0,0,0,0,12,421,0,0,0,0,0,0,355,2,2,0,0,0,5,293,2,0,0,0,0,3,301
0.9777878513145966	0.977801036954387	0.9777878513145966	0.9777874512749605	0.03653322969296546	417,0,0,0,0,0,0,380,18,0,0,0,0,17,390,0,0,0,0,0,0,360,1,2,0,0,0,2,307,2,0,0,0,1,6,303
0.9773345421577516	0.9773238716817741	0.9773345421577516	0.9773272915231438	0.03478429848425957	423,0,0,0,0,0,0,373,14,1,0,0,0,15,398,0,0,0,0,0,0,352,6,2,0,0,0,6,281,3,0,0,0,0,3,329
0.9691749773345422	0.9693129789850313	0.9691749773345422	0.9692013321767297	0.03711620676253402	421,0,0,0,1,0,0,385,18,0,0,0,0,24,384,0,0,0,0,0,0,360,5,3,0,0,0,1,282,5,0,0,1,3,7,306
0.9732547597461468	0.9733797687017568	0.9732547597461468	0.9732620756317106	0.04294597745821993	412,0,0,0,1,0,0,370,15,0,0,0,0,25,379,0,0,0,0,0,0,365,2,4,0,0,0,4,290,2,0,0,0,2,4,331
0.9777878513145966	0.9778557847651798	0.9777878513145966	0.9777849480381281	0.0369218810726778	424,0,0,0,0,0,0,365,16,0,0,1,0,18,389,0,0,0,0,0,0,366,2,1,0,0,0,1,299,8,0,0,0,1,1,314
0.9782411604714415	0.9784512210078314	0.9782411604714415	0.9782296652173298	0.042557326078507596	443,0,0,0,0,0,0,359,15,0,0,0,0,16,381,0,0,0,0,0,0,355,10,5,0,0,0,0,286,1,0,0,0,0,1,334
0.9786944696282865	0.9787526461427252	0.9786944696282865	0.9786712104863994	0.037504858142246356	407,0,0,0,0,0,0,378,23,0,1,0,0,14,409,0,0,0,0,0,0,343,1,0,0,0,0,4,279,2,0,0,0,0,2,343
0.9750679963735267	0.9750716605967756	0.9750679963735267	0.9750642320294359	0.03828216090167125	432,0,0,0,0,0,0,385,19,0,0,0,0,22,374,0,0,0,0,0,0,379,3,1,0,0,0,4,270,3,0,0,0,0,3,311
0.9741613780598368	0.974169414351621	0.9741613780598368	0.9741545455942012	0.04139137193937037	405,0,0,0,0,0,0,349,24,0,0,0,0,21,415,0,0,0,0,0,0,345,1,1,0,0,0,4,319,1,0,0,0,1,4,316
0.971894832275612	0.9720501810901849	0.971894832275612	0.971913276647889	0.03847648659152736	408,0,0,0,0,0,0,369,18,0,0,0,0,22,393,0,0,0,0,0,0,350,1,8,0,0,0,3,296,6,0,0,0,2,2,328
0.9768812330009066	0.9769036451429575	0.9768812330009066	0.976883988434431	0.04275165176836382	396,0,0,0,0,2,0,377,16,0,0,1,0,19,379,0,0,0,0,0,0,363,3,1,0,0,0,2,316,2,0,0,0,1,4,324
0.9691749773345422	0.9695318235670035	0.9691749773345422	0.9691770116610772	0.0378935095219588	416,0,0,0,1,0,0,377,35,0,0,0,0,17,372,0,0,0,0,0,0,365,2,2,0,0,0,4,293,4,0,0,0,0,3,315
