accuracy	precision	recall	f1	oob	confMatrxVars
0.7620126926563917	0.8414792243828687	0.7620126926563917	0.7090883883154536	0.2545666537116207	419,0,0,0,0,0,17,21,374,0,0,1,0,1,403,0,0,0,0,0,0,327,6,8,0,0,0,51,261,13,0,0,0,44,10,250
0.7497733454215775	0.8256614560987544	0.7497733454215775	0.6884618555783916	0.28915662650602414	400,0,0,0,0,0,24,2,351,0,0,1,0,0,415,0,0,0,0,0,0,348,9,15,0,0,0,37,255,28,0,0,0,59,28,234
0.8064369900271986	0.8298929957012793	0.8064369900271986	0.7960094812699932	0.24174115818111153	410,0,0,0,0,0,2,147,215,0,0,0,0,29,398,0,0,0,0,0,0,374,12,8,0,0,0,56,243,10,0,0,0,72,23,207
0.7438803263825929	0.8140691838572783	0.7438803263825929	0.7093723319299481	0.25787019043917603	442,0,0,0,0,0,15,111,241,0,0,0,0,14,392,1,0,0,0,0,0,361,9,0,0,0,0,46,250,1,0,0,0,203,35,85
0.7955575702629193	0.8421417514641606	0.7955575702629193	0.7768238778355611	0.2736105713175282	390,0,0,0,0,0,0,112,269,0,0,1,0,3,420,0,0,0,0,0,0,331,12,26,0,0,0,47,265,10,0,0,0,52,31,237
0.7656391659111514	0.8237616138071369	0.7656391659111514	0.7350436338531067	0.27341624562767197	405,0,0,0,0,0,18,78,264,0,0,0,0,8,427,0,0,0,0,0,0,359,10,3,0,0,0,50,269,2,0,0,0,142,20,151
0.8091568449682683	0.8300301660472243	0.8091568449682683	0.8002712316827781	0.24640497473766032	454,0,0,0,0,0,1,166,208,0,0,0,0,25,396,0,0,0,0,0,0,328,18,18,0,0,0,38,242,14,0,0,0,67,32,199
0.729827742520399	0.8178987840504064	0.729827742520399	0.6782160418671228	0.2650602409638554	396,0,0,0,0,1,46,42,310,0,0,0,0,0,393,0,0,0,0,0,0,374,10,2,0,0,0,51,267,2,0,0,0,139,35,138
0.8159564823209429	0.8560807310374052	0.8159564823209429	0.7989864854098034	0.21375825884181887	402,0,0,0,0,0,19,126,238,0,0,0,0,5,409,0,0,0,0,0,0,340,10,5,0,0,0,44,257,16,0,0,0,53,16,266
0.8014505893019039	0.8307326571968241	0.8014505893019039	0.7809531168624577	0.26447726389428683	405,0,0,0,1,0,28,118,223,0,0,0,0,16,394,0,0,0,0,0,0,378,11,2,0,0,0,21,284,11,0,0,0,84,41,189
0.7225747960108794	0.7861163099421435	0.7225747960108794	0.6835894337100735	0.2858530897784687	414,0,0,0,0,0,0,137,243,0,0,0,0,17,391,0,0,0,0,0,0,344,7,0,0,0,0,54,266,12,0,0,0,253,26,42
0.6944696282864914	0.8114633909724626	0.6944696282864914	0.6259825425476188	0.2868247182277497	408,0,0,0,0,0,16,28,355,1,0,0,0,0,424,0,0,0,0,0,0,373,14,0,0,0,0,42,216,0,0,0,0,204,42,83
0.8123300090661831	0.8606654178834582	0.8123300090661831	0.7998110541911836	0.21045472211426353	417,0,0,0,0,1,1,139,245,0,0,0,0,1,392,0,0,0,0,0,0,325,13,18,0,0,0,65,235,14,0,0,0,49,7,284
0.7212148685403446	0.7902633692183206	0.7212148685403446	0.6714868663251471	0.28177225029148856	435,0,0,0,1,0,38,120,202,0,0,0,0,28,393,0,0,0,0,0,0,349,13,0,0,0,0,39,258,0,0,0,0,254,40,36
0.7878513145965549	0.8350598131810845	0.7878513145965549	0.7688697754495405	0.25320637388262723	439,0,2,0,0,0,12,134,246,1,0,0,0,9,402,0,0,0,0,0,0,371,14,0,0,0,0,30,228,14,0,0,0,120,20,164
0.7497733454215775	0.8374383962290324	0.7497733454215775	0.6983948222906935	0.2584531675087447	421,0,0,0,0,0,9,19,363,0,0,0,0,0,406,0,0,0,0,0,0,349,13,8,0,0,0,52,231,7,0,0,1,78,21,228
0.6935630099728014	0.8103556119500385	0.6935630099728014	0.6222464195717212	0.3012048192771084	431,0,0,0,1,0,19,91,266,1,0,0,0,1,407,0,0,0,0,0,0,355,9,0,0,0,0,57,240,0,0,0,0,272,50,6
0.7969174977334542	0.834358096456811	0.7969174977334542	0.7789619544370088	0.25787019043917603	423,0,0,0,1,1,22,127,237,0,0,0,1,13,391,0,0,0,0,0,0,360,5,8,0,0,0,38,230,5,0,0,0,81,36,227
0.6840435176790571	0.7850238603539534	0.6840435176790571	0.625765516326551	0.28721336960746213	407,0,0,0,0,0,16,115,249,0,0,0,0,17,387,0,0,0,0,0,0,343,11,0,0,0,0,63,236,1,0,0,0,300,40,21
0.800543970988214	0.8342212984316741	0.800543970988214	0.7834702198618314	0.23241352506801394	420,0,0,0,1,0,27,135,235,0,0,1,0,12,399,0,0,0,0,0,0,347,6,18,0,0,0,49,241,5,0,0,0,56,30,224
0.7039891205802358	0.825138131969943	0.7039891205802358	0.645386412815537	0.2839098328799067	400,0,1,0,0,0,0,27,404,0,0,0,0,0,396,0,0,0,0,0,0,347,7,0,0,0,0,38,257,7,0,0,0,167,29,126
0.8087035358114234	0.8446507230051391	0.8087035358114234	0.7967786188324341	0.2168674698795181	394,0,0,0,0,0,0,149,253,0,0,0,0,13,386,0,0,0,0,0,0,351,5,29,0,0,0,41,260,12,0,0,0,44,25,244
0.7951042611060744	0.8139946317160649	0.7951042611060744	0.7775879300453358	0.26195102992615626	397,0,4,0,1,1,34,124,231,0,0,0,0,32,396,0,0,0,0,0,0,373,7,10,0,0,0,46,248,5,0,0,0,56,25,216
0.7452402538531279	0.8140348480239386	0.7452402538531279	0.6986051479007985	0.2576758647493198	429,0,0,0,0,0,29,35,315,0,0,0,0,2,398,0,0,0,0,0,0,355,10,5,0,0,0,48,230,12,0,0,0,107,34,197
0.7751586582048957	0.8325495567203772	0.7751586582048957	0.7382867356933042	0.2691410804508356	418,0,0,0,0,0,40,61,260,0,0,1,0,0,400,0,0,0,0,0,0,370,10,5,0,0,0,24,253,14,0,0,0,107,35,208
