accuracy	precision	recall	f1	oob	confMatrxVars
0.970988213961922	0.9711298542216733	0.970988213961922	0.970966969390524	0.029926156237854662	443,0,0,0,0,0,0,360,28,0,0,0,0,15,407,0,0,0,0,0,0,337,4,4,0,0,0,5,266,3,0,0,0,2,3,329
0.971441523118767	0.9715392995223651	0.971441523118767	0.9714261125419956	0.029537504858142216	412,0,0,0,0,0,0,357,27,0,0,0,0,17,416,0,0,0,0,0,0,351,1,5,0,0,0,4,299,4,0,0,0,2,3,308
0.9741613780598368	0.9743403313240115	0.9741613780598368	0.9741566655678836	0.026428293820443094	435,0,0,0,0,0,0,368,29,0,0,0,0,16,372,0,0,0,0,0,0,379,2,2,0,0,0,5,296,1,0,0,0,0,2,299
0.9809610154125114	0.9809939140327276	0.9809610154125114	0.980969461413718	0.03400699572483479	435,1,0,0,0,0,0,353,17,0,0,0,0,13,379,0,0,0,0,0,0,379,3,0,0,0,0,2,286,3,0,0,0,0,3,332
0.9737080689029919	0.97376148405977	0.9737080689029919	0.9737087043365626	0.032258064516129004	428,0,0,0,0,0,0,350,15,0,0,1,0,17,401,0,0,0,0,0,0,372,5,6,0,0,0,3,278,1,0,0,0,4,6,319
0.9791477787851315	0.9794566778978988	0.9791477787851315	0.9791431143912331	0.03361834434512245	451,0,0,0,0,0,0,364,26,0,0,0,0,10,377,0,0,0,0,0,0,351,2,4,0,0,0,1,294,2,0,0,0,0,1,323
0.972348141432457	0.9723753103065748	0.972348141432457	0.9723400546574847	0.031675087446560446	414,0,0,0,0,0,0,366,22,0,0,0,0,20,424,0,0,0,0,0,0,353,6,2,0,0,0,3,290,6,0,0,0,1,1,298
0.9786944696282865	0.9787455131162982	0.9786944696282865	0.9786942767892632	0.031286436066848	473,0,0,0,0,0,0,363,18,0,0,0,0,12,357,0,0,0,0,0,0,353,2,5,0,0,0,4,279,2,0,0,0,2,2,334
0.9728014505893019	0.9728749385898132	0.9728014505893019	0.9728098701731935	0.03050913330742322	400,0,0,0,0,0,0,360,22,0,0,0,0,22,390,0,0,0,0,0,0,366,6,3,0,0,0,3,308,0,0,0,0,0,4,322
0.9786944696282865	0.9787772776039579	0.9786944696282865	0.9786952844742626	0.03050913330742322	421,0,0,0,0,0,0,373,18,0,0,0,0,14,376,0,0,0,0,0,0,347,2,7,0,0,0,2,310,2,0,0,0,0,2,332
0.9687216681776972	0.9688935591719025	0.9687216681776972	0.9687011899269191	0.032452390205985227	428,0,0,0,1,0,0,362,27,0,0,1,0,16,411,0,0,0,0,0,0,337,3,7,0,0,0,5,268,5,0,0,0,0,4,331
0.9768812330009066	0.9769094248646228	0.9768812330009066	0.9768813563431974	0.03342401865526623	408,0,0,0,0,0,0,363,16,0,0,0,0,14,404,0,0,0,0,0,0,374,3,3,0,0,0,3,283,3,0,0,0,8,1,323
0.9773345421577516	0.9774047103112381	0.9773345421577516	0.9773443024819636	0.03439564710454723	447,0,0,0,0,0,0,331,13,0,0,1,0,19,409,0,0,0,0,0,0,366,3,4,0,0,0,3,293,3,0,0,0,1,3,310
0.9773345421577516	0.9773985460352419	0.9773345421577516	0.9773432784731471	0.03614457831325302	416,0,0,0,0,0,0,375,18,0,0,0,0,14,394,0,0,0,0,0,0,353,5,3,0,0,0,4,289,1,0,0,0,0,5,329
0.9737080689029919	0.9738641378117341	0.9737080689029919	0.9737122079152589	0.030314807617566997	409,0,0,0,0,1,0,386,25,0,0,0,0,14,392,0,0,0,0,0,0,372,5,4,0,0,0,4,272,1,0,0,0,1,3,317
0.9800543970988214	0.9800703088872108	0.9800543970988214	0.9800555054536735	0.03148076175670422	404,0,0,0,0,0,0,358,14,0,0,1,0,16,403,0,0,0,0,0,0,372,3,2,0,0,0,1,298,3,0,0,0,1,3,327
0.9764279238440616	0.9764389517654989	0.9764279238440616	0.9764290476540186	0.030120481927710885	411,0,0,0,0,0,0,352,19,0,0,0,0,17,392,0,0,0,0,0,0,382,3,2,0,0,0,2,279,3,0,0,0,2,4,338
0.9746146872166818	0.974724568826965	0.9746146872166818	0.9746231312274063	0.03497862417411579	437,0,0,0,0,0,0,361,21,0,0,0,0,14,375,0,0,0,0,0,0,360,3,3,0,0,0,1,289,4,0,0,0,2,8,328
0.9796010879419764	0.9796700289032497	0.9796010879419764	0.979599694034214	0.02895452778857366	411,0,0,0,0,0,0,379,19,0,0,1,0,15,414,0,0,0,0,0,0,344,0,5,0,0,0,2,317,2,0,0,0,1,0,296
0.9759746146872167	0.9761472265312414	0.9759746146872167	0.975977469365542	0.03206373882627278	446,0,0,0,0,0,0,364,23,0,0,0,0,13,367,0,0,0,0,0,0,357,2,7,0,0,0,2,279,3,0,0,0,1,2,340
0.9791477787851315	0.9791772753088204	0.9791477787851315	0.9791340994601226	0.03322969296541001	397,0,0,0,0,0,0,348,17,0,0,0,0,12,403,0,0,0,0,0,0,371,3,3,0,0,0,6,318,3,0,0,0,1,1,323
0.9750679963735267	0.9751307811899158	0.9750679963735267	0.975060271512911	0.030314807617566997	434,0,0,0,0,0,0,381,26,0,0,0,0,18,409,0,0,0,0,0,0,349,4,1,0,0,0,2,269,3,0,0,0,0,1,309
0.9755213055303718	0.9756466421920718	0.9755213055303718	0.9755222913303935	0.032452390205985227	425,0,0,0,0,0,0,365,21,0,0,0,0,13,380,0,0,0,0,0,0,347,1,7,0,0,0,4,292,4,0,0,0,2,2,343
0.9773345421577516	0.9773590767734419	0.9773345421577516	0.9773166247679186	0.03361834434512245	433,0,0,0,0,0,0,367,21,0,1,0,0,15,370,0,0,0,0,0,0,368,2,1,0,0,0,6,292,2,0,0,0,0,2,326
0.9809610154125114	0.9810075288735208	0.9809610154125114	0.9809593373329207	0.030314807617566997	429,0,0,0,0,0,0,380,15,0,0,0,0,16,402,0,0,0,0,0,0,365,5,3,0,0,0,0,298,2,0,0,0,1,0,290
