accuracy	precision	recall	f1	oob	confMatrxVars
0.8970988213961922	0.9034710644791082	0.8970988213961922	0.8960624585040382	0.11951029926156242	421,0,0,0,0,0,0,285,101,0,0,1,0,19,411,0,0,0,0,0,0,339,7,10,0,0,0,23,258,26,0,0,0,32,8,265
0.8694469628286491	0.8800350566491586	0.8694469628286491	0.8669131019118222	0.13758258841818893	396,2,0,0,0,0,1,252,145,0,0,0,0,26,413,0,0,0,0,0,0,348,8,5,0,0,0,25,240,26,0,0,0,41,9,269
0.8966455122393472	0.9009962936154545	0.8966455122393472	0.8956358030799071	0.1193159735717062	410,0,0,0,0,1,7,296,77,0,0,1,0,19,410,0,0,0,0,0,0,330,9,7,0,0,0,29,245,21,0,0,0,40,17,287
0.8771532184950136	0.8836256574400331	0.8771532184950136	0.8753986955877139	0.13602798289933926	430,0,0,0,0,0,5,263,123,0,0,0,0,33,377,0,0,0,0,0,0,339,7,11,0,0,0,33,246,19,0,0,0,26,14,280
0.8789664551223935	0.8884359983557545	0.8789664551223935	0.8767732816004131	0.12942090944422857	411,0,0,0,0,0,2,256,140,0,0,1,0,24,392,0,0,0,0,0,0,318,7,11,0,0,0,17,280,22,0,0,0,24,19,282
0.8902991840435177	0.8986722340087565	0.8902991840435177	0.8887926662049401	0.12864360668480368	432,2,0,0,0,2,1,259,125,0,0,1,0,20,376,0,0,0,0,0,0,369,8,14,0,0,0,20,252,16,0,0,0,19,14,276
0.8748866727107888	0.8835889986785698	0.8748866727107888	0.8736496463950663	0.12961523513408468	433,0,0,0,0,1,0,274,147,0,0,0,0,38,360,0,0,0,0,0,0,339,11,10,0,0,0,18,243,18,0,0,0,25,8,281
0.8934723481414325	0.9022769630669473	0.8934723481414325	0.8927076767313475	0.124951418577536	430,0,0,0,0,1,0,289,103,0,0,1,0,16,378,0,0,0,0,0,0,329,6,9,0,0,0,23,270,17,0,0,0,47,12,275
0.8952855847688124	0.9004625036918589	0.8952855847688124	0.8935782258862265	0.12844928099494757	450,0,0,0,0,0,10,274,99,0,0,0,0,18,386,0,0,0,0,0,0,355,11,7,0,0,0,17,237,26,0,0,0,28,15,273
0.8921124206708976	0.9014011148744394	0.8921124206708976	0.8910284548354968	0.12106490478041199	424,0,0,0,0,1,0,279,111,0,0,1,0,11,388,0,0,0,0,0,0,363,9,18,0,0,0,24,254,25,0,0,0,28,10,260
0.8957388939256573	0.9015010941273994	0.8957388939256573	0.8948145026885322	0.11892732219199376	438,0,0,0,0,1,4,301,99,0,0,0,0,21,381,0,0,0,0,0,0,338,13,6,0,0,0,33,236,16,0,0,0,23,14,282
0.8753399818676337	0.8879912766101843	0.8753399818676337	0.872881933484536	0.1354450058297707	410,0,0,0,0,0,3,255,153,0,0,0,0,25,366,0,0,0,0,0,0,361,5,3,0,0,0,24,250,23,0,0,0,25,14,289
0.8653671804170444	0.8797928066087597	0.8653671804170444	0.8628970846908811	0.14438398756315585	403,0,0,0,0,0,2,248,152,0,0,0,0,19,379,0,0,0,0,0,0,346,5,18,0,0,0,38,257,11,0,0,0,31,21,276
0.8907524932003626	0.8970917649684327	0.8907524932003626	0.8890650880917154	0.1193159735717062	432,0,0,0,0,1,12,284,96,0,0,0,0,20,379,0,0,0,0,0,0,342,4,12,0,0,0,31,243,30,0,0,0,25,10,285
0.8526745240253853	0.8616620763509336	0.8526745240253853	0.8478390970602259	0.1459385930820054	441,0,0,0,0,0,15,207,156,0,0,1,0,34,369,0,0,0,0,0,0,351,8,13,0,0,0,22,249,26,0,0,0,39,11,264
0.8812330009066183	0.8905287231337488	0.8812330009066183	0.8803860522151891	0.11523513408472597	401,0,0,0,0,0,0,316,106,0,0,0,0,16,393,0,0,0,0,0,0,325,10,8,0,0,0,28,244,27,0,0,0,52,15,265
0.8748866727107888	0.8829583002497744	0.8748866727107888	0.8728839830643478	0.14049747376603183	426,0,0,0,0,1,4,249,132,0,0,0,0,27,376,0,0,0,0,0,0,339,8,16,0,0,0,16,253,27,0,0,0,32,13,287
0.8952855847688124	0.8986406643009224	0.8952855847688124	0.8943702534005717	0.11290322580645162	447,0,0,0,0,0,0,282,98,0,0,1,0,31,379,0,0,0,0,0,0,348,7,10,0,0,0,21,242,24,0,0,0,21,18,277
0.8930190389845875	0.8985042444808543	0.8930190389845875	0.8915774786770385	0.12903225806451613	423,0,0,0,0,2,8,265,100,0,0,0,0,20,389,0,0,0,0,0,0,333,6,20,0,0,0,24,264,23,0,0,0,20,13,296
0.8989120580235721	0.8999147633329406	0.8989120580235721	0.898455529531863	0.11581811115429463	413,1,0,0,0,1,2,309,76,0,0,0,0,47,388,0,0,0,0,0,0,343,6,8,0,0,0,22,246,22,0,0,0,25,13,284
0.8916591115140526	0.8959363231024624	0.8916591115140526	0.8909029519922029	0.11970462495141854	391,1,0,0,0,0,0,288,97,0,0,0,0,25,394,0,0,0,0,0,0,363,8,17,0,0,0,16,257,30,0,0,0,32,13,274
0.8925657298277425	0.894701506397001	0.8925657298277425	0.892004345204937	0.11815001943256898	412,0,0,0,0,1,2,291,77,0,0,1,0,27,379,0,0,0,0,0,0,358,7,27,0,0,0,24,234,14,0,0,0,35,22,295
0.8912058023572076	0.8937506745068615	0.8912058023572076	0.8907928851762705	0.11601243684415075	427,0,0,0,0,1,0,302,67,0,0,1,0,32,388,0,0,0,0,0,0,327,8,15,0,0,0,24,238,25,0,0,0,50,17,284
0.8957388939256573	0.8998682419548234	0.8957388939256573	0.8951703254215281	0.11815001943256898	418,0,0,0,0,1,0,311,85,0,0,0,0,33,373,0,0,0,0,0,0,362,4,9,0,0,0,29,242,26,0,0,0,34,9,270
0.9084315503173164	0.9089251674495923	0.9084315503173164	0.908293840929403	0.11504080839486985	413,0,0,0,0,1,0,321,61,0,0,0,0,42,395,0,0,0,0,0,0,337,6,19,0,0,0,23,254,17,0,0,0,18,15,284
