accuracy	precision	recall	f1	oob	confMatrxVars
0.9660018132366274	0.9660036037687932	0.9660018132366274	0.9659893476224304	0.04216867469879515	428,0,0,0,0,0,0,357,24,0,0,1,0,26,396,0,0,0,0,0,0,363,5,7,0,0,0,7,289,1,0,0,0,2,2,298
0.9637352674524026	0.9638619790633093	0.9637352674524026	0.9637339481474545	0.044694908666925715	442,0,0,0,0,0,0,375,29,0,0,1,0,19,359,0,0,0,0,0,0,366,5,5,0,0,0,4,283,7,0,0,0,6,4,301
0.9605621033544878	0.9614307455101401	0.9605621033544878	0.9605172797466506	0.04372328021764482	446,0,0,0,0,0,0,351,40,0,0,0,0,12,376,0,0,0,0,0,0,342,6,3,0,0,0,9,304,9,0,0,0,6,2,300
0.9664551223934723	0.9664946262113981	0.9664551223934723	0.966441315124445	0.04139137193937037	391,0,0,0,0,0,0,405,23,0,0,0,0,27,396,0,0,0,0,0,0,346,4,7,0,0,0,7,272,3,0,0,0,1,2,322
0.9687216681776972	0.9687543000332438	0.9687216681776972	0.9687294397761451	0.04858142246404973	422,0,0,0,0,0,0,348,22,0,0,0,0,26,405,0,0,0,0,0,0,358,5,3,0,0,0,4,273,3,0,0,0,4,2,331
0.958295557570263	0.9585978061369137	0.958295557570263	0.9582510761801947	0.04275165176836382	408,0,0,0,0,1,0,354,34,0,0,0,0,16,399,0,0,0,0,0,0,367,11,8,0,0,0,12,279,4,0,0,0,3,3,307
0.9551223934723482	0.9551786929897811	0.9551223934723482	0.9551148838224055	0.03983676642052081	409,0,0,0,0,0,0,383,30,0,0,1,0,27,381,0,0,0,0,0,0,311,5,6,0,0,0,8,301,4,0,0,0,9,9,322
0.9664551223934723	0.9665486646897034	0.9664551223934723	0.9664714974307074	0.04430625728721338	402,0,0,0,0,0,0,352,22,0,0,0,0,25,412,0,0,0,0,0,0,390,4,8,0,0,0,4,287,5,0,0,0,4,2,289
0.9623753399818676	0.9626494942546225	0.9623753399818676	0.9624072943911937	0.04411193159735716	414,0,0,0,0,0,0,345,21,0,0,0,0,35,407,0,0,0,0,0,0,372,3,6,0,0,0,4,268,3,0,0,0,7,4,317
0.957388939256573	0.9575070565868647	0.957388939256573	0.9574148067672525	0.03925378935095225	395,0,0,0,0,0,0,378,31,0,0,0,0,26,404,0,0,0,0,0,0,364,9,3,0,0,0,6,258,6,0,0,0,4,9,313
0.9487760652765186	0.9489264773588018	0.9487760652765186	0.9488104439698454	0.042557326078507596	425,0,0,0,0,2,0,349,35,0,0,0,0,43,393,0,0,0,0,0,0,344,4,3,0,0,0,6,268,6,0,0,0,3,11,314
0.9578422484134179	0.9580038916402825	0.9578422484134179	0.9578479027394229	0.041002720559658035	418,0,0,0,0,0,0,336,34,0,0,0,0,35,414,0,0,0,0,0,0,351,5,7,0,0,0,3,280,7,0,0,0,1,1,314
0.9619220308250227	0.9624372799021684	0.9619220308250227	0.9619086995696735	0.046055188495919164	412,0,0,0,0,2,0,337,36,0,0,1,0,18,377,0,0,0,0,0,0,375,7,8,0,0,0,3,279,3,0,0,0,0,6,342
0.9687216681776972	0.9687581488366919	0.9687216681776972	0.9687158008501087	0.046055188495919164	411,0,0,0,0,0,0,364,22,0,0,0,0,16,398,0,0,0,0,0,0,352,6,4,0,0,0,6,299,7,0,0,0,2,6,313
0.958295557570263	0.9584263814892698	0.958295557570263	0.9582776203346086	0.04314030314807615	412,0,0,0,0,0,0,351,26,0,0,1,0,27,380,0,0,0,0,0,0,373,6,8,0,0,0,8,280,10,0,0,0,2,4,318
0.9592021758839528	0.9593858165784791	0.9592021758839528	0.9591850059295259	0.04236300038865137	427,0,0,0,0,0,0,361,29,0,0,0,0,22,384,0,0,0,0,0,0,345,6,15,0,0,0,7,273,4,0,0,0,3,4,326
0.9623753399818676	0.9625225720851537	0.9623753399818676	0.9622941539423833	0.04780411970462495	418,0,0,0,0,0,0,365,25,0,0,0,0,19,386,0,0,0,0,0,0,368,3,5,0,0,0,15,279,9,0,0,0,2,5,307
0.9655485040797824	0.9656612475520375	0.9655485040797824	0.9655345373785101	0.04508356004663816	429,0,0,0,0,0,0,340,23,0,0,0,0,28,367,0,0,0,0,0,0,376,4,3,0,0,0,6,285,8,0,0,0,4,0,333
0.958295557570263	0.9583389897943718	0.958295557570263	0.9582552833115423	0.04566653711620672	432,0,0,0,0,0,0,375,31,0,0,1,0,24,361,0,0,0,0,0,0,355,6,5,0,0,0,11,266,7,0,0,0,2,5,325
0.9664551223934723	0.966626090763789	0.9664551223934723	0.9664450895645065	0.04236300038865137	419,0,0,0,0,1,0,349,32,0,0,0,0,20,393,0,0,0,0,0,0,363,1,5,0,0,0,4,298,5,0,0,0,3,3,310
0.9601087941976428	0.9602992765416984	0.9601087941976428	0.9601049284605468	0.0445005829770696	403,0,0,0,0,0,0,375,28,0,0,1,0,19,406,0,0,0,0,0,0,351,6,13,0,0,0,5,270,6,0,0,0,6,4,313
0.9678150498640072	0.9679662117264703	0.9678150498640072	0.9678042067395456	0.04780411970462495	437,0,0,0,0,0,0,373,22,0,0,0,0,16,400,0,0,0,0,0,0,360,3,8,0,0,0,8,273,8,0,0,0,2,4,292
0.9628286491387126	0.962931513073345	0.9628286491387126	0.9628275571009078	0.04702681694520017	427,0,0,0,0,0,0,342,27,0,0,0,0,26,398,0,0,0,0,0,0,359,2,10,0,0,0,8,278,4,0,0,0,3,2,320
0.956935630099728	0.9570959806224396	0.956935630099728	0.9569531383458381	0.04236300038865137	454,0,0,0,0,0,0,335,24,0,0,1,0,35,378,0,0,0,0,0,0,355,7,5,0,0,0,9,270,5,0,0,0,1,8,319
0.9660018132366274	0.9660736537056102	0.9660018132366274	0.9659931136883441	0.03983676642052081	420,0,0,0,0,0,0,373,27,0,0,0,0,20,415,0,0,0,0,0,0,329,4,6,0,0,0,4,274,7,0,0,0,4,3,320
