accuracy	precision	recall	f1	oob	confMatrxVars
0.9750679963735267	0.9751394379572809	0.9750679963735267	0.9750556712141939	0.03148076175670422	422,0,0,0,0,0,0,347,24,0,0,0,0,16,389,0,0,0,0,0,0,378,3,3,0,0,0,3,284,4,0,0,0,0,2,331
0.9750679963735267	0.9752657271970868	0.9750679963735267	0.9750814885870628	0.02759424795958021	436,2,0,0,0,0,0,366,26,0,0,0,0,13,385,0,0,0,0,0,0,352,2,3,0,0,0,1,290,4,0,0,0,1,3,322
0.9755213055303718	0.9757299132500088	0.9755213055303718	0.9755317128093887	0.02895452778857366	406,0,0,0,0,0,0,391,25,0,0,0,0,15,378,0,0,0,0,0,0,399,3,6,0,0,0,1,273,3,0,0,0,0,1,305
0.9805077062556664	0.9805374210194452	0.9805077062556664	0.9805079010070701	0.02973183054799844	450,0,0,0,0,0,0,371,17,0,0,0,0,12,385,0,0,0,0,0,0,376,2,1,0,0,0,3,284,3,0,0,0,0,5,297
0.9764279238440616	0.9767825551882716	0.9764279238440616	0.9764041247774253	0.030897784687135665	435,0,0,0,0,0,0,324,26,0,0,0,0,8,403,0,0,0,0,0,0,388,3,4,0,0,0,2,267,3,0,0,0,0,6,337
0.9805077062556664	0.9808114846313736	0.9805077062556664	0.9804890937676957	0.02895452778857366	402,0,0,0,0,0,0,365,21,0,0,1,0,5,411,0,0,0,0,0,0,384,8,1,0,0,0,1,302,2,0,0,0,3,1,299
0.9687216681776972	0.9687109334139152	0.9687216681776972	0.9686977538177622	0.028565876408861213	408,0,0,0,0,0,0,358,21,0,0,1,0,20,394,0,0,0,0,0,0,363,5,1,0,0,0,10,269,4,0,0,0,2,5,345
0.9728014505893019	0.9730429218999371	0.9728014505893019	0.9728334308075999	0.029537504858142216	418,0,0,0,0,0,0,353,16,0,0,0,0,23,401,0,0,0,0,0,0,385,3,7,0,0,0,1,284,7,0,0,0,2,1,305
0.971441523118767	0.971469106579442	0.971441523118767	0.9714387711176403	0.0283715507190051	443,0,0,0,0,0,0,378,25,0,0,0,0,22,385,0,0,0,0,0,0,339,2,4,0,0,0,4,278,3,0,0,0,2,1,320
0.970988213961922	0.9710166922882503	0.970988213961922	0.9709838840179619	0.027205596579867874	426,0,0,0,0,0,0,390,21,0,0,0,0,21,377,0,0,0,0,0,0,371,3,3,0,0,0,4,286,7,0,0,0,2,3,292
0.9791477787851315	0.9792205501547075	0.9791477787851315	0.9791459936007371	0.028177225029148878	439,0,0,0,0,0,0,368,18,0,0,1,0,11,376,0,0,0,0,0,0,377,3,3,0,0,0,1,295,4,0,0,0,2,3,305
0.9786944696282865	0.9789699262631203	0.9786944696282865	0.9786720868104078	0.02973183054799844	445,0,0,0,0,0,0,360,23,0,0,1,0,7,399,0,0,0,0,0,0,350,4,2,0,0,0,3,284,4,0,0,0,0,3,321
0.9673617407071623	0.9674006238205938	0.9673617407071623	0.9673514281475948	0.032452390205985227	409,0,0,0,0,0,0,369,25,0,0,0,0,23,406,0,0,0,0,0,0,363,4,5,0,0,0,5,269,6,0,0,0,2,2,318
0.9818676337262012	0.9819484527422856	0.9818676337262012	0.9818660162775344	0.029926156237854662	403,0,0,0,0,0,0,389,12,0,0,0,0,12,421,0,0,0,0,0,0,335,7,3,0,0,0,1,280,4,0,0,0,0,1,338
0.9805077062556664	0.9805187428585859	0.9805077062556664	0.980503520180133	0.030703458997279442	415,0,0,0,0,0,0,349,19,0,0,0,0,16,404,0,0,0,0,0,0,387,1,1,0,0,0,2,293,0,0,0,0,2,2,315
0.9732547597461468	0.9734554911248271	0.9732547597461468	0.973224079712036	0.02759424795958021	423,0,0,0,0,0,0,359,27,0,0,1,0,12,408,0,0,0,0,0,0,358,5,2,0,0,0,4,294,3,0,0,0,2,3,305
0.9755213055303718	0.9755696032836173	0.9755213055303718	0.9755296704115018	0.027205596579867874	424,1,0,0,0,0,0,399,18,0,0,0,0,14,409,0,0,0,0,0,0,346,1,4,0,0,0,2,274,6,0,0,0,5,3,300
0.9791477787851315	0.9791920341822701	0.9791477787851315	0.9791596396250416	0.02623396813058687	433,0,0,0,0,0,0,376,13,0,0,0,0,15,414,0,0,0,0,0,0,341,4,2,0,0,0,2,287,5,0,0,0,0,5,309
0.9705349048050771	0.9705846531480785	0.9705349048050771	0.9705242449653132	0.02681694520015543	433,0,0,0,0,0,0,349,27,0,0,0,0,19,392,0,0,0,0,0,0,337,1,5,0,0,0,3,300,3,0,0,0,3,4,330
0.9796010879419764	0.9796229406130834	0.9796010879419764	0.9795920001953384	0.03206373882627278	424,0,0,0,0,0,0,368,16,0,0,1,0,11,396,0,0,0,0,0,0,349,5,2,0,0,0,5,305,2,0,0,0,0,3,319
0.9777878513145966	0.9779512203767888	0.9777878513145966	0.9777816433952069	0.030897784687135665	420,0,0,0,0,0,0,391,25,0,0,0,0,12,414,0,0,0,0,0,0,351,2,0,0,0,0,1,286,4,0,0,0,1,4,295
0.9755213055303718	0.9756861656602603	0.9755213055303718	0.9754998804549195	0.030120481927710885	426,0,0,0,0,0,0,369,25,0,0,0,0,14,397,0,0,0,0,0,0,374,2,2,0,0,0,5,288,5,0,0,0,1,0,298
0.9805077062556664	0.9805755429533312	0.9805077062556664	0.9805152957107867	0.027982899339292655	429,0,0,0,0,0,0,383,18,0,0,0,0,13,403,0,0,0,0,0,0,339,4,1,0,0,0,0,302,4,0,0,0,0,3,307
0.9800543970988214	0.9800955777504115	0.9800543970988214	0.98005323053196	0.03264671589584145	423,0,0,0,0,0,0,366,17,0,0,0,0,15,442,0,0,0,0,0,0,353,3,2,0,0,0,1,275,5,0,0,0,0,1,303
0.9750679963735267	0.9753319191103469	0.9750679963735267	0.975068426830318	0.027788573649436432	432,0,0,0,0,2,0,358,22,0,0,1,0,9,377,0,0,0,0,0,0,375,4,4,0,0,0,4,300,5,0,0,0,2,2,309
