accuracy	precision	recall	f1	oob	confMatrxVars
0.942883046237534	0.9431250930318121	0.942883046237534	0.9428669572254029	0.05013602798289929	418,0,0,0,0,0,0,343,39,0,0,1,0,44,366,0,0,0,0,0,0,361,6,7,0,0,0,9,300,13,0,0,0,4,3,292
0.9524025385312783	0.9532908370789176	0.9524025385312783	0.9523779112163384	0.05246793626117374	415,1,0,0,0,0,0,357,44,0,0,0,0,14,373,0,0,0,0,0,0,365,10,4,0,0,0,8,273,11,0,0,0,7,6,318
0.9596554850407978	0.9596544255517213	0.9596554850407978	0.9596270217698034	0.0530509133307423	442,0,0,0,0,0,0,340,27,0,0,0,0,28,408,0,0,0,0,0,0,357,7,5,0,0,0,13,267,4,0,0,0,2,3,303
0.9474161378059837	0.9476781579878476	0.9474161378059837	0.9474357253323409	0.05227361057131752	423,0,0,0,0,0,0,326,34,0,0,0,0,35,393,0,0,0,0,0,0,337,6,13,0,0,0,8,292,11,0,0,0,1,8,319
0.9456029011786038	0.9458331928707481	0.9456029011786038	0.9456196453954553	0.054799844539448084	405,0,0,0,0,0,0,331,26,0,0,1,0,39,338,0,0,0,0,0,0,413,5,11,0,0,0,9,272,11,0,0,0,4,14,327
0.956029011786038	0.9565583775112598	0.956029011786038	0.9560185659480166	0.05616012436844153	410,0,0,0,0,0,0,338,42,0,0,0,0,22,369,0,0,0,0,0,0,385,2,10,0,0,0,6,289,8,0,0,0,0,7,318
0.9469628286491387	0.9477585270682447	0.9469628286491387	0.9470206596530005	0.05324523902059852	417,2,0,0,0,2,0,354,23,0,0,0,0,45,351,0,0,0,0,0,0,362,9,11,0,0,0,11,306,6,0,0,0,4,4,299
0.9551223934723482	0.9551773124662495	0.9551223934723482	0.9551291884423807	0.05363389040031097	414,0,0,0,0,0,0,352,32,0,0,0,0,28,356,0,0,0,0,0,0,348,8,7,0,0,0,7,302,6,0,0,0,3,8,335
0.9551223934723482	0.9552180914757625	0.9551223934723482	0.955069610803948	0.05441119315973575	427,0,0,0,0,0,0,344,27,0,0,1,0,18,370,0,0,0,0,0,0,356,7,9,0,0,0,15,290,10,0,0,0,3,9,320
0.9514959202175884	0.9520866401050938	0.9514959202175884	0.9514094620276768	0.05752040419743487	423,1,0,0,0,0,0,354,42,0,0,0,0,20,393,0,0,0,0,0,0,322,6,9,0,0,0,17,278,7,0,0,0,3,2,329
0.9528558476881233	0.9529009898606279	0.9528558476881233	0.952860091834565	0.05246793626117374	446,0,0,0,0,0,0,323,32,0,0,0,0,35,384,0,0,0,0,0,0,363,8,7,0,0,0,8,274,6,0,0,0,3,5,312
0.9492293744333635	0.9492307680455421	0.9492293744333635	0.9491483605745628	0.050524679362611735	427,1,0,0,0,0,0,362,29,0,0,1,0,28,393,0,0,0,0,0,0,359,9,4,0,0,0,13,254,16,0,0,0,2,9,299
0.9551223934723482	0.9557816268687244	0.9551223934723482	0.9550606595971776	0.056354450058297756	404,0,0,0,0,1,0,347,39,0,0,0,0,18,380,0,0,0,0,0,0,377,2,10,0,0,0,15,289,8,0,0,0,1,5,310
0.9442429737080689	0.944443519638172	0.9442429737080689	0.9441232382366728	0.05246793626117374	417,0,0,0,0,0,0,333,39,0,0,0,0,30,363,0,0,0,0,0,0,361,4,4,0,0,0,17,299,14,0,0,0,6,9,310
0.9542157751586582	0.954455576515314	0.9542157751586582	0.9542190433771315	0.051301982122036516	432,0,0,0,0,0,0,350,30,0,0,0,0,37,365,0,0,0,0,0,0,375,0,9,0,0,0,11,288,6,0,0,0,4,4,295
0.956029011786038	0.9567724426210137	0.956029011786038	0.955977956431237	0.05596579867858531	433,0,0,0,0,0,0,357,39,0,0,1,0,15,383,0,0,0,0,0,0,345,6,8,0,0,0,9,279,11,0,0,0,6,2,312
0.9442429737080689	0.9446033717070174	0.9442429737080689	0.9442239804820951	0.04780411970462495	409,1,0,0,0,0,0,358,40,0,0,1,0,23,369,0,0,0,0,0,0,344,4,14,0,0,0,16,287,8,0,0,0,5,11,316
0.9637352674524026	0.9638105403584967	0.9637352674524026	0.9637360641497945	0.0540225417800233	412,0,0,0,0,1,0,354,28,0,0,0,0,20,383,0,0,0,0,0,0,378,6,4,0,0,0,5,288,5,0,0,0,5,6,311
0.9601087941976428	0.9602673041355699	0.9601087941976428	0.9601464566425882	0.0540225417800233	435,0,0,0,0,2,0,329,25,0,0,0,0,25,401,0,0,0,0,0,0,371,1,7,0,0,0,4,276,12,0,0,0,3,9,306
0.9623753399818676	0.9624878645967889	0.9623753399818676	0.9623519396382872	0.052662261951029965	411,0,0,0,0,0,0,358,25,0,0,0,0,22,405,0,0,0,0,0,0,376,4,5,0,0,0,7,281,12,0,0,0,4,4,292
0.9519492293744334	0.9520962478151521	0.9519492293744334	0.9519269717212343	0.05460551884959186	397,0,0,0,0,2,0,348,28,0,0,0,0,30,398,0,0,0,0,0,0,359,3,6,0,0,0,17,279,6,0,0,0,5,9,319
0.9487760652765186	0.9488600075846181	0.9487760652765186	0.9486923212452735	0.05460551884959186	424,0,0,0,0,0,0,327,35,0,0,1,0,30,380,0,0,0,0,0,0,364,6,5,0,0,0,12,291,14,0,0,0,4,6,307
0.9446962828649139	0.9448308505799861	0.9446962828649139	0.9444775554594486	0.04955305091333073	436,0,0,0,0,0,0,362,30,0,0,0,0,28,387,0,0,0,0,0,0,359,7,6,0,0,0,24,237,13,0,0,0,6,8,303
0.9587488667271079	0.9588457996142109	0.9587488667271079	0.958744530471858	0.057714729887291094	390,0,0,0,0,2,0,374,28,0,0,0,0,26,378,0,0,0,0,0,0,347,4,4,0,0,0,9,288,8,0,0,0,6,4,338
0.9496826835902086	0.9499612606407443	0.9496826835902086	0.9496221644254044	0.053439564710454746	445,0,0,0,0,0,0,347,38,0,0,0,0,23,376,0,0,0,0,0,0,361,5,7,0,0,0,11,276,14,0,0,0,5,8,290
