accuracy	precision	recall	f1	oob	confMatrxVars
0.9800543970988214	0.980091113894686	0.9800543970988214	0.9800423360849703	0.024290711232024864	429,0,0,0,0,0,0,373,18,0,0,1,0,12,380,0,0,0,0,0,0,360,1,1,0,0,0,2,284,5,0,0,0,1,3,336
0.9786944696282865	0.9787094703849283	0.9786944696282865	0.9786908119323247	0.024290711232024864	405,0,0,0,0,0,0,366,14,0,0,0,0,16,414,0,0,0,0,0,0,343,2,3,0,0,0,8,300,1,0,0,0,0,3,331
0.9796010879419764	0.9797432175575126	0.9796010879419764	0.9795961105140623	0.02390205985231253	415,0,0,0,0,0,0,365,20,0,0,0,0,9,387,0,0,0,0,0,0,372,4,2,0,0,0,2,288,5,0,0,0,1,2,334
0.9791477787851315	0.9792267630093614	0.9791477787851315	0.9791438158227956	0.02467936261173731	413,0,0,0,0,0,0,366,21,0,0,0,0,14,378,0,0,0,0,0,0,362,3,4,0,0,0,1,318,2,0,0,0,1,0,323
0.9786944696282865	0.9787702183175238	0.9786944696282865	0.9787068321623181	0.02409638554216864	414,0,0,0,0,0,0,368,15,0,0,0,0,18,392,0,0,0,0,0,0,379,4,3,0,0,0,1,281,2,0,0,0,0,4,325
0.9809610154125114	0.9809829771525882	0.9809610154125114	0.9809575923138864	0.025262339681305868	437,0,0,0,0,0,0,372,18,0,0,0,0,13,394,0,0,0,0,0,0,349,2,1,0,0,0,2,292,3,0,0,0,1,2,320
0.9746146872166818	0.9746243096832312	0.9746146872166818	0.9746102305890567	0.02254178002331908	409,0,0,0,0,0,0,366,20,0,0,0,0,16,403,0,0,0,0,0,0,382,5,0,0,0,0,4,279,5,0,0,0,2,4,311
0.9796010879419764	0.979677852777192	0.9796010879419764	0.9795942554930046	0.024290711232024864	423,0,0,0,0,0,0,346,9,0,0,1,0,16,406,0,0,0,0,0,0,374,4,1,0,0,0,4,283,7,0,0,0,1,2,329
0.9809610154125114	0.9811049666441728	0.9809610154125114	0.9809584165954689	0.02390205985231253	405,0,0,0,0,0,0,355,21,0,0,0,0,10,367,0,0,0,0,0,0,393,2,3,0,0,0,2,310,0,0,0,0,1,3,334
0.9809610154125114	0.9810369020795572	0.9809610154125114	0.9809485730429103	0.026039642440730648	401,0,0,0,0,0,0,373,19,0,0,0,0,11,378,0,0,0,0,0,0,388,3,2,0,0,0,4,265,3,0,0,0,0,0,359
0.9805077062556664	0.9805207389877167	0.9805077062556664	0.9805002872495792	0.024290711232024864	410,0,0,0,0,0,0,391,13,0,0,0,0,15,399,0,0,0,0,0,0,366,2,3,0,0,0,5,280,3,0,0,0,0,2,317
0.9809610154125114	0.9809666446642887	0.9809610154125114	0.9809611658662369	0.022736105713175303	434,0,0,0,0,0,0,349,18,0,0,0,0,18,403,0,0,0,0,0,0,346,1,2,0,0,0,1,305,1,0,0,0,0,1,327
0.9782411604714415	0.9784651138412844	0.9782411604714415	0.9782355925710045	0.02254178002331908	412,0,0,0,0,0,0,373,22,0,0,0,0,8,417,0,0,0,0,0,0,345,7,1,0,0,0,3,295,4,0,0,0,0,3,316
0.9755213055303718	0.975602468806135	0.9755213055303718	0.9754997100139696	0.021375825884181854	434,0,0,0,0,0,0,353,22,0,0,1,0,12,407,0,0,0,0,0,0,341,5,2,0,0,0,6,290,2,0,0,0,0,4,327
0.9823209428830463	0.9823712152208796	0.9823209428830463	0.9823250082522214	0.02467936261173731	420,0,0,0,0,1,0,379,15,0,0,0,0,10,400,0,0,0,0,0,0,374,2,2,0,0,0,2,279,4,0,0,0,0,3,315
0.9750679963735267	0.97511789847117	0.9750679963735267	0.9750782443217527	0.026428293820443094	414,0,0,0,0,0,0,369,17,0,0,0,0,21,402,0,0,0,0,0,0,353,5,2,0,0,0,4,289,2,0,0,0,0,4,324
0.9832275611967362	0.9833035991022758	0.9832275611967362	0.983223500157258	0.024290711232024864	428,0,0,0,0,0,0,346,16,0,0,0,0,8,389,0,0,0,0,0,0,361,3,2,0,0,0,1,293,2,0,0,0,2,3,352
0.9764279238440616	0.9765646968492457	0.9764279238440616	0.9764213464864405	0.021958802953750522	394,0,0,0,0,0,0,362,18,0,0,1,0,11,432,0,0,0,0,0,0,369,6,6,0,0,0,2,285,4,0,0,0,1,3,312
0.9786944696282865	0.9787395502274434	0.9786944696282865	0.97868223584944	0.02623396813058687	427,0,0,0,0,0,0,356,22,0,0,0,0,15,411,0,0,0,0,0,0,375,2,2,0,0,0,2,262,3,0,0,0,0,1,328
0.9809610154125114	0.9810079840087038	0.9809610154125114	0.9809655868715494	0.022347454333462857	429,0,0,0,0,0,0,375,13,0,0,1,0,15,382,0,0,0,0,0,0,345,4,2,0,0,0,1,298,2,0,0,0,0,4,335
0.9786944696282865	0.9787018590705078	0.9786944696282865	0.97869127519712	0.02681694520015543	436,0,0,0,0,0,0,370,16,0,0,0,0,14,382,0,0,0,0,0,0,357,4,2,0,0,0,4,290,4,0,0,0,0,3,324
0.9809610154125114	0.9809579888298113	0.9809610154125114	0.9809542726667765	0.023513408472600084	406,0,0,0,0,0,0,368,14,0,0,1,0,12,400,0,0,0,0,0,0,353,3,2,0,0,0,7,319,0,0,0,0,0,3,318
0.9782411604714415	0.9782878443870006	0.9782411604714415	0.9782179592447175	0.02467936261173731	416,0,0,0,0,0,0,372,18,0,0,1,0,10,401,0,0,0,0,0,0,358,5,0,0,0,0,6,299,5,0,0,0,0,3,312
0.9768812330009066	0.9769349312216679	0.9768812330009066	0.9768854559407921	0.021958802953750522	425,0,0,0,0,0,0,378,19,0,0,0,0,15,396,0,0,0,0,0,0,365,4,4,0,0,0,2,284,2,0,0,0,1,4,307
0.9732547597461468	0.9733215364810894	0.9732547597461468	0.9732519639394112	0.02467936261173731	417,0,0,0,0,0,0,352,15,0,0,0,0,19,420,0,0,0,0,0,0,365,3,6,0,0,0,7,282,5,0,0,0,0,4,311
