20	1	0.23691011728918657
120	18	0.1374652666062183
20	11	0.14597092632133138
110	6	0.1568387493053321
120	15	0.13823510485828772
200	14	0.13891134575448238
80	14	0.13943549094738072
200	4	0.17608704554096338
90	8	0.14782415396765036
180	10	0.14240837696335076
170	4	0.1758869811927813
200	19	0.13648249436953402
50	12	0.1420117581678317
80	19	0.1377764778145017
40	3	0.2025598876831729
170	9	0.14501272339056417
150	16	0.13776009827722363
200	9	0.14434818216385384
90	5	0.1637778232764924
60	1	0.2386720875135277
150	6	0.15615431864049836
170	13	0.1391780982187253
70	17	0.13789581444324195
130	4	0.17805960981602265
1	20	0.2135774664365732
130	9	0.14529468542513668
100	10	0.14303079937991747
30	20	0.14074000409488427
190	6	0.1558676767381321
130	19	0.13741261809353883
30	10	0.14601655503232028
70	7	0.15249466202579773
1	10	0.21329316446810373
100	20	0.1376091725408757
130	14	0.13892070549006988
10	5	0.17547632279388103
90	15	0.13874872034865013
190	11	0.14116236216326886
40	13	0.14127350902337008
90	18	0.13800813127029157
10	8	0.15806838456813593
140	17	0.1372698821258299
120	2	0.2290994179414431
180	20	0.1366345900728304
160	12	0.14011290181052383
30	7	0.15539618005791334
60	16	0.1387183012079908
80	3	0.20410658398900225
10	18	0.15193775775834328
1	8	0.2159407996724092
50	5	0.16547661528561813
160	2	0.22994413407821226
110	11	0.14140220538769777
1	5	0.22306121852057673
50	8	0.14921992453713182
10	15	0.15007517037643683
160	11	0.14121384070899995
60	15	0.13910439030097396
30	4	0.18039135394425101
100	3	0.2063330310918716
30	9	0.1474836935856562
60	18	0.13800228143554943
110	12	0.14077276316944043
160	1	0.23908391587937636
10	16	0.15084851852935152
1	6	0.21961449589049106
50	6	0.15819123109772146
70	4	0.17792272368305592
190	8	0.14722513089005232
30	13	0.14248091491415363
130	17	0.1375471642926087
1	13	0.21168913978180115
190	5	0.16201936295299657
70	9	0.14552516891397815
140	3	0.206264003041914
40	10	0.14488402702623648
120	1	0.2393799175173301
170	20	0.1369528210828044
140	14	0.13910790020181926
90	16	0.13813916756851616
10	6	0.16766328351224075
140	19	0.1374360174325075
190	12	0.13991634736318695
150	5	0.16256807745181195
170	10	0.1425908918073064
70	14	0.13909737049928333
40	20	0.13972213284974697
180	3	0.20647342712568367
150	8	0.14796221006756555
60	2	0.22705314574863256
70	19	0.1378384860627687
100	13	0.14005791336394746
130	7	0.15180321155927343
20	12	0.14435637193249287
120	16	0.13766767088829734
110	5	0.16320219953786302
20	2	0.2230904676942876
110	8	0.14796455000146244
50	11	0.142562812600544
90	6	0.15665623446137641
150	15	0.13823978472608145
80	17	0.13821989528795806
200	17	0.13693176167773255
150	18	0.13716692503436775
180	13	0.13934891339319663
170	7	0.15128608616806571
200	7	0.15115504986984113
100	15	0.13918277808651902
100	18	0.13770861973149257
130	1	0.23968995875866506
180	5	0.16224165667319895
60	9	0.1463570154143145
70	12	0.14093070870747895
150	3	0.2051841235485097
170	16	0.13764310158238025
90	20	0.1377495685746877
60	4	0.17734826991137495
180	8	0.14753868203223255
150	13	0.13923893650004385
180	18	0.13690953230571232
40	6	0.1584708531983971
50	17	0.1389639942671619
200	1	0.2392968498639913
180	15	0.13841761970224337
170	1	0.23916581356576674
80	11	0.1423136096405276
200	11	0.14142911462751173
120	10	0.1427230980724794
110	3	0.20526836116879693
20	9	0.15004943110357127
10	20	0.15411974611717216
20	14	0.1433993389686741
20	4	0.1801105618766269
20	19	0.14391646435988178
10	10	0.15370674778437507
160	7	0.151157389803738
110	14	0.13888209658077158
120	20	0.13677264617274557
80	6	0.15628886483956822
110	19	0.137162245166574
30	2	0.2253286144666413
60	13	0.14055514931703178
100	8	0.1479329608938547
160	17	0.1371025768522039
100	5	0.16294714674310448
140	12	0.14044166252303372
190	19	0.13688730293369208
120	7	0.1510228436046681
40	16	0.13974202228787033
190	14	0.13852408669455085
90	10	0.14340401883646783
130	11	0.14158121033080812
1	15	0.21263915294392927
140	8	0.14755155166866532
30	15	0.14123607008102018
70	2	0.22837052853256892
140	5	0.16213518968089147
1	18	0.21224136418146183
190	3	0.2059925707098774
30	18	0.14044985229167273
190	17	0.13740910819269353
120	9	0.14478574980256803
40	18	0.13981456023867322
90	13	0.14010939190967853
10	3	0.20141566000760475
120	4	0.17609172540875714
140	11	0.14166076808330158
40	15	0.14002398432244287
140	6	0.15594255462283185
1	16	0.21180730644359294
130	12	0.14026967738161392
70	1	0.23927462049197107
30	16	0.14064991663985488
50	3	0.20496416976220416
160	9	0.14467226300856997
80	5	0.16355318962239312
10	13	0.14958144432419782
1	3	0.22946210769545758
80	8	0.149171955892246
110	17	0.13723010324958315
160	4	0.17532188715668773
100	6	0.15659188627921256
160	19	0.13736347948170463
60	10	0.14393284389715985
30	1	0.23802743572494073
160	14	0.13881891836555613
150	20	0.13678083594138463
180	16	0.13793091345169495
170	2	0.22930065225657373
200	2	0.2294000994471906
200	12	0.14044634239082743
50	19	0.13872649097662987
80	12	0.14054461961449585
40	8	0.14930182222352215
90	3	0.20490567141478247
150	10	0.14284477463511652
60	20	0.13837316095820287
50	14	0.13957354704729588
40	5	0.1654508760127526
20	7	0.1550873087835268
120	13	0.13970809324636577
20	17	0.1426809792623358
130	2	0.2299909327561496
100	16	0.13808300915499136
60	7	0.15225247886747195
170	18	0.13710140688525543
70	11	0.1422223522185498
180	6	0.1574096931761677
170	15	0.13826084413115325
80	4	0.17722191348094413
160	8	0.1476135599169323
50	2	0.22764865892538533
160	5	0.16190119629120475
110	16	0.1378735850712217
80	9	0.14556728772412175
1	2	0.23508730878352682
10	12	0.1513352247798999
160	18	0.13763491181374124
100	7	0.15195062739477605
160	15	0.1378349761619234
60	11	0.14266927959285147
10	2	0.2212524496182982
40	19	0.139412091608412
90	12	0.14057620872210358
120	8	0.1481622744157477
190	16	0.1375296147883822
40	14	0.14066980607797827
70	20	0.1380947088244757
140	10	0.14298166076808325
120	5	0.16232121442569244
190	1	0.2392208020123431
140	7	0.15165345578987385
30	17	0.14059843809412378
1	17	0.21215244669338088
130	13	0.13905876158998504
130	3	0.20509403609348034
100	17	0.13748983591213546
170	19	0.1370908771827196
60	6	0.15700371464506127
140	20	0.1364438854602357
170	14	0.1388376378367311
150	1	0.23913539442510742
180	7	0.15150486998742282
70	10	0.14317704524847166
50	18	0.13858843487671468
200	13	0.13959343648541928
40	9	0.14712919360028076
80	13	0.1398028605691889
200	3	0.20694141390505713
170	3	0.2048822720758138
180	17	0.1375225949866916
50	15	0.13965544473368624
40	4	0.17966480446927374
150	11	0.14112492322091896
90	2	0.2296025037292696
20	6	0.16240077217818594
20	16	0.14313492643832806
110	1	0.23895638948199704
120	12	0.14033519553072624
40	7	0.15364824943695338
50	16	0.1387370206791658
90	1	0.23943607593085492
150	12	0.14030126648922164
180	19	0.13696686068618558
80	10	0.14329053204246978
200	10	0.14222469215244665
180	14	0.1383322121150077
20	8	0.1523472461902951
20	15	0.14272543800637627
120	11	0.14161279943841584
110	2	0.22975459943256601
20	5	0.1689034484775805
20	18	0.14318523501711072
130	20	0.13692240194214508
100	14	0.1387756295884641
100	19	0.13798005206352917
170	17	0.13731317090292194
150	2	0.2299698733510778
70	13	0.1401503407528737
60	8	0.1487343882535318
180	4	0.17647196466699813
180	9	0.14427447424610249
60	5	0.16370294539179261
40	17	0.13973968235397347
120	6	0.15541138962824297
140	13	0.13971628301500483
190	18	0.13680774518119856
90	11	0.1423838076574336
10	1	0.23322472140162034
190	15	0.13830998274298748
70	3	0.20314253122349288
30	14	0.141027815964199
140	9	0.1454362514258972
130	10	0.1432811723068823
1	14	0.21215595659422623
190	2	0.23003071163239633
30	19	0.14022287870367658
1	19	0.21276901927520545
140	4	0.1758682617216063
110	15	0.13858141507502408
160	6	0.15639299189797884
10	11	0.1510532627453274
1	1	0.23786364035216004
110	18	0.13716458510047086
80	7	0.15195179736172448
50	1	0.2387797244727836
160	16	0.13754482435871182
100	9	0.1446827927111059
60	12	0.1413554067097604
30	3	0.20299862528883558
100	4	0.1780970487583726
80	20	0.13747696627570266
200	20	0.13692942174383568
130	16	0.13784901576530462
1	12	0.21241685922372688
190	9	0.1444581590570066
30	12	0.14263067068355315
70	5	0.1647851648190938
140	2	0.2307537512065284
70	8	0.1480125186463482
190	4	0.17623563134341452
140	15	0.13787826493901542
40	11	0.14345666734914736
140	18	0.137585773201907
190	13	0.13935476322793877
10	7	0.16277867150253
90	17	0.13772967913656436
30	5	0.16760712509871592
50	20	0.13854397613267422
60	14	0.1395887566176255
160	10	0.14288455351136325
60	19	0.13834859165228577
30	8	0.1504554096346778
100	2	0.22885840475006577
1	7	0.2185194068267571
10	17	0.15157506800432882
110	13	0.13953025827020385
50	7	0.1532223814677235
80	1	0.23923601158267271
120	17	0.1378911345754482
110	4	0.17705343824036965
20	13	0.1436637514990201
110	9	0.14491327619994732
20	3	0.20110093889847608
150	14	0.13879902892743273
160	20	0.13684752405744535
90	7	0.15122407791979872
40	1	0.23873760566264
50	10	0.1438708356488929
200	6	0.15616835824387956
150	19	0.1368124250489923
170	6	0.15585831700254463
180	12	0.14024861797654214
80	16	0.1384035800988622
200	16	0.1381520372049489
180	2	0.23046593933721368
70	15	0.13903302231711948
170	11	0.14122086051069055
150	4	0.17729328146479859
70	18	0.13804323027874457
60	3	0.20299394542104182
150	9	0.14499751382023454
100	12	0.14063470706952527
130	6	0.15628535493872295
190	20	0.13633858843487667
70	16	0.13837550089209977
180	1	0.23952265348503904
170	12	0.14030126648922164
150	7	0.15141595249934187
130	5	0.16319634970312089
100	11	0.1418315832577729
130	8	0.14754219193307785
120	19	0.13715990523267718
110	7	0.1514826406154026
120	14	0.13907280119336626
110	20	0.1371411857615022
20	10	0.14747550381701713
170	5	0.16192225569627652
180	11	0.14123139021322648
200	5	0.1624031121120828
90	9	0.1454994296411126
200	15	0.13812044809734123
80	15	0.13898037380444
200	8	0.14750943285852172
90	4	0.17732721050630315
170	8	0.147415835502647
150	17	0.13764193161543184
50	13	0.14068384568135947
200	18	0.13699844979379328
40	2	0.22764982889233376
80	18	0.13805726988212577
100	1	0.23902190763110942
60	17	0.13845856854543853
30	6	0.16014507590160576
160	13	0.13953025827020382
50	4	0.1788458276053701
1	9	0.21392845652110323
10	19	0.15318260259147676
80	2	0.2290093304864137
20	20	0.1438778554505835
10	14	0.14996753341718094
50	9	0.14614291146275116
1	4	0.22755389160256217
110	10	0.1429407119248881
160	3	0.20691333469829473
130	18	0.1373295504402
140	1	0.2392278218140337
190	7	0.15125917692825175
1	11	0.21294802421831577
130	15	0.1380198309397759
70	6	0.15714996051361546
30	11	0.14373862938371984
190	10	0.14274532744449966
90	14	0.13901898271373828
10	4	0.18666471672175255
120	3	0.20454415162771653
140	16	0.13788528474070605
10	9	0.1549024540056743
40	12	0.1420737664160987
90	19	0.13767820059083327
