r2	rmse	mse	oob	mae
0.553870148625629	2.0993925625559826	4.407449131715375	0.46397781833701446	1.5022488077375487
0.5366126918361365	2.249139911504401	5.058630341522025	0.45062954785555753	1.5916210009773941
0.5745620121663411	2.142806600082012	4.59162012535503	0.46586821357660657	1.4837792021268223
0.5232633343005294	2.2311232893833424	4.977911132428746	0.4448412534833861	1.5996318155414904
0.5496725701979075	2.1578379569357966	4.6562646483928525	0.45393791969209074	1.5252171233868284
0.5378277401341856	2.2730710396298797	5.166851951204062	0.4589722280448233	1.589446664826839
0.5485046469982091	2.105092148357341	4.431412953075726	0.4519835419421415	1.496020436686469
0.5702333388350509	2.1381312299714517	4.571605156579233	0.46393689226128787	1.510527043144572
0.5802894161204961	2.087197209579124	4.356392191674883	0.4840104034254572	1.4813718485359455
0.5452100966057021	2.0870418421257617	4.355743650783692	0.45500443418165326	1.53220848138719
0.5585803734883419	2.08431102779663	4.344352460594644	0.46308686389438336	1.478077156654784
0.5606499843831564	2.108479884212225	4.445687422127599	0.4670388576590807	1.516542609852755
0.551596128162559	2.161998582720183	4.6742378716840784	0.451204825032272	1.5447810963905142
0.5517319745208337	2.1242969112557075	4.51263736717054	0.46247604421867927	1.5075336824646153
0.5403640992683202	2.1431127269918906	4.592932160594617	0.4556740826092589	1.5183483338089598
0.551462878017786	2.1641158841147456	4.683397559877747	0.4615973404821109	1.5276420300849423
0.5367850431725172	2.252861201688693	5.075383594074223	0.45349490996578257	1.5988660406503554
0.545853790581492	2.258193636528885	5.09943850005955	0.4523610390704713	1.6088340206699
0.5440487174729476	2.058199183981385	4.236183880941638	0.4603967798868476	1.482495233464618
0.5608249401155254	2.165170817609233	4.687964669426634	0.4660706199852733	1.5142847336106118
0.5251946298820012	2.192008402702782	4.804900837519602	0.44832223570471885	1.5227297407981248
0.543255800468033	2.2624862703906525	5.118844123706205	0.45054491070547176	1.5685894647418968
0.5374607539165869	2.173284799784768	4.7231668209755195	0.4672178280327284	1.5166527365899825
0.5605877162024084	2.155869119777634	4.647771661610792	0.4655706247835678	1.5519731535052212
0.5539382158000963	2.1316403449281	4.543890560125188	0.4646821152701568	1.5144029460163941
