r2	rmse	mse	oob	mae
0.5573461125014061	2.095508913641071	4.391157607149182	0.4479355651029955	1.4720706115387565
0.5810352353179978	2.1722951680065616	4.718866296944656	0.46535990688626283	1.5303723249605687
0.5575033342878948	2.161004304666534	4.669939604787289	0.45188892205723463	1.5419895102390824
0.5600877852389806	2.1281535338050594	4.529037463446962	0.45123034940784557	1.5139422402408658
0.5892169178589	2.0079747272006028	4.0319625050763355	0.4678647548593755	1.4393285371968785
0.5563975649600215	2.1257171029874273	4.51867320193326	0.45984770064786074	1.4962207664604328
0.5636919153034778	2.1219047230173786	4.502479653563459	0.4589153484752653	1.5196146211575747
0.5571475854605652	2.075688340762744	4.308482087978394	0.45640496975768885	1.512926792633923
0.5304365167391842	2.23238260597739	4.983532099470402	0.44109468418895603	1.5585362983230138
0.5702652537214405	2.1781132698342005	4.744177416227833	0.46045961774901034	1.5069578815413014
0.5512745772984378	2.1141927636640636	4.469811041929492	0.4620997837254932	1.528190794836788
0.5384564959965699	2.2190936537292556	4.924376644021457	0.44499809741053076	1.572407434298522
0.5428942170450569	2.1674748809820312	4.69794735968807	0.45577873374573674	1.5129572689616755
0.5643441675066048	2.026388293175888	4.106249514720289	0.4597528211039399	1.4688043565300617
0.5419148333926995	2.2311251949185986	4.977919635400554	0.4542022478519888	1.5669667577000679
0.5842713137949593	2.1054384500038084	4.43287106675444	0.4657109159215018	1.4773053261216524
0.5560490695888298	2.128994680056392	4.532618347708419	0.449638842146179	1.5205417053823929
0.5750330233914895	2.132207248478381	4.546307750463749	0.4588358037767175	1.4753332323649722
0.5415730554476168	2.243801086821094	5.034643317219522	0.44367013531122423	1.537759568947737
0.5790348071576565	2.1035230922146515	4.4248093994802895	0.46576415841313623	1.5057387829088953
0.5655925483954263	2.1412737191883107	4.58505314048654	0.4710876120847294	1.5381287744848753
0.5432414256097965	2.1222171798256872	4.503805758347293	0.4519830365338191	1.4790928739341747
0.5274224340750857	2.1905741882691405	4.798615274311004	0.4447373672902799	1.565283376879462
0.5673889898838933	2.090860037360352	4.371695695830533	0.4571836752727785	1.4928419348461488
0.5478269197102235	2.1990424977404675	4.835787906868633	0.45221068582535295	1.5435635277382194
