r2	rmse	mse	oob	mae
0.3221054403277239	2.603890918797236	6.780247916994713	0.7089740333759437	1.8891171737452903
0.26898010043771936	2.7105408678870635	7.347031796485956	0.6879853702547692	1.9754656633279546
0.2863772533160822	2.775759340495178	7.704839916346225	0.6941067831684666	2.0262523369477514
0.2933683623979415	2.697823323614157	7.278250685436536	0.7013932450719337	1.9595336286320706
0.31899311562446775	2.681921414337819	7.192702472683767	0.7107359118034773	1.9181153715553558
0.27524948581304987	2.824801424429082	7.979503087456571	0.7017549690671693	2.0325670236110107
0.3074877182889788	2.736076576586793	7.486115032946906	0.7060170040640531	1.9765528250371671
0.30682020543741106	2.643736636928409	6.989343405437536	0.7060460951521369	1.9211973761312828
0.30152279235556456	2.6641818926421847	7.097865157082492	0.7058791558781597	1.9278691237711858
0.2874860123401346	2.8037917847023284	7.861248371964267	0.7037234786642865	2.0141510914342313
0.2820410209224543	2.681091527848654	7.18825178070183	0.6975412606826739	1.9539950469360892
0.3235170809288982	2.674554893368651	7.153243877642197	0.7128237279454831	1.9227165218052567
0.30996741565756447	2.579330464545085	6.652945645330365	0.7082487428234857	1.9552077292903272
0.31731536482993106	2.5978017506809516	6.7485739358410175	0.711465171575933	1.9156239729137448
0.30809607469823486	2.647594101188983	7.0097545246507	0.7079372747195677	1.8924093975980112
0.30445045516833624	2.697935120724093	7.278853915636526	0.7035631352787721	1.9957703996755194
0.26892811488604007	2.732551291296102	7.466836559563993	0.6946973338933574	2.006759082253326
0.288991836326171	2.6345823919246643	6.941024379839486	0.6921154002195726	1.9355664632035563
0.2981444564616488	2.699996454656675	7.289980855158614	0.7108076312518624	1.9760601069842343
0.2928187287896932	2.6616568664835296	7.084417274898921	0.6998958080855864	1.9043416660756773
0.30643155666310307	2.7189199123657026	7.392525489858721	0.7091939873846231	2.001427497664603
0.28933255214947684	2.6430451749013066	6.985687796569079	0.6980347992757595	1.9337970930734285
0.2658913725237786	2.7799362553562807	7.728045583844302	0.6925352045058941	2.0280330364859664
0.27119527418549594	2.7197266633508	7.3969131233412755	0.693356927630405	2.028985731388948
0.31222714759821524	2.663477367941141	7.094111689534668	0.7089459663947955	1.9344715759983226
