r2	rmse	mse	oob	mae
0.5434778200228095	2.084713362645731	4.346029804393671	0.4477088512571018	1.5078537124331546
0.5593751722777252	2.113610006138779	4.467347258049969	0.45667512819477496	1.4930422900208695
0.5302932083174048	2.093785167669861	4.3839363283543085	0.44117372403946	1.4892604932097084
0.5535061907733027	2.0914067163334846	4.373982053124809	0.45003983864347386	1.496679257194414
0.5373762993277489	2.214981782728719	4.906144297820095	0.44231996461975	1.528713727223588
0.5530066085369418	2.1467485763258387	4.6085294499570155	0.45565403178203057	1.4950445688239824
0.5328371847803288	2.254975926281736	5.084916428110174	0.4376740732327993	1.573348533868949
0.5372387635409146	2.2674340348318722	5.141257102313944	0.44466535873797974	1.5725504610380951
0.5271744203403519	2.1371093433719324	4.567236345527611	0.43943773293628086	1.5182492306949
0.5765386307197695	2.122043663997876	4.5030693119135305	0.4627374588478137	1.475350359693308
0.5623062858547163	2.0614674864199314	4.24964819756651	0.46474698065788567	1.4764730025869084
0.53274607104852	2.134580146291422	4.556432400941508	0.4403910537681537	1.4949896603069437
0.5553670523613243	2.154022474793121	4.639812821913882	0.45421223091399265	1.518468533831396
0.5459880308750082	2.2124394020705407	4.8948881078342525	0.45059486688894046	1.5202791247586631
0.5867799759613266	2.099132669887671	4.406357965789742	0.4598716313036668	1.4833225250213065
0.5518763775248676	2.145093312557848	4.601425319580403	0.45512896506148137	1.5253300747786498
0.576985721650658	2.124358062228295	4.512897176554357	0.46298848709418594	1.4878080683223016
0.5248401050167807	2.2305568450628974	4.9753838390569465	0.442638928705276	1.5853686031758458
0.5473380757866797	2.207110262161772	4.871335709339807	0.4570288765025532	1.5314939341824012
0.5715946658552595	1.9988883508842894	3.9955546393009143	0.45221753285015887	1.4425523978430208
0.5741996862608876	2.0866248201234088	4.354003139955047	0.46208613180154345	1.4990587944869802
0.5834037703132784	2.0278914978984637	4.112343927248875	0.4643662668010029	1.4837529609244877
0.531941073318229	2.1690367271821627	4.704720323865107	0.4391679771378503	1.514367115234157
0.5615193047748182	2.1934695511810123	4.811308671958231	0.46259889232294416	1.5252388561975851
0.5521649652894077	2.0911626867790805	4.3729613825771025	0.448077295454093	1.4936679210953379
