r2	rmse	mse	oob	mae
0.5642494159883272	2.1093803707101495	4.449485548337288	0.46319077609239745	1.4885696781059088
0.5502315030248535	2.245983912094293	5.044443733386384	0.45208128818696947	1.569449682005757
0.5287507320287178	2.1319356924094373	4.545149796569306	0.4477926096443776	1.5102717990686627
0.5484152753455368	2.1706221918273974	4.711600699653575	0.45089163759254447	1.5157355303493283
0.5537042607757554	2.145350133475044	4.602527195201389	0.45640102628600554	1.5366815170685315
0.5705092498597306	2.144956558733161	4.600838638852404	0.4692297528935012	1.5141029061793247
0.5354023498692246	2.1095957564224364	4.450394255515551	0.45773548166914746	1.5082308076604187
0.5695843880492981	2.0952930278905275	4.390252872726655	0.4675876432355933	1.5197803859883328
0.5457823149834604	2.2453639540294548	5.041659286054787	0.45473939062981716	1.5636311718215308
0.537175170801313	2.2383559823026995	5.010237503510282	0.45269599128562577	1.5585072827928066
0.5594451772966665	2.07324585887762	4.2983483913532	0.4577211391733025	1.504667430634163
0.5524453215261058	2.2078517871292997	4.874609513930042	0.4517809685113845	1.5230528114403474
0.5468780383277965	2.12872842692198	4.531484715585728	0.45138397485201665	1.5341201255442616
0.5562660669818303	2.1184119977807323	4.487669392341353	0.45262277019571806	1.5408002449636409
0.5382081640165297	2.1608007096562614	4.669059706851003	0.4477629579517399	1.531639039820632
0.5690830659106714	2.0923294230863596	4.377842414712899	0.45566171252596877	1.4826588934398521
0.5063144347925335	2.2341482183612276	4.991418261606648	0.43373542410572363	1.5487687579071572
0.5336390683649304	2.129672592149063	4.535505349750909	0.44217139493090096	1.5167380595238886
0.5436116964750155	2.206738918881195	4.869696656104947	0.45361070471016496	1.5275772309472726
0.5553020284357411	2.122864891180679	4.506555346207556	0.46125416285060084	1.520398206731835
0.5279766884945497	2.121274056610844	4.4998036232502265	0.44885171976502436	1.4950456937486787
0.5664240504444171	2.0964174034067096	4.39496592930653	0.45762591797849717	1.4867524132483703
0.5573574925632543	2.1901600194799005	4.796800910928199	0.4563101753766817	1.5386753901957366
0.5114882968698611	2.2191568986789685	4.924657340954457	0.44003389185810105	1.532723606663186
0.5604319535315151	2.151209191922174	4.627700987410453	0.45579564523556737	1.4859512439033329
