r2	rmse	mse	oob	mae
0.5691613134276219	2.0204288382478803	4.082132690423679	0.46390362379437367	1.4736774093073302
0.5373103761854858	2.2275126134907635	4.961812443260452	0.45018973835044895	1.5602515912204484
0.5826610110087942	2.0609959089822167	4.247704136841433	0.4708884138825651	1.4766311161300623
0.5369615613907909	2.1440770217657574	4.597066275263921	0.45274160094290905	1.5252714199910122
0.5447127475196301	2.242014119999114	5.026627314275402	0.463350549838498	1.5125091012071554
0.5494371726157323	2.235423541089363	4.997118408056506	0.46067607535960575	1.590696383746338
0.5205711533472266	2.0669973225171496	4.272477931293066	0.44136023622873644	1.472426989895163
0.5346770195122856	2.190023468763166	4.796202793733451	0.45925931400342945	1.560571620213154
0.5209858168005255	2.340290678149701	5.476960458234387	0.447998791440684	1.6091684473948633
0.5318445717198789	2.257587904683079	5.096703147371335	0.4504371625366962	1.5583043426853247
0.5360090408023825	2.1549173283279828	4.6436686919282115	0.45141868240451355	1.5460508145590082
0.5584750551206648	2.1374248382858285	4.568584939321201	0.4654769846598583	1.528529967127158
0.556736990332966	2.128957312791562	4.532459239688669	0.4653164353386321	1.5062558081885558
0.549449326787451	2.1547076342931146	4.642764989281031	0.4615219659807406	1.550618701916324
0.5514941632809329	2.215776742577991	4.909666572949534	0.46265637927787084	1.5528630698761723
0.5100018806219104	2.281231983504864	5.204019362565535	0.4396951297033924	1.5782119237674959
0.5570029428948737	2.1270084658010044	4.524165013589143	0.46824416541028957	1.4999677465181183
0.5602256336987956	2.109490529012305	4.449950291992614	0.46712097052850754	1.4814331308913748
0.5445743395120455	2.2045527396770055	4.86005278201739	0.45748239468291474	1.5258302487244995
0.5356497151907899	2.2021190391167047	4.849328262440278	0.4567759487027816	1.547138120338959
0.535062169824582	2.189068311487087	4.792020072356927	0.4484291198289555	1.5505916310180612
0.5748658270322775	2.0354781732891247	4.143171393936432	0.465944369467577	1.468235371720944
0.5305491545815109	2.239990914370537	5.017559296462555	0.45021640876969693	1.574787278296476
0.5827964063724872	2.041912125010444	4.169405126264667	0.4705940922739875	1.4976780726820247
0.5556831316463742	2.0922179582467546	4.377375984810218	0.46025749738275146	1.4726419862497673
