r2	rmse	mse	oob	mae
0.5605957178667235	2.1789765767883105	4.7479389221921044	0.4544798770162545	1.5209240525111525
0.5686540758700465	2.074379422723774	4.303049989419819	0.457358596891993	1.4602699404592705
0.5528813391926637	2.1560367757035905	4.648494578186335	0.4501792332851269	1.5432570464662272
0.5200864579503562	2.162389804897877	4.675929668326279	0.4424040383863994	1.5275982279018983
0.5552798768279341	2.1422511854373245	4.589240141507622	0.4542436915916288	1.5284768502283654
0.5416172664805217	2.221222824774089	4.933830837297384	0.44512951329042905	1.573089437392025
0.584368905355326	2.1356235202317153	4.560887820166904	0.4639070471766221	1.5148103021074137
0.5715833374569135	2.1160269507989184	4.477570056507369	0.4565625212811253	1.5021365826444413
0.5458236825661009	2.1475204888087758	4.611844249853484	0.44484083220142645	1.5150492930094623
0.5451058404153944	2.2021438905902113	4.849437714863793	0.45137700530524594	1.5488295939067238
0.5481057137824835	2.0663816463919167	4.269933108545368	0.45613285343366705	1.474359581859108
0.5379619495967904	2.0979646646924177	4.401455734297969	0.44193032107755703	1.5117011199988535
0.5408214042202397	2.2214457988232525	4.934821437109478	0.43977180566725704	1.5697358877792367
0.5516130505060595	2.1449571051413545	4.60084098289638	0.452307758344088	1.4887358639605377
0.5600254379002093	2.1685046885190653	4.702412584129168	0.45868675976780215	1.5242833126008983
0.5447344743334155	2.2162355917767473	4.911700198258029	0.44854482523547734	1.5601101561925415
0.5716142612640366	2.06907598417266	4.2810754282800625	0.46196953455514367	1.4833145105033703
0.5402407584743534	2.115775041716483	4.476504027150385	0.4513468751966402	1.5127904835957613
0.513471580910053	2.1531413388558716	4.636017625090056	0.4350329619368296	1.49772153727271
0.5564979945022919	2.0909420404231103	4.3720386164087595	0.45127805893178863	1.5061714071212766
0.5538749108504073	2.112617328101982	4.463151974996758	0.4577447222254254	1.535735805609569
0.5368798298305762	2.188856082859956	4.7910909514730315	0.44929146782840057	1.5453350590944186
0.552695461077365	2.090094416665289	4.368494670575416	0.456987502761375	1.5198281053714617
0.5312474465679037	2.1589377355890496	4.661012146150373	0.44142885206784566	1.5111677797634897
0.5061964716162676	2.240111823607218	5.0181009822648575	0.4364236586195088	1.5628461147239674
