r2	rmse	mse	oob	mae
0.4246998832457879	2.5384717903770277	6.443839030539952	0.5304594951216374	1.7575118908906446
0.45936024145762056	2.3565928512149803	5.553529866397551	0.5415654255709472	1.7134861944701665
0.4457720780355935	2.4550260078296584	6.0271526991200295	0.5398418681768151	1.7329513105666619
0.4417546460171946	2.4881668331522016	6.1909741895986565	0.5378060608517535	1.753321019269581
0.43248313287812834	2.4318272755421813	5.913783898070909	0.5356440368079938	1.7202120481224694
0.5001780750523341	2.1885697938131643	4.789837742391396	0.5572180019831873	1.6111927461581816
0.44230773709109905	2.4012359055418093	5.765933874063193	0.5317252009869375	1.7108979945548788
0.4545182691700441	2.2952412272875584	5.268132291440498	0.5448923687536334	1.6461654976797564
0.4237655337488351	2.3823584694183637	5.675631876809409	0.5304874765390227	1.7136655888179864
0.46708817583185824	2.302151548899475	5.299901754100253	0.5516760535825178	1.6739820620181465
0.45707183894658565	2.318270005493725	5.374375818371876	0.5462937079369424	1.6990829172680626
0.44399280275612285	2.36089138409539	5.573808127495845	0.5449971611536605	1.7036587787777127
0.4634536819352756	2.296196478392766	5.272518267383339	0.5493688874336677	1.6689203860829465
0.4734558248111622	2.3441462661583268	5.495021717144025	0.5523390431157197	1.6782862124466074
0.46444226423205703	2.2631453599224374	5.121826920138458	0.5439722447059171	1.6402237730440685
0.4402210540155962	2.3868235082231246	5.696926459406544	0.5340168128153581	1.7230850923146603
0.43524896885838227	2.4774520854543285	6.137768835722001	0.5308738543186395	1.7701341728684516
0.468756272298958	2.400444362012989	5.762133135119947	0.547636620005643	1.7158057955992594
0.45795646124352063	2.3710039117893564	5.621659549720429	0.5390812576793546	1.6997224590957245
0.46339703084673023	2.333890345049468	5.447044142715124	0.5470037653177061	1.6585646101675133
0.45012236060355926	2.439599294061076	5.9516447155833	0.535147284701185	1.7226171432122819
0.4419092349070388	2.432976241302522	5.919373390742549	0.5389503118366207	1.7353637839049838
0.4486821853318955	2.505735234151793	6.278709063669741	0.5409570292706005	1.756867482034496
0.44766445926866105	2.3470365812332603	5.5085807136471105	0.5383095274308635	1.6994108740376577
0.46064700587625396	2.396609431265556	5.743736766031011	0.5500274963780625	1.723794102255621
