r2	rmse	mse	oob	mae
0.5572927494747686	2.1001519729561466	4.4106383095115955	0.46268660740522716	1.4811399844208593
0.5549053049762026	2.1213577679535245	4.50015877965676	0.46035765646473326	1.5030170760059292
0.5644454666321741	2.2263740255947257	4.956741301842865	0.46620514548345715	1.5428463780906148
0.5769535747257541	2.1041476273418604	4.42743723764838	0.4614749155462502	1.4982035921991697
0.553741189829962	2.156642375963491	4.651106337801453	0.46206003283112373	1.508201422940758
0.5365045742991934	2.1505344524838095	4.624798431319839	0.4536092680624412	1.517669522621305
0.542010006803809	2.2767806064842966	5.183729930063001	0.4623363130486562	1.602476414484383
0.5201424245753953	2.1913351702005417	4.801949828157836	0.4422178491804789	1.5503499671862604
0.5350793089995003	2.2280995530391325	4.964427618253182	0.4531259392139211	1.574609654022952
0.567397272034549	2.019899969798254	4.079995887990986	0.4765191777226493	1.4745200499624058
0.5648066795980917	2.2058854109026402	4.86593044603311	0.4721554901079382	1.5538153304371083
0.5580101738622095	2.1458241488352354	4.604561277724463	0.45961647605332323	1.529814222619009
0.5441327328468109	2.1988319483764838	4.834861937201124	0.4683709320598517	1.5618426638500054
0.514370551245706	2.162154649946506	4.674912730285299	0.45130794259359175	1.563389817771064
0.5607565688990521	2.197568962121976	4.8293093432818575	0.4593405304716336	1.536776788026414
0.5539596846946032	2.1064524168694767	4.437141784535259	0.45871777284950643	1.517960775424441
0.5445891383355101	2.1007303330543547	4.413067932214661	0.45035460071016353	1.4918708758113266
0.5548279587095706	2.1632586708589097	4.679688077046256	0.4627084474944527	1.5152501129539067
0.5566137005257177	2.154287486430482	4.640954574190966	0.4586117977970152	1.5192840081439434
0.5565886306244299	2.1090430891392	4.448062751845819	0.45911203193211914	1.4996588870455958
0.5812970873293541	2.126480195415107	4.521918021492673	0.48368310302329465	1.5072151410541013
0.5301558539857572	2.1466187505624235	4.607972060266181	0.452453211832758	1.5376798418958229
0.5686831746393891	2.11866473404067	4.488740255267622	0.46744118880418006	1.506353037110804
0.564943428940517	2.1651560810097545	4.687900855133519	0.47023730680947406	1.5460303461273113
0.5728456917345317	2.0588939682905614	4.239044372663255	0.4645712191779682	1.4606942513723415
