accuracy	precision	recall	f1	oob	confMatrxVars
0.5061538461538462	0.4215079233657206	0.5061538461538462	0.4185039858518752	0.5007697382889817	0,0,3,9,0,0,0,0,0,18,43,0,0,0,0,0,196,436,0,0,0,0,0,91,791,0,0,0,0,0,5,301,0,0,0,0,0,0,56,0,0,0,0,0,0,1,0,0,0
0.5076923076923077	0.414003760375691	0.5076923076923077	0.4266174931073598	0.493512205850011	0,0,1,5,0,0,0,0,0,28,30,0,0,0,0,0,237,398,0,0,0,0,0,114,753,0,0,0,0,0,6,315,0,0,0,0,0,0,60,0,0,0,0,0,0,3,0,0,0
0.5071794871794871	0.4288255416983576	0.5071794871794871	0.42299540814323555	0.4948317572025511	0,0,3,6,0,0,0,0,15,48,0,0,0,0,236,411,0,0,0,0,86,753,0,0,0,0,5,318,0,0,0,0,0,69,0,0
0.5046153846153846	0.41670762080648877	0.5046153846153846	0.42078521406823216	0.5089069716296459	0,0,4,8,0,0,0,0,0,26,43,0,0,0,0,0,223,418,0,0,0,0,0,100,761,0,0,0,0,0,2,319,0,0,0,0,0,1,42,0,0,0,0,0,0,3,0,0,0
0.46205128205128204	0.39503905706635134	0.46205128205128204	0.3454257247677367	0.5216626347042006	0,0,0,5,0,0,0,0,10,64,0,0,0,0,99,524,0,0,0,0,47,802,0,0,0,0,2,350,0,0,0,0,0,47,0,0
0.4717948717948718	0.4107958763196115	0.4717948717948718	0.36559212763816346	0.51572465361777	0,0,1,5,0,0,0,0,0,12,57,0,0,0,0,0,127,525,0,0,0,0,0,57,793,0,0,0,0,0,2,320,0,0,0,0,0,0,50,0,0,0,0,0,0,1,0,0,0
0.4482051282051282	0.3861278584031357	0.4482051282051282	0.32411337563493725	0.5304596437211349	0,0,1,9,0,0,0,0,16,58,0,0,0,0,81,574,0,0,0,0,37,793,0,0,0,0,1,326,0,0,0,0,0,54,0,0
0.4723076923076923	0.42176297283463027	0.4723076923076923	0.3604113890410696	0.5236419617330108	0,0,4,8,0,0,0,0,0,10,61,0,0,0,0,0,116,539,0,0,0,0,0,41,805,0,0,0,0,0,2,302,0,0,0,0,0,0,60,0,0,0,0,0,0,2,0,0,0
0.4897435897435897	0.40322306747903114	0.4897435897435897	0.39529009722580566	0.5038486914449087	0,0,2,6,0,0,0,0,0,15,52,0,0,0,0,0,175,436,0,0,0,0,0,81,780,0,0,0,0,0,5,338,0,0,0,0,0,0,56,0,0,0,0,0,0,4,0,0,0
0.4230769230769231	0.26824716051334757	0.4230769230769231	0.25263679429309666	0.5495931383329669	0,0,0,2,0,0,0,0,0,2,69,0,0,0,0,0,1,694,0,0,0,0,0,1,824,0,0,0,0,0,0,297,0,0,0,0,0,0,59,0,0,0,0,0,0,1,0,0,0
0.5184615384615384	0.3970282485875706	0.5184615384615384	0.4446815541587886	0.48977347701781393	0,0,5,4,0,0,0,0,0,35,36,0,0,0,0,0,325,271,0,0,0,0,0,198,686,0,0,0,0,0,24,299,0,0,0,0,0,3,61,0,0,0,0,0,0,3,0,0,0
0.48615384615384616	0.4456718089720714	0.48615384615384616	0.3865512939717698	0.5247415878601276	0,0,1,6,0,0,0,0,0,7,52,0,0,0,0,0,159,507,0,0,0,0,0,48,789,0,0,0,0,0,2,316,0,0,0,0,0,0,61,0,0,0,0,0,0,2,0,0,0
0.4635897435897436	0.3991503251175821	0.4635897435897436	0.3429524270526496	0.5383769518363757	0,0,0,7,0,0,0,0,0,16,45,0,0,0,0,0,90,549,0,0,0,0,0,38,814,0,0,0,0,0,2,328,0,0,0,0,0,0,59,0,0,0,0,0,0,2,0,0,0
0.5107692307692308	0.4133708476580087	0.5107692307692308	0.42111832033243424	0.5038486914449087	0,0,6,5,0,0,0,0,34,41,0,0,0,0,204,410,0,0,0,0,84,792,0,0,0,0,4,314,0,0,0,0,0,56,0,0
0.47692307692307695	0.4174830831453683	0.47692307692307695	0.3756411612059506	0.5139652518143831	0,0,2,11,0,0,0,0,0,19,49,0,0,0,0,0,158,490,0,0,0,0,0,50,772,0,0,0,0,0,1,331,0,0,0,0,0,0,66,0,0,0,0,0,0,1,0,0,0
0.48307692307692307	0.39952468120642143	0.48307692307692307	0.3836138126397319	0.5073674950516824	0,0,3,7,0,0,0,0,0,22,53,0,0,0,0,0,156,466,0,0,0,0,0,68,786,0,0,0,0,0,4,324,0,0,0,0,0,0,57,0,0,0,0,0,0,4,0,0,0
0.48102564102564105	0.41633795482653124	0.48102564102564105	0.38191625544267055	0.5128656256872663	0,0,5,1,0,0,0,0,0,18,44,0,0,0,0,0,159,498,0,0,0,0,0,58,779,0,0,0,0,0,3,322,0,0,0,0,0,0,62,0,0,0,0,0,0,1,0,0,0
0.47435897435897434	0.407804085523038	0.47435897435897434	0.36845500069550696	0.5172641301957335	0,0,1,8,0,0,0,0,0,13,55,0,0,0,0,0,127,512,0,0,0,0,0,60,798,0,0,0,0,0,0,320,0,0,0,0,0,0,55,0,0,0,0,0,0,1,0,0,0
0.5169230769230769	0.4193004066268424	0.5169230769230769	0.43618931160538166	0.5045084671211788	0,0,2,6,0,0,0,0,0,26,35,0,0,0,0,0,267,362,0,0,0,0,0,110,741,0,0,0,0,0,6,326,0,0,0,0,0,1,66,0,0,0,0,0,0,2,0,0,0
0.46102564102564103	0.4058609183954806	0.46102564102564103	0.3516750529078639	0.5284803166923246	0,0,1,12,0,0,0,0,13,54,0,0,0,0,119,543,0,0,0,0,52,780,0,0,0,0,1,319,0,0,0,0,0,56,0,0
0.4882051282051282	0.4269153688945356	0.4882051282051282	0.38568396817158024	0.5306795689465582	0,0,3,10,0,0,0,0,0,15,45,0,0,0,0,0,153,488,0,0,0,0,0,46,799,0,0,0,0,0,5,320,0,0,0,0,0,0,65,0,0,0,0,0,0,1,0,0,0
0.43333333333333335	0.44302053135300423	0.43333333333333335	0.26846147942611254	0.550912689685507	0,0,1,7,0,0,0,0,0,0,64,0,0,0,0,0,10,644,0,0,0,0,0,2,835,0,0,0,0,0,0,322,0,0,0,0,0,0,62,0,0,0,0,0,0,3,0,0,0
0.5338461538461539	0.44613933544811657	0.5338461538461539	0.4569537956113899	0.5086870464042226	0,0,2,5,0,0,0,0,0,24,47,0,0,0,0,0,284,371,0,0,0,0,0,103,757,0,0,0,0,0,5,291,0,0,0,0,0,0,58,0,0,0,0,0,0,3,0,0,0
0.4687179487179487	0.41829747448912447	0.4687179487179487	0.35461790465253495	0.5361776995821421	0,0,0,8,0,0,0,0,0,8,53,0,0,0,0,0,110,536,0,0,0,0,0,40,804,0,0,0,0,0,5,323,0,0,0,0,0,0,61,0,0,0,0,0,0,2,0,0,0
0.5138461538461538	0.4001376757115911	0.5138461538461538	0.4368869489328351	0.4818561689025731	0,0,6,5,0,0,0,0,0,22,46,0,0,0,0,0,277,314,0,0,0,0,0,163,725,0,0,0,0,0,9,331,0,0,0,0,0,0,50,0,0,0,0,0,0,2,0,0,0
