accuracy	precision	recall	f1	oob	confMatrxVars
0.5738461538461539	0.5448728955570837	0.5738461538461539	0.5352160691440851	0.4240158346162305	0,0,6,6,0,0,0,0,0,42,30,0,0,0,0,0,400,276,0,0,0,0,0,143,652,31,0,0,0,0,8,228,67,0,0,0,0,0,43,17,0,0,0,0,0,0,1,0,0
0.558974358974359	0.5351297318337538	0.558974358974359	0.5239223204707792	0.4319331427314713	0,0,3,6,0,0,0,0,31,32,0,0,0,0,385,259,2,0,0,0,184,630,32,0,0,0,10,243,75,0,0,0,0,43,15,0
0.5671794871794872	0.56759867377852	0.5671794871794872	0.5290448158476619	0.43325269408401146	0,0,2,3,0,0,0,0,1,28,21,0,0,0,0,1,382,226,0,0,0,0,0,210,658,17,0,0,0,0,10,268,65,0,0,0,0,0,46,11,0,0,0,0,0,0,1,0,0
0.5558974358974359	0.5304770430489385	0.5558974358974359	0.5166582617059386	0.42731471299758084	0,0,3,4,0,0,0,0,0,40,34,1,0,0,0,0,401,240,2,0,0,0,0,189,613,26,0,0,0,0,14,252,70,0,0,0,0,1,46,13,0,0,0,0,0,1,0,0,0
0.5682051282051283	0.5311518555266426	0.5682051282051283	0.5343800254736892	0.4314932922806246	0,0,5,6,0,0,0,0,0,31,29,0,0,0,0,0,410,252,1,0,0,0,0,194,632,38,0,0,0,0,10,215,66,0,0,0,0,0,40,20,0,0,0,0,0,0,1,0,0
0.5748717948717949	0.5518985047170664	0.5748717948717949	0.5358694751262073	0.43325269408401146	0,0,5,3,0,0,0,0,0,33,23,0,0,0,0,1,406,258,3,0,0,0,0,174,658,19,0,0,0,0,10,243,57,0,0,0,0,0,40,14,0,0,0,0,0,2,1,0,0
0.5697435897435897	0.5779520473696964	0.5697435897435897	0.5336086717001846	0.428634264350121	0,0,3,1,0,0,0,0,1,41,28,0,0,0,0,0,374,266,2,0,0,0,0,159,659,32,0,0,0,0,9,236,77,0,0,0,0,0,44,16,0,0,0,0,0,1,1,0,0
0.563076923076923	0.5356164721401441	0.563076923076923	0.5230007459794997	0.4306135913789312	0,0,1,3,0,0,0,0,0,25,27,1,0,0,0,0,379,218,3,0,0,0,0,191,649,27,0,0,0,0,9,275,70,0,0,0,0,0,54,15,0,0,0,0,0,1,2,0,0
0.5835897435897436	0.5535980987013884	0.5835897435897436	0.5440797380000368	0.43523202111282167	0,0,8,1,0,0,0,0,0,31,27,0,0,0,0,0,419,241,5,0,0,0,0,153,655,26,0,0,0,0,9,247,64,0,0,0,0,0,45,17,0,0,0,0,0,1,1,0,0
0.5851282051282052	0.5510074155071969	0.5851282051282052	0.5510368600050977	0.4339124697602815	0,0,4,3,0,0,0,0,0,45,23,0,0,0,0,0,396,212,1,0,0,0,0,209,669,33,0,0,0,0,15,211,76,0,0,0,0,0,40,11,0,0,0,0,0,1,1,0,0
0.5866666666666667	0.5621170633785313	0.5866666666666667	0.5518171879199856	0.43633164723993845	0,0,6,3,0,0,0,0,0,26,25,0,0,0,0,0,415,224,1,0,0,0,0,196,656,24,0,0,0,0,11,230,73,0,0,0,0,0,46,13,0,0,0,0,0,0,1,0,0
0.5846153846153846	0.5595513659218411	0.5846153846153846	0.5461667992129482	0.43281284363316475	0,0,3,2,0,0,0,0,0,38,30,0,0,0,0,0,379,243,2,0,0,0,0,152,686,31,0,0,0,0,14,240,75,0,0,0,0,0,45,9,0,0,0,0,0,0,1,0,0
0.5676923076923077	0.5335265602634157	0.5676923076923077	0.5262586382720246	0.4299538157026611	0,0,5,7,0,0,0,0,0,36,21,1,0,0,0,0,397,225,0,0,0,0,0,204,654,23,0,0,0,0,17,239,56,0,0,0,0,0,48,14,0,0,0,0,0,2,1,0,0
0.5702564102564103	0.570592285090351	0.5702564102564103	0.5326742770451779	0.4310534418297779	0,0,3,5,0,0,0,1,34,34,0,0,0,0,404,247,3,0,0,0,146,636,42,0,0,0,11,248,71,0,0,0,0,43,22,0
0.5558974358974359	0.5276897070400359	0.5558974358974359	0.5209331463884578	0.4240158346162305	0,0,6,6,0,0,0,0,0,33,28,0,0,0,0,0,406,241,2,0,0,0,0,220,607,26,0,0,0,0,19,222,71,0,0,0,0,0,47,14,0,0,0,0,0,1,1,0,0
0.5646153846153846	0.5466130492611598	0.5646153846153846	0.527480071449199	0.42929404002639104	0,0,6,3,0,0,0,0,0,33,27,0,0,0,0,0,377,250,3,0,0,0,0,190,651,20,0,0,0,0,11,249,73,0,0,0,0,0,43,12,0,0,0,0,0,1,1,0,0
0.5651282051282052	0.5489997092299193	0.5651282051282052	0.5233671153796545	0.4275346382230042	0,0,1,6,0,0,0,0,0,37,38,0,0,0,0,0,402,259,3,0,0,0,0,160,637,18,0,0,0,0,16,253,63,0,0,0,0,0,44,11,0,0,0,0,0,1,1,0,0
0.5646153846153846	0.5272247593473647	0.5646153846153846	0.5266949464718422	0.4264350120958874	0,0,2,5,1,0,0,0,0,40,27,1,0,0,0,0,383,250,1,0,0,0,0,170,651,42,0,0,0,0,14,233,67,0,0,0,0,0,48,13,0,0,0,0,0,1,1,0,0
0.5620512820512821	0.5391572306353403	0.5620512820512821	0.5174452017250961	0.43479217066197495	0,0,4,7,0,0,0,0,0,37,31,0,0,0,0,0,385,242,2,0,0,0,0,173,653,19,0,0,0,0,12,264,58,0,0,0,0,0,50,12,0,0,0,0,0,1,0,0,0
0.578974358974359	0.539401010947621	0.578974358974359	0.5386421611849421	0.43171321750604796	0,0,4,2,0,0,0,0,0,40,30,1,0,0,0,0,413,202,0,0,0,0,0,187,652,36,0,0,0,0,12,255,64,0,0,0,0,0,35,16,0,0,0,0,0,0,1,0,0
0.5758974358974359	0.5381344843934616	0.5758974358974359	0.5382890548313901	0.43127336705520125	0,0,4,5,0,0,0,0,50,25,1,0,0,0,411,222,2,0,0,0,187,640,35,0,0,0,12,225,72,0,0,0,0,47,12,0
0.5764102564102564	0.5513685603589856	0.5764102564102564	0.5380073646012973	0.4325929184077414	0,0,1,1,0,0,0,0,0,38,25,0,0,0,0,0,409,226,0,0,0,0,0,180,648,32,0,0,0,0,8,255,67,0,0,0,0,0,50,9,0,0,0,0,0,1,0,0,0
0.5707692307692308	0.543110875717375	0.5707692307692308	0.5334836869037468	0.43941060039586544	0,0,3,4,0,0,0,0,0,41,29,0,0,0,0,0,406,238,1,0,0,0,0,182,641,34,0,0,0,0,11,249,66,0,0,0,0,0,32,10,0,0,0,0,0,2,1,0,0
0.5733333333333334	0.5415593635740689	0.5733333333333334	0.5357958713103467	0.4339124697602815	0,0,3,4,1,0,0,0,0,48,22,0,0,0,0,0,394,229,1,0,0,0,0,186,655,35,0,0,0,0,10,243,69,0,0,0,0,0,40,9,0,0,0,0,0,0,1,0,0
0.5769230769230769	0.5555902316985947	0.5769230769230769	0.5350280567326255	0.4420497031009457	0,0,6,2,0,0,0,0,0,28,25,0,0,0,0,0,428,195,1,0,0,0,0,197,634,24,0,0,0,0,18,273,63,0,0,0,0,0,45,9,0,0,0,0,0,1,1,0,0
