accuracy	precision	recall	f1	oob	confMatrxVars
0.538974358974359	0.5269647072354093	0.538974358974359	0.5286120796275151	0.7998680448647459	0,0,2,2,1,0,0,1,9,33,27,2,0,0,1,15,387,209,21,1,0,1,7,228,529,75,17,0,1,3,30,168,118,7,0,0,0,2,27,17,8,0,0,0,0,1,0,0,0
0.5112820512820513	0.5049951086268807	0.5112820512820513	0.5065177751314812	0.8088849791071036	0,0,1,2,1,0,0,0,5,33,20,4,0,0,6,25,391,218,20,2,0,5,19,233,479,99,14,0,0,7,35,150,112,9,0,0,0,10,26,11,10,0,0,0,0,2,1,0,0
0.5123076923076924	0.4975126017190358	0.5123076923076924	0.5021390196969627	0.8073455025291401	0,2,3,4,0,0,0,1,3,27,28,3,0,0,3,20,388,215,16,5,0,2,5,228,486,106,12,0,1,2,44,160,111,9,0,0,0,1,38,13,11,0,0,0,0,2,0,1,0
0.5076923076923077	0.4969560088469163	0.5076923076923077	0.4985318965824924	0.803606773696943	0,2,1,5,1,0,0,1,9,31,23,2,1,0,0,22,369,251,19,0,0,2,14,202,489,91,15,0,0,5,30,164,119,14,0,0,1,2,42,17,4,0,0,0,1,1,0,0,0
0.5205128205128206	0.5109866395476085	0.5205128205128206	0.5148393588120594	0.8042665493732131	0,2,3,3,1,0,0,0,9,37,18,2,0,0,1,16,377,221,21,1,0,1,19,234,489,107,16,0,0,3,24,143,129,13,0,0,0,6,26,16,11,0,0,0,0,1,0,0,0
0.5107692307692308	0.498070512203359	0.5107692307692308	0.5024046411423091	0.7996481196393226	0,2,3,4,0,1,0,0,6,34,20,9,0,0,2,14,369,241,18,4,0,5,11,214,500,107,13,0,1,1,23,154,108,13,0,0,1,4,32,20,13,0,0,0,0,3,0,0,0
0.5158974358974359	0.509316252717601	0.5158974358974359	0.5105734013111554	0.8110842313613371	0,0,7,4,1,0,0,5,23,16,4,0,0,14,371,214,28,3,1,23,250,493,90,11,3,6,27,156,121,10,0,1,6,29,17,16
0.5112820512820513	0.4977725312692633	0.5112820512820513	0.5019857248170144	0.8130635583901473	0,1,5,3,1,0,0,0,9,31,23,3,0,0,0,18,376,216,26,1,0,1,7,209,493,114,13,0,1,7,27,186,110,10,0,1,0,0,30,17,9,0,0,0,0,1,1,0,0
0.5353846153846153	0.5250644822705212	0.5353846153846153	0.5275688912707751	0.8044864745986364	0,2,2,1,2,0,0,0,8,36,12,4,2,0,0,29,365,204,29,1,0,0,15,211,529,88,7,0,0,0,35,170,132,7,0,0,0,8,21,17,10,0,0,0,0,2,0,1,0
0.5435897435897435	0.5331293534019743	0.5435897435897435	0.5345984181732715	0.8003078953155927	0,1,4,2,1,0,0,0,7,35,17,3,0,0,0,11,378,211,26,2,0,2,5,211,519,122,2,0,0,4,27,144,148,6,0,0,1,2,23,27,8,0,0,0,0,1,0,0,0
0.5430769230769231	0.5277689250210015	0.5430769230769231	0.5327522489412113	0.8053661755003299	0,0,6,7,1,0,0,0,5,30,17,4,0,0,3,16,407,177,28,0,0,0,18,228,509,100,9,0,0,3,45,144,134,3,0,0,0,2,31,18,4,0,0,0,0,1,0,0,0
0.5451282051282051	0.5402813479532983	0.5451282051282051	0.5407723217232449	0.7985484935122058	0,0,4,2,3,0,0,0,8,34,18,3,1,0,3,14,379,197,36,3,0,1,2,200,498,140,14,0,0,0,30,119,163,15,3,0,0,7,15,22,15,0,0,0,1,0,0,0,0
0.5230769230769231	0.5062138558576613	0.5230769230769231	0.5132499777367678	0.797448867385089	0,1,6,2,1,0,0,0,4,47,30,2,0,0,1,10,412,190,36,6,0,1,10,220,467,104,26,0,0,5,26,142,128,13,0,0,0,0,30,18,9,0,0,0,0,1,1,1,0
0.5205128205128206	0.5098366765229924	0.5205128205128206	0.5061879628808984	0.8029469980206729	0,0,3,3,0,0,0,1,9,37,18,1,0,0,2,5,370,226,15,4,0,3,9,240,538,74,6,0,0,1,39,187,84,9,1,0,0,8,30,11,14,1,0,0,0,0,1,0,0
0.5194871794871795	0.5114976707404608	0.5194871794871795	0.5124793355674879	0.8071255773037167	0,0,4,3,2,0,1,7,24,26,4,0,3,20,424,189,20,3,2,12,239,439,155,5,0,5,34,123,138,5,0,0,4,20,34,5
0.538974358974359	0.5382277544829696	0.538974358974359	0.5358709096247941	0.8033868484715196	0,1,1,6,0,0,0,0,4,25,29,2,1,0,5,24,379,243,15,4,0,4,12,150,527,141,6,1,1,2,28,149,129,10,1,0,0,1,18,19,12,0,0,0,0,0,0,0,0
0.5446153846153846	0.542067943205067	0.5446153846153846	0.538366192176239	0.8069056520782933	0,1,3,3,2,0,0,0,10,22,17,7,2,0,2,24,342,249,26,3,0,0,19,144,570,112,10,0,0,2,18,173,133,4,0,0,0,3,22,19,7,0,0,0,0,1,0,0,0
0.5143589743589744	0.5077735237104787	0.5143589743589744	0.5103407420059004	0.8000879700901693	0,2,3,3,1,0,0,0,5,36,12,6,0,0,3,32,375,201,24,1,0,0,18,235,481,117,19,0,0,4,19,145,134,7,0,0,1,6,26,25,8,0,0,0,1,0,0,0,0
0.5446153846153846	0.5286953904415533	0.5446153846153846	0.5340006208797081	0.8020672971189795	0,1,6,4,1,0,0,6,42,25,1,2,0,15,428,183,26,0,0,18,222,493,100,6,0,5,38,147,126,6,0,0,2,22,16,9
0.5143589743589744	0.5009444053850416	0.5143589743589744	0.5032085722463743	0.800527820541016	0,1,3,5,0,0,0,0,7,25,26,0,0,0,2,23,378,232,24,1,0,0,9,213,508,96,7,0,0,3,30,168,101,12,0,0,0,6,44,14,9,0,0,0,0,1,2,0,0
0.522051282051282	0.5107685149370851	0.522051282051282	0.5150331724809905	0.8055861007257532	0,0,3,5,1,0,0,0,10,36,13,5,1,0,2,12,374,202,26,2,0,4,14,218,494,121,11,0,1,7,29,155,133,9,0,0,2,6,29,17,7,0,0,0,0,1,0,0,0
0.5056410256410256	0.4954830101270319	0.5056410256410258	0.499686827079454	0.8000879700901693	0,1,3,1,0,0,0,1,5,42,21,4,3,0,3,16,380,216,17,2,0,2,12,226,438,148,13,0,0,4,33,139,151,11,1,0,0,4,19,19,12,0,0,0,0,1,2,0,0
0.5235897435897436	0.5172706009632526	0.5235897435897436	0.5178935354518576	0.8040466241477897	0,1,6,4,2,0,0,0,7,29,15,3,0,0,0,14,391,197,23,2,0,0,15,241,473,153,5,0,0,0,39,124,138,8,0,0,0,3,23,20,12,0,0,0,0,0,2,0,0
0.5025641025641026	0.49308124626562855	0.5025641025641026	0.4963041818323757	0.7970090169342423	1,0,3,1,0,0,0,0,9,25,24,7,0,0,1,26,348,230,27,8,0,3,9,225,501,114,8,0,0,3,27,174,114,7,0,0,0,1,24,21,7,0,0,0,0,2,0,0,0
0.5169230769230769	0.5079913535129048	0.5169230769230769	0.5113180558778613	0.7961293160325489	0,0,2,2,1,0,1,4,24,28,4,2,3,24,359,224,32,2,3,11,212,511,116,8,0,2,23,155,127,15,1,0,5,28,14,7
