accuracy	precision	recall	f1	oob	confMatrxVars
0.5558974358974359	0.5498170814506331	0.5558974358974359	0.5046262549050593	0.45084671211787997	0,0,4,4,0,0,0,0,0,34,33,0,0,0,0,0,399,246,1,0,0,0,0,162,643,14,0,0,0,0,14,302,42,0,0,0,0,1,44,6,0,0,0,0,0,1,0,0,0
0.56	0.531898850950968	0.56	0.5204364033711513	0.45150648779415004	0,0,2,6,0,0,0,0,0,38,29,1,0,0,0,0,407,231,2,0,0,0,0,206,624,24,0,0,0,0,14,247,61,0,0,0,0,1,44,10,0,0,0,0,0,1,2,0,0
0.5461538461538461	0.5160696232728005	0.5461538461538461	0.49932636079375325	0.44798768418737633	0,0,5,2,0,0,0,0,0,35,26,0,0,0,0,0,391,239,3,0,0,0,0,185,629,26,0,0,0,0,7,292,45,0,0,0,0,1,52,10,0,0,0,0,0,2,0,0,0
0.5425641025641026	0.5178115282350904	0.5425641025641026	0.4999694589563442	0.44292940400263914	0,0,4,6,0,0,0,0,0,34,30,1,0,0,0,0,351,294,1,0,0,0,0,158,652,30,0,0,0,0,7,264,55,0,0,0,0,0,47,14,0,0,0,0,0,2,0,0,0
0.5333333333333333	0.50689013917636	0.5333333333333333	0.48587551337758467	0.4490873103144931	0,0,3,7,0,0,0,0,0,40,36,0,0,0,0,1,377,286,2,0,0,0,0,183,628,23,0,0,0,0,19,257,35,0,0,0,0,0,47,4,0,0,0,0,0,2,0,0,0
0.5605128205128205	0.5190371487922137	0.5605128205128205	0.5202977259306802	0.4563448427534639	0,0,4,3,0,0,0,0,0,43,20,0,0,0,0,0,384,217,2,0,0,0,0,217,656,34,0,0,0,0,12,246,53,0,0,0,0,0,43,14,0,0,0,0,0,2,0,0,0
0.5533333333333333	0.5245327658539336	0.5533333333333333	0.508390564021708	0.4512865625687267	0,0,4,5,0,0,0,0,0,47,25,0,0,0,0,0,414,209,1,0,0,0,0,224,615,22,0,0,0,0,16,254,50,0,0,0,0,2,55,6,0,0,0,0,0,1,0,0,0
0.5543589743589744	0.5019751384114206	0.5543589743589744	0.5074676878213052	0.45502529140092374	0,0,2,7,0,0,0,0,0,55,23,1,0,0,0,0,394,192,2,0,0,0,0,197,634,41,0,0,0,0,17,262,53,0,0,0,0,0,54,13,0,0,0,0,0,3,0,0,0
0.5492307692307692	0.5289352659135442	0.5492307692307692	0.5052722734044083	0.4475478337365296	0,0,5,1,0,0,0,0,0,36,27,0,0,0,0,0,363,258,1,0,0,0,0,184,654,22,0,0,0,0,12,272,54,0,0,0,0,0,50,10,0,0,0,0,0,1,0,0,0
0.5528205128205128	0.5243284465486413	0.5528205128205128	0.5108355284923947	0.4563448427534639	0,0,5,8,0,0,0,0,0,28,29,0,0,0,0,0,384,265,2,0,0,0,0,174,640,25,0,0,0,0,11,260,54,0,0,0,0,0,46,16,0,0,0,0,0,1,2,0,0
0.5712820512820512	0.5390957876775362	0.5712820512820512	0.535779596753997	0.4451286562568727	0,0,2,4,0,0,0,0,0,36,26,1,0,0,0,0,405,250,5,0,0,0,0,172,640,36,0,0,0,0,12,234,69,0,0,0,0,0,42,15,0,0,0,0,0,0,1,0,0
0.5405128205128205	0.5084760935143289	0.5405128205128205	0.4903443826606219	0.45040686166703325	0,0,4,4,0,0,0,0,0,44,39,1,0,0,0,0,369,266,2,0,0,0,0,165,642,20,0,0,0,0,11,281,43,0,0,0,0,2,43,13,0,0,0,0,0,0,1,0,0
0.5466666666666666	0.5137758317558431	0.5466666666666666	0.4991667421198252	0.44930723553991647	0,0,5,3,0,0,0,0,0,40,35,0,0,0,0,0,394,250,4,0,0,0,0,174,625,22,0,0,0,0,16,264,47,0,0,0,0,0,59,11,0,0,0,0,0,0,1,0,0
0.5471794871794872	0.5153272587172284	0.5471794871794872	0.5013152804437208	0.4471079832856829	0,0,4,5,0,0,0,0,0,45,32,0,0,0,0,0,405,256,0,0,0,0,0,180,615,22,0,0,0,0,12,264,47,0,0,0,0,1,46,15,0,0,0,0,0,0,1,0,0
0.538974358974359	0.5164690246943678	0.538974358974359	0.4905781760408764	0.4451286562568727	0,0,3,5,0,0,0,0,0,34,36,0,0,0,0,0,355,273,0,0,0,0,0,169,650,21,0,0,0,0,12,281,46,0,0,0,0,0,51,11,0,0,0,0,0,2,1,0,0
0.5523076923076923	0.5251985566526427	0.5523076923076923	0.5097786764206833	0.45194633824499675	0,0,4,3,0,0,0,0,0,30,26,0,0,0,0,0,382,250,3,0,0,0,0,193,649,29,0,0,0,0,10,274,46,0,0,0,0,0,44,6,0,0,0,0,0,0,1,0,0
0.5584615384615385	0.5381473986226462	0.5584615384615385	0.5103215725256708	0.4587640202331207	0,0,4,2,0,0,0,0,0,39,35,0,0,0,0,0,416,228,1,0,0,0,0,201,632,14,0,0,0,0,15,267,41,0,0,0,0,0,45,7,0,0,0,0,0,3,0,0,0
0.5471794871794872	0.5253593177135545	0.5471794871794872	0.5039675628896713	0.4506267868924566	0,0,1,8,0,0,0,0,0,46,25,0,0,0,0,0,376,256,1,0,0,0,0,192,636,21,0,0,0,0,11,263,55,0,0,0,0,1,46,10,0,0,0,0,0,2,0,0,0
0.558974358974359	0.5216761716827658	0.558974358974359	0.5212167531698516	0.4460083571585661	0,0,2,3,0,0,0,0,33,34,0,0,0,0,395,228,4,0,0,0,179,629,47,0,0,0,14,263,66,0,0,0,0,36,17,0
0.561025641025641	0.5391244798226131	0.561025641025641	0.5112921403304161	0.4537057400483836	0,0,5,6,0,0,0,0,0,28,39,0,0,0,0,0,382,245,0,0,0,0,0,175,670,13,0,0,0,0,11,273,42,0,0,0,0,0,48,12,0,0,0,0,0,1,0,0,0
0.5615384615384615	0.5263435281273079	0.5615384615384615	0.5162586607209669	0.4506267868924566	0,0,8,6,0,0,0,0,0,39,24,0,0,0,0,0,388,245,4,0,0,0,0,181,663,24,0,0,0,0,7,261,44,0,0,0,0,0,45,8,0,0,0,0,0,1,2,0,0
0.56	0.538879337301762	0.56	0.5190207669604915	0.44952716076533983	0,0,5,3,0,0,0,0,0,29,30,1,0,0,0,0,402,257,1,0,0,0,0,176,638,28,0,0,0,0,11,267,52,0,0,0,0,0,41,8,0,0,0,0,0,1,0,0,0
0.5456410256410257	0.5106910194322573	0.5456410256410257	0.505504276492525	0.45084671211787997	0,0,2,2,0,0,0,0,0,37,35,1,0,0,0,0,372,252,0,0,0,0,0,203,640,36,0,0,0,0,13,256,52,0,0,0,0,0,36,10,0,0,0,0,0,1,2,0,0
0.5384615384615384	0.5314095117732743	0.5384615384615384	0.48850221904999414	0.44446888058060263	0,0,3,6,0,0,0,0,0,34,32,0,0,0,0,0,371,274,0,0,0,0,0,184,641,11,0,0,0,0,11,287,38,0,0,0,0,0,49,8,0,0,0,0,0,1,0,0,0
0.5487179487179488	0.5197045307093408	0.5487179487179488	0.5042891268626343	0.44578843193314277	0,0,1,6,0,0,0,0,0,31,33,1,0,0,0,0,400,234,3,0,0,0,0,207,623,22,0,0,0,0,16,260,47,0,0,0,0,1,54,8,0,0,0,0,0,3,0,0,0
