accuracy	precision	recall	f1	oob	confMatrxVars
0.6164102564102564	0.6389340532771883	0.6164102564102564	0.5935824988035976	0.37497250934682214	0,0,6,2,0,0,0,0,1,45,19,2,0,0,0,0,400,232,7,0,0,0,0,137,662,48,1,0,0,0,6,196,130,1,0,0,0,0,28,16,9,0,0,0,0,2,0,0,0
0.6405128205128205	0.6620910473392113	0.6405128205128205	0.6183243566588874	0.384209368814603	0,0,3,2,0,0,0,0,1,52,19,0,0,0,0,0,448,186,6,0,0,0,0,168,664,41,0,0,0,0,6,174,126,0,0,0,0,0,24,19,10,0,0,0,0,1,0,0,0
0.6307692307692307	0.6517785589559784	0.6307692307692307	0.6024339529557867	0.36925445348581487	0,0,6,3,0,0,0,0,1,44,25,0,0,0,0,0,449,203,2,0,0,0,0,144,666,36,0,0,0,0,10,186,107,1,0,0,0,1,33,24,7,0,0,0,0,0,2,0,0
0.6394871794871795	0.6489995374386225	0.6394871794871795	0.6181873793566359	0.3721134814163185	0,0,7,3,0,0,0,0,2,30,18,2,0,0,0,1,456,179,2,0,0,0,0,160,645,43,0,0,0,0,8,192,134,1,0,0,0,0,34,22,10,0,0,0,0,0,1,0,0
0.622051282051282	0.6370865614757237	0.622051282051282	0.5959727513585177	0.3747525841213988	0,0,2,3,0,0,0,0,2,47,22,0,0,0,0,2,412,214,1,0,0,0,0,156,673,33,0,0,0,0,8,188,120,0,0,0,0,0,40,19,6,0,0,0,0,2,0,0,0
0.6430769230769231	0.6688430657949644	0.6430769230769231	0.6202878891331496	0.38684847151968327	0,0,6,5,0,0,0,0,2,34,23,0,0,0,0,0,452,186,5,0,0,0,0,148,656,26,1,0,0,0,9,210,136,1,0,0,0,1,26,14,8,0,0,0,0,0,1,0,0
0.6266666666666667	0.6290637290497975	0.6266666666666667	0.6029341108876166	0.38244996701121614	0,0,6,4,0,0,0,0,1,31,22,1,0,0,0,0,428,198,7,0,0,0,2,154,668,46,0,0,0,0,8,187,116,0,0,0,0,0,38,23,9,0,0,0,0,0,1,0,0
0.6092307692307692	0.617790610211477	0.6092307692307692	0.5844859546905514	0.37299318231801193	0,0,4,7,0,0,0,2,39,21,1,0,0,1,402,220,6,1,0,1,149,664,38,1,0,0,11,209,107,0,0,0,0,37,16,13
0.6328205128205128	0.6508050703467834	0.6328205128205128	0.6104566761771959	0.37629206069936216	0,0,8,3,0,0,0,0,1,37,25,2,0,0,0,0,460,206,4,0,0,0,0,153,648,46,0,0,0,0,8,187,117,0,0,0,0,1,16,18,8,0,0,0,0,0,2,0,0
0.6194871794871795	0.6314995771265107	0.6194871794871795	0.5943429837944338	0.3800307895315592	0,0,3,3,0,0,0,0,1,39,26,0,0,0,0,1,433,233,2,0,0,0,0,137,658,36,1,0,0,0,9,207,110,1,0,0,0,0,30,13,6,0,0,0,0,0,1,0,0
0.64	0.6462987172179868	0.64	0.6173004975474488	0.378051462502749	0,0,6,4,0,0,0,0,2,29,24,1,0,0,0,2,438,193,2,0,0,0,0,166,681,33,0,0,0,0,8,183,121,1,0,0,0,0,34,15,6,0,0,0,0,1,0,0,0
0.6405128205128205	0.6483135125865847	0.6405128205128205	0.6200716778596155	0.38552892016714313	0,0,6,6,0,0,0,0,2,34,28,0,0,0,0,1,442,193,3,0,0,0,0,146,654,63,0,0,0,0,9,168,145,0,0,0,0,0,28,14,6,0,0,0,0,1,1,0,0
0.6333333333333333	0.6214584079549128	0.6333333333333333	0.6097552026347525	0.37827138772817237	0,0,6,6,0,0,0,0,49,21,0,0,0,1,438,190,1,0,0,0,163,656,46,0,0,0,6,181,132,0,0,0,1,30,14,9
0.6256410256410256	0.6296299307827905	0.6256410256410256	0.5990815235159499	0.37695183637563223	0,0,6,7,0,0,0,0,1,45,23,1,0,0,0,1,440,206,3,0,0,0,0,137,653,47,1,0,0,0,8,188,119,0,0,0,0,1,36,18,7,0,0,0,0,1,1,0,0
0.6164102564102564	0.6325709871012521	0.6164102564102564	0.5930196016054908	0.3905872003518803	0,0,4,4,0,0,0,1,40,23,0,0,0,0,410,210,1,1,0,0,169,660,44,0,0,0,12,189,124,2,0,0,0,25,24,7
0.6230769230769231	0.6200009263506917	0.6230769230769231	0.5971221147206056	0.38486914449087306	0,0,2,1,0,0,0,0,0,44,24,0,0,0,0,0,399,218,5,0,0,0,0,138,668,43,0,0,0,0,9,186,142,0,0,0,0,0,37,26,6,0,0,0,0,2,0,0,0
0.6276923076923077	0.640452518047341	0.6276923076923077	0.6030799050186878	0.3747525841213988	0,0,6,5,0,0,0,0,3,46,27,0,0,0,0,1,428,209,4,1,0,0,0,153,643,37,0,0,0,0,4,168,145,1,0,0,0,0,42,21,5,0,0,0,0,0,1,0,0
0.6133333333333333	0.6183763272327758	0.6133333333333333	0.5871545608763084	0.36683527600615795	0,0,4,7,0,0,0,0,1,43,33,1,0,0,0,1,427,198,5,0,0,0,0,165,648,43,0,0,0,0,5,203,111,1,0,0,0,0,32,11,9,0,0,0,0,2,0,0,0
0.6287179487179487	0.6229942800245156	0.6287179487179487	0.6054194017716801	0.37145370574004843	0,0,5,2,0,0,0,0,0,36,22,1,0,0,0,1,461,203,2,0,0,0,0,167,640,37,1,0,0,0,8,187,118,0,0,0,0,0,38,12,7,0,0,0,0,1,1,0,0
0.6256410256410256	0.6455068563138355	0.6256410256410256	0.6025703393225136	0.38244996701121614	0,0,6,4,0,0,0,2,37,26,0,0,0,0,419,214,3,0,0,1,167,663,32,0,0,0,6,183,131,0,0,0,0,36,15,5
0.6282051282051282	0.6315218119686501	0.6282051282051282	0.6051377393964031	0.37541235979766874	0,0,4,5,0,0,0,0,2,45,19,1,0,0,0,2,428,202,5,0,0,0,1,145,653,40,0,0,0,0,4,203,135,1,0,0,0,0,25,22,7,0,0,0,0,0,1,0,0
0.6328205128205128	0.6363452153617762	0.6328205128205128	0.6109469456558005	0.37893116340444244	0,0,5,5,0,0,0,1,40,18,2,0,0,1,441,201,1,0,0,0,174,659,40,0,0,0,7,173,126,1,0,0,1,29,18,7
0.6430769230769231	0.6230082691543745	0.6430769230769231	0.620648996171152	0.37739168682647894	0,0,6,4,1,0,0,0,0,39,24,0,0,0,0,0,443,185,4,0,0,0,0,152,673,67,0,0,0,0,5,159,132,1,0,0,0,0,31,17,6,0,0,0,0,0,1,0,0
0.6256410256410256	0.6309308904212273	0.6256410256410256	0.6023318259379372	0.3800307895315592	0,0,5,2,0,0,0,0,0,32,26,0,0,0,0,0,447,214,5,0,0,0,0,165,641,28,0,0,0,0,11,190,126,0,0,0,0,0,40,11,6,0,0,0,0,1,0,0,0
0.6292307692307693	0.6380946728212145	0.6292307692307693	0.6086628298773639	0.37739168682647894	0,0,5,4,0,0,0,1,35,20,2,0,0,2,435,221,5,0,0,0,150,650,42,0,0,0,6,176,131,0,0,0,0,40,15,10
