accuracy	precision	recall	f1	oob	confMatrxVars
0.6907692307692308	0.6836039050271021	0.6907692307692308	0.6763657857678944	0.33560589399604135	0,1,5,2,1,0,0,0,3,43,18,0,0,0,0,3,480,167,5,0,0,0,1,129,658,55,1,0,0,0,5,120,182,1,0,0,0,1,20,22,24,0,0,0,0,0,3,0,0
0.6958974358974359	0.6945238434664235	0.6958974358974359	0.6835703206088292	0.34924125797228944	0,1,6,5,0,0,0,0,6,36,18,1,0,0,0,3,484,159,5,0,0,0,0,133,670,55,0,0,0,0,5,129,167,0,0,0,0,0,17,17,30,0,0,0,0,2,1,0,0
0.6646153846153846	0.6702523408762255	0.6646153846153846	0.6509049036840786	0.3364855948977348	0,1,6,6,0,0,0,0,8,33,21,2,0,0,0,3,457,196,2,0,0,0,0,134,651,45,1,0,0,0,12,152,160,1,0,0,0,0,19,17,20,0,0,0,1,0,2,0,0
0.6692307692307692	0.6626524218616598	0.6692307692307692	0.6502425905397826	0.3389047723773917	0,0,4,7,0,0,0,0,1,45,25,1,0,0,0,0,474,154,6,0,0,0,1,154,653,51,0,0,0,0,4,155,157,3,0,0,0,0,17,14,20,0,0,0,0,2,2,0,0
0.6841025641025641	0.682463308656806	0.6841025641025641	0.6714886573324546	0.3347261930943479	0,0,3,7,0,0,0,1,6,26,22,0,0,0,0,3,457,173,1,0,0,0,2,115,689,64,1,0,0,0,11,145,162,3,0,0,0,2,19,16,20,0,0,0,0,1,1,0,0
0.6666666666666666	0.689831267005854	0.6666666666666666	0.6535372340344554	0.3382449967011216	0,0,4,1,0,0,0,0,9,38,25,1,0,0,0,1,456,209,5,1,0,0,0,114,635,47,0,0,0,0,3,148,180,1,0,0,0,0,30,21,20,0,0,0,0,0,1,0,0
0.6856410256410257	0.691716241248378	0.6856410256410257	0.6736317241054411	0.33362656696723114	0,0,4,2,0,0,0,0,9,33,22,2,0,0,0,3,483,174,4,0,0,0,0,129,677,56,0,0,0,0,6,140,144,0,0,0,0,0,17,19,24,0,0,0,0,1,1,0,0
0.6615384615384615	0.6716388708836714	0.6615384615384615	0.647659531475979	0.3314273147129976	0,0,3,3,0,0,0,0,4,36,10,0,0,0,0,1,432,179,2,0,0,0,0,158,664,46,1,0,0,0,9,157,173,3,0,0,0,0,35,15,17,0,0,0,0,1,1,0,0
0.6723076923076923	0.6754666012285856	0.6723076923076923	0.6572804872980026	0.3373652957994282	0,0,3,3,0,0,0,0,3,39,21,0,0,0,0,1,467,162,0,0,0,0,1,151,650,50,2,0,0,0,4,160,171,1,0,0,0,1,20,19,20,0,0,0,0,0,1,0,0
0.6835897435897436	0.6817562115022836	0.6835897435897436	0.6727649880390109	0.3362656696723114	0,0,4,4,0,0,0,1,6,26,19,0,0,0,0,4,470,157,6,0,0,0,2,153,670,53,1,0,0,0,11,136,165,1,0,0,0,1,20,16,22,0,0,0,0,1,1,0,0
0.6661538461538462	0.6725445931752877	0.6661538461538462	0.6533126887159367	0.3358258192214647	0,0,3,3,1,0,0,0,9,30,11,1,0,0,0,3,463,185,4,0,0,0,1,137,656,56,1,0,0,0,6,148,155,1,0,0,0,0,32,26,16,0,0,0,0,1,1,0,0
0.6661538461538462	0.6746889780331337	0.6661538461538462	0.6491236280728889	0.32746866065537716	0,1,7,4,0,0,0,0,6,35,23,0,0,0,0,0,437,164,6,0,0,0,0,144,683,43,2,0,0,0,10,170,157,2,0,0,0,0,25,13,16,0,0,0,0,1,1,0,0
0.6707692307692308	0.6790122937659873	0.6707692307692308	0.6555548276281447	0.3318671651638443	0,0,6,4,0,0,0,0,6,36,30,0,0,0,0,2,443,193,5,0,0,0,0,126,666,51,1,0,0,0,5,145,179,1,0,0,0,2,16,17,14,0,0,0,0,1,1,0,0
0.6682051282051282	0.6723978875688996	0.6682051282051282	0.6560361968546646	0.3369254453485815	0,0,3,4,0,0,0,1,7,29,21,0,0,0,0,5,445,174,5,0,0,0,0,141,655,56,2,0,0,0,14,145,178,0,0,0,0,1,27,17,18,0,0,0,0,2,0,0,0
0.6712820512820513	0.6685316462456636	0.6712820512820513	0.658806016907684	0.32592918407741367	0,0,7,3,0,0,0,0,5,39,18,0,0,0,0,4,461,187,3,0,0,0,3,148,653,44,1,0,0,0,11,135,171,4,0,0,0,0,21,12,19,0,0,0,0,1,0,0,0
0.6548717948717949	0.6480259713375986	0.6548717948717949	0.639138494869769	0.32504948317572024	0,1,4,9,0,0,1,2,42,20,1,0,0,1,439,171,7,0,0,1,163,649,62,1,0,0,7,140,167,2,0,0,1,27,12,20
0.6625641025641026	0.6762550641212227	0.6625641025641026	0.6488903912815329	0.32944798768418737	0,0,1,4,0,0,0,1,9,38,20,1,0,0,0,1,461,186,6,0,0,0,0,138,644,54,1,0,0,0,16,143,161,0,0,0,0,0,21,24,17,0,0,0,0,2,1,0,0
0.662051282051282	0.674632557620705	0.662051282051282	0.6472020864257705	0.33560589399604135	0,1,7,5,0,0,0,0,7,38,24,0,0,0,0,0,454,193,4,0,0,0,0,138,650,53,1,0,0,0,7,152,166,0,0,0,0,2,21,10,14,0,0,0,0,3,0,0,0
0.661025641025641	0.6761152079858656	0.661025641025641	0.6447291857709163	0.329228062458764	0,0,0,5,0,0,1,6,37,30,1,0,0,2,448,183,7,0,0,0,151,657,44,0,0,0,8,149,168,0,0,0,0,27,16,10
0.6820512820512821	0.6992570719239357	0.6820512820512821	0.6671416588134782	0.33956454805366176	0,0,1,3,0,0,0,7,37,21,0,0,0,1,487,189,5,0,0,0,125,670,38,0,0,0,7,151,154,1,0,0,2,22,17,12
0.6815384615384615	0.689416160895007	0.6815384615384615	0.6649478086976246	0.32856828678249395	0,0,5,5,0,0,0,1,6,43,20,0,0,0,0,1,474,138,4,0,0,0,0,157,660,43,2,0,0,0,8,145,171,2,0,0,0,3,24,19,18,0,0,0,0,1,0,0,0
0.6651282051282051	0.672411622791325	0.6651282051282051	0.6493916469465947	0.33758522102485156	0,1,6,4,0,0,0,0,6,44,23,0,0,0,0,1,448,186,2,0,0,0,1,132,658,58,0,0,0,0,9,147,170,0,0,0,0,0,27,9,15,0,0,0,0,3,0,0,0
0.6656410256410257	0.6689589921979274	0.6656410256410257	0.6522245279242719	0.33560589399604135	0,0,5,4,0,0,0,1,7,38,20,1,0,0,0,5,440,188,4,0,0,0,1,137,663,54,0,0,0,0,9,137,166,0,0,0,0,0,24,21,22,0,0,0,0,2,1,0,0
0.6784615384615384	0.6939377373679773	0.6784615384615384	0.6669968887756152	0.3397844732790851	0,0,2,3,0,0,0,0,9,29,23,0,0,0,0,1,452,187,5,0,0,0,0,146,674,39,1,0,0,0,7,143,171,0,0,0,0,0,22,18,17,0,0,0,0,1,0,0,0
0.6774358974358974	0.6869493141874083	0.6774358974358974	0.6619313710816667	0.3314273147129976	0,0,4,5,0,0,0,0,3,44,22,0,0,0,0,0,451,184,4,0,0,0,1,137,671,40,0,0,0,0,13,146,175,1,0,0,0,0,15,11,21,0,0,0,0,0,2,0,0
