accuracy	precision	recall	f1	oob	confMatrxVars
0.5292307692307693	0.4831627438541668	0.5292307692307693	0.4832932883593894	0.4350120958873983	0,0,8,8,0,0,0,0,37,40,1,0,0,0,369,274,4,0,0,0,169,619,38,0,0,0,12,252,44,0,0,0,0,60,15,0
0.5358974358974359	0.4954104204615907	0.5358974358974359	0.48631954461611965	0.4369914229162085	0,0,5,7,0,0,0,0,0,33,35,0,0,0,0,0,380,223,2,0,0,0,0,231,630,18,0,0,0,0,12,273,35,0,0,0,0,0,53,12,0,0,0,0,0,0,1,0,0
0.561025641025641	0.5341663546654328	0.561025641025641	0.5200776550920833	0.4424895535517924	0,0,5,5,0,0,0,0,0,34,28,0,0,0,0,0,423,260,4,0,0,0,0,171,620,25,0,0,0,0,16,255,51,0,0,0,0,0,37,13,0,0,0,0,0,2,1,0,0
0.5487179487179488	0.5282168483933407	0.5487179487179488	0.49860576245557475	0.44226962832636907	0,0,5,5,0,0,0,0,0,32,42,0,0,0,0,0,383,256,2,0,0,0,0,183,648,12,0,0,0,0,14,264,39,0,0,0,0,0,55,6,0,0,0,0,0,2,2,0,0
0.5379487179487179	0.5060298675411202	0.5379487179487179	0.4929767812631623	0.43831097426874865	0,0,7,4,0,0,0,0,0,34,36,0,0,0,0,0,385,244,1,0,0,0,0,213,619,23,0,0,0,0,18,266,45,0,0,0,0,0,42,12,0,0,0,0,0,0,1,0,0
0.563076923076923	0.5338674086838577	0.563076923076923	0.5223751788988493	0.45084671211787997	0,0,1,4,0,0,0,0,0,39,30,1,0,0,0,0,400,247,1,0,0,0,0,190,642,24,0,0,0,0,17,239,56,0,0,0,0,0,46,11,0,0,0,0,0,1,1,0,0
0.5461538461538461	0.5380914830032251	0.5461538461538461	0.49185234814899104	0.447767758961953	0,0,6,4,0,0,0,0,0,27,29,0,0,0,0,0,396,269,0,0,0,0,0,171,643,10,0,0,0,0,4,305,26,0,0,0,0,1,53,5,0,0,0,0,0,0,1,0,0
0.5435897435897435	0.5049673086648959	0.5435897435897435	0.49045217598728896	0.44490873103144934	0,0,4,4,0,0,0,0,0,34,35,1,0,0,0,0,405,246,2,0,0,0,0,182,625,17,0,0,0,0,12,275,30,0,0,0,0,0,67,9,0,0,0,0,0,1,1,0,0
0.5523076923076923	0.5111639897638491	0.5523076923076923	0.5092667363151163	0.4451286562568727	0,0,2,5,0,0,0,0,0,46,19,1,0,0,0,0,368,270,1,0,0,0,0,173,661,32,0,0,0,0,6,249,48,0,0,0,0,0,50,16,0,0,0,0,0,1,2,0,0
0.5456410256410257	0.5185303472027262	0.5456410256410257	0.49831546569380186	0.44732790851110626	0,0,4,4,0,0,0,0,43,35,0,0,0,0,383,236,1,0,0,0,211,639,20,0,0,0,19,257,42,0,0,0,0,51,5,0
0.5533333333333333	0.5293341777155178	0.5533333333333333	0.5051141360804318	0.4435891796789092	0,0,4,5,0,0,0,0,0,28,29,0,0,0,0,0,392,275,1,0,0,0,0,151,650,22,0,0,0,0,5,290,37,0,0,0,0,0,46,13,0,0,0,0,0,2,0,0,0
0.5441025641025641	0.5135159014765331	0.5441025641025641	0.4985129647157182	0.4407301517484056	0,0,4,4,0,0,0,0,36,32,0,0,0,0,398,265,3,0,0,0,192,624,19,0,0,0,13,264,39,0,0,0,0,44,13,0
0.538974358974359	0.5217816014542183	0.538974358974359	0.4838262857444136	0.44842753463822305	0,0,2,4,0,0,0,0,0,35,29,0,0,0,0,0,369,272,1,0,0,0,0,168,654,14,0,0,0,0,12,312,28,0,0,0,0,0,43,6,0,0,0,0,0,0,1,0,0
0.5553846153846154	0.5241746731890156	0.5553846153846154	0.5149376489391347	0.4490873103144931	0,0,5,6,0,0,0,0,0,28,30,1,0,0,0,0,368,250,1,0,0,0,0,198,659,27,0,0,0,0,10,248,56,0,0,0,0,0,49,12,0,0,0,0,0,1,1,0,0
0.5548717948717948	0.5238275119129263	0.5548717948717948	0.5078292020997066	0.45040686166703325	0,0,7,4,0,0,0,0,40,35,0,0,0,0,394,246,0,0,0,0,188,644,20,0,0,0,19,249,44,0,0,0,0,50,10,0
0.556923076923077	0.5245407804942446	0.556923076923077	0.5184621462364951	0.44029030129755886	0,0,3,6,0,0,0,0,0,26,25,0,0,0,0,0,381,241,2,0,0,0,0,181,644,43,0,0,0,0,10,264,61,0,0,0,0,0,48,12,0,0,0,0,0,3,0,0,0
0.5692307692307692	0.5307861138799761	0.5692307692307692	0.5289925669749431	0.4462282823839895	0,0,4,1,0,0,0,0,0,34,34,0,0,0,0,0,422,237,2,0,0,0,0,174,636,37,0,0,0,0,7,251,52,0,0,0,0,0,44,14,0,0,0,0,0,0,1,0,0
0.5666666666666667	0.5308681751408275	0.5666666666666667	0.5220963651712364	0.45040686166703325	0,0,4,4,0,0,0,0,0,41,29,0,0,0,0,0,408,232,3,0,0,0,0,172,646,26,0,0,0,0,10,268,51,0,0,0,0,0,39,16,0,0,0,0,0,1,0,0,0
0.5446153846153846	0.5157579221782816	0.5446153846153846	0.4940233395005376	0.4356718715636684	0,0,5,5,0,0,0,0,33,35,0,0,0,0,370,253,2,0,0,0,171,652,21,0,0,0,8,294,40,0,0,0,0,50,11,0
0.5548717948717948	0.5207651732056781	0.5548717948717948	0.5076743178603872	0.444688805806026	0,0,6,3,0,0,0,0,32,30,1,0,0,0,402,239,2,0,0,0,189,642,25,0,0,0,12,272,38,0,0,0,0,50,7,0
0.5625641025641026	0.5272355301984677	0.5625641025641026	0.5208040441368386	0.4407301517484056	0,0,4,4,0,0,0,0,39,34,1,0,0,0,375,249,1,0,0,0,187,671,29,0,0,0,11,247,51,0,0,0,0,35,12,0
0.5528205128205128	0.519156079762235	0.5528205128205128	0.5023425197023644	0.44996701121618654	0,0,4,3,0,0,0,0,0,34,47,0,0,0,0,0,383,248,4,0,0,0,0,171,655,16,0,0,0,0,7,272,40,0,0,0,0,0,53,12,0,0,0,0,0,0,1,0,0
0.5553846153846154	0.5311194307712377	0.5553846153846154	0.5149944114875357	0.44380910490433256	0,0,4,4,0,0,0,0,0,31,31,0,0,0,0,0,382,290,0,0,0,0,0,186,654,20,0,0,0,0,10,229,47,0,0,0,0,1,49,11,0,0,0,0,0,0,1,0,0
0.5394871794871795	0.5210658646075964	0.5394871794871795	0.49041571844255727	0.4372113481416319	0,0,6,6,0,0,0,0,0,40,27,0,0,0,0,0,398,270,1,0,0,0,0,180,617,15,0,0,0,0,8,288,37,0,0,0,0,0,46,10,0,0,0,0,0,1,0,0,0
0.5456410256410257	0.5107846228671431	0.5456410256410257	0.5011648657356689	0.4431493292280625	0,0,6,7,0,0,0,0,0,32,26,0,0,0,0,0,379,244,1,0,0,0,0,201,640,29,0,0,0,0,15,262,45,0,0,0,0,0,53,9,0,0,0,0,0,0,1,0,0
