accuracy	precision	recall	f1	oob	confMatrxVars
0.5902564102564103	0.5718205032278849	0.5902564102564103	0.5496290742633856	0.43743127336705523	0,0,6,5,0,0,0,0,0,40,20,0,0,0,0,0,412,222,1,0,0,0,0,155,666,23,0,0,0,0,8,259,73,0,0,0,0,0,49,8,0,0,0,0,0,2,1,0,0
0.5779487179487179	0.5471889710873971	0.5779487179487179	0.5394662128888014	0.4396305256212888	0,0,4,6,0,0,0,0,0,29,33,0,0,0,0,0,397,239,3,0,0,0,0,163,660,30,0,0,0,0,11,243,70,0,0,0,0,0,42,17,0,0,0,0,0,2,1,0,0
0.5815384615384616	0.5500010197250635	0.5815384615384616	0.5449500427554452	0.4268748625467341	0,0,3,6,0,0,0,0,0,44,25,0,0,0,0,0,411,228,2,0,0,0,0,180,649,30,0,0,0,0,10,235,74,0,0,0,0,0,37,15,0,0,0,0,0,0,1,0,0
0.556923076923077	0.5323908056460589	0.556923076923077	0.5164247771042674	0.43083351660435454	0,0,2,4,0,0,0,0,0,48,26,1,0,0,0,0,416,234,1,0,0,0,0,202,610,24,0,0,0,0,12,254,60,0,0,0,0,0,46,8,0,0,0,0,0,1,1,0,0
0.5574358974358974	0.5383148609011381	0.5574358974358974	0.5122785159389848	0.43017374092808447	0,0,6,3,0,0,0,0,0,34,33,0,0,0,0,0,390,250,1,0,0,0,0,160,645,28,0,0,0,0,6,287,52,0,0,0,0,0,47,6,0,0,0,0,0,2,0,0,0
0.5738461538461539	0.5495088143954536	0.5738461538461539	0.5381293806626015	0.42929404002639104	0,0,5,4,0,0,0,0,29,34,1,0,0,0,412,257,2,0,0,0,168,638,31,0,0,0,9,234,69,0,0,0,0,45,12,0
0.5738461538461539	0.5434896668490083	0.5738461538461539	0.5335495374414753	0.4303936661535078	0,0,5,7,0,0,0,0,0,43,33,1,0,0,0,0,406,231,1,0,0,0,0,180,644,22,0,0,0,0,8,242,69,0,0,0,0,0,42,15,0,0,0,0,0,0,1,0,0
0.5717948717948718	0.5618851520186159	0.5717948717948718	0.525995562470397	0.43237299318231803	0,0,4,3,0,0,0,0,33,29,1,0,0,1,399,234,1,0,0,0,171,661,12,0,0,0,13,270,55,0,0,0,0,55,8,0
0.5476923076923077	0.5653318666009253	0.5476923076923077	0.5046788181901651	0.4299538157026611	0,0,4,2,0,0,0,1,34,32,0,0,0,0,386,233,1,0,0,0,215,626,15,0,0,0,12,268,55,0,0,0,0,56,10,0
0.5707692307692308	0.5320595660517672	0.5707692307692308	0.5345078590852042	0.4295139652518144	0,0,3,2,0,0,0,0,0,43,25,0,0,0,0,0,402,229,4,0,0,0,0,185,641,41,0,0,0,0,17,230,70,0,0,0,0,0,40,15,0,0,0,0,0,2,1,0,0
0.5564102564102564	0.5363227392076209	0.5564102564102564	0.515869478375869	0.42819441389927426	0,0,2,4,0,0,0,0,0,33,33,1,0,0,0,0,368,267,2,0,0,0,0,171,652,22,0,0,0,0,19,256,65,0,0,0,0,0,40,14,0,0,0,0,0,0,1,0,0
0.5820512820512821	0.5597225020472679	0.5820512820512821	0.541689163114219	0.4396305256212888	0,0,3,8,0,0,0,0,0,29,24,0,0,0,0,0,407,242,1,0,0,0,0,175,673,20,0,0,0,0,6,253,55,0,0,0,0,0,40,11,0,0,0,0,0,1,2,0,0
0.5517948717948717	0.5275269629770061	0.5517948717948717	0.5067069716000078	0.4310534418297779	0,0,5,3,0,0,0,0,0,40,32,0,0,0,0,0,384,234,2,0,0,0,0,179,630,21,0,0,0,0,14,276,62,0,0,0,0,0,53,13,0,0,0,0,0,1,1,0,0
0.5882051282051282	0.5616176891916053	0.5882051282051282	0.5520911721699124	0.4435891796789092	0,0,7,3,0,0,0,0,0,26,27,0,0,0,0,0,403,221,1,0,0,0,0,197,669,19,0,0,0,0,12,222,75,0,0,0,0,0,50,16,0,0,0,0,0,2,0,0,0
0.5835897435897436	0.5647625113113147	0.5835897435897436	0.5466045373449915	0.4405102265229822	0,0,3,3,0,0,0,0,0,30,30,0,0,0,0,0,413,260,4,0,0,0,0,143,660,31,0,0,0,0,7,249,65,0,0,0,0,0,40,9,0,0,0,0,0,2,1,0,0
0.5676923076923077	0.5333264473364382	0.5676923076923077	0.5325226833634272	0.4319331427314713	0,0,9,2,0,0,0,0,0,26,28,0,0,0,0,0,401,248,1,0,0,0,0,172,631,41,0,0,0,0,11,233,75,0,0,0,0,0,49,20,0,0,0,0,0,1,2,0,0
0.5851282051282052	0.5945465631808469	0.5851282051282052	0.5477197072646359	0.4389707499450187	0,0,5,2,0,0,0,0,1,30,29,0,0,0,0,0,403,245,1,0,0,0,0,165,666,20,0,0,0,0,15,240,71,0,0,0,0,0,39,16,0,0,0,0,0,1,1,0,0
0.5758974358974359	0.5375647064007606	0.5758974358974359	0.5408653960857093	0.4314932922806246	0,0,9,5,0,0,0,0,0,26,29,0,0,0,0,0,395,233,1,0,0,0,0,183,649,38,0,0,0,0,9,221,79,0,0,0,0,0,50,22,0,0,0,0,0,0,1,0,0
0.5856410256410256	0.5597595636374822	0.5856410256410256	0.5484390598012162	0.4334726193094348	0,0,1,7,0,0,0,0,32,29,1,0,0,0,407,222,2,0,0,0,173,656,25,0,0,0,19,241,79,0,0,0,0,39,17,0
0.5646153846153846	0.5315139173903537	0.5646153846153846	0.5204586473038965	0.4306135913789312	0,0,5,5,0,0,0,0,39,26,0,0,0,0,398,239,1,0,0,0,170,649,26,0,0,0,12,266,54,0,0,0,0,43,17,0
0.5743589743589743	0.5380553458214983	0.5743589743589743	0.5415889330999688	0.4299538157026611	0,0,7,6,0,0,0,0,30,23,1,0,0,0,419,223,3,0,0,0,186,621,48,0,0,0,15,230,80,0,0,0,0,40,18,0
0.5671794871794872	0.5423006288003398	0.5671794871794872	0.5280772443921878	0.4325929184077414	0,0,4,9,0,0,0,0,0,37,28,1,0,0,0,0,388,273,3,0,0,0,0,148,652,28,0,0,0,0,4,252,66,0,0,0,0,0,39,17,0,0,0,0,0,0,1,0,0
0.5907692307692308	0.5660973155921464	0.5907692307692308	0.5556639438217519	0.43787112381790194	0,0,4,4,0,0,0,0,0,34,21,1,0,0,0,0,406,248,4,0,0,0,0,167,674,24,0,0,0,0,10,227,72,0,0,0,0,0,39,13,0,0,0,0,0,1,1,0,0
0.5692307692307692	0.5403887407883726	0.5692307692307692	0.5360599537947108	0.42423575984165385	0,0,4,5,0,0,0,0,0,30,30,1,0,0,0,0,391,243,1,0,0,0,0,181,634,40,0,0,0,0,10,234,85,0,0,0,0,0,44,16,0,0,0,0,0,1,0,0,0
0.5717948717948718	0.540387770800142	0.5717948717948718	0.5384986394010286	0.43589179678909173	0,0,4,2,1,0,0,0,0,31,30,1,0,0,0,0,410,231,1,0,0,0,0,211,635,35,0,0,0,0,10,225,70,0,0,0,0,0,39,11,0,0,0,0,0,2,1,0,0
