accuracy	precision	recall	f1	oob	confMatrxVars
0.6487179487179487	0.6404120290929849	0.6487179487179487	0.6339639031225917	0.4108203210908291	0,0,7,7,0,0,0,5,43,17,1,0,2,6,458,181,8,0,0,1,148,621,65,3,0,1,17,132,169,2,0,0,2,30,12,12
0.6446153846153846	0.6426430502919965	0.6446153846153846	0.6343479925026079	0.4189575544314933	0,2,5,4,0,0,0,10,31,19,0,0,0,4,475,166,3,1,0,2,195,590,58,1,0,0,15,149,165,4,0,0,4,14,16,17
0.6312820512820513	0.624881539012599	0.6312820512820513	0.6200025638339822	0.41675830217725973	0,1,3,4,0,0,0,0,9,40,19,1,0,0,0,9,428,177,8,0,0,0,5,160,615,86,1,0,0,0,18,143,165,2,0,0,0,3,18,20,14,0,0,0,0,1,0,0,0
0.6517948717948718	0.6458683242442802	0.6517948717948718	0.6428137181824187	0.4127996481196393	0,0,7,4,1,0,0,0,8,27,17,2,0,0,1,4,468,166,8,0,0,0,5,176,597,69,3,0,0,0,17,129,174,4,0,0,0,1,19,18,24,0,0,0,0,0,1,0,0
0.622051282051282	0.6294885178616165	0.622051282051282	0.6097528247760564	0.4127996481196393	0,0,9,3,0,0,0,0,12,28,20,1,1,0,0,1,450,180,13,0,0,0,0,186,573,68,1,0,0,0,20,146,162,2,0,0,0,3,26,27,16,0,0,0,0,0,2,0,0
0.6487179487179487	0.6473574750790876	0.6487179487179487	0.6347738666958265	0.4279744886738509	0,0,4,4,0,0,0,0,7,29,29,3,0,0,0,2,451,175,5,1,0,0,3,169,633,50,3,0,0,0,13,148,157,3,0,0,0,2,25,15,17,0,0,0,0,0,2,0,0
0.6394871794871795	0.6325712694030757	0.6394871794871795	0.6273336544804222	0.40466241477897513	0,0,8,1,0,0,1,9,36,29,1,0,2,9,452,172,12,0,0,2,158,606,72,3,0,1,11,143,168,3,0,0,1,24,14,12
0.6241025641025642	0.6250978358661151	0.6241025641025642	0.6106563179057666	0.4200571805586101	0,1,5,2,1,0,0,7,35,27,0,0,0,4,413,185,12,0,0,5,171,613,67,1,0,1,15,146,167,0,0,0,2,35,18,17
0.6523076923076923	0.6503996848343464	0.6523076923076923	0.6431442045839525	0.4220365075874203	0,0,4,2,0,0,0,9,27,18,1,0,0,5,464,161,6,1,0,2,169,608,73,2,0,0,19,145,171,3,1,0,2,19,18,20
0.6328205128205128	0.62621889740639	0.6328205128205128	0.6226126175534933	0.425555311194194	0,1,7,2,1,0,1,7,45,16,0,0,0,8,463,192,12,0,0,1,172,569,65,5,0,0,19,136,172,3,0,0,0,14,16,23
0.6430769230769231	0.6383595588313932	0.6430769230769231	0.6291875314166128	0.4198372553331867	0,1,6,3,0,0,0,0,10,39,24,0,0,0,1,4,455,157,7,0,0,0,2,164,605,60,5,0,0,0,15,158,169,5,0,0,0,2,22,19,15,0,0,0,0,0,2,0,0
0.6405128205128205	0.634977092090347	0.6405128205128205	0.6310075137044748	0.4268748625467341	0,0,3,4,0,0,1,9,33,18,2,0,0,7,454,165,4,1,0,0,200,602,68,3,0,2,19,127,168,8,0,0,1,21,14,16
0.638974358974359	0.6293110540315479	0.638974358974359	0.6283950250032133	0.42159665713657357	0,0,6,3,0,0,0,0,7,34,19,4,0,0,0,8,454,152,13,0,0,0,7,187,596,82,2,0,0,0,18,123,172,3,0,0,0,1,22,17,17,0,0,0,0,1,2,0,0
0.6435897435897436	0.6381369403161412	0.6435897435897436	0.6345827197215257	0.4044424895535518	0,0,4,4,0,0,0,1,8,37,15,2,0,0,0,8,441,180,17,0,0,0,4,160,605,70,3,0,0,0,11,138,179,4,0,0,0,3,22,11,22,0,0,0,0,1,0,0,0
0.6435897435897436	0.6427601176031366	0.6435897435897436	0.630361723408753	0.4143391246976028	0,0,3,5,1,0,0,1,9,33,34,0,0,0,0,3,438,156,2,1,0,0,2,179,609,79,3,0,0,0,12,136,185,1,0,0,0,2,24,17,14,0,0,0,0,1,0,0,0
0.6507692307692308	0.6485875019008703	0.6507692307692308	0.6367865526899474	0.4209368814603035	0,0,8,5,1,0,1,6,38,20,1,0,0,4,462,167,13,0,0,0,160,607,67,3,0,0,8,139,179,1,0,0,2,26,17,15
0.6461538461538462	0.6380802980168538	0.6461538461538462	0.6338065242767412	0.42269628326369035	0,1,5,3,0,0,0,0,7,37,23,3,0,0,0,7,449,179,6,0,0,0,1,159,618,59,4,0,0,1,12,150,167,5,0,0,1,0,17,15,19,0,0,0,0,0,2,0,0
0.637948717948718	0.6302602880410754	0.637948717948718	0.6277024450882932	0.4240158346162305	0,0,3,6,0,0,0,0,10,35,17,2,1,0,0,10,466,172,11,0,0,0,2,191,595,60,5,0,0,1,13,131,156,3,0,0,0,2,23,17,17,0,0,0,0,0,1,0,0
0.6410256410256411	0.6435326957142877	0.6410256410256411	0.6314386662921504	0.42577523641961734	0,0,5,4,0,0,0,11,28,13,3,0,0,4,437,204,14,1,0,2,152,635,64,1,0,0,17,144,146,1,0,0,0,22,21,21
0.6425641025641026	0.6384227752246793	0.6425641025641026	0.632855131194364	0.4264350120958874	0,0,5,3,0,0,0,0,13,36,22,0,0,0,0,7,457,163,9,0,0,0,2,161,593,86,6,0,0,0,15,131,167,3,0,0,1,3,30,13,23,0,0,0,0,1,0,0,0
0.6394871794871795	0.6339441112813955	0.6394871794871795	0.6271130407701763	0.42115680668572686	0,0,3,3,0,0,0,8,31,26,1,0,1,7,463,149,8,0,0,1,183,589,63,4,0,1,18,153,171,5,0,0,2,23,21,16
0.6353846153846154	0.6245401516684466	0.6353846153846154	0.6238808499513803	0.4306135913789312	0,0,6,2,0,0,0,0,5,38,17,2,0,0,0,3,439,156,12,0,0,0,6,190,603,76,3,0,0,3,17,122,171,7,0,0,0,3,25,22,21,0,0,0,0,1,0,0,0
0.6471794871794871	0.6458375268893035	0.6471794871794871	0.6358260044130524	0.4174180778535298	0,0,4,7,0,0,0,1,13,37,21,2,0,0,0,5,467,166,7,0,0,0,0,164,599,76,0,0,0,0,16,140,167,6,0,0,0,1,19,13,16,0,0,0,0,1,2,0,0
0.6358974358974359	0.6285841388316347	0.6358974358974359	0.6251372997174679	0.41763800307895316	0,2,9,5,1,0,0,1,6,28,18,3,0,0,0,12,440,178,10,0,0,0,2,153,608,69,3,0,0,2,13,161,161,2,0,0,0,1,23,13,25,0,0,0,0,0,1,0,0
0.6538461538461539	0.6545858547947846	0.6538461538461539	0.64590565543575	0.40818121838574883	1,0,5,1,0,0,0,10,29,14,1,0,0,4,460,145,10,0,1,4,195,624,79,0,0,0,19,138,168,1,0,0,0,17,12,12
