accuracy	precision	recall	f1	oob	confMatrxVars
0.6251282051282051	0.6483297633028487	0.6251282051282051	0.6013474713413881	0.3802507147569826	0,0,6,4,0,0,0,0,2,35,26,1,0,0,0,1,449,219,6,0,0,0,0,152,635,31,0,0,0,0,7,185,128,0,0,0,0,0,42,15,5,0,0,0,0,0,1,0,0
0.6317948717948718	0.6343920119291553	0.6317948717948718	0.6092741965129578	0.37585221024851545	0,0,4,6,0,0,0,0,1,40,27,0,0,0,0,1,431,208,4,0,0,0,1,144,658,43,1,0,0,0,7,181,132,0,0,0,0,0,34,16,10,0,0,0,0,1,0,0,0
0.6317948717948718	0.6389383811277853	0.6317948717948718	0.6055984024784129	0.3740928084451287	0,0,6,4,1,0,0,1,33,30,2,0,0,1,445,192,2,0,0,0,146,656,46,0,0,0,12,187,125,0,0,0,0,33,23,5
0.6430769230769231	0.6343385109339779	0.6430769230769231	0.6183902400658411	0.3721134814163185	0,0,6,4,0,0,0,0,41,19,1,0,0,2,458,164,3,0,0,0,163,657,35,1,0,0,10,195,129,0,0,0,2,34,16,10
0.622051282051282	0.6174591485017946	0.622051282051282	0.5995333661753456	0.3784913129535957	0,0,10,5,0,0,0,1,39,18,1,0,0,4,417,194,7,0,0,0,175,664,44,0,0,0,15,179,124,0,0,0,0,31,15,7
0.6210256410256411	0.6345805621831486	0.6210256410256411	0.6007259614588223	0.37497250934682214	0,0,6,3,0,0,0,2,35,20,0,0,0,1,431,203,2,0,0,0,178,644,48,0,0,0,5,186,125,0,0,0,0,35,17,9
0.6348717948717949	0.6424584474856504	0.6348717948717949	0.6089202980363764	0.3756322850230921	0,0,3,5,0,0,0,0,1,37,21,1,0,0,0,2,406,180,4,0,0,0,0,144,682,33,0,0,0,0,7,213,142,1,0,0,0,0,41,19,7,0,0,0,0,1,0,0,0
0.6235897435897436	0.6321319441059351	0.6235897435897436	0.5992257347049755	0.38201011656036943	0,0,7,4,0,0,0,0,1,34,15,1,0,0,0,0,445,194,3,0,0,0,1,164,649,35,1,0,0,0,6,217,112,0,0,0,0,0,33,18,9,0,0,0,0,1,0,0,0
0.6266666666666667	0.6544085552040927	0.6266666666666667	0.6037879228086042	0.36881460303496816	0,0,5,6,0,0,0,0,4,33,26,0,0,0,0,0,437,206,3,0,0,0,0,158,638,38,0,0,0,0,5,189,139,0,0,0,0,0,34,22,4,0,0,0,0,1,2,0,0
0.6153846153846154	0.6417332329630046	0.6153846153846154	0.5914285545665362	0.3740928084451287	0,0,5,2,0,0,0,1,37,24,0,0,0,0,415,206,1,0,0,0,161,649,40,1,0,0,17,205,127,1,0,0,0,36,14,8
0.6328205128205128	0.6253258910401767	0.6328205128205128	0.6067516114563751	0.37497250934682214	0,0,5,6,0,0,0,0,0,44,21,1,0,0,0,0,429,181,2,0,0,0,0,148,662,38,0,0,0,0,11,209,132,0,0,0,0,0,33,13,11,0,0,0,0,1,3,0,0
0.64	0.649575544058761	0.64	0.6141736787382207	0.378051462502749	0,0,2,5,0,0,0,0,1,40,25,0,0,0,0,1,459,186,1,0,0,0,0,149,663,42,0,0,0,0,7,191,120,0,0,0,0,0,36,16,5,0,0,0,0,1,0,0,0
0.6358974358974359	0.6705043742547114	0.6358974358974359	0.6143084611919654	0.3712337805146251	0,0,4,5,0,0,0,4,33,23,1,0,0,0,431,218,3,0,0,0,154,664,27,0,0,0,8,177,135,0,0,0,0,44,13,6
0.6471794871794871	0.6500356000779837	0.6471794871794871	0.6236323113158444	0.3740928084451287	0,0,5,5,0,0,0,0,2,48,18,1,0,0,0,2,436,193,2,0,0,0,0,134,683,52,0,0,0,0,10,166,134,0,0,0,0,1,31,18,7,0,0,0,0,1,1,0,0
0.6246153846153846	0.6460413068733111	0.6246153846153846	0.6019254858104982	0.3756322850230921	0,0,6,7,0,0,0,0,2,50,25,1,0,0,0,0,420,204,2,0,0,0,0,165,655,54,0,0,0,0,9,165,133,0,0,0,0,0,28,14,8,0,0,0,0,2,0,0,0
0.6348717948717949	0.6344584282064181	0.6348717948717949	0.6142827040916855	0.3765119859247855	0,0,3,3,0,0,0,0,1,43,27,0,0,0,0,1,433,184,5,0,0,0,0,182,652,51,0,0,0,0,8,154,143,1,0,0,0,0,28,18,9,0,0,0,0,1,3,0,0
0.6194871794871795	0.6401363407843158	0.6194871794871795	0.5976245927164653	0.37431273367055207	0,0,2,6,0,0,0,0,3,45,17,1,0,0,0,1,413,217,2,0,0,0,0,170,653,35,0,0,0,0,12,188,134,0,0,0,0,0,28,17,5,0,0,0,0,1,0,0,0
0.6225641025641026	0.618273160155522	0.6225641025641026	0.5954919220774082	0.37233340664174186	0,0,5,3,0,0,0,0,0,44,24,0,0,0,0,0,447,197,2,0,0,0,0,159,635,33,0,0,0,0,13,201,126,0,0,0,0,1,32,20,6,0,0,0,0,0,2,0,0
0.6523076923076923	0.6475537724180963	0.6523076923076923	0.6262980061131775	0.3815702661095227	0,0,5,5,0,0,0,0,0,42,22,0,0,0,0,0,445,197,5,0,0,0,0,125,686,29,0,0,0,0,11,191,135,0,0,0,0,1,27,16,6,0,0,0,0,1,1,0,0
0.6256410256410256	0.6408634893437389	0.6256410256410256	0.6026755835899623	0.3661755003298879	0,0,7,1,0,0,0,0,2,37,22,2,0,0,0,0,428,165,4,0,0,0,0,191,644,45,0,0,0,0,13,186,140,2,0,0,0,0,34,19,6,0,0,0,0,1,1,0,0
0.6492307692307693	0.6739718065111875	0.6492307692307693	0.6281139747925032	0.38838794809764676	0,0,6,3,0,0,0,0,3,30,29,2,0,0,0,0,447,185,4,0,0,0,0,140,658,44,0,0,0,0,5,184,150,0,0,0,0,0,32,18,8,0,0,0,0,1,1,0,0
0.6266666666666667	0.6575573119800646	0.6266666666666667	0.6008068970522921	0.37387288321970535	0,0,5,4,0,0,0,0,2,41,22,0,0,0,0,0,432,211,5,0,0,0,0,150,664,28,0,0,0,0,7,203,118,0,0,0,0,0,33,18,6,0,0,0,0,0,1,0,0
0.615897435897436	0.6318514864871074	0.615897435897436	0.5937320704063931	0.3725533318671652	0,0,4,5,0,0,0,0,3,35,19,1,0,0,0,2,408,212,6,0,0,0,0,157,658,40,0,0,0,0,6,206,122,0,0,0,0,0,37,18,10,0,0,0,0,1,0,0,0
0.6358974358974359	0.6430266638693788	0.6358974358974359	0.6153748626443339	0.3716736309654718	0,0,6,1,0,0,0,0,1,35,22,1,0,0,0,2,443,224,4,0,0,0,0,140,664,40,0,0,0,0,5,184,121,0,0,0,0,0,30,15,11,0,0,0,0,0,1,0,0
0.6302564102564102	0.6359076674631534	0.6302564102564102	0.606213037080114	0.3740928084451287	0,0,5,3,0,0,0,0,2,35,22,0,0,0,0,2,445,227,4,1,0,0,0,130,664,43,0,0,0,0,7,195,116,0,0,0,0,0,31,15,2,0,0,0,0,0,1,0,0
