accuracy	precision	recall	f1	oob	confMatrxVars
0.6743589743589744	0.6776316846613746	0.6743589743589744	0.6587438107569047	0.35012095887398287	0,0,4,6,0,0,0,0,5,32,22,0,0,0,0,3,464,166,4,0,0,0,2,135,668,40,1,0,0,0,8,170,161,0,0,0,0,0,22,17,17,0,0,0,0,1,2,0,0
0.6871794871794872	0.6994889426567309	0.6871794871794872	0.6698258076028433	0.35122058500109965	0,0,7,5,0,0,0,1,3,35,18,0,0,0,0,0,474,177,9,0,0,0,0,109,688,48,1,0,0,0,6,146,160,1,0,0,0,0,25,19,15,0,0,0,0,0,3,0,0
0.6717948717948717	0.6799664524393206	0.6717948717948717	0.656290696529716	0.3479217066197493	0,0,7,4,0,0,0,0,4,29,24,0,0,0,0,2,458,180,2,0,0,0,0,145,676,40,0,0,0,0,6,161,155,0,0,0,0,0,20,18,17,0,0,0,0,1,1,0,0
0.6728205128205128	0.6649629508006503	0.6728205128205128	0.6591531114261339	0.3529799868044865	0,1,6,5,0,0,0,0,4,37,18,0,0,0,0,4,465,164,6,0,0,0,0,147,658,67,1,0,0,0,11,138,171,1,0,0,0,1,16,12,14,0,0,0,1,1,1,0,0
0.6641025641025641	0.66815569064205	0.6641025641025641	0.6470600987585569	0.34418297778755225	0,0,1,5,0,0,0,0,2,46,22,1,0,0,0,1,455,162,5,0,0,0,0,150,657,66,0,0,0,0,6,151,165,0,0,0,0,0,20,17,16,0,0,0,0,1,1,0,0
0.6558974358974359	0.66632328227633	0.6558974358974359	0.6417051154276157	0.34022432372993183	0,0,3,3,0,0,0,0,4,32,18,0,0,0,0,1,450,196,3,0,0,0,0,143,655,54,1,0,0,0,6,166,154,1,0,0,0,0,21,21,16,0,0,0,0,1,1,0,0
0.6523076923076923	0.6601254598399612	0.6523076923076923	0.6335272217809541	0.33758522102485156	0,0,6,4,0,0,0,0,3,40,25,1,0,0,0,1,423,189,4,0,0,0,1,137,672,42,1,0,0,0,8,172,156,1,0,0,0,0,29,15,18,0,0,0,0,1,1,0,0
0.6543589743589744	0.670339057791515	0.6543589743589744	0.6370460602894963	0.33164723993842093	0,0,3,2,0,0,0,0,4,49,27,1,0,0,0,1,432,188,3,0,0,0,0,134,651,52,1,0,0,0,8,161,168,1,0,0,0,0,28,14,21,0,0,0,0,1,0,0,0
0.6476923076923077	0.6610152316339086	0.6476923076923077	0.633044576232822	0.3413239498570486	0,0,2,3,0,0,0,0,4,31,33,3,0,0,0,1,448,203,6,0,0,0,0,169,629,61,0,0,0,0,8,127,172,0,0,0,0,0,24,15,10,0,0,0,0,1,0,0,0
0.6579487179487179	0.6583675096292547	0.6579487179487179	0.6409651186432492	0.34022432372993183	0,0,2,5,0,0,0,0,2,45,24,2,0,0,0,2,451,190,5,0,0,0,0,126,663,84,0,0,0,0,6,133,153,0,0,0,0,0,27,15,14,0,0,0,0,1,0,0,0
0.6738461538461539	0.6817982923844993	0.6738461538461539	0.659321764726746	0.34066417418077855	0,0,4,3,0,0,0,0,8,35,18,0,0,0,0,2,452,180,3,0,0,0,0,139,668,43,1,0,0,0,8,144,172,3,0,0,0,0,29,22,14,0,0,0,0,2,0,0,0
0.6825641025641026	0.6861198873590216	0.6825641025641026	0.6649511128382606	0.3479217066197493	0,0,3,4,0,0,0,1,44,21,1,0,0,1,465,175,2,0,0,0,124,671,41,0,0,0,4,161,178,2,0,0,1,19,16,16
0.6743589743589744	0.6799741803840946	0.6743589743589744	0.6549657143919124	0.34726193094347924	0,1,3,4,0,0,0,4,38,26,1,0,0,1,471,166,5,0,0,0,146,683,43,0,0,0,8,152,150,0,0,0,0,18,23,7
0.6605128205128206	0.6676544842643182	0.6605128205128206	0.6470104359870263	0.35122058500109965	0,0,3,3,0,0,0,0,5,32,15,2,0,0,2,1,440,179,2,1,0,0,0,170,678,43,2,0,0,0,6,156,149,2,0,0,0,1,23,17,16,0,0,0,1,0,1,0,0
0.6584615384615384	0.6767087898352275	0.6584615384615384	0.6373574262816833	0.3400043985045085	0,0,7,4,0,0,0,0,6,51,21,1,0,0,0,1,447,173,5,0,0,0,0,148,663,32,0,0,0,0,13,163,159,0,0,0,0,1,28,14,9,0,0,0,0,2,2,0,0
0.642051282051282	0.6554666022103484	0.642051282051282	0.6261411782880006	0.33912469760281505	0,0,3,5,0,0,0,3,37,27,1,0,0,2,417,203,3,0,0,0,158,647,47,0,0,0,8,159,169,0,0,0,0,33,12,16
0.6523076923076923	0.6588466039996597	0.6523076923076923	0.6340156515000245	0.3455025291400924	0,1,2,3,0,0,0,0,2,36,19,0,0,0,0,0,428,173,5,0,0,0,1,156,668,47,0,0,0,0,13,164,159,0,0,0,0,0,35,21,15,0,0,0,0,0,2,0,0
0.6712820512820513	0.6915212669765279	0.6712820512820513	0.6536489489480247	0.3419837255333187	0,0,6,2,0,0,0,0,6,32,19,1,0,0,0,1,446,192,3,0,0,0,0,117,688,31,0,0,0,0,11,190,162,1,0,0,0,0,19,15,7,0,0,0,0,0,1,0,0
0.6846153846153846	0.6811352836237875	0.6846153846153846	0.6709435324517233	0.34418297778755225	0,0,3,4,0,0,0,1,29,18,1,0,0,1,468,194,5,0,0,1,127,691,51,0,0,0,6,135,158,3,0,0,0,21,16,17
0.6564102564102564	0.6536650681179785	0.6564102564102564	0.637394676398641	0.34374312733670553	0,1,6,4,0,0,0,0,1,43,13,1,0,0,0,2,426,197,2,0,0,0,1,137,692,42,1,0,0,0,3,169,146,0,0,0,0,0,32,15,15,0,0,0,0,1,0,0,0
0.6584615384615384	0.6649594392185777	0.6584615384615384	0.6408903327921132	0.34022432372993183	0,0,1,0,0,0,0,0,2,49,20,1,0,0,0,1,454,177,4,0,0,0,0,149,655,52,0,0,0,0,5,163,157,2,0,0,0,0,20,20,16,0,0,0,0,2,0,0,0
0.6687179487179488	0.6855514140747275	0.6687179487179488	0.6522505292727006	0.3470420057180559	0,0,4,3,0,0,0,0,5,31,30,1,0,0,0,0,466,154,7,0,0,0,0,158,658,49,0,0,0,0,11,157,161,0,0,0,0,0,22,18,14,0,0,0,0,1,0,0,0
0.681025641025641	0.6977175544661651	0.681025641025641	0.6661965958377485	0.34880140752144273	0,0,5,3,0,0,0,0,5,28,22,0,0,0,0,0,465,165,2,0,0,0,1,132,668,44,0,0,0,0,8,164,174,1,0,0,0,2,35,9,16,0,0,0,0,1,0,0,0
0.6558974358974359	0.6720744144900104	0.6558974358974359	0.6365465622008949	0.34506267868924567	0,1,6,6,0,0,0,1,3,43,19,1,0,0,0,0,461,207,6,0,0,0,0,116,651,43,0,0,0,0,9,160,146,0,0,0,0,0,30,20,18,0,0,0,0,3,0,0,0
0.661025641025641	0.674008356882034	0.661025641025641	0.6406405138586769	0.3393446228282384	0,1,3,2,0,0,0,0,4,48,19,1,0,0,0,0,453,182,2,0,0,0,1,146,668,40,0,0,0,0,16,151,157,0,0,0,0,0,35,13,7,0,0,0,0,0,1,0,0
