accuracy	precision	recall	f1	oob	confMatrxVars
0.5723076923076923	0.563209480795034	0.5723076923076923	0.5373414690106458	0.41016054541455904	0,0,4,4,0,0,0,0,1,40,30,0,0,0,0,1,390,259,1,0,0,0,0,158,650,39,0,0,0,0,9,238,75,0,0,0,0,0,37,12,0,0,0,0,0,1,1,0,0
0.5764102564102564	0.5440745425551619	0.5764102564102564	0.5410077321870559	0.41719815262810644	0,0,5,4,0,0,0,0,0,41,26,0,0,0,0,0,384,269,2,0,0,0,0,163,670,37,0,0,0,0,8,212,70,0,0,0,0,0,47,11,0,0,0,0,0,0,1,0,0
0.5820512820512821	0.5411953372036982	0.5820512820512821	0.5474812546430633	0.4154387508247196	0,0,4,4,0,0,0,0,0,40,32,0,0,0,0,0,405,236,4,0,0,0,0,162,642,42,0,0,0,0,12,209,88,0,0,0,0,0,44,23,0,0,0,0,0,1,2,0,0
0.5897435897435898	0.6024312947719754	0.5897435897435898	0.554011876868228	0.42159665713657357	0,0,4,7,0,0,0,0,0,33,18,0,0,0,0,0,421,224,2,0,0,0,0,181,653,20,0,0,0,0,12,243,75,0,0,0,0,0,45,9,1,0,0,0,0,2,0,0,0
0.5682051282051283	0.5659058295553838	0.5682051282051283	0.5331126280549295	0.41455904992302617	0,0,7,3,0,0,0,0,0,37,28,0,0,0,0,0,380,231,1,0,0,0,0,180,642,37,0,0,0,0,10,240,83,0,0,0,0,0,44,22,3,0,0,0,0,1,1,0,0
0.5897435897435898	0.5526105012101832	0.5897435897435898	0.5483562475925505	0.4204970310094568	0,0,4,7,0,0,0,0,0,38,28,0,0,0,0,0,439,194,4,0,0,0,0,173,642,27,0,0,0,0,10,250,69,0,0,0,0,0,48,16,0,0,0,0,0,0,1,0,0
0.5779487179487179	0.5517535272612213	0.5779487179487179	0.5431128308573355	0.42225643281284364	0,0,8,4,0,0,0,0,0,35,31,0,0,0,0,0,392,258,6,0,0,0,0,147,649,34,0,0,0,0,8,236,86,0,0,0,0,0,37,18,0,0,0,0,0,1,0,0,0
0.5728205128205128	0.5403534029339971	0.5728205128205128	0.5296403913871135	0.4198372553331867	0,0,7,4,0,0,0,0,0,47,27,0,0,0,0,0,403,225,1,0,0,0,0,161,642,25,0,0,0,0,24,247,72,0,0,0,0,0,45,18,0,0,0,0,0,2,0,0,0
0.5697435897435897	0.5475100483194687	0.5697435897435897	0.5320702235934252	0.41939740488234	0,0,7,3,0,0,0,0,36,28,0,0,0,0,401,221,1,0,0,0,185,629,28,0,0,0,14,257,81,0,0,0,0,46,13,0
0.597948717948718	0.5857496825024571	0.597948717948718	0.5671172094150425	0.4303936661535078	0,0,6,4,0,0,0,0,0,34,19,1,0,0,0,0,429,216,0,0,0,0,0,173,654,51,0,0,0,0,15,210,82,0,0,0,0,0,33,19,1,0,0,0,0,2,1,0,0
0.5666666666666667	0.5714968357284977	0.5666666666666667	0.5356263589778468	0.41873762920606994	0,0,5,3,0,0,0,0,1,35,31,2,0,0,0,0,365,255,3,0,0,0,0,176,651,49,0,0,0,0,15,225,88,0,0,0,0,0,34,11,0,0,0,0,0,1,0,0,0
0.5871794871794872	0.552277207056929	0.5871794871794872	0.5523696869705578	0.42269628326369035	0,0,6,5,0,0,0,0,0,39,23,0,0,0,0,1,391,234,2,0,0,0,0,150,668,46,0,0,0,0,10,227,86,0,0,0,0,0,46,13,0,0,0,0,0,0,3,0,0
0.5774358974358974	0.5373166253638694	0.5774358974358974	0.5431903480775753	0.4154387508247196	0,0,7,3,0,0,0,0,0,42,31,0,0,0,0,0,406,222,3,0,0,0,0,170,632,49,0,0,0,0,9,230,88,0,0,0,0,0,35,21,0,0,0,0,0,1,1,0,0
0.5907692307692308	0.5912011350811048	0.5907692307692308	0.562827300402216	0.42115680668572686	0,0,3,1,0,0,0,0,0,33,31,1,0,0,0,0,410,247,2,0,0,0,0,165,640,41,0,0,0,0,9,212,100,0,0,0,0,0,36,14,2,0,0,0,0,2,1,0,0
0.5897435897435898	0.5556030570845938	0.5897435897435898	0.5579900488328986	0.42115680668572686	0,0,3,3,0,0,0,0,0,29,28,0,0,0,0,0,431,215,4,0,0,0,0,184,634,40,0,0,0,0,11,224,85,0,0,0,0,0,37,19,0,0,0,0,0,1,2,0,0
0.5779487179487179	0.5479013573295419	0.5779487179487179	0.5402415045292075	0.4174180778535298	0,0,4,7,0,0,0,0,0,39,26,0,0,0,0,0,418,242,3,0,0,0,0,167,639,27,0,0,0,0,2,241,70,0,0,0,0,0,47,16,0,0,0,0,0,0,2,0,0
0.583076923076923	0.6105272721473743	0.583076923076923	0.547653760093944	0.42027710578403343	0,0,7,7,0,0,0,0,1,43,30,1,0,0,0,0,401,219,2,0,0,0,0,171,650,40,0,0,0,0,8,225,84,0,0,0,0,0,42,15,1,0,0,0,0,1,2,0,0
0.5994871794871794	0.6116911651990762	0.5994871794871794	0.56423591209255	0.42423575984165385	0,0,6,4,0,0,0,0,1,31,28,0,0,0,0,0,417,245,1,0,0,0,0,139,665,22,0,0,0,0,6,236,86,0,0,0,0,0,43,18,0,0,0,0,0,2,0,0,0
0.5984615384615385	0.5935985709056769	0.5984615384615385	0.5660249081794481	0.4244556850670772	0,0,7,2,0,0,0,0,0,44,25,0,0,0,0,0,435,251,4,0,0,0,0,140,652,37,0,0,0,0,8,220,78,0,0,0,0,0,33,10,2,0,0,0,0,0,2,0,0
0.5723076923076923	0.531618866291717	0.5723076923076923	0.5357087609031795	0.41455904992302617	0,0,6,6,0,0,0,0,0,38,27,1,0,0,0,0,413,237,3,0,0,0,0,161,619,39,0,0,0,0,12,224,84,0,0,0,0,0,51,27,0,0,0,0,0,1,1,0,0
0.6035897435897436	0.5714137860363965	0.6035897435897436	0.5678478062647704	0.42225643281284364	0,0,7,2,0,0,0,0,0,36,25,1,0,0,0,0,446,204,3,0,0,0,0,163,648,30,0,0,0,0,13,235,83,0,0,0,0,0,34,18,0,0,0,0,0,1,1,0,0
0.5733333333333334	0.5652761003834604	0.5733333333333334	0.5418885287252867	0.41873762920606994	0,0,1,2,0,0,0,0,1,36,29,1,0,0,0,1,401,255,5,0,0,0,0,172,630,34,0,0,0,0,9,229,86,0,0,0,0,0,40,15,0,0,0,0,0,2,1,0,0
0.5876923076923077	0.580896744574526	0.5876923076923077	0.557854560167809	0.4147789751484495	0,0,5,4,1,0,0,0,0,35,25,0,0,0,0,0,418,231,3,0,0,0,0,174,641,45,0,0,0,0,5,235,86,0,0,0,0,0,28,12,1,0,0,0,0,1,0,0,0
0.5882051282051282	0.5616236109547548	0.5882051282051282	0.5510804795164699	0.4185177039806466	0,0,5,3,0,0,0,0,0,37,21,1,0,0,0,0,427,223,3,0,0,0,0,165,647,30,0,0,0,0,9,251,73,0,0,0,0,0,41,12,0,0,0,0,0,1,1,0,0
0.5820512820512821	0.5661218584740326	0.5820512820512821	0.5434669445153409	0.4209368814603035	0,0,1,3,0,0,0,0,0,37,32,0,0,0,0,0,425,218,0,0,0,0,0,177,634,22,0,0,0,0,17,254,76,0,0,0,0,0,41,11,0,0,0,0,0,2,0,0,0
