accuracy	precision	recall	f1	oob	confMatrxVars
0.5805128205128205	0.5526543846929242	0.5805128205128205	0.5404285684946939	0.4295139652518144	0,0,6,3,0,0,0,0,0,44,29,1,0,0,0,1,389,231,1,0,0,0,0,159,668,29,0,0,0,0,14,242,75,0,0,0,0,0,47,10,0,0,0,0,0,1,0,0,0
0.5733333333333334	0.5424886148526014	0.5733333333333334	0.535501762501473	0.4325929184077414	0,0,6,5,0,0,0,0,0,33,33,0,0,0,0,0,403,215,1,0,0,0,0,197,643,30,0,0,0,0,8,246,72,0,0,0,0,0,44,13,0,0,0,0,0,0,1,0,0
0.5723076923076923	0.5432969542963269	0.5723076923076923	0.5336457637808715	0.42973389047723776	0,0,7,6,0,0,0,0,0,32,29,0,0,0,0,0,384,239,1,0,0,0,0,176,659,26,0,0,0,0,13,244,73,0,0,0,0,0,42,17,0,0,0,0,0,0,2,0,0
0.5641025641025641	0.558866037145364	0.5641025641025641	0.5229066151309681	0.42929404002639104	0,0,1,3,0,0,0,0,0,32,23,0,0,0,0,0,411,269,3,0,0,0,0,160,635,17,0,0,0,0,7,284,54,0,0,0,0,0,39,10,0,0,0,0,0,1,1,0,0
0.5666666666666667	0.5376708707532915	0.5666666666666667	0.5306616196967128	0.42775456344842755	0,0,6,3,0,0,0,0,0,43,29,1,0,0,0,0,395,286,0,0,0,0,0,156,643,36,0,0,0,0,7,222,67,0,0,0,0,0,40,14,0,0,0,0,0,1,1,0,0
0.5717948717948718	0.5534994439655117	0.5717948717948718	0.5354882395112545	0.4369914229162085	0,0,3,2,0,0,0,0,0,32,32,0,0,0,0,0,392,258,1,0,0,0,0,187,659,24,0,0,0,0,11,237,64,0,0,0,0,0,39,7,0,0,0,0,0,0,2,0,0
0.5671794871794872	0.5463967262508744	0.5671794871794872	0.5280625257678548	0.42313613371453707	0,0,5,3,0,0,0,0,0,38,31,1,0,0,0,0,388,235,1,0,0,0,0,199,651,18,0,0,0,0,7,254,67,0,0,0,0,1,37,12,0,0,0,0,0,1,1,0,0
0.5994871794871794	0.5638461634026898	0.5994871794871794	0.5636977500342748	0.43677149769078516	0,0,5,3,0,0,0,0,0,31,26,0,0,0,0,0,392,212,3,0,0,0,0,171,696,32,0,0,0,0,13,222,81,0,0,0,0,0,44,18,0,0,0,0,0,1,0,0,0
0.5528205128205128	0.5197004234745135	0.5528205128205128	0.512670898864003	0.42819441389927426	0,0,3,7,0,0,0,0,0,29,35,1,0,0,0,0,412,229,1,0,0,0,0,200,608,34,0,0,0,0,14,259,58,0,0,0,0,0,46,13,0,0,0,0,0,1,0,0,0
0.5717948717948718	0.5288696771649049	0.5717948717948718	0.5343410275988032	0.4325929184077414	0,0,5,2,1,0,0,0,0,30,35,0,0,0,0,0,408,253,0,0,0,0,0,157,654,52,0,0,0,0,10,231,53,0,0,0,0,0,38,18,0,0,0,0,0,2,1,0,0
0.5846153846153846	0.557061954631286	0.5846153846153846	0.5479072692450618	0.4325929184077414	0,0,4,5,0,0,0,1,42,23,1,0,0,1,400,215,4,0,0,0,179,672,42,0,0,0,20,214,67,0,0,0,0,46,14,0
0.5702564102564103	0.5225699212158599	0.5702564102564103	0.5313835813475585	0.43633164723993845	0,0,6,5,0,0,0,0,0,40,34,0,0,0,0,1,407,207,5,0,0,0,0,180,632,44,0,0,0,0,11,234,73,0,0,0,0,0,49,20,0,0,0,0,0,0,2,0,0
0.5666666666666667	0.544024001229158	0.5666666666666667	0.5289820663633799	0.43083351660435454	0,0,3,6,0,0,0,0,0,26,34,1,0,0,0,1,406,247,1,0,0,0,0,173,632,30,0,0,0,0,10,251,67,0,0,0,0,0,49,12,0,0,0,0,0,1,0,0,0
0.5584615384615385	0.5281777563233688	0.5584615384615385	0.5154359794853142	0.4295139652518144	0,0,8,4,0,0,0,0,0,41,29,0,0,0,0,0,403,249,2,0,0,0,0,180,635,27,0,0,0,0,11,254,51,0,0,0,0,0,45,9,0,0,0,0,0,2,0,0,0
0.578974358974359	0.5382510816881498	0.578974358974359	0.5453329613001379	0.4275346382230042	0,0,5,5,0,0,0,0,0,35,26,1,0,0,0,0,433,230,2,0,0,0,0,193,625,39,0,0,0,0,10,212,71,0,0,0,0,0,39,21,0,0,0,0,0,1,2,0,0
0.5656410256410257	0.5327967243652085	0.5656410256410257	0.5249146114015725	0.4295139652518144	0,0,4,5,0,0,0,0,0,43,26,1,0,0,0,0,397,221,1,0,0,0,0,198,637,23,0,0,0,0,11,240,69,0,0,0,0,0,58,14,0,0,0,0,0,1,1,0,0
0.5620512820512821	0.528736509509821	0.5620512820512821	0.5178105548540577	0.4319331427314713	0,0,3,5,0,0,0,0,0,38,31,0,0,0,0,0,396,240,2,0,0,0,0,183,649,22,0,0,0,0,13,254,51,0,0,0,0,0,47,15,0,0,0,0,0,1,0,0,0
0.5605128205128205	0.5440425132073388	0.5605128205128205	0.5182096009946258	0.4341323949857049	0,0,2,9,0,0,0,0,0,43,26,0,0,0,0,0,399,224,1,0,0,0,0,175,622,23,0,0,0,0,13,286,72,0,0,0,0,0,41,12,0,0,0,0,0,1,1,0,0
0.5538461538461539	0.5283447091191393	0.5538461538461539	0.5148277595276789	0.42533538596877063	0,0,5,4,0,0,0,0,0,36,36,0,0,0,0,1,396,261,1,0,0,0,0,174,621,31,0,0,0,0,11,254,63,0,0,0,0,0,42,13,0,0,0,0,0,0,1,0,0
0.6030769230769231	0.5619906205054919	0.6030769230769231	0.5662202384208826	0.4405102265229822	0,0,3,7,0,0,0,0,0,45,26,0,0,0,0,0,426,221,3,0,0,0,0,138,671,42,0,0,0,0,10,218,79,0,0,0,0,0,41,19,0,0,0,0,0,0,1,0,0
0.578974358974359	0.5516452788552586	0.578974358974359	0.5433564577938517	0.43831097426874865	0,0,3,4,0,0,0,0,0,27,31,0,0,0,0,1,413,231,2,0,0,0,0,193,650,29,0,0,0,0,14,231,66,0,0,0,0,0,42,11,0,0,0,0,0,1,1,0,0
0.5707692307692308	0.5548994814867566	0.5707692307692308	0.5396892462766563	0.435451946338245	0,0,3,4,0,0,0,0,0,26,34,1,0,0,0,0,415,269,3,0,0,0,0,177,621,33,0,0,0,0,11,226,77,0,0,0,0,0,42,7,0,0,0,0,0,1,0,0,0
0.5928205128205128	0.5686552792899638	0.5928205128205128	0.5563913750269279	0.44182977787552236	0,0,4,5,0,0,0,0,0,45,24,1,0,0,0,0,441,226,1,0,0,0,0,172,639,23,0,0,0,0,8,232,76,0,0,0,0,0,39,11,0,0,0,0,0,2,1,0,0
0.5902564102564103	0.569621801445232	0.5902564102564103	0.5551272023434592	0.4303936661535078	0,0,4,4,0,0,0,0,35,30,1,0,0,0,396,224,1,0,0,0,180,670,23,0,0,0,11,236,85,0,0,0,0,38,12,0
0.5584615384615385	0.5198441341956047	0.5584615384615385	0.5159321725363056	0.43281284363316475	0,0,2,6,0,0,0,0,0,41,32,0,0,0,0,0,418,223,3,0,0,0,0,199,618,29,0,0,0,0,11,250,53,0,0,0,0,0,50,12,0,0,0,0,0,2,1,0,0
