accuracy	precision	recall	f1	oob	confMatrxVars
0.6717948717948717	0.6814700694131258	0.6717948717948717	0.6604157015406517	0.33516604354519464	0,0,7,3,0,0,0,1,10,31,18,2,0,0,0,1,456,195,9,0,0,0,2,122,658,53,0,0,0,0,7,149,167,1,0,0,0,0,20,18,19,0,0,0,0,0,1,0,0
0.658974358974359	0.6825025930601004	0.658974358974359	0.6451562544889694	0.32900813723334066	0,0,6,4,0,0,0,8,33,19,1,0,0,1,481,188,2,0,0,0,140,623,36,1,0,0,5,189,154,0,0,0,1,26,13,19
0.6938461538461539	0.6983336900879501	0.6938461538461539	0.6776608454555993	0.3382449967011216	0,0,8,4,0,0,0,0,8,45,18,1,0,0,0,2,472,147,5,0,0,0,0,124,676,43,1,0,0,0,10,145,178,3,0,0,0,0,24,14,19,0,0,0,0,2,1,0,0
0.6851282051282052	0.6840598130311776	0.6851282051282052	0.6684912450065916	0.33450626786892457	0,0,8,5,0,0,0,0,4,43,21,0,0,0,0,1,486,166,3,0,0,0,1,127,656,47,5,0,0,0,8,136,172,1,0,0,0,1,19,21,18,0,0,0,0,1,0,0,0
0.6697435897435897	0.6731086133939973	0.6697435897435897	0.6583678504075758	0.33868484715196834	0,0,10,7,0,0,0,0,9,25,17,1,0,0,0,1,465,204,5,0,0,0,1,138,652,52,4,0,0,0,8,128,162,0,0,0,0,0,19,22,18,0,0,0,0,1,1,0,0
0.678974358974359	0.6925186030829197	0.678974358974359	0.6636130275446379	0.3298878381350341	0,0,8,2,1,0,0,1,5,35,15,1,0,0,0,0,465,160,2,0,0,0,0,151,668,47,1,0,0,0,8,155,176,0,0,0,0,0,26,11,10,0,0,0,0,1,1,0,0
0.6579487179487179	0.6653317184620561	0.6579487179487179	0.6426790902599008	0.32307015614691004	0,0,5,2,1,0,0,0,5,36,22,1,0,0,0,1,449,186,6,0,0,0,1,144,646,43,0,0,0,0,7,165,164,3,0,0,0,0,19,22,19,0,0,0,0,1,2,0,0
0.6794871794871795	0.6920186758675445	0.6794871794871795	0.6645386083060468	0.33450626786892457	0,0,1,5,0,0,0,6,43,27,1,0,2,2,456,183,4,0,0,0,123,682,42,0,0,0,5,154,157,1,0,0,0,17,15,24
0.681025641025641	0.67786567017284	0.681025641025641	0.6658526107285258	0.32504948317572024	0,1,2,5,0,0,0,0,3,25,20,2,0,0,0,3,444,183,7,0,0,0,2,107,695,61,0,0,0,0,6,141,174,3,0,0,0,0,24,29,12,0,0,0,0,1,0,0,0
0.6820512820512821	0.6799061681938321	0.6820512820512821	0.6697215447971566	0.33450626786892457	0,1,3,3,0,0,0,0,5,27,24,2,0,0,0,4,457,184,6,0,0,0,0,124,678,52,1,0,0,0,11,141,171,4,0,0,0,0,13,18,19,0,0,0,0,1,1,0,0
0.6917948717948718	0.6931029443685242	0.6917948717948718	0.6773891657903737	0.33560589399604135	0,0,3,4,0,0,0,0,5,40,29,1,0,0,0,3,463,183,3,1,0,0,1,121,685,51,0,0,0,0,5,124,179,0,0,0,0,0,18,13,17,0,0,0,0,1,0,0,0
0.6841025641025641	0.6880434782902097	0.6841025641025641	0.6720285842135887	0.3373652957994282	0,1,4,2,0,0,0,0,9,32,21,2,0,0,0,3,472,166,3,0,0,0,0,135,660,45,1,0,0,0,10,151,170,5,0,0,0,0,21,11,23,0,0,0,0,1,2,0,0
0.6897435897435897	0.6897555918259676	0.6897435897435897	0.6759217722738387	0.32856828678249395	0,0,2,6,0,0,0,1,8,33,23,0,0,0,0,2,470,149,6,0,0,0,2,136,689,61,1,0,0,0,9,131,165,1,0,0,0,0,25,16,13,0,0,0,0,0,1,0,0
0.6707692307692308	0.6767897018716303	0.6707692307692308	0.6578628230410355	0.33318671651638443	0,0,6,3,1,0,0,0,8,37,18,0,0,0,0,1,430,197,5,0,0,0,2,131,675,44,2,0,0,0,1,153,178,2,0,0,0,1,17,19,17,0,0,0,0,0,2,0,0
0.6825641025641026	0.6914819781617216	0.6825641025641026	0.668909239520389	0.34418297778755225	0,0,8,2,0,0,0,7,38,14,1,0,0,1,449,154,5,0,0,0,131,671,56,0,0,0,16,149,182,1,0,0,1,21,21,22
0.6758974358974359	0.6819879757119197	0.6758974358974359	0.6646039688167019	0.33560589399604135	0,0,4,1,0,0,0,0,8,38,19,2,0,0,2,1,451,188,8,0,0,0,1,143,661,61,1,0,0,0,7,116,182,1,0,0,0,1,19,15,16,0,0,0,0,1,3,0,0
0.6728205128205128	0.6779267631958984	0.6728205128205128	0.6596603487887771	0.329228062458764	0,0,6,1,0,0,0,0,7,36,21,0,0,0,0,4,430,180,8,0,0,0,1,135,680,44,1,0,0,0,10,151,176,0,0,0,0,0,23,15,19,0,0,0,0,1,1,0,0
0.6851282051282052	0.6908773824735729	0.6851282051282052	0.6713298624631927	0.33604574444688806	0,0,6,3,0,0,0,7,33,15,0,0,0,4,451,165,10,0,0,1,130,685,37,0,0,0,10,149,174,1,0,0,1,28,21,19
0.6728205128205128	0.6769317061429715	0.6728205128205128	0.6575331209257691	0.3347261930943479	0,1,4,4,0,0,0,0,7,36,27,0,0,0,0,1,463,171,5,0,0,0,1,136,657,46,0,0,0,0,8,151,165,3,0,0,0,1,18,21,20,0,0,0,0,2,2,0,0
0.6805128205128205	0.69439824543567	0.6805128205128205	0.6666736419910436	0.3408840994062019	0,0,5,2,0,0,0,1,9,35,27,2,0,0,0,0,479,161,2,0,0,0,0,139,652,57,1,0,0,0,7,139,167,2,0,0,0,1,24,16,20,0,0,0,0,2,0,0,0
0.662051282051282	0.6786277139575313	0.662051282051282	0.6472784280135694	0.33010776336045744	0,0,4,5,0,0,0,0,5,47,19,0,0,0,0,0,462,168,5,0,0,0,0,180,630,44,1,0,0,0,8,138,177,0,0,0,0,0,17,22,17,0,0,0,0,0,1,0,0
0.6661538461538462	0.6794776201604994	0.6661538461538462	0.6493682803800854	0.3312073894875742	0,0,6,4,0,0,0,1,3,33,26,1,0,0,0,0,458,171,3,0,0,0,0,154,660,52,0,0,0,0,8,145,162,2,0,0,0,1,21,21,16,0,0,0,0,1,1,0,0
0.6661538461538462	0.6752906847488882	0.6661538461538462	0.6546865116291842	0.3296679129096107	0,1,4,2,0,0,0,0,9,34,23,2,0,0,0,2,459,186,4,0,0,0,0,152,637,43,2,0,0,0,9,147,169,0,0,0,0,0,16,23,25,0,0,0,0,0,1,0,0
0.6697435897435897	0.6801617832110409	0.6697435897435897	0.6546578844800843	0.33516604354519464	0,0,4,6,0,0,0,0,5,39,26,1,0,0,0,2,433,193,2,0,0,0,1,111,666,49,1,0,0,0,1,166,177,1,0,0,0,0,23,17,25,0,0,0,0,0,1,0,0
0.6815384615384615	0.6894255113651397	0.6815384615384615	0.6667045346450826	0.3296679129096107	0,0,5,4,0,0,0,3,39,26,0,0,0,1,446,194,3,0,0,0,120,676,53,2,0,0,6,136,189,2,0,0,0,20,10,15
