accuracy	precision	recall	f1	oob	confMatrxVars
0.6097435897435898	0.635592870956191	0.6097435897435898	0.5770290664595678	0.3912469760281504	0,0,2,5,0,0,0,0,2,35,30,0,0,0,0,1,426,215,3,0,0,0,0,149,664,25,0,0,0,0,13,227,96,0,0,0,0,0,37,18,1,0,0,0,0,1,0,0,0
0.6271794871794871	0.6303287311849083	0.6271794871794871	0.6032244788939726	0.39388607873323067	0,0,5,5,0,0,0,0,1,37,21,0,0,0,0,1,431,201,1,0,0,0,0,156,658,47,1,0,0,0,10,185,127,0,0,0,0,0,33,22,6,0,0,0,0,0,2,0,0
0.6046153846153847	0.5860527615794708	0.6046153846153847	0.5755901557196725	0.38904772377391683	0,0,4,3,0,0,0,0,0,42,25,1,0,0,0,0,432,211,5,0,0,0,0,166,639,42,1,0,0,0,9,200,105,1,0,0,0,0,42,16,3,0,0,0,0,2,1,0,0
0.6143589743589744	0.6382709796980267	0.6143589743589744	0.5877011401317942	0.38794809764680005	0,0,6,4,0,0,0,0,1,42,24,0,0,0,0,0,412,217,1,0,0,0,0,161,669,44,0,0,0,0,6,200,113,0,0,0,0,0,27,18,3,0,0,0,0,1,1,0,0
0.6148717948717949	0.6433822145122179	0.6148717948717949	0.5859887133310918	0.3921266769298438	0,0,7,2,0,0,0,0,2,40,23,0,0,0,0,0,436,198,2,0,0,0,0,170,656,27,0,0,0,0,9,217,97,0,0,0,0,1,34,19,8,0,0,0,0,1,1,0,0
0.6092307692307692	0.6487147233715206	0.6092307692307692	0.5823695284981901	0.3732131075434353	0,0,4,6,0,0,0,0,1,38,22,0,0,0,0,0,418,216,2,0,0,0,0,164,635,28,0,0,0,0,10,209,131,0,0,0,0,0,45,16,3,0,0,0,0,1,1,0,0
0.5928205128205128	0.6164379696648379	0.5928205128205128	0.5680744330740072	0.3765119859247855	0,0,8,3,0,0,0,0,1,42,25,0,0,0,0,0,422,218,5,0,0,0,0,175,616,62,0,0,0,0,7,190,111,0,0,0,0,0,38,20,6,0,0,0,0,0,1,0,0
0.6266666666666667	0.6350972876523698	0.6266666666666667	0.6041254921990268	0.38750824719595334	0,0,9,4,0,0,0,0,2,36,16,0,0,0,0,1,407,193,3,0,0,0,0,173,684,44,0,0,0,0,11,182,119,0,0,0,0,0,36,17,10,0,0,0,0,1,2,0,0
0.5958974358974359	0.6250021487823515	0.5958974358974359	0.56811581192013	0.38750824719595334	0,1,0,6,0,0,0,0,1,34,31,0,0,0,1,0,395,228,1,0,0,0,0,160,642,25,0,0,0,0,12,229,118,0,0,0,0,0,40,18,6,0,0,0,0,1,1,0,0
0.6148717948717949	0.6035529029192598	0.6148717948717949	0.5878864680661102	0.39146690125357375	0,0,5,8,0,0,0,0,45,32,0,0,0,0,438,211,7,0,0,0,160,642,46,0,0,0,3,180,113,0,0,0,0,41,13,6
0.597948717948718	0.6130385977388654	0.597948717948718	0.5675597795992987	0.38728832197053	0,0,5,6,0,0,0,0,2,37,24,1,0,0,0,2,428,217,3,0,0,0,0,169,636,33,0,0,0,0,10,216,99,0,0,0,0,0,40,20,1,0,0,0,0,1,0,0,0
0.6138461538461538	0.6405843141640487	0.6138461538461538	0.5868744671238765	0.3815702661095227	0,0,3,6,0,0,0,0,2,42,31,0,0,0,0,0,433,208,3,0,0,0,0,150,648,46,0,0,0,0,8,204,107,0,0,0,0,0,30,21,7,0,0,0,0,1,0,0,0
0.6025641025641025	0.5771866396575605	0.6025641025641025	0.5712808280314903	0.38179019133494607	0,0,5,5,0,0,0,0,49,30,1,0,0,0,429,211,3,0,0,0,148,631,48,1,0,0,13,200,113,1,0,0,0,38,22,2
0.62	0.6361638615495351	0.62	0.5949503976634075	0.3912469760281504	0,0,4,4,0,0,0,0,2,43,30,0,0,0,0,1,422,203,4,0,0,0,0,159,654,40,0,0,0,0,10,198,126,0,0,0,0,1,29,13,5,0,0,0,0,0,2,0,0
0.6235897435897436	0.6262469775853868	0.6235897435897436	0.5961939883196444	0.3846492192654497	0,0,3,6,0,0,0,0,1,38,24,1,0,0,0,4,423,202,1,0,0,0,0,156,674,32,0,0,0,0,2,202,112,0,0,0,0,0,38,22,6,0,0,0,0,0,3,0,0
0.6071794871794872	0.6060892660938118	0.6071794871794872	0.5860452758881752	0.3853089949417198	0,0,3,3,0,0,0,0,0,36,16,0,0,0,0,2,428,235,4,0,0,0,0,178,633,46,0,0,0,0,8,182,118,0,0,0,0,0,34,17,5,0,0,0,0,2,0,0,0
0.6251282051282051	0.6330227486005823	0.6251282051282051	0.6002984422715881	0.39762480756542773	0,0,6,2,0,0,0,0,1,33,23,1,0,0,0,1,426,198,4,0,0,0,0,179,667,32,0,0,0,0,10,186,121,0,0,0,0,0,28,27,4,0,0,0,0,0,1,0,0
0.6235897435897436	0.6154581838883845	0.6235897435897436	0.5956126266750635	0.39190675170442046	0,0,6,4,0,0,0,0,38,31,0,0,0,0,436,195,3,1,0,0,166,662,27,1,0,0,4,210,113,0,0,0,0,36,12,5
0.5974358974358974	0.5920264398613959	0.5974358974358974	0.5686469482042781	0.381130415658676	0,0,3,2,0,0,0,0,0,46,26,0,0,0,0,0,418,215,4,0,0,0,0,164,627,44,0,0,0,0,7,209,116,0,0,0,0,1,37,25,4,0,0,0,0,0,2,0,0
0.6138461538461538	0.6390925343107778	0.6138461538461538	0.5919601027922932	0.3888277985484935	0,0,3,3,0,0,0,0,1,33,23,0,0,0,0,0,419,233,1,0,0,0,0,166,653,43,1,0,0,0,3,195,119,0,0,0,0,0,34,14,5,0,0,0,0,1,0,0,0
0.6210256410256411	0.6284706821194032	0.6210256410256411	0.5918311572336867	0.39256652738069053	0,0,5,3,0,0,0,0,0,27,34,1,0,0,0,1,419,238,5,0,0,0,0,126,674,29,0,0,0,0,9,195,115,0,0,0,0,0,44,20,3,0,0,0,0,1,1,0,0
0.6117948717948718	0.618878787321912	0.6117948717948718	0.5860611495315802	0.3846492192654497	0,0,4,1,0,0,0,0,0,35,28,0,0,0,0,0,399,247,2,0,0,0,0,123,668,44,0,0,0,0,7,213,119,0,0,0,0,0,39,13,7,0,0,0,0,1,0,0,0
0.6128205128205129	0.590911299185164	0.6128205128205129	0.5828475182966031	0.3936661535078073	0,0,3,1,0,0,0,0,33,33,1,0,0,0,439,210,1,1,0,1,165,646,26,0,0,0,8,218,110,0,0,0,0,37,17,0
0.6194871794871795	0.6078923056888583	0.6194871794871795	0.5936453513819121	0.38992742467561026	0,0,1,5,1,0,0,0,0,36,23,1,0,0,0,2,403,235,2,1,0,0,0,136,687,43,0,0,0,0,8,197,114,1,0,0,0,0,29,20,4,0,0,0,0,0,1,0,0
0.6189743589743589	0.6318209617434142	0.6189743589743589	0.5891285489892375	0.38398944358917964	0,0,6,3,0,0,0,0,1,47,18,0,0,0,0,1,427,186,5,0,0,0,0,168,658,25,0,0,0,0,8,211,116,0,0,0,0,0,39,24,5,0,0,0,0,0,2,0,0
