accuracy	precision	recall	f1	oob	confMatrxVars
0.6748717948717948	0.6870293147311165	0.6748717948717948	0.6607451792100522	0.3307675390367275	0,0,10,4,0,0,0,0,9,24,24,0,0,0,0,0,468,161,1,0,0,0,1,138,655,49,1,0,0,0,12,160,163,0,0,0,0,1,29,18,21,0,0,0,0,1,0,0,0
0.6671794871794872	0.6775123139653726	0.6671794871794872	0.6553845196604934	0.32548933362656696	0,0,6,4,0,0,0,0,4,26,20,0,0,0,0,1,474,186,5,0,0,0,0,129,627,57,2,0,0,0,2,173,176,2,0,0,0,1,20,12,20,0,0,0,0,1,2,0,0
0.6671794871794872	0.6685561370277764	0.6671794871794872	0.6508737108079617	0.32394985704860346	0,0,5,6,0,0,0,0,6,39,20,1,0,0,0,4,468,176,5,0,0,0,2,123,660,61,1,0,0,0,8,145,151,0,0,0,0,1,36,15,16,0,0,0,0,0,1,0,0
0.6733333333333333	0.6918502107139097	0.6733333333333333	0.6587948366521384	0.3296679129096107	0,0,8,5,0,0,0,1,6,29,24,1,0,0,0,0,443,183,6,0,0,0,0,125,666,42,0,0,0,0,10,156,174,2,0,0,0,1,27,16,24,0,0,0,0,0,1,0,0
0.662051282051282	0.6774554976354848	0.662051282051282	0.6474091333876925	0.3241697822740268	0,0,5,4,0,0,0,0,7,40,16,2,0,0,0,0,441,198,5,0,0,0,1,118,668,51,1,0,0,0,9,176,155,0,0,0,0,0,21,10,20,0,0,0,0,1,1,0,0
0.6917948717948718	0.6981911038700148	0.6917948717948718	0.6790850814476412	0.33912469760281505	0,0,4,6,0,0,0,9,33,15,1,0,0,2,461,155,0,0,0,1,151,688,38,1,0,0,11,141,177,2,0,0,0,27,13,14
0.6764102564102564	0.6861911132406591	0.6764102564102564	0.6619178515931069	0.3283483615570706	0,1,3,3,0,0,0,0,5,34,23,0,0,0,0,2,452,193,6,0,0,0,2,122,675,37,0,0,0,0,3,155,170,1,0,0,0,0,30,15,17,0,0,0,0,1,0,0,0
0.6835897435897436	0.6926492145363661	0.6835897435897436	0.6713354842891252	0.3369254453485815	0,0,2,5,0,0,0,1,4,32,18,1,0,0,0,1,464,208,3,0,0,0,1,113,682,54,0,0,0,0,10,131,162,0,0,0,0,0,18,18,21,0,0,0,0,0,1,0,0
0.6753846153846154	0.692716636096213	0.6753846153846154	0.6586041312899935	0.3296679129096107	0,0,5,5,0,0,0,0,7,38,26,2,0,0,0,0,469,192,2,0,0,0,1,119,661,46,0,0,0,0,5,138,164,1,0,0,0,0,33,19,16,0,0,0,0,0,1,0,0
0.6774358974358974	0.6838759771741258	0.6774358974358974	0.665732578952146	0.32702881020453045	0,1,5,7,0,0,0,0,7,34,19,0,0,0,0,2,455,187,4,1,0,0,0,133,664,49,1,0,0,0,5,154,173,0,0,0,0,1,17,8,22,0,0,0,0,0,1,0,0
0.6753846153846154	0.6755872739773863	0.6753846153846154	0.6599688345842193	0.3369254453485815	0,0,4,4,0,0,0,0,3,34,19,0,0,0,0,4,472,184,5,0,0,0,0,118,658,54,0,0,0,0,5,149,171,4,0,0,0,0,35,12,13,0,0,0,0,1,1,0,0
0.6707692307692308	0.6766800350469361	0.6707692307692308	0.6557396520221779	0.3272487354299538	0,0,7,3,0,0,0,1,5,34,16,0,0,0,0,2,455,169,6,0,0,0,1,156,665,38,0,0,0,0,7,147,165,1,0,0,0,0,29,23,18,0,0,0,0,1,1,0,0
0.6661538461538462	0.6766149420230089	0.6661538461538462	0.6545052055127696	0.3228502309214867	0,0,8,5,0,0,0,1,8,31,13,1,0,0,0,3,436,206,2,0,0,0,1,126,664,52,0,0,0,0,7,156,174,0,0,0,0,0,23,15,17,0,0,0,0,1,0,0,0
0.6646153846153846	0.6825819833444757	0.6646153846153846	0.6481409926795695	0.3237299318231801	0,0,4,6,0,0,0,0,8,45,19,3,0,0,0,0,458,197,7,0,0,0,0,120,668,47,1,0,0,0,6,158,143,0,0,0,0,0,20,19,19,0,0,0,0,1,1,0,0
0.6743589743589744	0.6789345229142476	0.6743589743589744	0.6627793103351537	0.32592918407741367	0,0,3,5,0,0,0,8,38,14,1,0,0,3,451,163,2,0,0,0,169,672,51,1,0,0,6,144,168,1,0,0,0,20,14,16
0.6630769230769231	0.6723641132648555	0.6630769230769231	0.6494120690461905	0.3349461183197713	0,0,4,2,0,0,1,4,39,22,1,0,0,1,438,161,5,0,0,0,161,647,60,0,0,0,13,143,180,3,0,0,0,27,14,24
0.6815384615384615	0.6873285735085031	0.6815384615384615	0.6650251118261347	0.3314273147129976	0,0,5,3,0,0,0,0,5,39,27,1,0,0,0,1,460,141,4,0,0,0,2,156,668,39,0,0,0,0,10,149,177,0,0,0,0,0,22,21,19,0,0,0,1,0,0,0,0
0.6615384615384615	0.6674698211278396	0.6615384615384615	0.6471342979548604	0.32746866065537716	0,0,3,2,0,0,0,0,4,31,20,0,0,0,0,3,459,186,2,0,0,0,1,146,659,47,0,0,0,0,10,166,153,1,0,0,0,0,25,16,15,0,0,0,0,0,1,0,0
0.6676923076923077	0.6691546270635852	0.6676923076923077	0.6537452983720229	0.3342863426435012	0,0,3,3,0,0,0,0,2,35,11,0,0,0,0,2,460,162,3,0,0,0,0,166,662,44,0,0,0,0,11,170,157,3,0,0,0,0,19,15,21,0,0,0,0,0,1,0,0
0.6641025641025641	0.6740371215127536	0.6641025641025641	0.6449888972257004	0.3197712777655597	0,0,8,2,0,0,1,6,34,28,4,0,0,1,434,167,6,0,0,0,126,683,60,1,0,0,8,150,158,1,0,0,0,30,28,14
0.6784615384615384	0.6876485527192597	0.6784615384615384	0.6674674944393564	0.33560589399604135	0,0,2,3,0,0,0,0,7,34,20,1,0,0,0,1,472,196,4,0,0,0,2,136,649,43,3,0,0,0,4,140,177,0,0,0,0,0,21,16,18,0,0,0,0,0,1,0,0
0.6728205128205128	0.685321544400944	0.6728205128205128	0.659194714878957	0.3298878381350341	0,0,5,2,0,0,0,8,44,22,1,0,0,3,434,173,4,0,0,0,131,663,49,0,0,0,5,162,186,0,0,0,0,23,14,21
0.6692307692307692	0.6893605160985568	0.6692307692307692	0.6538843196525613	0.3296679129096107	0,0,6,6,0,0,0,0,10,44,24,1,0,0,0,0,471,184,2,0,0,0,0,140,644,43,0,0,0,0,9,142,161,0,0,0,0,0,23,20,19,0,0,0,0,1,0,0,0
0.6702564102564103	0.6780125323424292	0.6702564102564103	0.6554291618144061	0.3314273147129976	0,0,5,3,0,0,0,6,35,21,1,0,0,1,435,168,4,0,0,2,143,686,42,1,0,0,11,168,159,0,0,0,1,21,16,21
0.6779487179487179	0.6956865648256968	0.6779487179487179	0.6640229996621293	0.3329667912909611	0,0,4,6,0,0,0,0,8,37,21,0,0,0,0,1,457,184,1,0,0,0,0,129,656,41,1,0,0,0,7,152,185,0,0,0,0,0,25,18,16,0,0,0,0,1,0,0,0
