accuracy	precision	recall	f1	oob	confMatrxVars
0.6661538461538462	0.678133305806333	0.6661538461538462	0.648314835059107	0.31801187596217284	0,0,3,6,0,0,0,5,42,17,0,0,2,3,477,168,2,0,0,0,129,653,36,0,0,0,6,191,147,4,0,0,0,30,12,17
0.6753846153846154	0.6781428591072096	0.6753846153846154	0.6635509615585198	0.3298878381350341	0,0,5,5,0,0,0,0,7,34,19,1,0,0,0,3,438,173,9,0,0,0,0,152,660,48,1,0,0,0,10,131,192,2,0,0,0,0,17,22,20,0,0,0,0,1,0,0,0
0.6851282051282052	0.6893612232414831	0.6851282051282052	0.6753783717461318	0.33406641741807785	0,0,6,0,0,0,0,1,6,26,17,1,0,0,0,2,448,175,9,0,0,0,0,145,689,60,1,0,0,0,4,126,169,1,0,0,0,1,25,12,24,0,0,0,0,0,2,0,0
0.6882051282051282	0.6930205155334244	0.6882051282051282	0.67583177486292	0.33956454805366176	0,0,7,2,0,0,0,0,9,32,22,1,0,0,0,2,464,164,5,0,0,0,1,129,672,47,2,0,0,0,6,152,178,1,0,0,0,0,17,16,19,0,0,0,0,0,2,0,0
0.6815384615384615	0.6870015275940905	0.6815384615384615	0.6688557229567129	0.3303276885858808	0,0,4,4,0,0,0,0,7,36,17,0,0,0,0,2,451,190,3,0,0,0,1,115,684,57,1,0,0,0,4,143,166,2,0,0,0,0,26,12,21,0,0,0,0,2,2,0,0
0.6892307692307692	0.7015349778746552	0.6892307692307692	0.6754669558930652	0.3307675390367275	0,1,4,4,0,0,0,0,7,34,19,0,0,0,0,0,454,200,5,0,0,0,0,116,693,41,0,0,0,0,4,136,177,2,0,0,0,1,19,19,13,0,0,0,0,0,1,0,0
0.6671794871794872	0.6742936242224711	0.6671794871794872	0.6529249717539912	0.32153067956894654	0,0,9,6,0,0,0,7,40,19,0,0,0,2,457,175,4,0,0,0,132,635,61,1,0,0,7,152,186,1,0,0,0,24,16,16
0.6671794871794872	0.6820610664605666	0.6671794871794872	0.6534916573916429	0.31999120299098305	0,0,5,3,0,0,0,1,7,38,21,1,0,0,0,0,472,169,4,0,0,0,1,144,635,52,0,0,0,0,5,158,160,0,0,0,0,1,25,20,27,0,0,0,0,0,1,0,0
0.6558974358974359	0.6603975726883813	0.6558974358974359	0.6408298618354086	0.32153067956894654	0,1,2,5,0,0,0,0,4,36,18,1,0,0,0,1,441,211,4,1,0,0,1,125,652,51,2,0,0,0,10,150,165,1,0,0,0,0,26,22,17,0,0,0,0,0,3,0,0
0.6882051282051282	0.696372089041813	0.6882051282051282	0.6766483621190219	0.3298878381350341	0,0,4,1,0,0,0,1,12,34,16,0,0,0,0,3,463,162,3,0,0,0,0,118,683,57,0,0,0,0,9,159,162,1,0,0,0,1,23,13,22,0,0,0,0,0,3,0,0
0.683076923076923	0.6862599341315544	0.683076923076923	0.6690456379941075	0.3342863426435012	0,0,7,4,0,0,0,6,33,15,1,0,0,2,463,153,6,0,0,0,129,674,49,3,0,0,16,163,167,1,0,0,0,19,17,22
0.6733333333333333	0.6731199185498317	0.6733333333333333	0.65987614502144	0.31493292280624585	0,1,1,7,0,0,0,0,3,29,25,1,0,0,0,2,447,197,5,0,0,0,0,140,674,48,2,0,0,0,6,131,171,3,0,0,0,1,26,10,18,0,0,0,0,1,1,0,0
0.6676923076923077	0.6767297449180136	0.6676923076923077	0.6552584234747065	0.32812843633164723	0,0,2,6,0,0,0,0,8,31,20,1,0,0,0,1,455,179,3,0,0,0,0,148,663,52,1,0,0,0,10,150,153,3,0,0,0,0,23,17,23,0,0,0,0,0,1,0,0
0.6743589743589744	0.6752953912782711	0.6743589743589744	0.66131432135582	0.3276885858808005	0,2,6,4,0,0,0,0,8,39,21,2,0,0,0,3,463,179,2,0,0,0,1,128,652,56,1,0,0,0,7,147,169,1,0,0,0,0,19,16,23,0,0,0,0,1,0,0,0
0.6784615384615384	0.680442431103329	0.6784615384615384	0.6624914082348717	0.3303276885858808	0,0,9,4,0,0,0,0,8,45,19,1,0,0,0,1,450,154,3,0,0,0,1,137,671,57,1,0,0,0,14,130,173,3,0,0,0,2,22,21,21,0,0,0,0,1,2,0,0
0.6548717948717949	0.662786325869865	0.6548717948717949	0.6406376998871973	0.32504948317572024	0,0,4,2,1,0,0,0,9,36,27,0,0,0,0,3,435,191,2,0,0,0,1,137,659,58,0,0,0,0,9,148,151,1,0,0,0,0,26,24,23,0,0,0,0,1,2,0,0
0.6728205128205128	0.6822250587410421	0.6728205128205128	0.6602069343129982	0.3213107543435232	0,0,5,5,0,0,0,0,4,30,15,1,0,0,0,0,459,183,5,0,0,0,0,154,661,49,1,0,0,0,5,140,169,3,0,0,0,0,19,22,19,0,0,0,1,0,0,0,0
0.68	0.6871982828578038	0.68	0.6663704554906242	0.3364855948977348	0,0,3,1,0,0,0,0,4,36,16,0,0,0,0,1,446,165,6,0,0,0,0,141,690,55,1,0,0,0,9,146,165,0,0,0,0,0,22,19,21,0,0,0,0,2,1,0,0
0.68	0.6873329142587699	0.68	0.6648626539569499	0.33560589399604135	0,1,4,8,1,0,0,0,6,33,28,0,0,0,0,0,449,177,5,0,0,0,2,123,676,36,2,0,0,0,3,161,173,3,0,0,0,0,23,13,22,0,0,0,0,0,1,0,0
0.6815384615384615	0.6834076071492041	0.6815384615384615	0.6666169439045393	0.3329667912909611	0,1,5,3,0,0,0,0,4,33,25,1,0,0,0,2,487,176,4,0,0,0,0,122,663,54,1,0,0,0,6,150,157,1,0,0,0,0,22,13,18,0,0,0,1,1,0,0,0
0.6794871794871795	0.6860777737343048	0.6794871794871795	0.6669227644441602	0.32812843633164723	0,1,3,2,0,0,0,8,35,28,0,0,0,3,475,156,6,0,0,0,146,648,56,0,0,0,6,150,178,0,0,0,0,22,11,16
0.6784615384615384	0.6794726438242511	0.6784615384615384	0.6659549707944044	0.3296679129096107	0,0,6,3,0,0,0,0,8,38,16,0,0,0,0,3,471,159,5,0,0,0,1,131,657,69,0,0,0,0,8,145,166,1,0,0,0,0,21,18,21,0,0,0,0,1,2,0,0
0.683076923076923	0.6899712121599955	0.683076923076923	0.6704583333204908	0.326149109302837	0,0,2,5,0,0,0,1,11,37,18,1,0,0,0,3,456,172,5,0,0,0,1,133,673,46,0,0,0,0,10,138,176,2,0,0,0,0,27,14,16,0,0,0,0,1,2,0,0
0.6625641025641026	0.6709032665779779	0.6625641025641026	0.648258002857323	0.319331427314713	0,0,6,2,0,0,0,1,7,30,23,0,0,0,0,3,448,194,9,0,0,0,0,130,667,50,1,0,0,0,8,150,153,1,0,0,0,0,29,19,17,0,0,0,0,1,1,0,0
0.6605128205128206	0.6718440284792382	0.6605128205128206	0.6468470436180102	0.32307015614691004	0,0,4,3,0,0,0,0,6,36,25,0,0,0,0,1,441,191,3,0,0,0,0,142,655,57,1,0,0,0,8,147,163,1,0,0,0,1,20,19,23,0,0,0,0,2,1,0,0
