accuracy	precision	recall	f1	oob	confMatrxVars
0.536923076923077	0.5405142229137782	0.536923076923077	0.538312378521419	0.8044864745986364	0,0,2,3,2,0,0,1,9,27,16,4,1,0,4,14,385,195,40,9,0,4,16,200,475,134,26,0,1,6,26,109,169,21,0,0,0,4,25,12,9,0,0,0,0,0,0,1,0
0.5215384615384615	0.5197790421826174	0.5215384615384615	0.520353023508731	0.7899714097206949	0,2,4,3,0,0,0,2,8,20,26,4,0,0,3,22,361,208,26,6,1,6,19,219,487,120,20,0,1,4,46,126,145,2,0,2,0,7,19,13,16,0,0,0,0,1,1,0,0
0.5271794871794871	0.5176937771186347	0.5271794871794871	0.5206744831328443	0.8011875962172861	0,1,3,3,0,2,0,1,8,35,23,2,1,0,2,15,354,209,19,9,0,0,17,207,539,102,14,2,1,3,45,139,113,17,1,0,0,4,28,12,14,4,0,0,0,0,1,0,0
0.5041025641025642	0.4951752190551552	0.5041025641025642	0.49837385094172393	0.8093248295579503	0,0,4,5,1,0,0,0,9,31,31,4,0,0,1,26,340,217,27,5,0,3,14,221,498,101,22,0,1,6,32,157,120,11,0,0,0,3,27,17,15,0,0,0,0,0,0,0,1
0.5328205128205128	0.5217639217922199	0.5328205128205128	0.5256149486079675	0.7959093908071255	0,2,6,3,1,0,0,1,6,46,14,1,1,0,3,20,373,205,25,1,0,3,16,214,517,86,20,0,3,2,29,151,132,7,0,0,0,4,25,20,11,0,0,0,0,1,1,0,0
0.5466666666666666	0.5446027219434199	0.5466666666666666	0.5446252002630234	0.8069056520782933	0,0,7,1,1,0,0,1,15,34,25,6,0,0,4,24,396,187,34,5,0,4,19,206,471,127,10,0,0,5,38,92,169,11,0,0,1,2,16,21,15,1,0,0,0,0,2,0,0
0.5405128205128205	0.5404939604914573	0.5405128205128205	0.5398053356404112	0.8014075214427094	2,2,2,0,0,0,0,1,9,20,18,3,1,0,2,29,376,198,34,3,1,1,27,196,537,94,21,0,0,0,42,141,113,17,0,0,3,3,16,18,17,0,0,0,1,1,0,1,0
0.5302564102564102	0.5260703481874249	0.5302564102564102	0.5277320217010423	0.8027270727952496	0,2,2,2,0,0,0,0,10,29,20,6,1,0,4,13,380,209,32,7,0,4,16,218,485,109,14,1,0,8,32,141,143,11,0,0,1,7,13,12,16,0,0,0,0,2,0,0,0
0.5333333333333333	0.5268151619400002	0.5333333333333333	0.5295677877314826	0.8077853529799868	0,1,6,5,1,0,0,1,7,35,22,7,0,0,0,14,386,193,35,2,0,4,19,203,502,136,16,0,0,7,37,111,128,14,0,0,2,4,23,11,17,0,0,0,0,1,0,0,0
0.5353846153846153	0.5376709012360852	0.5353846153846153	0.5353522149648601	0.8077853529799868	0,2,1,1,1,0,0,0,7,28,18,9,0,0,2,30,409,171,30,4,0,1,25,224,454,138,20,1,0,2,24,118,159,11,0,0,2,3,18,19,15,0,0,0,0,0,1,2,0
0.5430769230769231	0.54314427120111	0.5430769230769231	0.5426853436331317	0.7998680448647459	0,0,8,1,3,0,0,0,7,29,23,2,0,0,1,32,392,183,38,6,0,4,29,182,486,125,14,2,0,3,28,115,165,9,3,1,0,6,24,19,9,0,0,0,0,0,0,1,0
0.5312820512820513	0.5264770156698036	0.5312820512820513	0.5284786489395767	0.8073455025291401	1,1,4,2,1,0,0,1,9,31,26,6,0,0,6,19,354,212,25,4,0,2,13,194,507,129,21,0,0,2,27,129,147,18,0,0,1,8,15,16,18,0,0,0,0,0,1,0,0
0.5235897435897436	0.518156866789038	0.5235897435897436	0.5205759422704608	0.7998680448647459	0,0,10,1,2,0,0,0,13,36,15,1,1,0,3,18,382,201,37,3,0,1,22,213,458,125,12,0,1,3,31,117,153,23,0,0,0,2,20,28,15,0,0,0,0,3,0,0,0
0.5184615384615384	0.5158470133944499	0.5184615384615384	0.5162548975979953	0.8064658016274466	0,0,6,4,0,0,0,0,10,19,26,1,0,0,7,22,377,199,49,1,0,1,14,190,465,135,11,0,0,5,34,148,141,14,0,0,1,3,31,15,18,0,0,0,0,1,2,0,0
0.5276923076923077	0.5268385262570459	0.5276923076923077	0.5265536912117712	0.803606773696943	0,0,5,3,0,0,0,1,17,27,24,3,0,0,3,19,385,198,45,6,0,4,18,206,465,134,15,0,0,1,21,119,153,17,0,1,0,2,19,27,9,0,0,0,0,1,2,0,0
0.517948717948718	0.5139186689819748	0.517948717948718	0.5142310374112644	0.8093248295579503	0,0,3,2,1,1,0,1,8,30,22,4,0,0,2,16,380,232,22,2,0,3,20,198,476,98,28,0,1,4,33,154,129,19,0,0,0,5,22,15,17,0,0,0,0,1,1,0,0
0.5164102564102564	0.5148043853714127	0.5164102564102564	0.5151289568156008	0.8058060259511766	0,1,5,1,1,2,0,2,13,35,21,5,2,0,2,28,363,185,26,7,0,3,36,192,469,119,13,1,1,9,37,150,139,10,1,0,1,4,20,22,22,0,0,0,0,1,0,0,1
0.536923076923077	0.5358056831449235	0.536923076923077	0.5358246396486431	0.8018473718935561	0,1,3,3,1,1,0,13,26,20,6,0,2,32,383,191,28,5,3,17,211,472,126,15,3,2,26,119,164,10,1,0,6,17,28,15
0.5328205128205128	0.5294382254663895	0.5328205128205128	0.5303479907675253	0.787552232241038	0,0,1,2,0,0,0,1,13,35,22,5,1,0,4,19,359,220,29,4,0,4,14,217,510,124,10,0,0,7,30,107,144,9,0,0,0,2,21,20,13,0,0,0,0,0,3,0,0
0.5261538461538462	0.5272814865572601	0.5261538461538462	0.5260183721105148	0.7928304376511985	0,1,4,1,0,0,1,11,23,19,8,1,6,31,369,207,19,7,6,12,234,493,94,21,0,2,26,139,135,23,0,0,6,14,19,18
0.521025641025641	0.5141504711939102	0.521025641025641	0.5170086944368242	0.8040466241477897	0,0,5,4,0,0,0,3,4,34,24,2,0,0,6,17,382,207,35,6,0,4,8,206,455,121,21,0,0,3,47,124,158,17,0,0,0,2,23,14,17,0,0,0,0,1,0,0,0
0.5502564102564103	0.5417508335037949	0.5502564102564103	0.5448160501346211	0.8064658016274466	0,2,5,0,2,0,0,0,9,28,20,4,0,0,0,15,387,198,26,3,0,1,18,201,505,113,5,0,0,1,35,132,154,15,0,0,3,5,24,19,18,0,0,0,0,2,0,0,0
0.5435897435897435	0.5474154640033352	0.5435897435897435	0.5448556693533775	0.8014075214427094	0,1,1,3,2,0,0,0,13,24,18,4,0,0,2,31,370,174,36,1,0,2,25,220,505,105,25,1,2,3,42,107,160,16,0,0,1,5,18,20,12,0,0,0,0,0,1,0,0
0.5241025641025641	0.5303799950273186	0.5241025641025642	0.5255905445224942	0.8011875962172861	0,0,2,3,1,0,0,2,6,30,12,5,1,0,3,19,371,196,42,8,0,4,21,224,476,152,17,0,0,3,27,103,150,12,0,0,1,7,14,18,19,0,0,0,0,0,1,0,0
0.5297435897435897	0.5292212169433694	0.5297435897435897	0.529076056523274	0.8018473718935561	0,0,7,3,0,0,0,1,8,34,15,5,0,0,1,31,377,215,34,2,0,3,24,200,479,130,8,0,0,7,27,121,158,11,0,0,0,2,15,20,11,0,0,0,0,1,0,0,0
