accuracy	precision	recall	f1	oob	confMatrxVars
0.6343589743589744	0.6645144393378388	0.6343589743589744	0.6109845546728796	0.37827138772817237	0,0,5,5,0,0,0,0,1,43,21,0,0,0,0,0,447,227,1,0,0,0,0,132,659,33,0,0,0,0,6,198,120,0,0,0,0,0,21,20,10,0,0,0,0,1,0,0,0
0.6251282051282051	0.6507960079168054	0.6251282051282051	0.6017895869608922	0.3745326588959754	0,0,7,3,0,0,0,2,38,16,0,0,0,0,427,212,2,0,0,0,153,657,35,0,0,0,8,204,126,1,0,0,0,34,18,7
0.6128205128205129	0.6169121465523791	0.6128205128205129	0.5869026821370578	0.3670552012315813	0,0,4,10,0,0,0,0,0,37,24,0,0,0,0,0,422,229,4,0,0,0,0,153,633,28,0,0,0,0,13,190,134,0,0,0,0,0,40,21,6,0,0,0,0,0,2,0,0
0.6358974358974359	0.6473759754716473	0.6358974358974359	0.6136050883565218	0.3745326588959754	0,0,6,2,0,0,0,0,2,42,25,1,0,0,0,1,433,218,2,0,0,0,0,137,674,48,0,0,0,0,15,173,123,0,0,0,0,1,26,11,8,0,0,0,0,1,1,0,0
0.6307692307692307	0.623071117473362	0.6307692307692307	0.6073327335626332	0.3771717616010556	0,0,4,7,0,0,0,0,0,40,17,2,0,0,0,0,440,201,2,0,0,0,0,159,646,49,0,0,0,0,5,170,136,0,0,0,0,0,40,21,8,0,0,0,0,1,2,0,0
0.6225641025641026	0.6296895182393273	0.6225641025641026	0.6015118756763669	0.367495051682428	0,0,5,6,0,0,0,0,1,35,20,0,0,0,0,1,421,208,3,0,0,0,0,183,660,39,0,0,0,0,4,184,124,0,0,0,0,0,28,17,8,0,0,0,0,2,1,0,0
0.6430769230769231	0.6402537663788269	0.6430769230769231	0.6211146283405247	0.3767319111502089	0,0,4,3,0,0,0,0,0,33,25,0,0,0,0,0,428,224,4,0,0,0,0,134,683,36,1,0,0,0,3,178,135,0,0,0,0,0,33,16,8,0,0,0,0,2,0,0,0
0.6323076923076923	0.6269639371051491	0.6323076923076923	0.606451567646262	0.3760721354739388	0,0,5,1,0,0,0,0,0,40,36,0,0,0,0,0,415,206,3,0,0,0,0,149,683,28,0,0,0,0,7,195,124,0,0,0,0,0,31,12,11,0,0,0,0,2,2,0,0
0.5984615384615385	0.5960160428974275	0.5984615384615385	0.571345779129997	0.35671871563668356	0,0,6,9,1,0,0,1,38,23,0,0,0,2,408,208,5,0,0,1,160,641,51,0,0,0,9,208,111,1,0,0,0,44,17,6
0.6323076923076923	0.6407258052893556	0.6323076923076923	0.612794585341446	0.3800307895315592	0,0,5,3,0,0,0,0,1,37,20,1,0,0,0,1,446,181,3,0,0,0,0,185,640,43,0,0,0,0,6,189,135,0,0,0,0,0,32,10,11,0,0,0,0,0,1,0,0
0.6312820512820513	0.650214402418974	0.6312820512820513	0.6064102870737301	0.3712337805146251	0,0,1,5,0,0,0,0,2,45,27,0,0,0,0,0,433,176,6,0,0,0,0,162,661,46,0,0,0,0,13,186,128,1,0,0,0,0,29,20,7,0,0,0,0,0,2,0,0
0.6338461538461538	0.6608186295411905	0.6338461538461538	0.6077705462863424	0.3767319111502089	0,0,5,3,0,0,0,0,1,42,25,0,0,0,0,0,447,203,2,0,0,0,0,138,654,45,0,0,0,0,8,186,130,0,0,0,0,0,35,19,4,0,0,0,0,1,2,0,0
0.6297435897435898	0.6203884264731714	0.6297435897435898	0.603226172469124	0.37145370574004843	0,0,4,5,0,0,0,0,0,44,25,1,0,0,0,0,438,192,4,0,0,0,0,168,657,30,0,0,0,0,7,185,126,0,0,0,0,0,31,23,7,0,0,0,0,2,1,0,0
0.642051282051282	0.6546320738039284	0.642051282051282	0.6197590320786354	0.3767319111502089	0,0,6,5,0,0,0,0,2,37,22,1,0,0,0,1,420,207,2,0,0,0,0,154,690,35,0,0,0,0,5,171,132,0,0,0,0,0,31,18,8,0,0,0,0,2,1,0,0
0.6328205128205128	0.6484467432709404	0.6328205128205128	0.6122919441485563	0.3690345282603915	0,0,4,3,0,0,0,0,3,33,22,1,0,0,0,1,445,197,6,0,0,0,0,170,653,41,0,0,0,0,6,178,125,0,0,0,0,0,35,18,8,0,0,0,0,1,0,0,0
0.6410256410256411	0.6366163259338422	0.6410256410256411	0.6201267318032797	0.3767319111502089	0,0,3,5,0,0,0,0,1,40,18,0,0,0,0,3,438,185,7,0,0,0,0,149,659,69,0,0,0,0,5,162,148,0,0,0,0,0,33,18,4,0,0,0,0,2,1,0,0
0.6446153846153846	0.6537726857689327	0.6446153846153846	0.6208905982269467	0.37695183637563223	0,0,4,2,0,0,0,0,3,50,16,2,0,0,0,2,447,213,3,0,0,0,0,131,680,35,0,0,0,0,8,175,119,1,0,0,0,0,31,18,8,0,0,0,0,1,1,0,0
0.6441025641025641	0.6542602514078469	0.6441025641025641	0.6233801531027293	0.37783153727732566	0,0,1,4,0,0,0,1,39,19,1,0,0,2,439,216,1,0,0,0,136,661,33,1,0,0,7,182,147,0,0,0,1,32,19,8
0.6405128205128205	0.6582477908818007	0.6405128205128205	0.618264810640714	0.37783153727732566	0,0,6,5,0,0,0,0,2,35,19,0,0,0,0,0,444,202,2,0,0,0,1,144,660,37,0,0,0,0,5,188,135,0,0,0,0,0,36,20,8,0,0,0,0,1,0,0,0
0.6235897435897436	0.6394289171276959	0.6235897435897436	0.597123059386859	0.373652957994282	0,0,2,5,0,0,0,0,2,42,24,0,0,0,0,1,434,204,3,0,0,0,0,144,662,41,0,0,0,0,6,213,113,0,0,0,0,0,28,19,5,0,0,0,0,2,0,0,0
0.6323076923076923	0.6558983671946911	0.6323076923076923	0.604281251902497	0.3740928084451287	0,0,5,0,0,0,0,2,46,21,1,0,0,0,426,187,1,0,0,0,147,687,44,0,0,0,7,201,113,0,0,0,0,33,24,5
0.6138461538461538	0.6402749772865368	0.6138461538461538	0.5855731559119386	0.36573564987904117	0,0,2,7,0,0,0,0,3,45,30,0,0,0,0,1,395,217,3,0,0,0,0,133,668,37,0,0,0,0,6,211,125,0,0,0,0,0,38,21,6,0,0,0,0,1,1,0,0
0.6441025641025641	0.6628052446433232	0.6441025641025641	0.6209429018751106	0.3685946778095448	0,0,3,2,1,0,0,0,2,36,25,0,0,0,0,0,471,195,6,1,0,0,0,142,653,46,0,0,0,0,6,174,125,0,0,0,0,0,34,21,5,0,0,0,0,2,0,0,0
0.62	0.623954144130424	0.62	0.5971029111757582	0.3681548273586981	0,0,2,5,0,0,0,0,1,39,26,0,0,0,0,1,433,200,3,0,0,0,0,167,646,46,1,0,0,0,3,195,119,0,0,0,0,0,27,24,10,0,0,0,0,0,2,0,0
0.6225641025641026	0.6515523740889039	0.6225641025641026	0.596562773924027	0.36177699582142075	0,0,3,6,0,0,0,0,1,53,25,0,0,0,0,0,431,196,4,0,0,0,0,144,641,40,0,0,0,0,9,210,132,1,0,0,0,0,28,16,9,0,0,0,0,0,1,0,0
