accuracy	precision	recall	f1	oob	confMatrxVars
0.6758974358974359	0.6858333465840882	0.6758974358974359	0.6616049802828444	0.3349461183197713	0,0,3,2,0,0,0,0,5,39,23,1,0,0,0,3,465,195,1,0,0,0,1,123,669,39,0,0,0,0,5,158,154,0,0,0,0,0,21,17,25,0,0,0,0,0,1,0,0
0.6738461538461539	0.6753688295741636	0.6738461538461539	0.6586831071645389	0.3272487354299538	0,1,4,2,0,0,0,0,3,33,16,1,0,0,0,4,465,180,4,0,0,0,0,133,681,52,0,0,0,0,8,147,147,0,0,0,0,0,33,17,18,0,0,0,0,0,1,0,0
0.6784615384615384	0.6787299383459539	0.6784615384615384	0.6620803547293483	0.33956454805366176	0,0,6,5,0,0,0,1,2,35,19,0,0,0,0,1,497,175,1,1,0,0,2,135,645,42,0,0,0,0,9,152,165,0,0,0,0,0,22,19,14,0,0,0,0,1,1,0,0
0.6569230769230769	0.6555194534671237	0.6569230769230769	0.6409912476481189	0.3312073894875742	0,0,7,6,0,0,0,0,5,36,25,1,0,0,0,5,424,183,4,0,0,0,0,149,670,52,0,0,0,0,9,144,163,1,0,0,0,0,22,22,19,0,0,0,0,1,2,0,0
0.6641025641025641	0.6717443742985826	0.6641025641025641	0.6455737270178612	0.338464921926545	0,0,4,6,0,0,0,4,40,20,1,0,0,2,464,186,2,0,0,1,119,666,50,0,0,0,6,172,149,1,0,0,0,30,15,12
0.6841025641025641	0.6970858735642087	0.6841025641025641	0.6695657286237463	0.3329667912909611	0,0,7,8,0,0,0,0,8,35,18,1,0,0,0,1,477,162,1,1,0,0,0,131,658,36,2,0,0,0,8,171,173,1,0,0,0,1,20,11,18,0,0,0,0,0,1,0,0
0.6764102564102564	0.6821688495771627	0.6764102564102564	0.6619773933920444	0.332307015614691	0,0,6,5,0,0,0,0,4,28,25,1,0,0,0,2,443,180,7,0,0,0,0,125,680,47,2,0,0,0,5,161,174,1,0,0,0,0,20,15,18,0,0,0,0,1,0,0,0
0.6882051282051282	0.6843296115656847	0.6882051282051282	0.6724519150638327	0.3463822300417858	0,0,5,4,0,0,0,0,1,30,30,0,0,0,0,4,447,176,4,0,0,0,0,131,697,35,0,0,0,0,5,143,175,1,0,0,0,0,25,14,22,0,0,0,1,0,0,0,0
0.6912820512820513	0.6909116356008943	0.6912820512820513	0.6785393583524082	0.33758522102485156	0,1,3,4,0,0,0,0,7,30,19,1,0,0,0,3,495,163,6,0,0,0,1,135,663,49,2,0,0,0,7,132,168,1,0,0,0,1,24,19,15,0,0,0,0,0,1,0,0
0.6753846153846154	0.6867609517883532	0.6753846153846154	0.6582371641991753	0.3389047723773917	0,0,3,2,0,0,0,1,3,41,22,0,0,0,0,2,442,190,2,0,0,0,2,110,683,27,0,0,0,0,4,184,169,3,0,0,0,0,22,16,20,0,0,0,0,1,1,0,0
0.6841025641025641	0.6993380792854919	0.6841025641025641	0.6698549811238412	0.33318671651638443	0,1,4,3,0,0,0,0,5,40,19,1,0,0,0,0,478,188,1,0,0,0,0,120,662,50,0,0,0,0,5,141,168,0,0,0,0,1,27,14,21,0,0,0,0,1,0,0,0
0.6738461538461539	0.6580070551364069	0.6738461538461539	0.6542087123700957	0.3364855948977348	0,1,2,8,0,0,0,0,0,46,27,0,0,0,0,0,478,179,3,1,0,0,0,138,648,39,0,0,0,0,8,142,172,0,0,0,0,0,24,17,16,0,0,0,0,1,0,0,0
0.6753846153846154	0.6870044577646451	0.6753846153846154	0.6592126663632558	0.33208709038926765	0,0,5,3,0,0,0,0,4,34,22,0,0,0,0,1,461,180,1,0,0,0,0,123,664,53,0,0,0,0,8,156,175,1,0,0,0,1,24,19,13,0,0,0,0,0,2,0,0
0.6676923076923077	0.6776051562271523	0.6676923076923077	0.6506343733232186	0.33054761381130415	0,0,3,4,0,0,0,4,41,23,0,0,0,1,467,162,7,0,0,0,142,654,57,0,0,0,9,150,161,1,0,0,0,28,20,16
0.6666666666666666	0.6794920630542559	0.6666666666666666	0.6502472171534724	0.32856828678249395	0,1,5,3,0,0,0,5,40,27,1,0,0,0,461,184,7,0,0,0,142,656,51,0,0,0,14,128,161,1,0,0,0,34,12,17
0.6671794871794872	0.6725773399742454	0.6671794871794872	0.6515767244263492	0.32504948317572024	0,0,5,4,0,0,0,1,4,43,15,1,0,0,0,1,439,190,4,1,0,0,1,134,681,47,1,0,0,0,4,154,157,1,0,0,0,1,24,15,20,0,0,0,0,2,0,0,0
0.6841025641025641	0.693422941773047	0.6841025641025641	0.6670289431797016	0.3334066417418078	0,0,5,2,1,0,0,1,4,46,23,2,0,0,0,0,450,158,3,0,0,0,1,134,681,51,0,0,0,0,9,137,178,0,0,0,0,0,21,20,21,0,0,0,0,1,1,0,0
0.6676923076923077	0.687753175777968	0.6676923076923077	0.6535542780826148	0.33362656696723114	0,0,5,3,0,0,0,0,6,31,26,1,0,0,0,0,477,191,2,0,0,0,0,129,626,47,2,0,0,0,9,146,172,2,0,0,0,0,34,18,21,0,0,0,0,1,1,0,0
0.676923076923077	0.6848717350338085	0.676923076923077	0.6617417123117899	0.3373652957994282	0,0,4,5,0,0,0,1,7,37,27,0,0,0,0,0,451,173,5,0,0,0,1,133,683,54,0,0,0,0,9,144,163,2,0,0,0,1,16,14,16,0,0,0,0,1,3,0,0
0.6835897435897436	0.6850474990759383	0.6835897435897436	0.666534905186523	0.34418297778755225	0,0,4,3,0,0,0,0,1,35,22,2,0,0,2,2,455,178,2,0,0,0,1,119,686,37,0,0,0,0,7,158,176,1,0,0,0,0,29,14,15,0,0,0,0,1,0,0,0
0.6779487179487179	0.6756194459667366	0.6779487179487179	0.6607356776502219	0.3347261930943479	0,0,4,8,0,0,0,0,2,39,19,0,0,0,0,2,484,162,4,1,0,0,0,133,656,52,0,0,0,0,6,162,167,0,0,0,0,0,16,17,13,0,0,0,1,1,1,0,0
0.662051282051282	0.6644673381076327	0.662051282051282	0.6434885376333723	0.329228062458764	0,0,4,7,0,0,0,0,3,46,19,0,0,0,0,4,460,195,5,0,0,0,2,121,660,39,0,0,0,0,8,168,156,0,0,0,0,0,21,19,12,0,0,0,0,1,0,0,0
0.6820512820512821	0.6801154121143779	0.6820512820512821	0.6685340936984032	0.3307675390367275	0,1,5,4,0,0,0,0,6,36,19,1,0,0,0,2,478,155,1,2,0,0,0,141,670,72,0,0,0,0,4,135,157,1,0,0,0,0,23,16,19,0,0,0,0,1,1,0,0
0.6687179487179488	0.6814984361821473	0.6687179487179488	0.6529062747423632	0.33450626786892457	0,0,6,7,0,0,0,0,5,44,24,0,0,0,0,0,443,200,5,0,0,0,1,127,661,47,0,0,0,0,7,140,176,1,0,0,0,0,20,15,19,0,0,0,0,2,0,0,0
0.6548717948717949	0.6648991303552214	0.6548717948717949	0.6418055474681968	0.3263690345282604	0,0,7,8,0,0,0,0,7,34,20,1,0,0,0,1,444,191,5,0,0,0,0,140,630,73,1,0,0,0,10,134,176,0,0,0,0,0,26,21,20,0,0,0,0,0,1,0,0
