accuracy	precision	recall	f1	oob	confMatrxVars
0.6758974358974359	0.6809957708723706	0.6758974358974359	0.6637077018364778	0.32307015614691004	0,0,4,3,0,0,0,1,8,30,18,1,0,0,0,2,431,195,8,0,0,0,2,117,691,50,2,0,0,0,4,149,169,2,0,0,0,0,20,21,19,0,0,0,0,3,0,0,0
0.6892307692307692	0.7068350680131308	0.6892307692307692	0.6753448524495511	0.3312073894875742	0,0,1,7,0,0,0,0,6,35,25,0,0,0,0,0,483,185,5,0,0,0,0,113,661,48,0,0,0,0,5,137,172,2,0,0,0,0,23,16,22,0,0,0,0,2,2,0,0
0.676923076923077	0.677735487902407	0.676923076923077	0.6651856401519334	0.32241038047063997	0,1,3,2,0,0,0,0,8,39,18,2,0,0,0,3,440,188,5,0,0,0,1,127,680,64,0,0,0,0,5,131,172,3,0,0,0,0,19,17,20,0,0,0,0,2,0,0,0
0.662051282051282	0.6714135669831495	0.662051282051282	0.6473463387152716	0.32548933362656696	0,0,5,6,0,0,0,0,6,42,17,1,0,0,0,1,430,194,6,0,0,0,1,139,670,45,0,0,0,0,5,151,160,1,0,0,0,0,25,17,25,0,0,0,0,2,1,0,0
0.6728205128205128	0.6741769684295591	0.6728205128205128	0.6576570569970901	0.32548933362656696	0,0,7,5,0,0,0,1,6,40,25,1,0,0,0,3,443,191,3,1,0,0,3,115,677,49,0,0,0,0,6,151,165,1,0,0,0,0,20,15,21,0,0,0,0,0,1,0,0
0.661025641025641	0.6661444391040099	0.661025641025641	0.6487399683509856	0.3202111282164064	0,0,8,4,0,0,0,0,7,34,23,0,0,0,0,1,452,189,5,0,0,0,1,139,639,58,5,0,0,0,9,156,173,1,0,0,0,0,15,12,18,0,0,0,0,0,1,0,0
0.6651282051282051	0.6715215183260586	0.6651282051282051	0.6481000187322677	0.32504948317572024	0,0,4,8,0,0,0,0,9,39,25,0,0,0,0,2,495,163,2,1,0,0,1,145,630,40,1,0,0,0,9,165,147,3,0,0,0,1,25,17,16,0,0,0,0,1,1,0,0
0.68	0.6880344678570268	0.68	0.6665896541530392	0.32197053001979326	0,0,7,6,0,0,0,7,37,17,0,0,0,2,470,184,3,0,0,1,128,665,43,0,0,0,7,154,165,1,0,0,0,19,15,19
0.681025641025641	0.6759963773969284	0.681025641025641	0.6660975291541295	0.33208709038926765	0,1,8,6,0,0,0,0,8,33,20,0,0,0,0,2,458,154,4,1,0,0,1,137,687,57,1,0,0,0,9,137,157,4,0,0,0,1,23,22,18,0,0,0,0,0,1,0,0
0.6692307692307692	0.6890672176157955	0.6692307692307692	0.65770514580766	0.33252694084011436	0,0,2,3,0,0,0,9,38,21,0,0,0,0,468,186,1,0,0,0,136,642,52,1,0,0,8,168,163,1,0,0,0,17,11,23
0.6774358974358974	0.6871384703405131	0.6774358974358974	0.6653520295137512	0.3283483615570706	0,0,1,1,0,0,0,1,9,33,14,0,0,0,0,1,463,180,5,0,0,0,2,131,665,38,4,0,0,0,14,159,169,1,0,0,0,3,24,14,15,0,0,0,0,1,2,0,0
0.6676923076923077	0.6790563619043815	0.6676923076923077	0.6568251493012235	0.33164723993842093	0,0,4,3,0,0,0,0,8,28,17,1,0,0,0,2,467,199,6,0,0,0,1,130,635,44,2,0,0,0,6,160,175,2,0,0,0,1,23,18,17,0,0,0,0,0,1,0,0
0.6851282051282052	0.7013796146556598	0.6851282051282052	0.6705656097390812	0.3358258192214647	0,1,4,3,1,0,0,9,34,21,1,0,0,1,457,187,4,0,0,0,114,682,36,0,0,0,9,148,171,2,0,0,0,34,14,17
0.6743589743589744	0.6719672216810577	0.6743589743589744	0.6605274996998629	0.329228062458764	0,0,5,7,0,0,0,0,8,35,24,3,0,0,0,6,461,186,5,1,0,0,0,121,664,60,0,0,0,0,12,132,165,1,0,0,0,0,14,19,17,0,0,0,1,1,2,0,0
0.6841025641025641	0.6830605603265055	0.6841025641025641	0.6701382727885201	0.33362656696723114	0,1,5,3,1,0,0,0,5,38,29,0,0,0,2,1,453,155,3,1,0,0,1,153,671,55,1,0,0,0,10,118,182,1,0,0,0,1,19,16,23,0,0,0,0,0,2,0,0
0.6733333333333333	0.6682511404127398	0.6733333333333333	0.6606709912203278	0.33450626786892457	0,0,7,4,0,0,0,1,7,40,15,0,0,0,0,5,464,168,6,0,0,0,2,148,659,54,2,0,0,0,5,138,166,4,0,0,0,3,24,9,17,0,0,0,0,1,1,0,0
0.6723076923076923	0.6873843253326245	0.6723076923076923	0.6582082338311325	0.32153067956894654	0,0,3,2,0,0,0,0,5,44,19,1,0,0,0,0,451,184,1,0,0,0,0,133,666,67,0,0,0,0,1,141,171,3,0,0,0,0,26,13,18,0,0,0,0,1,0,0,0
0.6825641025641026	0.6803755925086981	0.6825641025641026	0.6668582955608379	0.3338464921926545	0,0,5,5,0,0,0,0,3,46,19,0,0,0,0,3,449,167,9,0,0,0,0,142,676,33,1,0,0,0,11,141,180,2,0,0,0,0,13,21,23,0,0,0,0,0,1,0,0
0.676923076923077	0.6893037803323669	0.676923076923077	0.6647341092298286	0.32702881020453045	0,0,4,4,0,0,1,7,31,22,0,0,0,3,460,186,1,0,0,0,121,666,50,1,0,0,8,161,163,0,0,0,1,24,12,24
0.6717948717948717	0.6765089905160749	0.6717948717948717	0.6576944685985695	0.3329667912909611	0,0,7,4,0,0,0,0,6,39,21,0,0,0,0,2,459,175,3,0,0,0,0,143,653,57,1,0,0,0,8,134,170,1,0,0,0,0,21,22,22,0,0,0,0,1,1,0,0
0.6733333333333333	0.6719433945660312	0.6733333333333333	0.6581274294664574	0.3248295579502969	0,0,3,3,1,0,0,0,5,32,21,0,0,0,0,5,439,175,4,1,0,0,1,139,695,56,0,0,0,0,5,144,164,0,0,0,0,0,24,21,10,0,0,0,0,2,0,0,0
0.6866666666666666	0.6964169132662915	0.6866666666666666	0.6728296182805952	0.3283483615570706	0,0,2,5,0,0,0,0,8,35,19,2,0,0,0,1,470,178,6,0,0,0,1,115,671,46,0,0,0,0,13,142,174,3,0,0,0,0,26,16,16,0,0,0,0,1,0,0,0
0.66	0.67180231658917	0.66	0.6475692966845711	0.3287882120079173	0,0,3,4,0,0,0,0,8,37,15,0,0,0,0,0,465,195,6,0,0,0,0,140,641,60,0,0,0,0,7,151,159,5,0,0,0,1,24,14,14,0,0,0,0,0,1,0,0
0.6758974358974359	0.6738113600660388	0.6758974358974359	0.663559761962455	0.329228062458764	0,0,4,7,0,0,0,1,6,27,20,1,0,0,0,1,449,160,5,0,0,0,2,159,660,59,1,0,0,0,12,125,187,4,0,0,0,1,24,16,16,0,0,0,1,0,2,0,0
0.678974358974359	0.6892260157471549	0.678974358974359	0.6675796433440517	0.3248295579502969	0,0,7,1,1,0,0,1,12,33,14,1,0,0,0,1,441,185,4,0,0,0,0,129,684,52,0,0,0,0,6,148,168,1,0,0,0,0,15,25,19,0,0,0,0,1,1,0,0
