accuracy	precision	recall	f1	oob	confMatrxVars
0.521025641025641	0.49934373555050615	0.521025641025641	0.4637894216709045	0.4528260391466902	0,0,3,6,0,0,0,0,0,26,41,2,0,0,0,0,342,327,2,0,0,0,0,145,653,13,0,0,0,0,7,305,21,0,0,0,0,1,47,7,0,0,0,0,0,1,1,0,0
0.5451282051282051	0.5183057558711863	0.5451282051282051	0.4992392329170296	0.4603034968110842	0,0,4,8,0,0,0,0,0,34,37,1,0,0,0,0,380,288,2,0,0,0,0,178,644,16,0,0,0,0,11,254,39,0,0,0,0,0,39,12,0,0,0,0,0,2,1,0,0
0.5492307692307692	0.5079910740446666	0.5492307692307692	0.5028457697148402	0.4616230481636243	0,0,4,4,0,0,0,0,0,36,35,0,0,0,0,0,367,232,2,0,0,0,0,199,660,29,0,0,0,0,9,265,44,0,0,0,0,0,51,10,0,0,0,0,0,2,1,0,0
0.5415384615384615	0.512370337631993	0.5415384615384615	0.48753490065257477	0.45436551572465367	0,0,2,5,0,0,0,0,0,33,40,0,0,0,0,0,393,266,0,0,0,0,0,174,637,16,0,0,0,0,13,290,26,0,0,0,0,0,46,8,0,0,0,0,0,0,1,0,0
0.5430769230769231	0.521067605205854	0.5430769230769231	0.49418257538738436	0.46250274906531774	0,0,4,4,0,0,0,0,27,34,0,0,0,0,406,280,3,0,0,0,174,624,17,0,0,0,8,283,29,0,0,0,1,49,7,0
0.5471794871794872	0.5300091019050914	0.5471794871794872	0.49224572229890495	0.46602155267209144	0,0,7,6,0,0,0,0,0,39,28,0,0,0,0,0,393,241,1,0,0,0,0,211,651,9,0,0,0,0,17,272,23,0,0,0,0,0,49,2,0,0,0,0,0,1,0,0,0
0.541025641025641	0.5256753170754889	0.541025641025641	0.47843909210300545	0.4581042445568507	0,0,3,5,0,0,0,0,0,31,32,1,0,0,0,0,373,252,0,0,0,0,0,170,663,8,0,0,0,0,8,325,19,0,0,0,0,2,53,3,0,0,0,0,0,1,1,0,0
0.5415384615384615	0.5027800636194021	0.5415384615384615	0.49384611317388044	0.46052342203650753	0,0,4,4,0,0,0,0,0,30,23,1,0,0,0,0,371,256,2,0,0,0,0,190,648,25,0,0,0,0,8,277,37,0,0,0,0,0,60,12,0,0,0,0,0,1,1,0,0
0.5394871794871795	0.5136553375799413	0.5394871794871795	0.4865365446348369	0.4611831977127776	0,0,4,5,0,0,0,0,0,32,29,0,0,0,0,0,377,259,2,0,0,0,0,197,648,12,0,0,0,0,12,289,27,0,0,0,0,0,49,7,0,0,0,0,0,0,1,0,0
0.5579487179487179	0.5219565354341256	0.5579487179487179	0.5150459615026641	0.46052342203650753	0,0,5,4,0,0,0,0,0,40,33,0,0,0,0,0,398,238,0,0,0,0,0,182,635,31,0,0,0,0,11,257,55,0,0,0,0,0,45,15,0,0,0,0,0,1,0,0,0
0.5333333333333333	0.49941597494508994	0.5333333333333333	0.47638055242199145	0.45150648779415004	0,0,9,2,0,0,0,0,0,32,40,0,0,0,0,0,366,266,0,0,0,0,0,181,650,15,0,0,0,0,13,283,24,0,0,0,0,0,61,7,0,0,0,0,0,1,0,0,0
0.5615384615384615	0.5308136410282663	0.5615384615384615	0.511768266048346	0.4677809544754783	0,0,3,3,0,0,0,0,0,34,31,2,0,0,0,0,387,233,1,0,0,0,0,178,669,22,0,0,0,0,11,277,39,0,0,0,0,1,53,4,0,0,0,0,0,1,1,0,0
0.5533333333333333	0.5191732596077034	0.5533333333333333	0.49570354517523146	0.4702001319551352	0,0,2,7,0,0,0,0,0,29,27,0,0,0,0,0,379,254,0,0,0,0,0,178,681,13,0,0,0,0,17,287,19,0,0,0,0,0,51,5,0,0,0,0,0,0,1,0,0
0.5441025641025641	0.5063878821387978	0.5441025641025641	0.49221505352351885	0.4556850670771938	0,0,3,3,0,0,0,0,0,40,35,1,0,0,0,0,384,246,2,0,0,0,0,177,643,24,0,0,0,0,14,287,34,0,0,0,0,0,48,7,0,0,0,0,0,1,1,0,0
0.5466666666666666	0.5158170511492955	0.5466666666666666	0.49970391639310013	0.4658016274466681	0,0,3,6,0,0,0,0,0,32,31,0,0,0,0,0,387,262,0,0,0,0,0,190,641,19,0,0,0,0,9,268,38,0,0,0,0,1,49,12,0,0,0,0,0,0,2,0,0
0.5348717948717949	0.498650524111028	0.5348717948717949	0.4916259083408928	0.4583241697822741	0,0,2,7,0,0,0,0,0,31,35,0,0,0,0,0,385,262,0,0,0,0,0,197,616,35,0,0,0,0,11,268,42,0,0,0,0,0,47,11,0,0,0,0,0,0,1,0,0
0.5441025641025641	0.5137881816999396	0.5441025641025641	0.4803315274184603	0.4636023751924345	0,0,9,3,0,0,0,0,36,31,0,0,0,0,403,226,0,0,0,0,202,645,6,0,0,0,14,313,13,0,0,0,0,44,5,0
0.5697435897435897	0.5348830390244812	0.5697435897435897	0.5219414114823729	0.4627226742907411	0,0,3,4,1,0,0,0,0,19,37,0,0,0,0,0,410,228,2,0,0,0,0,163,661,26,0,0,0,0,11,291,40,0,0,0,0,1,38,14,0,0,0,0,0,1,0,0,0
0.5441025641025641	0.5263422853333544	0.5441025641025641	0.49177003280041115	0.45502529140092374	0,0,1,4,0,0,0,0,0,35,34,0,0,0,0,0,371,283,1,0,0,0,0,175,661,10,0,0,0,0,6,276,29,0,0,0,0,1,54,7,0,0,0,0,0,1,1,0,0
0.5507692307692308	0.5207056161998298	0.5507692307692308	0.4931329061725334	0.46206289861447103	0,0,3,2,0,0,0,0,0,36,31,0,0,0,0,0,372,290,0,0,0,0,0,148,682,12,0,0,0,0,7,272,20,0,0,0,0,0,67,6,0,0,0,0,0,1,1,0,0
0.5476923076923077	0.5079614507885996	0.5476923076923077	0.4955893826012668	0.46690125357378487	0,0,6,5,0,0,0,0,0,32,40,0,0,0,0,0,390,219,2,0,0,0,0,227,650,13,0,0,0,0,13,268,28,0,0,0,0,1,45,9,0,0,0,0,0,1,1,0,0
0.5384615384615384	0.5401405360666336	0.5384615384615384	0.47672708553904564	0.4561249175280405	0,0,4,2,0,0,0,0,33,33,0,0,0,0,377,266,0,0,0,0,156,651,8,0,0,0,12,325,22,0,0,0,0,58,3,0
0.5441025641025641	0.5040528673600907	0.5441025641025641	0.4974180228370885	0.457664394106004	0,0,3,5,0,0,0,0,0,35,31,0,0,0,0,0,387,251,2,0,0,0,0,204,640,25,0,0,0,0,9,263,34,0,0,0,0,0,50,10,0,0,0,0,0,1,0,0,0
0.56	0.5145657399415854	0.56	0.5148770933752033	0.4607433472619309	0,0,6,3,0,0,0,0,0,22,31,1,0,0,0,0,421,244,0,0,0,0,0,185,635,31,0,0,0,0,26,239,36,0,0,0,0,1,52,13,0,0,0,0,0,3,1,0,0
0.5548717948717948	0.518221492275536	0.5548717948717948	0.5043057492980101	0.4583241697822741	0,0,5,7,0,0,0,0,0,36,24,0,0,0,0,0,385,241,1,0,0,0,0,189,662,16,0,0,0,0,7,270,35,0,0,0,0,0,59,12,0,0,0,0,0,0,1,0,0
