accuracy	precision	recall	f1	oob	confMatrxVars
0.66	0.6628733881028139	0.66	0.6425591311584803	0.40356278865185835	0,0,2,5,0,0,0,0,3,34,24,1,0,0,0,2,454,190,5,0,0,0,1,140,673,64,0,0,0,0,13,128,146,0,0,0,0,0,32,21,11,0,0,0,0,1,0,0,0
0.6425641025641026	0.6553386512823711	0.6425641025641026	0.6222061448741817	0.400263910270508	0,0,4,5,0,0,0,0,3,42,30,0,0,0,0,1,467,183,10,0,0,0,0,160,623,41,0,0,0,0,9,164,151,1,0,0,0,0,28,18,9,0,0,0,0,1,0,0,0
0.6215384615384615	0.6265095720554141	0.6215384615384615	0.6025823382551908	0.3927864526061139	0,0,6,6,0,0,0,0,2,39,25,1,0,0,0,0,402,207,9,0,0,0,1,175,658,57,0,0,0,0,12,152,138,1,0,0,0,0,30,15,12,0,0,0,0,1,1,0,0
0.617948717948718	0.6161819803924884	0.617948717948718	0.5990082544238186	0.39608533098746423	0,0,4,5,0,0,0,0,2,38,21,1,0,0,0,2,435,204,4,0,0,0,0,157,634,74,1,0,0,0,10,173,123,1,0,0,0,0,27,22,11,0,0,0,0,1,0,0,0
0.6425641025641026	0.6512383762258261	0.6425641025641026	0.6256529483376897	0.3993842093688146	0,0,4,6,0,0,0,0,3,34,15,1,0,0,1,1,457,190,3,0,0,0,1,155,638,51,0,0,0,0,4,180,142,1,0,0,0,1,33,15,13,0,0,0,0,0,1,0,0
0.6292307692307693	0.6312088389355206	0.6292307692307693	0.6116044300746257	0.4007037607213547	0,0,3,0,1,0,0,0,3,38,22,0,0,0,0,4,454,205,7,0,0,0,0,163,623,58,1,0,0,0,10,158,139,0,0,0,0,1,31,20,8,0,0,0,0,1,0,0,0
0.6384615384615384	0.6289568680399206	0.6384615384615384	0.6177943199052516	0.3815702661095227	0,1,7,3,0,0,0,0,1,43,29,1,0,0,0,1,438,173,4,0,0,0,2,164,645,42,2,0,0,0,11,187,147,1,0,0,0,1,20,11,14,0,0,0,0,0,2,0,0
0.6225641025641026	0.6159927172958848	0.6225641025641026	0.6003944875773931	0.3901473499010336	0,0,8,7,1,0,0,1,45,21,3,0,0,1,439,197,7,0,0,1,155,621,60,1,0,0,15,162,144,0,0,0,1,28,23,9
0.6435897435897436	0.6487328211361579	0.6435897435897436	0.6251016081733849	0.39652518143831095	0,0,5,3,0,0,0,0,3,36,20,2,0,0,0,2,456,189,6,0,0,0,0,144,655,60,0,0,0,0,5,178,130,0,0,0,0,0,25,19,11,0,0,0,0,0,1,0,0
0.6364102564102564	0.629994270930492	0.6364102564102564	0.6186217258243633	0.40004398504508465	0,2,2,3,1,0,0,0,1,44,18,1,0,0,0,0,438,185,6,0,0,0,4,170,644,50,0,0,0,0,10,168,143,0,0,0,0,0,29,15,15,0,0,0,0,0,1,0,0
0.6205128205128205	0.6287877531986585	0.6205128205128205	0.601676852165878	0.3916868264789971	0,0,5,5,0,0,0,0,4,47,22,2,0,0,0,2,430,168,7,0,0,0,0,185,610,57,0,0,0,0,12,184,153,0,0,0,0,1,23,17,13,0,0,0,0,3,0,0,0
0.6353846153846154	0.6360092936522546	0.6353846153846154	0.618314330569634	0.39696503188915766	0,0,7,3,0,0,0,0,2,28,25,0,0,0,0,2,456,205,7,0,0,0,2,150,629,54,1,0,0,0,9,169,141,0,0,0,0,0,28,19,11,0,0,0,0,1,1,0,0
0.6276923076923077	0.6485660990228026	0.6276923076923077	0.6074139718135565	0.39344622828238396	0,0,7,3,0,0,0,0,1,41,22,2,0,0,0,0,412,202,9,0,0,0,0,175,658,37,1,0,0,0,11,177,144,0,0,0,0,0,25,12,9,0,0,0,0,1,1,0,0
0.6323076923076923	0.6455659110102664	0.6323076923076923	0.61337712566967	0.3958654057620409	0,0,4,5,1,0,0,0,3,30,18,0,0,0,0,0,445,228,6,0,0,0,1,142,655,59,0,0,0,0,12,155,123,0,0,0,0,2,36,15,7,0,0,0,0,2,1,0,0
0.6338461538461538	0.634147319598669	0.6338461538461538	0.6135570430689431	0.39960413459423794	0,0,6,5,0,0,0,0,3,47,17,1,0,0,0,1,462,186,4,0,0,0,1,147,633,69,1,0,0,0,9,176,129,0,0,0,0,3,25,14,9,0,0,0,0,1,1,0,0
0.6415384615384615	0.6364814680656166	0.6415384615384615	0.6241584504646961	0.39806465801627444	0,1,4,4,0,0,0,0,1,32,24,1,0,0,0,3,440,195,6,0,0,0,1,161,644,52,0,0,0,0,15,152,155,0,0,0,0,0,28,16,11,0,0,0,0,2,2,0,0
0.6292307692307693	0.6305107767043799	0.6292307692307693	0.6105227435430771	0.3905872003518803	0,0,4,3,0,0,0,1,2,41,22,1,0,0,0,2,443,203,5,0,0,0,0,148,621,64,0,0,0,0,9,164,151,3,0,0,0,0,33,19,10,0,0,0,0,1,0,0,0
0.6307692307692307	0.6355166043801292	0.6307692307692307	0.6133763188996482	0.3974048823400044	0,0,9,5,1,0,0,0,3,39,16,2,0,0,0,1,441,201,9,0,0,0,0,161,626,60,0,0,0,0,5,163,149,2,0,0,0,0,24,21,11,0,0,0,0,0,1,0,0
0.622051282051282	0.619197222369938	0.622051282051282	0.6030960917813528	0.3967451066637343	0,1,6,4,0,0,0,1,4,35,30,1,0,0,0,2,435,170,12,0,0,0,1,186,627,65,0,0,0,0,17,153,137,1,0,0,0,1,30,18,10,0,0,0,0,0,3,0,0
0.6384615384615384	0.6198496503131017	0.6384615384615384	0.6179434853076459	0.3912469760281504	0,2,4,3,1,0,0,0,0,36,27,1,0,0,0,1,457,192,6,0,0,0,4,135,639,64,0,0,0,0,13,168,143,3,0,0,0,0,28,16,6,0,0,0,0,0,1,0,0
0.637948717948718	0.6489338643413364	0.637948717948718	0.617958096762935	0.3888277985484935	0,0,5,2,0,0,0,0,4,41,19,1,0,0,0,2,415,212,3,0,0,0,0,145,680,40,0,0,0,0,12,182,138,2,0,0,0,1,27,11,7,0,0,0,0,1,0,0,0
0.6394871794871795	0.6463887211495732	0.6394871794871795	0.6249727200415802	0.40202331207389486	0,0,4,4,0,0,0,0,6,41,16,2,0,0,0,2,439,186,10,0,0,0,0,162,628,78,0,0,0,0,11,132,160,1,0,0,0,1,33,17,14,0,0,0,0,2,1,0,0
0.6430769230769231	0.6651188744503402	0.6430769230769231	0.6230060892775334	0.3921266769298438	0,0,2,2,1,0,0,3,44,24,0,0,0,0,437,182,7,0,0,0,142,655,61,0,0,0,9,175,150,0,0,0,0,30,17,9
0.6169230769230769	0.6352100553041728	0.6169230769230769	0.5973995719048322	0.3870683967451066	0,0,6,3,0,0,0,0,1,39,17,0,0,0,0,1,424,195,4,0,0,0,0,181,616,34,0,0,0,0,12,201,148,0,0,0,0,1,38,13,14,0,0,0,0,1,1,0,0
0.6307692307692307	0.6129150627896387	0.6307692307692307	0.6081664308711231	0.40708159225863205	0,0,6,2,0,0,0,0,0,43,24,0,0,0,0,2,436,198,6,0,0,0,0,148,648,51,2,0,0,0,13,172,138,2,0,0,0,1,36,12,8,0,0,0,0,1,1,0,0
