accuracy	precision	recall	f1	oob	confMatrxVars
0.4564102564102564	0.41234798534798534	0.4564102564102564	0.3333977662170548	0.5324389707499451	0,0,1,9,0,0,0,0,9,59,0,0,0,0,87,564,0,0,0,0,32,803,0,0,0,0,1,342,0,0,0,0,0,43,0,0
0.44	0.3702590767628361	0.44	0.3019377818281928	0.5396965031889158	0,0,0,9,0,0,0,0,0,7,65,0,0,0,0,0,49,593,0,0,0,0,0,30,809,0,0,0,0,0,2,324,0,0,0,0,0,0,59,0,0,0,0,0,0,3,0,0,0
0.517948717948718	0.4211999973896887	0.517948717948718	0.44193857995941915	0.5234220365075875	0,0,4,5,0,0,0,0,0,21,37,0,0,0,0,0,272,364,0,0,0,0,0,133,738,0,0,0,0,0,6,324,0,0,0,0,0,0,45,0,0,0,0,0,0,1,0,0,0
0.42205128205128206	0.17812728468113082	0.42205128205128206	0.25052160485265423	0.5520123158126238	0,0,0,10,0,0,0,0,0,0,66,0,0,0,0,0,0,672,0,0,0,0,0,0,823,0,0,0,0,0,0,321,0,0,0,0,0,0,56,0,0,0,0,0,0,2,0,0,0
0.4641025641025641	0.4352934472934473	0.4641025641025641	0.3305464330182924	0.5471739608533099	0,0,2,9,0,0,0,0,0,5,58,0,0,0,0,0,68,548,0,0,0,0,0,15,837,0,0,0,0,0,0,347,0,0,0,0,0,0,58,0,0,0,0,0,0,3,0,0,0
0.5307692307692308	0.43043881297913555	0.5307692307692308	0.4554943724321475	0.5062678689245657	0,0,3,4,0,0,0,0,0,21,39,0,0,0,0,0,298,336,0,0,0,0,0,132,737,0,0,0,0,0,8,310,0,0,0,0,0,0,59,0,0,0,0,0,0,3,0,0,0
0.5066666666666667	0.4141625592332515	0.5066666666666667	0.43005052807497385	0.4983505608093248	0,0,2,8,0,0,0,0,0,26,40,0,0,0,0,0,274,376,0,0,0,0,0,128,714,0,0,0,0,0,3,325,0,0,0,0,0,0,52,0,0,0,0,0,0,2,0,0,0
0.46153846153846156	0.4010688071021832	0.46153846153846156	0.360432179339726	0.51572465361777	0,0,2,10,0,0,0,0,0,14,47,0,0,0,0,0,146,516,0,0,0,0,0,64,754,0,0,0,0,0,2,330,0,0,0,0,0,0,62,0,0,0,0,0,0,3,0,0,0
0.48615384615384616	0.40993199979474376	0.48615384615384616	0.39377692334172765	0.5093468220804926	0,0,3,7,0,0,0,0,0,14,52,0,0,0,0,0,176,465,0,0,0,0,0,83,772,0,0,0,0,0,3,313,0,0,0,0,0,0,61,0,0,0,0,0,0,1,0,0,0
0.5256410256410257	0.42681492550918515	0.5256410256410257	0.4539582464047861	0.5082471959533759	0,0,2,4,0,0,0,0,0,22,41,0,0,0,0,0,318,332,0,0,0,0,0,151,707,0,0,0,0,0,6,311,0,0,0,0,0,0,55,0,0,0,0,0,0,1,0,0,0
0.4338461538461538	0.5314638670718712	0.4338461538461538	0.26313339429384347	0.5586100725753245	0,0,0,8,0,0,0,0,0,0,56,0,0,0,0,0,1,669,0,0,0,0,0,0,845,0,0,0,0,0,0,313,0,0,0,0,0,0,57,0,0,0,0,0,0,1,0,0,0
0.44	0.4090479528490756	0.44	0.2938426494373631	0.5319991202990983	0,0,0,11,0,0,0,0,0,3,63,0,0,0,0,0,40,595,0,0,0,0,0,14,818,0,0,0,0,0,1,343,0,0,0,0,0,0,59,0,0,0,0,0,0,3,0,0,0
0.48923076923076925	0.4167144070825901	0.48923076923076925	0.40061700781650483	0.5117659995601496	0,0,4,8,0,0,0,0,0,17,57,0,0,0,0,0,210,445,0,0,0,0,0,77,744,0,0,0,0,0,5,327,0,0,0,0,0,0,55,0,0,0,0,0,0,1,0,0,0
0.4887179487179487	0.4076796310480521	0.4887179487179487	0.3959843081449093	0.5179239058720035	0,0,2,6,0,0,0,0,0,16,49,0,0,0,0,0,181,448,0,0,0,0,0,81,772,0,0,0,0,0,5,338,0,0,0,0,0,0,48,0,0,0,0,0,0,4,0,0,0
0.44	0.4469892559547732	0.44	0.2862247379791356	0.5300197932702881	0,0,0,11,0,0,0,0,0,1,66,0,0,0,0,0,28,626,0,0,0,0,0,7,830,0,0,0,0,0,0,315,0,0,0,0,0,0,63,0,0,0,0,0,0,3,0,0,0
0.49025641025641026	0.39846675552115707	0.49025641025641026	0.4042434690741247	0.506487794149989	0,0,3,4,0,0,0,0,0,25,57,0,0,0,0,0,211,415,0,0,0,0,0,106,745,0,0,0,0,0,1,327,0,0,0,0,0,0,55,0,0,0,0,0,0,1,0,0,0
0.49128205128205127	0.39776232633521635	0.49128205128205127	0.40214745338313257	0.4979107103584781	0,0,5,8,0,0,0,0,0,23,51,0,0,0,0,0,214,406,0,0,0,0,0,90,744,0,0,0,0,0,7,330,0,0,0,0,0,1,70,0,0,0,0,0,0,1,0,0,0
0.4712820512820513	0.3992741403746714	0.4712820512820513	0.35690336371167386	0.5308994941719816	0,0,3,7,0,0,0,0,0,15,52,0,0,0,0,0,103,535,0,0,0,0,0,48,816,0,0,0,0,0,3,314,0,0,0,0,0,0,53,0,0,0,0,0,0,1,0,0,0
0.4841025641025641	0.39986171828977146	0.4841025641025641	0.39210666666666666	0.502749065317792	0,0,1,10,0,0,0,0,0,21,46,0,0,0,0,0,184,445,0,0,0,0,0,86,760,0,0,0,0,0,4,332,0,0,0,0,0,0,60,0,0,0,0,0,0,1,0,0,0
0.5292307692307693	0.40879869291380083	0.5292307692307693	0.45443429228223137	0.5128656256872663	0,0,2,9,0,0,0,0,0,24,48,0,0,0,0,0,328,266,0,0,0,0,0,183,704,0,0,0,0,0,19,307,0,0,0,0,0,4,55,0,0,0,0,0,0,1,0,0,0
0.5297435897435897	0.41992978504064865	0.5297435897435897	0.45667524457495007	0.49065317791950736	0,0,3,5,0,0,0,0,0,24,43,0,0,0,0,0,337,295,0,0,0,0,0,163,696,0,0,0,0,0,11,314,0,0,0,0,0,1,55,0,0,0,0,0,0,3,0,0,0
0.5010256410256411	0.40293826455136034	0.5010256410256411	0.414123472653369	0.5172641301957335	0,0,5,7,0,0,0,0,0,20,59,0,0,0,0,0,204,407,0,0,0,0,0,105,773,0,0,0,0,0,9,310,0,0,0,0,0,0,50,0,0,0,0,0,0,1,0,0,0
0.4712820512820513	0.401509371579206	0.4712820512820513	0.36704068742337337	0.5181438310974269	0,0,1,9,0,0,0,0,0,13,58,0,0,0,0,0,138,492,0,0,0,0,0,60,781,0,0,0,0,0,3,332,0,0,0,0,0,0,61,0,0,0,0,0,0,2,0,0,0
0.4938461538461538	0.4250272263233335	0.4938461538461538	0.4018072959270576	0.5243017374092809	0,0,2,5,0,0,0,0,0,18,44,0,0,0,0,0,189,462,0,0,0,0,0,69,774,0,0,0,0,0,2,319,0,0,0,0,0,1,64,0,0,0,0,0,0,1,0,0,0
0.4887179487179487	0.41803149606299217	0.4887179487179487	0.3921221056283063	0.5161645040686167	0,0,1,10,0,0,0,0,17,49,0,0,0,0,170,463,0,0,0,0,65,783,0,0,0,0,1,331,0,0,0,0,0,60,0,0
