accuracy	precision	recall	f1	oob	confMatrxVars
0.617948717948718	0.6397663627733476	0.617948717948718	0.5939097186418265	0.3767319111502089	0,0,3,6,0,0,0,0,2,44,28,2,0,0,0,0,444,195,4,0,0,0,0,169,624,66,0,0,0,0,6,167,132,0,0,0,0,0,30,23,3,0,0,0,0,2,0,0,0
0.6287179487179487	0.6333782660610322	0.6287179487179487	0.6077454791797297	0.394106003958654	0,0,3,3,0,0,0,1,41,21,0,0,0,1,438,228,6,0,0,1,142,654,47,0,0,0,16,167,124,0,0,0,1,31,16,9
0.6410256410256411	0.6558884471997348	0.6410256410256411	0.6211354426022967	0.3956454805366175	0,0,3,2,0,0,0,0,2,41,19,0,0,0,0,0,471,186,4,0,0,0,0,160,641,49,1,0,0,0,10,181,125,1,0,0,0,1,22,18,11,0,0,0,0,0,2,0,0
0.6194871794871795	0.6531658902010858	0.6194871794871795	0.5979390424501011	0.38948757422476354	0,0,2,1,0,0,0,0,2,32,30,0,0,0,0,0,434,233,6,0,0,0,0,146,638,34,1,0,0,0,9,195,126,0,0,0,0,0,35,16,8,0,0,0,0,1,1,0,0
0.6189743589743589	0.6306214748803979	0.6189743589743589	0.5956410542411913	0.3795909390807125	0,0,4,4,1,0,0,0,1,43,26,0,0,0,0,0,418,232,5,0,0,0,1,149,652,41,0,0,0,0,11,176,129,0,0,0,0,0,32,17,7,0,0,0,0,1,0,0,0
0.6276923076923077	0.633151829770602	0.6276923076923077	0.6041544059305304	0.3886078733230701	0,0,3,2,0,0,0,0,2,47,28,2,0,0,0,1,440,220,6,0,0,0,1,155,655,34,0,0,0,0,16,164,120,1,0,0,0,1,27,17,7,0,0,0,0,1,0,0,0
0.6087179487179487	0.6212807738829196	0.6087179487179487	0.5856175390874038	0.3846492192654497	0,0,5,6,0,0,0,0,1,31,25,0,0,0,0,1,426,207,9,0,0,0,0,159,630,49,0,0,0,0,7,203,120,0,0,0,0,0,44,15,10,0,0,0,0,2,0,0,0
0.6256410256410256	0.6347283832582599	0.6256410256410256	0.6000408397103123	0.3745326588959754	0,0,3,9,0,0,0,0,2,40,26,2,0,0,0,1,442,177,9,0,0,0,0,146,640,62,0,0,0,0,11,189,132,0,0,0,0,4,35,15,4,0,0,0,0,0,1,0,0
0.6235897435897436	0.6357095043427857	0.6235897435897436	0.6030449794203642	0.3857488453925665	0,0,2,0,0,0,0,0,1,29,21,0,0,0,0,1,445,216,4,0,0,0,0,153,638,48,0,0,0,0,13,194,125,0,0,0,0,1,29,20,7,0,0,0,0,2,1,0,0
0.6076923076923076	0.6310416177742049	0.6076923076923076	0.5882614237729425	0.38552892016714313	0,0,4,3,0,0,0,0,1,29,23,0,0,0,0,0,429,190,7,0,0,0,0,195,606,52,0,0,0,0,9,194,138,0,0,0,0,0,37,20,11,0,0,0,0,1,1,0,0
0.6133333333333333	0.6157722247280776	0.6133333333333333	0.5879140283844233	0.381130415658676	0,0,3,4,0,0,0,0,1,40,25,0,0,0,0,3,428,206,4,0,0,0,0,166,641,44,0,0,0,0,6,182,119,0,0,0,0,1,40,27,7,0,0,0,0,2,1,0,0
0.6092307692307692	0.6231157681515829	0.6092307692307692	0.5840887452630331	0.38398944358917964	0,0,1,5,0,0,0,0,4,43,20,1,0,0,0,2,408,240,1,1,0,0,0,144,656,43,0,0,0,0,13,188,117,0,0,0,0,0,41,18,3,0,0,0,0,0,1,0,0
0.6087179487179487	0.62795494747292	0.6087179487179487	0.5861211691013417	0.3826698922366395	0,0,3,6,0,0,0,0,1,48,25,0,0,0,0,0,433,193,6,1,0,0,0,193,614,47,1,0,0,0,11,178,131,1,0,0,0,0,36,12,8,0,0,0,0,0,2,0,0
0.6251282051282051	0.6515130924182937	0.6251282051282051	0.6029830377837905	0.3908071255773037	0,0,0,4,0,0,0,1,36,21,1,0,2,0,449,192,5,0,0,0,178,640,41,0,0,0,4,194,123,0,0,0,0,35,18,6
0.6266666666666667	0.6396267030092465	0.6266666666666667	0.6064792940368333	0.3751924345722454	0,0,3,5,0,0,0,0,3,39,21,0,0,0,0,1,433,208,6,0,0,0,1,160,644,46,0,0,0,0,3,187,136,0,0,0,0,1,31,15,6,0,0,0,0,0,1,0,0
0.6276923076923077	0.6339289907361657	0.6276923076923077	0.6059222778223272	0.38992742467561026	0,0,3,3,0,0,0,1,37,23,2,0,0,2,426,211,3,0,0,0,168,663,35,0,0,0,5,185,126,0,0,0,0,30,19,8
0.6261538461538462	0.6254247886931996	0.6261538461538462	0.6018299427076825	0.3921266769298438	0,0,6,8,0,0,0,0,1,40,19,2,0,0,0,2,442,194,5,0,0,0,0,147,646,53,0,0,0,0,4,197,126,0,0,0,0,0,31,19,6,0,0,0,0,0,2,0,0
0.615897435897436	0.6409728089754212	0.615897435897436	0.5918178833525785	0.3831097426874862	0,0,5,6,0,0,0,0,3,41,29,0,0,0,0,0,447,198,5,0,0,0,0,164,621,46,0,0,0,0,9,188,121,0,0,0,0,0,34,20,9,0,0,0,0,3,1,0,0
0.6066666666666667	0.6098707595810929	0.6066666666666667	0.5841739422762422	0.37981086430613586	0,0,2,4,0,0,0,0,0,35,21,1,0,0,0,3,434,244,4,0,0,0,0,150,628,48,0,0,0,0,7,187,114,0,0,0,0,0,41,19,7,0,0,0,0,0,1,0,0
0.6343589743589744	0.6447027837023611	0.6343589743589744	0.6080930632236576	0.38794809764680005	0,0,4,6,0,0,0,0,2,42,21,1,0,0,0,1,455,181,7,0,0,0,0,138,651,53,0,0,0,0,10,187,124,0,0,0,0,0,36,25,5,0,0,0,0,1,0,0,0
0.6353846153846154	0.6415139361658954	0.6353846153846154	0.6140008886238584	0.3835495931383329	0,0,8,3,0,0,0,3,31,22,4,0,0,2,420,188,2,0,0,1,154,669,50,0,0,0,7,181,138,0,0,0,0,34,24,9
0.6256410256410256	0.6503735784807727	0.6256410256410256	0.6032313967664744	0.3853089949417198	0,0,3,7,0,0,0,0,1,47,23,0,0,0,0,0,424,196,3,0,0,0,0,175,646,43,0,0,0,0,11,172,140,0,0,0,0,0,31,16,9,0,0,0,0,2,1,0,0
0.6266666666666667	0.6163136684673368	0.6266666666666667	0.6025218971553615	0.39036727512645697	0,0,4,6,0,0,0,0,0,46,23,1,0,0,0,2,427,228,6,0,0,0,1,129,668,46,0,0,0,0,7,186,119,0,0,0,0,0,21,21,8,0,0,0,0,1,0,0,0
0.6446153846153846	0.6557350114555598	0.6446153846153846	0.6274664402685188	0.3881680228722234	0,1,7,4,0,0,0,0,3,36,19,1,0,0,0,0,423,204,4,0,0,0,0,162,674,42,0,0,0,0,6,167,143,0,0,0,0,0,24,13,14,0,0,0,0,2,1,0,0
0.6051282051282051	0.6159355016782281	0.6051282051282051	0.5821217990815261	0.3716736309654718	0,0,9,2,0,0,0,3,39,24,2,0,0,3,403,228,7,0,0,0,158,640,40,0,0,0,11,195,128,1,0,0,0,38,13,6
