accuracy	precision	recall	f1	oob	confMatrxVars
0.6841025641025641	0.6857791299637522	0.6841025641025641	0.6708071732716387	0.34308335166043546	0,0,5,3,0,0,0,0,5,32,20,0,0,0,0,2,469,163,1,1,0,0,1,134,666,54,0,0,0,0,7,149,172,1,0,0,0,1,16,24,22,0,0,0,0,0,2,0,0
0.683076923076923	0.6932349467761555	0.683076923076923	0.6725359240691606	0.348361557070596	0,1,5,3,0,0,0,0,12,26,24,1,0,0,1,2,448,191,5,0,0,0,0,111,674,58,0,0,0,1,8,140,180,1,0,0,0,1,21,17,18,0,0,0,0,1,0,0,0
0.6523076923076923	0.6572404956327559	0.6523076923076923	0.6373081228724939	0.3296679129096107	0,1,4,1,0,0,0,0,8,29,27,2,0,0,0,3,436,180,6,0,0,0,0,157,662,48,0,0,0,0,12,159,151,2,0,0,0,0,25,18,15,0,0,0,1,2,1,0,0
0.6712820512820513	0.6799519594032702	0.6712820512820513	0.6576835803106286	0.3424235759841654	0,0,5,3,0,0,0,0,9,36,25,1,0,0,0,1,466,167,5,1,0,0,0,146,651,56,1,0,0,0,12,135,161,1,0,0,0,0,20,24,22,0,0,0,0,1,1,0,0
0.661025641025641	0.6714914817417535	0.661025641025641	0.644523281793055	0.3369254453485815	0,0,3,6,0,0,0,0,6,45,19,1,0,0,0,1,468,177,5,0,0,0,0,143,652,53,1,0,0,0,5,156,144,0,0,0,0,0,21,23,19,0,0,0,0,1,1,0,0
0.6825641025641026	0.6875688371659406	0.6825641025641026	0.6683726698826248	0.34462282823839896	0,0,8,4,0,0,0,0,8,34,19,1,0,0,0,0,442,163,7,0,0,0,1,135,691,61,1,0,0,0,11,125,173,1,0,0,0,1,25,19,17,0,0,0,0,1,2,0,0
0.6728205128205128	0.6784000769553701	0.6728205128205128	0.6597029357668535	0.34374312733670553	0,1,7,1,0,0,0,0,6,43,15,0,0,0,0,1,443,185,3,0,0,0,0,134,670,52,3,0,0,0,11,153,171,0,0,0,0,1,14,12,22,0,0,0,0,1,1,0,0
0.6851282051282052	0.6828571881370997	0.6851282051282052	0.6727176611573291	0.3419837255333187	0,0,5,4,0,0,0,1,6,40,21,2,0,0,2,3,478,167,4,0,0,0,2,117,653,66,2,0,0,0,10,134,175,2,0,0,0,2,16,13,24,0,0,0,0,1,0,0,0
0.661025641025641	0.6683420104382786	0.661025641025641	0.6454736433390069	0.3404442489553552	0,1,7,9,0,0,0,0,6,40,20,1,0,0,0,1,437,201,6,0,0,0,0,126,656,51,2,0,0,0,10,147,173,0,0,0,0,1,25,10,17,0,0,0,0,0,3,0,0
0.6692307692307692	0.6781996590392438	0.6692307692307692	0.6596092930195838	0.3494611831977128	0,0,0,6,0,0,0,0,10,21,24,1,0,0,0,3,439,168,8,0,0,0,0,154,658,61,0,0,0,0,6,151,179,0,0,0,0,0,22,19,19,0,0,0,0,0,1,0,0
0.6943589743589743	0.7000144687488087	0.6943589743589743	0.6807147802867756	0.3408840994062019	0,0,3,6,0,0,0,0,9,29,26,0,0,0,0,2,484,153,5,0,0,0,1,131,666,44,0,0,0,0,11,136,176,2,0,0,0,1,25,18,19,0,0,0,0,1,2,0,0
0.661025641025641	0.6740823741577714	0.661025641025641	0.6509787513983415	0.33604574444688806	0,0,4,4,0,0,0,0,7,29,20,1,0,0,0,1,463,204,3,0,0,0,0,145,624,54,1,0,0,0,8,151,174,2,0,0,0,0,18,15,21,0,0,0,0,0,1,0,0
0.6425641025641026	0.6484524131448389	0.6425641025641026	0.6261906828239587	0.32702881020453045	0,0,7,6,0,0,0,0,5,38,20,0,0,0,0,4,408,194,8,0,0,0,2,140,650,47,0,0,0,0,10,173,176,0,0,0,0,0,26,20,14,0,0,0,0,1,1,0,0
0.6743589743589744	0.6734029683300112	0.6743589743589744	0.6631096603404523	0.3413239498570486	0,0,4,2,0,0,0,1,11,32,19,0,0,0,0,1,481,173,6,1,0,0,4,140,659,59,2,0,0,0,11,136,146,3,0,0,0,0,23,14,18,0,0,0,0,2,2,0,0
0.6866666666666666	0.6927033726769056	0.6866666666666666	0.6733322493285625	0.3408840994062019	0,1,6,3,0,0,0,0,9,35,27,0,0,0,0,1,455,172,4,0,0,0,1,136,678,45,0,0,0,0,13,123,173,1,0,0,0,1,20,20,24,0,0,0,1,0,1,0,0
0.6723076923076923	0.676273918050312	0.6723076923076923	0.6592966543642215	0.34616230481636245	0,0,6,4,0,0,0,5,29,22,1,0,0,2,457,157,7,0,0,1,167,662,49,1,0,0,9,142,167,0,0,0,0,30,12,20
0.6707692307692308	0.6703043568929629	0.6707692307692308	0.6590667118946736	0.34154387508247197	0,3,5,2,0,0,0,7,36,16,1,0,0,4,472,186,1,0,0,0,156,651,55,0,0,0,4,135,163,1,0,0,0,18,19,15
0.6723076923076923	0.6778395461588814	0.6723076923076923	0.6583578348628989	0.3435232021112822	0,0,3,3,0,0,0,0,7,40,18,0,0,0,0,1,443,152,4,0,0,0,1,149,661,50,1,0,0,2,16,156,183,1,0,0,0,0,26,15,17,0,0,0,0,1,0,0,0
0.6635897435897435	0.6720467829652106	0.6635897435897435	0.6490051216471906	0.3364855948977348	0,0,3,4,0,0,0,1,4,35,21,1,0,0,0,2,487,192,4,0,0,0,1,129,627,49,1,0,0,0,9,156,158,1,0,0,0,0,29,17,18,0,0,0,0,0,1,0,0
0.6646153846153846	0.6737931335741987	0.6646153846153846	0.6513883681157687	0.32856828678249395	0,0,4,2,0,0,0,0,5,34,25,2,0,0,0,1,456,186,5,1,0,0,1,135,640,57,2,0,0,0,7,142,168,0,0,0,0,0,30,19,27,0,0,0,0,1,0,0,0
0.6676923076923077	0.6775582970052915	0.6676923076923077	0.6546951853009105	0.34726193094347924	0,1,4,2,0,0,0,0,5,35,19,0,0,0,0,3,451,192,3,0,0,0,2,125,657,39,1,0,0,1,8,179,170,1,0,0,0,0,24,8,19,0,0,0,0,0,1,0,0
0.6651282051282051	0.6791974797085859	0.6651282051282051	0.6532485777892065	0.3369254453485815	0,0,2,3,0,0,0,0,8,38,20,2,0,0,0,1,436,191,5,0,0,0,1,138,649,51,0,0,0,0,7,147,177,0,0,0,0,0,21,25,27,0,0,0,0,0,1,0,0
0.6851282051282052	0.6865070801786491	0.6851282051282052	0.6755765848559485	0.3518803606773697	0,0,6,4,0,0,0,1,8,31,15,0,0,0,0,6,442,185,5,0,0,0,0,133,682,58,0,0,0,0,6,127,181,1,0,0,0,0,19,16,23,0,0,0,0,0,1,0,0
0.66	0.6730058411888309	0.66	0.6441964079178939	0.3342863426435012	0,0,5,6,0,0,0,0,8,44,18,1,0,0,0,1,451,181,3,0,0,0,0,129,650,59,0,0,0,0,5,168,163,1,0,0,0,1,20,20,15,0,0,0,0,1,0,0,0
0.6743589743589744	0.6826555286544581	0.6743589743589744	0.6618400997637389	0.34374312733670553	0,0,6,1,0,0,0,8,33,28,0,0,0,2,457,200,2,0,0,0,123,662,59,2,0,0,3,133,171,3,0,0,2,18,20,17
