accuracy	precision	recall	f1	oob	confMatrxVars
0.6748717948717948	0.680385860256445	0.6748717948717948	0.6626357393281985	0.34506267868924567	0,1,1,4,0,0,0,5,32,20,1,0,0,1,463,182,5,0,0,0,135,653,54,2,0,0,9,140,172,3,0,0,1,22,21,23
0.6676923076923077	0.6795480088793684	0.6676923076923077	0.6530554163284868	0.3397844732790851	0,0,5,3,1,0,0,1,6,33,24,2,0,0,0,1,450,183,4,1,0,0,1,143,656,33,1,0,0,0,8,160,170,1,0,0,0,2,21,19,20,0,0,0,0,0,1,0,0
0.6758974358974359	0.6865711985829831	0.6758974358974359	0.6620248743748107	0.3364855948977348	0,0,4,0,0,0,0,0,4,29,28,0,0,0,0,2,455,183,9,0,0,0,0,117,666,48,0,0,0,0,12,159,170,1,0,0,0,1,20,18,23,0,0,0,0,1,0,0,0
0.6738461538461539	0.6843215674506018	0.6738461538461539	0.6603601722895526	0.3342863426435012	0,0,7,4,0,1,0,0,9,38,25,1,0,0,0,0,435,179,5,0,0,0,0,136,668,59,1,0,0,0,10,130,179,2,0,0,0,0,20,14,23,0,0,0,0,3,1,0,0
0.6841025641025641	0.6876299564269431	0.6841025641025641	0.6720356010827325	0.3468220804926325	0,0,2,4,0,0,0,0,8,34,18,2,0,0,0,2,479,171,3,0,0,0,2,130,667,58,1,0,0,0,7,137,159,1,0,0,0,0,25,17,21,0,0,0,0,1,1,0,0
0.6666666666666666	0.6783650952762708	0.6666666666666666	0.6566739283695638	0.33670552012315813	0,0,4,1,0,0,0,0,8,29,24,1,0,0,0,2,452,203,5,0,0,0,0,142,643,56,1,0,0,0,8,130,172,1,0,0,0,0,24,18,25,0,0,0,0,1,0,0,0
0.6738461538461539	0.6774022773002701	0.6738461538461539	0.658006699644386	0.3378051462502749	0,0,1,4,0,0,0,0,4,45,22,0,0,0,0,2,482,150,1,0,0,0,0,154,649,63,1,0,0,0,9,144,161,0,0,0,0,1,26,11,18,0,0,0,0,1,1,0,0
0.6887179487179487	0.6917601188437995	0.6887179487179487	0.6735540300034021	0.34154387508247197	0,0,3,6,1,0,0,1,7,43,20,0,0,0,0,3,463,144,4,0,0,0,0,139,672,50,0,0,0,0,10,133,178,2,0,0,0,1,25,20,23,0,0,0,0,1,1,0,0
0.6558974358974359	0.6656314212218819	0.6558974358974359	0.6421168843065244	0.3329667912909611	0,0,3,3,1,0,0,8,41,18,0,0,0,4,430,207,1,0,0,0,133,661,47,2,0,0,7,152,158,1,0,0,1,27,23,22
0.6651282051282051	0.66205946567928	0.6651282051282051	0.645447514020705	0.329228062458764	0,1,5,3,0,0,0,0,4,50,25,1,0,0,0,1,473,159,0,0,0,0,1,139,649,55,1,0,0,0,12,157,157,3,0,0,0,1,21,15,14,0,0,0,0,2,1,0,0
0.6738461538461539	0.6745130587651127	0.6738461538461539	0.6628245396339317	0.34110402463162526	0,1,6,5,0,0,0,0,8,36,12,1,0,0,0,5,454,169,6,0,0,0,1,134,650,61,0,0,0,0,4,156,180,1,0,0,0,0,21,16,22,0,0,0,0,0,1,0,0
0.6492307692307693	0.6562946701515614	0.6492307692307693	0.6362169941116468	0.34506267868924567	0,1,5,4,0,0,0,0,8,36,25,1,0,0,0,1,443,202,6,1,0,0,1,152,637,47,2,0,0,0,6,158,159,1,0,0,0,0,15,19,19,0,0,0,0,0,1,0,0
0.6543589743589744	0.6601777354331444	0.6543589743589744	0.6377429760721013	0.3349461183197713	0,0,8,4,0,0,1,6,40,31,0,0,0,2,455,169,5,0,0,1,148,630,58,0,0,0,11,147,166,2,0,0,0,31,16,19
0.6543589743589744	0.6546992695930369	0.6543589743589744	0.6393643968380973	0.32658895975368374	0,0,6,5,0,0,0,0,5,42,22,0,0,0,0,2,451,186,4,0,0,0,1,159,643,65,0,0,0,0,13,120,159,2,0,0,0,1,25,19,18,0,0,0,0,0,2,0,0
0.6661538461538462	0.6742955798081803	0.6661538461538462	0.6547305292469139	0.3283483615570706	0,0,4,6,0,0,0,0,9,37,15,1,0,0,0,1,457,178,6,0,0,0,1,158,643,48,0,0,0,0,12,141,165,2,0,0,0,0,21,19,25,0,0,0,0,1,0,0,0
0.662051282051282	0.6688711103763316	0.662051282051282	0.6498403186231038	0.3413239498570486	0,1,6,1,0,0,0,0,7,29,22,0,0,0,0,0,446,160,6,0,0,0,1,150,648,74,0,0,0,0,9,158,171,0,0,0,0,1,24,15,19,0,0,0,0,1,1,0,0
0.6692307692307692	0.6732958306641433	0.6692307692307692	0.6550415590298092	0.3307675390367275	0,1,2,3,0,0,0,0,7,43,17,0,0,0,0,1,462,179,5,0,0,0,3,146,666,40,1,0,0,0,7,157,152,1,0,0,0,1,20,17,18,0,0,0,0,0,1,0,0
0.6728205128205128	0.6825221542046004	0.6728205128205128	0.6622930904686762	0.33252694084011436	0,0,4,4,0,0,0,0,10,42,15,1,0,0,0,2,434,195,6,0,0,0,0,146,672,58,0,0,0,0,12,116,173,0,0,0,0,1,26,9,23,0,0,0,0,0,1,0,0
0.6641025641025641	0.671519674829632	0.6641025641025641	0.6532955864684042	0.33516604354519464	0,0,4,3,0,0,0,8,30,23,1,0,0,2,445,201,3,0,0,3,144,645,48,1,0,0,6,146,178,0,0,0,0,13,27,19
0.6502564102564102	0.6570035511797637	0.6502564102564102	0.6360912520518794	0.3252694084011436	0,1,6,4,1,0,0,0,6,44,20,0,0,0,0,1,422,196,6,0,0,0,0,154,648,59,1,0,0,0,7,137,171,1,0,0,0,1,25,17,21,0,0,0,0,0,1,0,0
0.6666666666666666	0.672152540413873	0.6666666666666666	0.6545296646300337	0.33318671651638443	0,0,6,3,0,0,1,10,35,16,1,0,0,2,442,193,5,0,0,0,137,667,59,1,0,0,7,136,166,4,0,0,0,23,21,15
0.6717948717948717	0.6880885841874853	0.6717948717948717	0.657705224025044	0.34022432372993183	0,0,3,4,0,0,0,1,6,41,21,1,0,0,0,2,456,195,4,0,0,0,0,125,656,39,1,0,0,0,11,152,169,0,0,0,0,0,28,10,23,0,0,0,1,0,1,0,0
0.6625641025641026	0.6721910860537234	0.6625641025641026	0.6505642529600064	0.33318671651638443	0,1,4,4,0,0,0,0,10,36,18,3,0,0,0,0,457,191,4,1,0,0,0,146,646,61,2,0,0,0,9,138,163,0,0,0,0,0,25,14,16,0,0,0,0,0,1,0,0
0.6451282051282051	0.6490386496540331	0.6451282051282051	0.6348017729774553	0.33406641741807785	0,1,4,4,0,0,0,1,8,31,11,2,0,0,0,3,443,189,4,0,0,0,1,175,625,64,0,0,0,0,16,135,160,1,0,0,0,1,33,12,22,0,0,0,0,1,3,0,0
0.6861538461538461	0.6956993611594994	0.6861538461538461	0.6745718367365561	0.33868484715196834	0,1,3,4,0,0,0,0,10,30,19,1,0,0,0,0,477,185,3,0,0,0,1,133,667,48,1,0,0,0,10,131,168,0,0,0,0,2,21,17,16,0,0,0,0,1,1,0,0
