accuracy	precision	recall	f1	oob	confMatrxVars
0.6651282051282051	0.6722667270074513	0.6651282051282051	0.6530604035308646	0.3397844732790851	0,0,5,7,0,0,0,7,33,17,1,0,0,2,454,194,5,0,0,0,149,658,47,0,0,0,8,151,157,2,0,0,0,15,17,21
0.6615384615384615	0.6762745048996485	0.6615384615384615	0.64558727834218	0.33802507147569827	0,0,5,3,0,0,0,0,4,32,18,0,0,0,0,1,465,182,4,0,0,0,0,139,658,43,0,0,0,0,5,174,139,2,0,0,0,1,37,12,24,0,0,0,0,1,1,0,0
0.6846153846153846	0.6901069943789203	0.6846153846153846	0.6694639854595114	0.3503408840994062	0,1,3,2,0,0,0,0,5,48,16,0,0,0,0,1,475,168,6,0,0,0,1,125,664,51,0,0,0,0,6,143,171,0,0,0,0,1,25,16,20,0,0,0,0,1,1,0,0
0.6717948717948717	0.6835311975586841	0.6717948717948717	0.6549840103002312	0.3433032768858588	0,0,3,5,1,0,0,0,5,39,24,1,0,0,0,1,450,187,4,0,0,0,0,125,670,51,0,0,0,0,12,144,173,1,0,0,0,0,22,19,12,0,0,0,0,0,1,0,0
0.6805128205128205	0.6956417737771515	0.6805128205128205	0.6674906574120635	0.3470420057180559	0,0,4,5,1,0,0,0,6,30,24,0,0,0,2,0,453,183,5,0,0,0,0,127,687,60,0,0,0,0,7,133,161,0,0,0,0,1,24,16,20,0,0,0,0,0,1,0,0
0.6723076923076923	0.6803839322649823	0.6723076923076923	0.6565414322497515	0.3408840994062019	0,1,6,3,0,0,0,0,5,37,23,1,0,0,0,1,457,180,3,0,0,0,0,131,670,50,0,0,0,0,4,157,161,1,0,0,0,1,24,14,18,0,0,0,0,1,1,0,0
0.6774358974358974	0.6824057252799633	0.6774358974358974	0.6589884803425846	0.3435232021112822	0,0,3,4,0,0,0,1,2,43,18,1,0,0,0,1,486,158,2,1,0,0,0,146,665,37,2,0,0,0,9,160,153,2,0,0,0,1,26,13,15,0,0,0,0,1,0,0,0
0.6630769230769231	0.6733668393341699	0.6630769230769231	0.650549612587685	0.34110402463162526	0,1,2,0,0,0,0,1,9,39,18,1,0,0,2,2,448,189,2,0,0,0,1,134,662,57,0,0,0,0,2,162,158,1,0,0,0,0,26,13,16,0,0,0,0,3,1,0,0
0.6676923076923077	0.6782271824206738	0.6676923076923077	0.6508299784772196	0.3459423795909391	0,0,7,5,0,0,0,1,5,36,23,0,0,0,0,1,455,188,5,0,0,0,0,129,670,47,1,0,0,0,12,144,155,1,0,0,0,0,27,20,17,0,0,0,0,0,1,0,0
0.6661538461538462	0.6600948653957727	0.6661538461538462	0.6498688837150481	0.3435232021112822	0,0,6,8,0,0,0,0,3,40,21,0,0,0,0,4,453,183,5,0,0,0,2,117,659,61,1,0,0,0,12,148,165,0,0,0,0,0,18,23,19,0,0,0,0,1,1,0,0
0.6794871794871795	0.6947152866411351	0.6794871794871795	0.6642012042913052	0.3474818561689026	0,0,9,1,1,0,0,0,6,45,20,0,0,0,0,0,457,179,1,0,0,0,0,134,673,50,0,0,0,0,3,143,169,1,0,0,0,0,19,18,20,0,0,0,0,1,0,0,0
0.662051282051282	0.6759115242448513	0.662051282051282	0.6441424886163272	0.3349461183197713	0,0,7,2,1,0,0,1,4,36,16,2,0,0,0,0,452,162,7,0,0,0,0,152,660,45,1,0,0,0,10,161,160,1,0,0,0,0,31,22,15,0,0,0,0,2,0,0,0
0.6579487179487179	0.6602805886324636	0.6579487179487179	0.6446140253015785	0.335385968770618	0,1,4,3,0,0,0,0,7,35,17,2,0,0,0,2,439,195,5,0,0,0,2,140,665,61,0,0,0,0,8,147,158,2,0,0,0,1,26,15,14,0,0,0,0,1,0,0,0
0.6517948717948718	0.6657352643747957	0.6517948717948718	0.6357063852795026	0.3373652957994282	0,0,3,2,0,0,1,3,37,30,0,0,0,1,436,199,7,0,0,0,138,647,58,0,0,0,6,148,168,1,0,0,1,26,21,17
0.6687179487179488	0.6805051456014171	0.6687179487179488	0.6538115872635392	0.3413239498570486	0,0,8,2,0,0,0,0,8,32,19,0,0,0,0,1,469,183,3,1,0,0,2,138,660,34,1,0,0,0,6,169,150,0,0,0,0,1,26,19,17,0,0,0,0,1,0,0,0
0.6728205128205128	0.6780078475255419	0.6728205128205128	0.6556659065222056	0.33670552012315813	0,0,4,4,0,0,0,1,2,40,18,1,0,0,0,1,455,156,1,0,0,0,1,145,673,45,0,0,0,0,2,177,162,0,0,0,0,0,28,13,20,0,0,0,0,0,1,0,0
0.6682051282051282	0.6734568147257702	0.6682051282051282	0.6507482910515829	0.3378051462502749	0,0,5,5,0,0,0,0,4,41,30,0,0,0,0,1,442,195,8,0,0,0,2,127,673,43,0,0,0,0,11,140,170,0,0,0,0,0,21,16,14,0,0,0,0,1,1,0,0
0.6923076923076923	0.693061762024416	0.6923076923076923	0.6768236928582252	0.3428634264350121	0,1,7,4,0,0,0,0,4,35,13,0,0,0,0,5,463,167,5,0,0,0,0,124,705,37,0,0,0,0,6,161,167,0,0,0,0,0,19,15,11,0,0,0,0,0,1,0,0
0.6517948717948718	0.6653444548832304	0.6517948717948718	0.6356288620017727	0.33956454805366176	0,0,4,4,0,0,0,0,7,37,22,2,0,0,0,0,468,186,9,0,0,0,1,149,625,41,0,0,0,0,14,160,159,4,0,0,0,3,30,10,12,0,0,0,0,2,1,0,0
0.6548717948717949	0.6624770840619897	0.6548717948717949	0.6392773356008247	0.33450626786892457	0,1,5,3,0,0,0,0,7,44,19,2,0,0,0,2,429,193,7,0,0,0,0,143,663,46,0,0,0,1,9,152,161,1,0,0,0,0,30,14,17,0,0,0,0,0,1,0,0
0.6682051282051282	0.6729443085456277	0.6682051282051282	0.6547185751377479	0.3435232021112822	0,0,6,8,0,0,0,11,39,11,2,0,0,2,458,180,5,0,0,0,153,681,50,0,0,0,9,139,135,2,0,0,0,25,16,18
0.6805128205128205	0.6893280721697382	0.6805128205128205	0.6660095044461106	0.34418297778755225	0,0,6,2,0,0,1,6,30,21,0,0,0,1,471,151,7,0,0,0,159,680,49,1,0,0,7,147,158,0,0,0,0,28,13,12
0.68	0.6826916388551921	0.68	0.6663631228684088	0.3389047723773917	0,0,8,4,1,0,0,6,36,16,0,0,0,2,482,151,4,0,0,0,154,651,54,0,0,0,11,145,169,2,0,0,0,21,15,18
0.6784615384615384	0.6809680839166163	0.6784615384615384	0.6633284666339996	0.33318671651638443	0,0,4,4,0,0,0,1,3,39,22,1,0,0,2,2,472,159,4,1,0,0,0,127,658,63,1,0,0,0,3,155,172,0,0,0,0,0,24,14,18,0,0,0,0,1,0,0,0
0.6656410256410257	0.6822614662604874	0.6656410256410257	0.6505002527577826	0.33318671651638443	0,0,3,2,0,0,0,1,6,44,18,1,0,0,0,0,477,196,3,0,0,0,2,155,650,32,0,0,0,0,8,148,154,0,0,0,0,0,25,13,11,0,0,0,0,1,0,0,0
