accuracy	precision	recall	f1	oob	confMatrxVars
0.5384615384615384	0.5017776051792606	0.5384615384615384	0.4913175099364956	0.43677149769078516	0,0,6,8,0,0,0,0,0,33,35,0,0,0,0,0,373,266,1,0,0,0,0,179,637,29,0,0,0,0,12,270,40,0,0,0,0,0,48,12,0,0,0,0,0,1,0,0,0
0.5564102564102564	0.5376551824920193	0.5564102564102564	0.5155548384457915	0.4490873103144931	0,0,4,4,0,0,0,0,0,28,37,1,0,0,0,0,416,265,1,0,0,0,0,191,624,21,0,0,0,0,7,263,45,0,0,0,0,0,33,9,0,0,0,0,0,1,0,0,0
0.5579487179487179	0.5367806933559441	0.5579487179487179	0.5138989933574907	0.44380910490433256	0,0,3,4,0,0,0,0,38,29,0,0,0,0,380,272,2,0,0,0,155,654,23,0,0,0,18,262,54,0,0,0,0,44,12,0
0.5605128205128205	0.5243349220899582	0.5605128205128205	0.512634861227798	0.4442489553551793	0,0,3,3,0,0,0,0,0,31,31,0,0,0,0,0,400,230,3,0,0,0,0,196,655,17,0,0,0,0,11,269,38,0,0,0,0,0,48,14,0,0,0,0,0,1,0,0,0
0.5420512820512821	0.5074564245326584	0.5420512820512821	0.4987891376822412	0.44292940400263914	0,0,5,3,0,0,0,0,0,26,37,2,0,0,0,0,377,275,3,0,0,0,0,160,634,37,0,0,0,0,9,276,46,0,0,0,0,0,44,14,0,0,0,0,0,0,2,0,0
0.5415384615384615	0.5267237082517685	0.5415384615384615	0.48988996712078586	0.44336925445348585	0,0,6,3,0,0,0,0,0,33,33,0,0,0,0,0,362,299,1,0,0,0,0,164,662,11,0,0,0,0,15,273,32,0,0,0,0,0,46,9,0,0,0,0,0,1,0,0,0
0.5379487179487179	0.5100427057397993	0.5379487179487179	0.48994580454095427	0.4321530679568947	0,0,7,2,0,0,0,0,0,41,32,0,0,0,0,0,409,230,0,0,0,0,0,223,603,21,0,0,0,0,10,284,37,0,0,0,0,0,43,7,0,0,0,0,0,1,0,0,0
0.5625641025641026	0.5349749567734682	0.5625641025641026	0.5178695246729651	0.4482076094127997	0,0,3,5,0,0,0,0,34,32,0,0,0,0,401,253,0,0,0,0,172,650,24,0,0,0,12,260,46,0,0,0,0,47,11,0
0.5753846153846154	0.5570736587394312	0.5753846153846154	0.525162489100086	0.4556850670771938	0,0,6,4,0,0,0,0,0,34,25,0,0,0,0,0,428,211,1,0,0,0,0,188,656,14,0,0,0,0,14,279,38,0,0,0,0,0,46,5,0,0,0,0,0,1,0,0,0
0.5528205128205128	0.5214865008896157	0.5528205128205128	0.5086845976032326	0.45348581482296024	0,0,7,5,0,0,0,0,0,28,34,0,0,0,0,0,371,244,0,0,0,0,0,185,657,32,0,0,0,0,13,265,50,0,0,0,0,1,50,7,0,0,0,0,0,0,1,0,0
0.5882051282051282	0.5523362054865731	0.5882051282051282	0.5463794967635588	0.4556850670771938	0,0,6,3,0,0,0,0,0,31,27,0,0,0,0,0,428,215,0,0,0,0,0,180,668,29,0,0,0,0,7,242,51,0,0,0,0,0,52,10,0,0,0,0,0,1,0,0,0
0.5374358974358975	0.52653720353972	0.5374358974358975	0.4931192608494211	0.4407301517484056	0,0,3,4,0,0,0,0,0,38,35,0,0,0,0,0,379,265,1,0,0,0,0,202,619,14,0,0,0,0,17,268,50,0,0,0,0,0,46,7,0,0,0,0,0,0,2,0,0
0.5533333333333333	0.5230296335821424	0.5533333333333333	0.5103874509943912	0.44446888058060263	0,0,2,6,0,0,0,0,0,39,36,0,0,0,0,0,375,269,3,0,0,0,0,169,655,31,0,0,0,0,10,255,49,0,0,0,0,0,42,7,0,0,0,0,0,1,1,0,0
0.56	0.5169026106014222	0.56	0.5173355334458337	0.4482076094127997	0,0,4,6,0,0,0,0,33,26,2,0,0,0,388,226,1,0,0,0,197,655,35,0,0,0,20,248,49,0,0,0,0,47,13,0
0.5466666666666666	0.5133934353809987	0.5466666666666666	0.4980992958017048	0.4365515724653618	0,0,3,10,0,0,0,0,0,39,31,0,0,0,0,0,392,274,1,0,0,0,0,174,639,19,0,0,0,0,10,257,35,0,0,0,0,0,53,11,0,0,0,0,0,1,1,0,0
0.5502564102564103	0.5308362299424343	0.5502564102564103	0.499514320049308	0.45238618869584346	0,0,7,5,0,0,0,0,34,30,0,0,0,0,386,252,1,0,0,0,177,649,14,0,0,0,6,294,38,0,0,0,0,47,10,0
0.5517948717948717	0.532581289970713	0.5517948717948717	0.5072389588950125	0.44182977787552236	0,0,5,6,0,0,0,0,0,39,31,0,0,0,0,0,389,252,1,0,0,0,0,189,637,20,0,0,0,0,18,261,50,0,0,0,0,0,45,6,0,0,0,0,0,0,1,0,0
0.5564102564102564	0.5213443365358437	0.5564102564102564	0.5133933872254951	0.4455685067077194	0,0,5,7,0,0,0,0,0,35,25,1,0,0,0,0,404,234,2,0,0,0,0,198,631,26,0,0,0,0,10,255,50,0,0,0,0,0,54,11,0,0,0,0,0,1,1,0,0
0.5687179487179487	0.5395064319854078	0.5687179487179487	0.525519240182099	0.44446888058060263	0,0,5,4,0,0,0,0,38,37,0,0,0,0,407,253,0,0,0,0,169,648,19,0,0,0,10,247,54,0,0,0,0,41,18,0
0.5641025641025641	0.5330205543716663	0.5641025641025641	0.5177912488707515	0.4451286562568727	0,0,3,7,0,0,0,0,0,35,31,0,0,0,0,0,381,242,1,0,0,0,0,162,670,27,0,0,0,0,8,279,49,0,0,0,0,0,42,12,0,0,0,0,0,0,1,0,0
0.5425641025641026	0.5236852234542527	0.5425641025641026	0.4939265862050532	0.44644820760941284	0,0,5,2,0,0,0,0,0,25,33,1,0,0,0,0,379,271,1,0,0,0,0,188,643,12,0,0,0,0,8,280,36,0,0,0,0,0,53,10,0,0,0,0,0,2,1,0,0
0.5553846153846154	0.5295810375101714	0.5553846153846154	0.5136157202441489	0.44996701121618654	0,0,4,4,0,0,0,0,0,36,23,0,0,0,0,0,419,267,1,0,0,0,0,169,619,30,0,0,0,0,7,274,45,0,0,0,0,0,39,11,0,0,0,0,0,1,1,0,0
0.561025641025641	0.5376594700018729	0.561025641025641	0.5147933127165611	0.44930723553991647	0,0,4,5,0,0,0,0,0,25,32,0,0,0,0,0,392,260,1,0,0,0,0,174,659,14,0,0,0,0,11,267,43,0,0,0,0,0,46,15,0,0,0,0,0,1,1,0,0
0.5338461538461539	0.5105468483961256	0.5338461538461539	0.4839498049224675	0.43677149769078516	0,0,7,7,0,0,0,0,0,39,29,0,0,0,0,0,379,242,0,0,0,0,0,183,612,19,0,0,0,0,13,293,50,0,0,0,0,0,63,13,0,0,0,0,0,1,0,0,0
0.5661538461538461	0.550531180779625	0.5661538461538461	0.522072304299141	0.45194633824499675	0,0,6,5,0,0,0,0,0,35,21,0,0,0,0,0,400,248,0,0,0,0,0,195,656,10,0,0,0,0,10,251,48,0,0,0,0,0,52,9,0,0,0,0,0,2,2,0,0
