190	15	0.18206166797384868
190	9	0.18879728739940407
50	18	0.19245899218099727
170	20	0.1826581187612479
140	4	0.2880223522188352
40	16	0.1937148810084921
160	13	0.1828244277207297
130	15	0.18227174763516443
10	10	0.23820488747419266
200	5	0.24715455777643006
30	8	0.2050690230476309
110	6	0.22264983214138245
80	17	0.18620261942917934
90	19	0.1852732761898971
40	2	0.4657720325083765
30	19	0.19744238567239225
50	6	0.22671342577810655
1	12	1.0271698815051504
170	8	0.19396268275621317
100	2	0.45645029469819365
150	14	0.18259602626639815
70	11	0.1887003685674704
20	17	0.20879070627334195
100	12	0.1846018039006968
160	3	0.35291348150826096
90	16	0.18305674488125995
80	18	0.1858845716285078
30	7	0.21232953160043685
110	9	0.1897241080836851
80	4	0.29120801196858137
20	18	0.20993086604371838
20	3	0.3791068156097376
100	20	0.1849819972889075
50	9	0.19498242996765508
30	16	0.19802617907814268
110	13	0.18311974051783517
140	15	0.18239958796643538
170	7	0.20566370350374694
60	10	0.1907977819293368
1	20	1.051135009574853
200	13	0.18090635332259178
120	5	0.24781794024805226
180	2	0.45283688520763554
180	14	0.18031769733149322
70	1	0.6389644047972923
40	19	0.19460084388391377
60	5	0.24998959164373147
130	1	0.641805326922355
120	14	0.18293570606754792
50	17	0.1893500430688493
170	12	0.18095150934833323
190	6	0.22107611028770977
190	1	0.6396102177714511
170	15	0.18128173193929048
50	10	0.18994906426260122
120	13	0.18294578596909708
130	6	0.2209963760592404
10	8	0.2395294367027137
60	2	0.4585296467976573
10	18	0.26086044890966187
130	20	0.18299575884416036
150	8	0.19583972306514258
70	6	0.2241681187922948
190	20	0.1804900456545598
180	13	0.18155706605207894
180	5	0.24751479495348505
120	2	0.45620438461298707
200	14	0.18260780568478574
60	17	0.18767464882697238
140	12	0.1835912857092872
110	14	0.183623352917191
30	11	0.19544051316724217
20	4	0.30598989747116095
1	7	1.0112810219388684
80	3	0.3563748393105003
70	19	0.18770151351716685
90	7	0.2056760495523435
90	11	0.1843767449707885
160	4	0.2886885322616504
100	15	0.18360887066749998
20	10	0.20298360092958995
70	16	0.18595972815742126
150	13	0.18345342778123072
100	5	0.24945229775353642
1	8	1.0136332597002053
60	18	0.1872147458915374
1	15	1.0406461533830724
50	1	0.6372911754243118
140	20	0.18345170844726702
40	5	0.25356591746120044
90	8	0.19705051689861702
80	10	0.18825245036380395
110	1	0.6390841349170756
200	2	0.45673520188673605
10	17	0.25640247436472585
130	12	0.18456892379314904
160	14	0.1840392367597119
40	11	0.1932711074729726
140	3	0.3536082641688008
130	9	0.18988723926605913
10	7	0.24829784441084266
150	7	0.20650645335242954
70	9	0.19253984572366747
190	12	0.18351155287123944
70	7	0.20889875349545173
150	9	0.18978578903652873
180	4	0.2874601675986026
180	12	0.182231538285885
120	3	0.3546867119588705
200	15	0.18133706942204048
120	12	0.18359929317342313
170	14	0.180773716310425
50	11	0.1904932067809387
10	9	0.2348582558329705
130	7	0.2047263647026967
60	3	0.3553469041098942
10	19	0.2569031854217209
30	1	0.6414192561434998
90	6	0.22284227987065944
160	5	0.2478225753589446
90	10	0.1878438011119321
110	15	0.18456249466375355
30	10	0.19576140659436242
60	16	0.18687351042181372
170	1	0.6404348394707243
140	13	0.18269410852200585
1	6	1.021308090117262
150	20	0.18229351090286525
20	5	0.2614678189380702
70	18	0.186342116728298
80	2	0.4568290385633039
40	4	0.2978125091620478
90	9	0.19014654145559642
80	11	0.1862587719209029
70	17	0.18552809493727182
150	12	0.1831939776495181
100	14	0.18531376029504046
20	11	0.20234001176454353
100	4	0.28977122304222563
1	9	1.012155699426048
60	19	0.18754452495238894
1	14	1.0330932483240778
180	20	0.18200163778455303
70	8	0.1965267971740929
190	13	0.18058772243914098
150	6	0.22302604127742273
200	3	0.352622289212405
160	15	0.18274772905693287
40	10	0.19281303399644967
140	2	0.4576814983511259
10	16	0.2563910921625561
130	13	0.1818871445307794
120	20	0.18387596139957688
10	6	0.2658903448074611
130	8	0.19619166427914345
190	8	0.19673363718787537
50	19	0.18956935826164398
10	1	0.6799387987935092
130	14	0.1848424535210418
10	11	0.24111759948166747
140	5	0.2486426150899184
40	17	0.19160206349171388
160	12	0.18398605977373245
200	4	0.28743605085172325
150	1	0.6407661223349931
190	14	0.18104966763185312
200	20	0.1806929101859273
110	20	0.18299931663213265
1	13	1.0358225892755057
170	9	0.18858838824002067
30	18	0.19979102399810014
50	7	0.21000598077516142
100	3	0.3529998839400412
20	16	0.2088884298719174
100	13	0.18409396332372285
150	15	0.18159355151050005
70	10	0.18837492405828893
110	7	0.20507195060806704
30	9	0.19880762167876626
80	16	0.18599895436465583
90	18	0.18447970612745068
40	3	0.36132445856534096
80	5	0.2505849843330644
20	19	0.2114484076397571
20	2	0.4781807098339827
1	1	1.16669519704616
140	14	0.1812770356756789
170	6	0.2229039547613674
60	11	0.18819231869183725
50	8	0.1994836609196545
30	17	0.19858253648256874
110	12	0.1836832425470036
90	17	0.18639085786107995
160	2	0.4546491013888443
90	1	0.6443094269501851
80	19	0.18674937247958429
110	8	0.19485935080946146
30	6	0.22960680694493407
160	20	0.1807109357368877
60	4	0.2909295437854173
40	18	0.19327815043125626
50	16	0.18882811975402358
170	13	0.18329382469307182
190	7	0.20588363665355827
120	15	0.18402246297930647
200	12	0.18354554622585836
120	4	0.28661980527998027
180	15	0.1813183716877748
180	3	0.3525824576236166
90	4	0.28968013088101946
30	3	0.36591746682343035
160	7	0.20585573610891164
40	9	0.19352561429015253
90	12	0.1838142742441037
110	17	0.18352516060770035
30	12	0.19476396509060487
170	3	0.35216148367219197
60	14	0.18655153590666895
1	19	1.046472149613974
140	11	0.1852605072542741
100	19	0.18399845407965126
100	9	0.18990388841275066
1	4	1.0615809751031144
20	7	0.2189490569339231
70	5	0.2511530251451094
120	1	0.6387784913923314
200	17	0.17939830236560222
180	6	0.2191868507821738
180	10	0.18628871215329024
130	5	0.24840614465720465
120	10	0.18872297209542296
170	16	0.18124938671523064
190	2	0.4556244774492482
50	13	0.18980274433813787
40	20	0.1957581481026482
160	18	0.18102753517688225
60	1	0.6357048817039932
180	9	0.1900706487374993
200	18	0.181255524296525
190	11	0.18343927392866832
150	4	0.286390074411268
160	17	0.1828695201810405
40	12	0.19023904961464816
10	14	0.250765431135309
130	11	0.18408323748875438
200	1	0.6420618029043174
170	19	0.18299856513446208
10	4	0.34381642353117636
90	20	0.18493824572886094
160	8	0.1951701260002248
40	6	0.22912929178638128
110	2	0.45293500870785935
80	13	0.18512501289584218
100	6	0.2207739177120414
20	8	0.20898559149519863
70	15	0.18539140832548356
150	10	0.185594555240554
100	16	0.18503890273903928
20	13	0.20413786819014812
30	20	0.19742630494843744
50	2	0.4646459151163699
110	18	0.18343044448882928
1	16	1.0418676684289192
1	11	1.026426129895733
140	19	0.18343759301768375
50	5	0.250896663368954
20	14	0.20753980596119675
80	8	0.19552262493178632
100	11	0.18511912712653344
150	17	0.1844351469354663
70	12	0.1861026134351743
100	1	0.6440361421423957
80	14	0.18376377135138783
110	5	0.24882028718094065
40	1	0.649725846877073
10	3	0.41256576163659386
120	18	0.1834984265566818
200	6	0.21966967976134597
130	16	0.18454414589878573
10	13	0.2486424850547677
60	9	0.19338599925292246
40	15	0.19204034641509035
140	7	0.20424158627566938
160	10	0.18659162810990154
150	3	0.35449227056722143
190	16	0.1797836494927767
120	9	0.1895454092088165
180	18	0.18316995525427188
60	6	0.22358703010129916
130	19	0.18330463492402344
140	8	0.1966089181107668
200	9	0.1877771821957866
50	14	0.18921134435603462
190	5	0.24946905982402634
170	11	0.18288939631411985
120	17	0.182467219964863
130	2	0.4542325587440687
180	17	0.1814938308620878
180	1	0.6416661915842374
200	10	0.18712631926151269
120	6	0.2237686890275167
70	2	0.46054466190374965
190	19	0.1829541410784662
70	20	0.18633127510115877
1	3	1.0826859984237494
80	7	0.20777794379691464
150	18	0.18044595843078975
140	16	0.18262162144593536
60	13	0.18659026111470278
170	4	0.2907365802960522
30	15	0.199359683594902
110	10	0.18757775509571334
90	15	0.18612988642366018
30	4	0.29944348794307046
90	3	0.35328993293521854
80	15	0.18654662128909877
110	4	0.2909538749766725
50	4	0.2911941124599859
1	10	1.021705256884225
140	18	0.1830963510776772
60	20	0.1873740182810582
150	16	0.18269438173534483
70	13	0.1871707567619069
20	15	0.20658432623111567
80	9	0.19107985783546622
100	10	0.1874980938423434
190	17	0.18133848566980318
150	2	0.45871229845278694
120	8	0.19653913242324922
180	19	0.18231139063843277
10	2	0.5148572432819793
120	19	0.18275063239733577
200	7	0.20760635638157543
40	14	0.19052240315545962
140	6	0.2213433222060266
160	11	0.18392529966252508
130	17	0.1826627010388825
10	12	0.24620945939457478
60	8	0.19916100738888698
180	16	0.1815791849607039
200	11	0.182848453185918
120	7	0.20522152497320828
70	3	0.3579374067886759
190	18	0.18206587830374046
140	9	0.19125799612261596
60	7	0.2077619926755561
130	18	0.1831277010719627
200	8	0.19389921222911674
10	20	0.25977954835028494
120	16	0.1850644101765138
50	15	0.19102992772729072
190	4	0.2872203954854697
170	10	0.18509135147404984
130	3	0.35389077185262235
160	1	0.636554028460103
90	14	0.18332125256547538
30	5	0.2593700921880932
90	2	0.45789118156908154
1	2	1.1098915175510826
20	1	0.6531988440442466
150	19	0.18273700059545706
80	6	0.2221577742923852
30	14	0.19653180996609743
110	11	0.1842482357206748
140	17	0.18389432111134427
60	12	0.18785999646963486
170	5	0.24706493316867134
170	2	0.45495558565423183
60	15	0.18872344178401915
1	18	1.0427298364367248
140	10	0.18583740243713695
110	16	0.18522115284736537
30	13	0.1921218037708422
80	1	0.6441093049074428
100	18	0.18512044368565253
20	20	0.21136649367388685
20	6	0.23577378074765357
100	8	0.19660428999502977
1	5	1.0376695223260897
90	5	0.25091308953437697
80	20	0.18420798448431122
30	2	0.46346530542412234
40	8	0.20034052001949423
90	13	0.18655235174334678
160	6	0.22206328912268736
130	4	0.28657662928995803
170	17	0.18287771464378275
190	3	0.3511470874572032
50	12	0.18845113125950091
120	11	0.18390599994800585
160	19	0.1823376633102784
70	4	0.29244406652664623
200	16	0.18123693523276047
180	11	0.18240663602394946
180	7	0.20535992561779118
10	15	0.2546155958436859
130	10	0.18550351836678505
160	16	0.18270756797708643
140	1	0.6413527491257702
40	13	0.18981359358807393
170	18	0.18318802555615957
50	20	0.190486430472388
10	5	0.2974052851759254
180	8	0.1952275361679281
200	19	0.18013657512525147
150	5	0.24655913738274976
190	10	0.184286536479216
20	9	0.2051876407248389
100	7	0.20614150972419715
100	17	0.18327630710566392
20	12	0.20568223025694712
70	14	0.18610604985422483
150	11	0.1831048754216625
1	17	1.0481980852788357
50	3	0.35632786954077644
110	19	0.18487910656623507
40	7	0.21016696944718893
160	9	0.18932588262055783
110	3	0.34869169627500246
80	12	0.18502031057375057
