190	15	109.4107516473983
190	9	111.36420539533842
50	18	108.80139575364869
170	20	108.70502763198951
140	4	138.11517057889318
40	16	109.32942619680834
160	13	109.31156447329725
130	15	109.1961440267716
10	10	114.03505994546816
200	5	127.66819936866403
30	8	113.73480984698422
110	6	120.87347448428855
80	17	109.37659777320134
90	19	109.45350666602484
40	2	174.3073515018135
30	19	111.4534326966388
50	6	120.2319714338766
1	12	149.39074310072536
170	8	113.94328973246536
100	2	173.05334729575964
150	14	108.85769150536002
70	11	109.08556323959434
20	17	111.76435704430003
100	12	110.06157553987097
160	3	152.90612058092503
90	16	110.30253678700002
80	18	108.79098173035293
30	7	116.53243730249837
110	9	111.38814583878744
80	4	138.15771066892822
20	18	112.18218898394174
20	3	155.31295040939023
100	20	109.09291963645151
50	9	111.4892478558008
30	16	110.24434957361149
110	13	110.32138798271062
140	15	109.26656892947295
170	7	115.97996115119584
60	10	110.26937018736906
1	20	161.9095740016516
200	13	109.69965304655705
120	5	126.95169070987576
180	2	171.73184538247048
180	14	109.94954274447957
70	1	205.20438708501365
40	19	109.53477681212709
60	5	127.66906846782928
130	1	204.91373927669272
120	14	109.42439366458899
50	17	110.48089131518822
170	12	110.00884434838665
190	6	120.84980925193477
190	1	205.42763165384673
170	15	109.50496539976315
50	10	112.23228786457432
120	13	110.09581145939282
130	6	121.26810362555969
10	8	115.49714333644293
60	2	172.80248417900282
10	18	114.3621611512398
130	20	109.35864786461319
150	8	112.95670113702664
70	6	120.90283102118605
190	20	109.42058432390155
180	13	109.46414258225381
180	5	127.66656496325616
120	2	173.24277077272944
200	14	108.35965914566513
60	17	109.85215155899682
140	12	109.2451441707053
110	14	109.23962020679168
30	11	110.69705030439886
20	4	139.54292042601904
1	7	142.38874655046257
80	3	153.14732898533083
70	19	109.41523757228332
90	7	116.56847745532492
90	11	111.10966033180381
160	4	138.34784232329673
100	15	109.94851703943343
20	10	111.83718564424628
70	16	109.47606963896385
150	13	109.24564903981862
100	5	128.58982632867819
1	8	137.64377250241574
60	18	110.38293564196269
1	15	155.85902869925513
50	1	204.6236937808661
140	20	108.51843039930138
40	5	127.88154878364699
90	8	113.55045531219807
80	10	110.69129449011513
110	1	206.33703891735115
200	2	174.07482111573827
10	17	115.0181699561145
130	12	109.69658301847039
160	14	108.33784661010846
40	11	110.88928859584398
140	3	152.21854771602483
130	9	111.49449695296614
10	7	117.65837068084622
150	7	115.94978059429299
70	9	111.76571563955946
190	12	108.99658929380323
70	7	116.36239878188735
150	9	111.2496119107132
180	4	136.65513455340025
180	12	109.87865414015994
120	3	152.85836419734213
200	15	109.26629019876098
120	12	109.74708348672657
170	14	109.66477420292813
50	11	110.15460490942121
10	9	115.11303598948395
130	7	116.35669238587789
60	3	153.05004791152314
10	19	115.39120990401253
30	1	204.7440627826318
90	6	120.56065396125805
160	5	128.15354342930183
90	10	109.86228729929792
110	15	108.83687362250416
30	10	111.55665609758948
60	16	109.9031709175054
170	1	205.52663074076875
140	13	109.66186339424328
1	6	144.47711816406039
150	20	109.11175687133235
20	5	127.91142766040731
70	18	110.14993847978947
80	2	173.123532382724
40	4	138.28912994731877
90	9	112.04075470555563
80	11	109.68776633574912
70	17	109.67522290071037
150	12	108.72407751594979
100	14	108.54925093450943
20	11	112.46740764665282
100	4	138.47000525146342
1	9	139.15901398347015
60	19	109.36837105000015
1	14	156.87185397577684
180	20	109.48623816285232
70	8	114.13678821140333
190	13	109.60510255481084
150	6	120.77153394081336
200	3	152.06672555866967
160	15	108.47314302847852
40	10	111.43460301267937
140	2	173.19201213362993
10	16	114.58442124428217
130	13	109.72377088344798
120	20	108.97634907167425
10	6	123.4347486770131
130	8	112.95558998483175
190	8	112.83639113869542
50	19	109.89834539066007
10	1	206.38615065922534
130	14	107.80263054947389
10	11	114.5647263595671
140	5	127.79779879457912
40	17	110.67926396760203
160	12	109.50348038360005
200	4	138.0586687381211
150	1	205.2999849563693
190	14	109.10551878775308
200	20	109.32210329853233
110	20	109.76686444316138
1	13	151.64407805603386
170	9	112.24269776185375
30	18	110.02794633496815
50	7	116.28391765890821
100	3	151.46020414728807
20	16	111.73155573451142
100	13	109.1259381968056
150	15	109.6904089696093
70	10	111.14767429668441
110	7	116.03544776287683
30	9	112.11247911655003
80	16	109.39355185210783
90	18	109.0716070273097
40	3	153.40963130147537
80	5	128.3600975818993
20	19	111.37174550025412
20	2	174.71249066095567
1	1	217.26990008126134
140	14	109.8922250268368
170	6	119.93262219335165
60	11	110.2282147935175
50	8	114.0328916369279
30	17	110.88698100981816
110	12	109.93222062670633
90	17	108.17001751442878
160	2	174.08141799806734
90	1	206.9380367203416
80	19	109.42897485540023
110	8	113.75431607191636
30	6	121.0417454945807
160	20	109.33169789349827
60	4	138.54286858718552
40	18	110.44754311239029
50	16	110.20635600264521
170	13	108.73358145659748
190	7	115.40457310011092
120	15	108.71532192645365
200	12	109.28286758692865
120	4	138.44422371681895
180	15	108.97740926917528
180	3	151.8096255197748
90	4	138.14017115158552
30	3	154.58408100092132
160	7	115.99657482059727
40	9	112.96727900735966
90	12	110.26450444695416
110	17	108.95363154661476
30	12	110.87175707898592
170	3	152.57973927734434
60	14	110.37522786326996
1	19	159.42637390459674
140	11	109.86099801421737
100	19	109.55350735191938
100	9	112.49476103554343
1	4	170.04374981776036
20	7	118.00271901802016
70	5	127.04094909805013
120	1	206.30887528539682
200	17	110.09468093138881
180	6	120.74722583906515
180	10	110.47594768317738
130	5	127.50478079706325
120	10	109.72135256566725
170	16	109.8284030575645
190	2	172.47454085964205
50	13	108.94208689644405
40	20	108.83411580958769
160	18	108.60201479127115
60	1	204.84759212746675
180	9	111.43606221317421
200	18	108.7204721743152
190	11	109.85620945302084
150	4	137.90443891281473
160	17	108.80415980099478
40	12	110.74743467393935
10	14	113.56461690341976
130	11	109.74157237449735
200	1	206.0623052859034
170	19	108.62498996638799
10	4	140.50727138444915
90	20	108.99666569314599
160	8	114.07642729689819
40	6	121.292741384942
110	2	172.58281582455749
80	13	110.0375442118182
100	6	121.13765930140028
20	8	115.18379371519515
70	15	110.01882061026573
150	10	110.94900611863706
100	16	108.9437342348202
20	13	111.16568320306968
30	20	110.95307955801007
50	2	174.826969111332
110	18	109.46059781766252
1	16	158.02462778877583
1	11	147.50990774721885
140	19	108.59779123838449
50	5	128.0720311276859
20	14	111.94014069953526
80	8	114.31378255932417
100	11	110.09361109082563
150	17	108.65127840348168
70	12	110.13745482654693
100	1	206.0421328998039
80	14	110.85450958741137
110	5	127.49164284758741
40	1	206.83871795657876
10	3	155.45884322184216
120	18	108.87354236736606
200	6	121.65131243064143
130	16	108.28080061413512
10	13	114.05656752698293
60	9	111.79889612626982
40	15	109.9796801015147
140	7	116.60885119771268
160	10	110.17217118914158
150	3	153.31042673431318
190	16	109.92788745745118
120	9	111.59951387907711
180	18	108.67431963667487
60	6	121.31571740685285
130	19	108.8666938246361
140	8	112.95130619464526
200	9	112.92373864982711
50	14	110.19870086869248
190	5	127.38509663712506
170	11	110.16929917070188
120	17	110.63746813021766
130	2	173.84435041422313
180	17	108.26935456009713
180	1	205.15735048199298
200	10	109.46571084451753
120	6	120.10061809065846
70	2	173.43308739491056
190	19	107.93502577841964
70	20	110.10098920389716
1	3	176.27376818095544
80	7	115.24545257752438
150	18	110.56402085265881
140	16	109.0384697307759
60	13	109.82799990701221
170	4	136.71964648837636
30	15	110.30885169058276
110	10	110.1549112576272
90	15	109.02212616767648
30	4	139.76660516114345
90	3	151.47704876815803
80	15	109.06261238745766
110	4	137.7404810924088
50	4	137.9794674589806
1	10	143.29097412044325
140	18	108.88702195951826
60	20	110.2341606707468
150	16	108.22734291315172
70	13	110.11428612606026
20	15	111.48049007262195
80	9	112.38111515996434
100	10	110.19360730123113
190	17	109.12578850699789
150	2	173.79758227214393
120	8	113.64682194649112
180	19	109.13868765581168
10	2	177.3678572037266
120	19	109.8352221956051
200	7	115.7462909143615
40	14	111.19771936277212
140	6	120.7895997628626
160	11	110.15597842252456
130	17	109.4102879155365
10	12	113.7322155974744
60	8	113.3647021047182
180	16	109.02281207685823
200	11	110.05308923934349
120	7	116.27344197442244
70	3	152.92757218140403
190	18	108.6720806210887
140	9	110.9616200209416
60	7	116.51107726748982
130	18	108.95574641333995
200	8	113.88603009712608
10	20	115.29642008435039
120	16	107.57091806920135
50	15	109.58231656478557
190	4	137.7458292406829
170	10	110.87556592553308
130	3	153.35112819645119
160	1	206.18033285982656
90	14	109.75911660192844
30	5	129.26877008703158
90	2	173.49676839307804
1	2	195.78063574431795
20	1	206.49836601088074
150	19	108.79949092438626
80	6	120.98787123560216
30	14	109.96919149278042
110	11	110.02773946797845
140	17	108.38482593026527
60	12	109.78919641588567
170	5	128.75327377127448
170	2	173.68003784164566
60	15	110.09114216273511
1	18	157.9665997011908
140	10	110.24984423658213
110	16	108.67796701837142
30	13	111.72952152156122
80	1	205.09828357244598
100	18	108.72884677097986
20	20	111.9255113255186
20	6	121.95836481214508
100	8	113.14865971569785
1	5	154.70192532433367
90	5	127.15135904653339
80	20	110.23873094511414
30	2	173.67790188807885
40	8	114.58413967387395
90	13	109.1970012239819
160	6	120.27483080606022
130	4	137.93871239797966
170	17	108.15001127073265
190	3	152.45378231740534
50	12	109.98963412794956
120	11	110.34074944615163
160	19	108.8340387048216
70	4	137.9791469736026
200	16	108.34813597906147
180	11	111.12481570959655
180	7	115.61580834491217
10	15	114.70659347184954
130	10	110.26176037827058
160	16	108.72752292674777
140	1	206.53937660599667
40	13	111.061955185683
170	18	108.74820600985682
50	20	109.97447806623883
10	5	130.7767893998829
180	8	113.45312793154079
200	19	109.54239692595591
150	5	128.02551917388203
190	10	110.99392343062799
20	9	112.75563591613958
100	7	116.60184652095273
100	17	110.2557445556483
20	12	110.9515466151421
70	14	109.83955993425532
150	11	110.60956567615281
1	17	158.7608192555176
50	3	153.96063471188168
110	19	108.21507464443489
40	7	116.81785621240137
160	9	112.16455664388144
110	3	152.05666235457838
80	12	110.38194478195402
