r2	rmse	mse	oob	mae
0.547373204424707	2.193431269634063	4.8111407346084984	0.45641926954265366	1.5198324768019145
0.5567022389723848	2.192687128544717	4.807876843685675	0.453576832131652	1.5179651176152777
0.5577004524657231	2.1952573561665254	4.819154859803242	0.4516738020749954	1.5342156983363966
0.5542478413148557	2.1206723211689478	4.497251093772093	0.44885471216554484	1.483134794503176
0.5776403422304064	2.093827316929266	4.384112833119208	0.46697402556811396	1.4801149771823754
0.5458646498993258	2.0878589052914354	4.3591548084047504	0.445649201760817	1.4989642881657739
0.5548713802438163	2.157594796527367	4.655215306001971	0.45436875944592736	1.5210924639118821
0.562110505957658	2.139284396470243	4.576537728981052	0.45634236594553124	1.5140855374604025
0.5459565403199182	2.2344590253129994	4.992807135802719	0.45690532360378744	1.536829267720594
0.5482509838938774	2.137597782126907	4.569324278153872	0.449153160647208	1.5146640909618234
0.5613845371894006	2.1238722645267525	4.510833396025995	0.45839271057894315	1.4783459122634104
0.5696806983298666	2.1406133775063405	4.582225631959102	0.4641976418145781	1.4919124329123505
0.5316968991424494	2.217936602763388	4.919242773877599	0.4390513496891931	1.5380554699707947
0.5884972942031137	2.0550816094768316	4.223360421609884	0.4713894217129444	1.4889129928621563
0.5684771018389434	2.127562612604076	4.5265226705506825	0.4550701288595729	1.4975065848119016
0.5762863530163806	2.1028376739286094	4.4219262828934855	0.46614589617468605	1.530993563842082
0.5767069241453062	2.113894345437307	4.4685493036718205	0.465370663360115	1.4744015749532018
0.546122317268804	2.2047734863096498	4.861026125934007	0.45306754632471646	1.5447138813600223
0.5606747679043926	2.136048328034059	4.562702459697101	0.46307835591899327	1.498365644369658
0.5345053257730612	2.193537918969189	4.8116086019556805	0.4450445606346425	1.5451350757920237
0.5886492735164883	2.082091608657119	4.335105466840389	0.4776045506885147	1.4887158247183105
0.5496604611686977	2.0724197612445243	4.294923666796811	0.45053383016585835	1.4800887799684805
0.5692968412896149	2.1141680270208414	4.469706446477197	0.4550983511762198	1.479021685386602
0.5659868504875414	2.1655883890620866	4.689773070840523	0.4588645050207327	1.5068965371815226
0.5556885679604715	2.110202106035645	4.45295292831727	0.45872054730068457	1.4827732953299495
0.5363350879055426	2.3036720889641895	5.306905093472632	0.4451358208076053	1.5704011697989007
0.5670041543501916	2.079474599076987	4.324214608206395	0.4648634202136337	1.490361789259841
0.545454209398744	2.1714055803563967	4.7150021944029	0.4477690343833942	1.528149051022294
0.5346145577457622	2.105930128360737	4.43494170553747	0.4467906646333244	1.4661850042237896
0.5483176039266757	2.227311290467066	4.960915584642067	0.4436401220858259	1.525476854455312
0.5825742917156773	2.1122518536002093	4.461607893037519	0.4682409327360306	1.4976524380755278
0.5381767478285286	2.1860085739803017	4.7786334855153925	0.45186545238443776	1.5232517984550482
0.5523591930840928	2.234922471314825	4.994878452787965	0.45247021719395386	1.5355071600991033
0.5562009273725428	2.0836088472731564	4.341425828434971	0.4554616697673366	1.474536030528321
0.5551232088358189	2.188228556563792	4.788344215761257	0.45320300465507535	1.5272830056675022
0.5653570362286651	2.089119748585225	4.364421323928794	0.4590176675040597	1.4834879826358764
0.5382764446515882	2.117250954603485	4.482751604769369	0.453461043841924	1.5032226645763018
0.5196533864658645	2.1582017448571342	4.657834771504379	0.44970819971166853	1.5117471206596067
0.5373090913660215	2.1808055990399784	4.75591306080412	0.44239726477197494	1.4883985752067952
0.5311530871101107	2.2505897115725593	5.065154049836256	0.44641333353854784	1.5362041083651337
0.5552904007376163	2.1615961640578023	4.672497976469405	0.4593848259871103	1.5020637518770323
0.5717513646518988	2.1418259356055187	4.587418338432455	0.47455042278797266	1.5002680261254655
0.5282857005063818	2.288450471500277	5.237005560509841	0.44440190813547553	1.6069969353203606
0.5357320933516156	2.251980102060613	5.071414380076929	0.44326325243141174	1.5741364701956249
0.558826660321498	2.177745836803554	4.742576929715211	0.4507885641678975	1.5031638280483508
0.5789417029304624	2.124937001767478	4.515357261480559	0.46833830506772545	1.493244409552915
0.5697756139804004	2.0774200613716016	4.315674111389189	0.4684362964597921	1.4898620422977535
0.5499250354347801	2.180146275064896	4.75303778067934	0.45654338590409793	1.5283128042991843
0.5716571594869373	2.1148994719249004	4.472799776348222	0.46537710803506094	1.5001283691444303
0.5303213867284116	2.2502974025058258	5.0638383997244665	0.434006313356763	1.5459728269212762
