r2	rmse	mse	oob	mae
0.5286204292049721	2.200725654039155	4.843193404346066	0.44965171309213614	1.5503255803226967
0.5312364287134685	2.2906252598013666	5.246964080840077	0.44450851006522873	1.6140915453602735
0.5513006961878166	2.0400131931301684	4.161653828145146	0.4570459199223049	1.4532064098798634
0.5687782571460485	2.096350033506696	4.394683462983525	0.4619742519342477	1.4892896708037306
0.5459367070879196	2.133621603287979	4.552341146017166	0.4526117978843853	1.500332911599889
0.5507066048945672	2.170365808424202	4.7104877423768405	0.4557362833229617	1.5287464116634617
0.5458608704292065	2.1385462309224157	4.57337998179247	0.4536065682760453	1.5136343545695605
0.5489949130365761	2.210972959012218	4.888401425483243	0.45581226303667943	1.564411577739544
0.5552671186039906	2.2501825626814496	5.063321565395655	0.4592140452278348	1.5560273724992746
0.5355747486646596	2.213174272659606	4.898140361162376	0.4552294104844239	1.5756872159610373
0.560651956625795	2.0879977625588677	4.359734656450837	0.46695221532920295	1.4944531976817983
0.5525941355871964	2.2476527009434912	5.05194266405857	0.4634158507188294	1.588216079682509
0.5188260295266048	2.277909079566714	5.188869774772473	0.4503974487868667	1.6064216070205066
0.5323230476675497	2.1069600556462023	4.439280676088648	0.4470243907121465	1.5273690170554721
0.5469487795073664	2.2517200053252817	5.070242982382086	0.455552246827871	1.5716919764213932
0.5368464449433473	2.1381903161695934	4.571857828161426	0.4472856039512888	1.5108869894762458
0.5236971990830976	2.2011227275927787	4.844941261925475	0.4522331762859608	1.5449343484779117
0.5516381457180041	2.1061969478346754	4.436065583068102	0.4507131063938108	1.5109035110401074
0.5274726772396721	2.1953929227787166	4.819750085386875	0.443158512121272	1.550071237610964
0.5531932718772148	2.2692364829798475	5.149434215686747	0.4583551750753012	1.5781110585237095
0.5520539510337897	2.1616877704596846	4.672894016954961	0.4658998674360282	1.5260602335473012
0.5403265913110176	2.1804751622934884	4.754471933378814	0.4603471662772991	1.5626521501856563
0.529456549886206	2.2425135603025077	5.028867068140628	0.45313033826352045	1.5878525745349354
0.5409104156370893	2.262476904982609	5.1188017455796855	0.45303410863773697	1.5781272875685728
0.5634061452720635	2.0644434376526077	4.261926707266916	0.46607175360010344	1.462874994991898
0.5331639621534698	2.2439625326856985	5.035367848097215	0.45234395256953286	1.5816965667703347
0.5500289480750168	2.133702304180469	4.552685522865042	0.45986150684230664	1.5287420349929202
0.5478606805825236	2.18837018735585	4.788964076907878	0.46074558945787714	1.5770908087023632
0.5403695271328871	2.2188096703697817	4.923116353326459	0.4544331255064624	1.543756999249942
0.5186674687846771	2.216265473094359	4.911832647230163	0.44109408186532906	1.5630679241266876
0.5075629030049025	2.1400730022710697	4.579912455049509	0.4394744565929851	1.5068643002779507
0.5584949428438606	2.085927288254201	4.351092651883524	0.4649149833444657	1.5081559467968633
0.536767205273992	2.194649319018941	4.816485633470301	0.4477380510947264	1.5355925621636486
0.5769461302636043	2.1491445581509945	4.6188223318300325	0.4664650018575318	1.4989745162728323
0.5612816616650491	2.1518810756142766	4.630592163586856	0.47589883779793385	1.513123421086587
0.5479918957203207	2.2373525375405277	5.005746377239038	0.45560221627000064	1.5889947618038456
0.575091014391806	2.118886355483426	4.489679387453837	0.47389404908774435	1.5186259331772802
0.5568427440787787	2.149807167170038	4.621670856015663	0.4609614588676447	1.5287684896876366
0.5797201992868518	2.0420476945466786	4.169958786803405	0.46794805258523886	1.4505744946401837
0.5449548741486285	2.170743371515486	4.712126784978418	0.4595768557222282	1.5443899798708498
0.5638699090482763	2.0246165595919603	4.099072213373986	0.46251991239436485	1.4607898777001542
0.5650463113054496	2.122236328643222	4.503887034613062	0.46731976955638743	1.4857137255670645
0.5289421511206012	2.1445290082544575	4.599004667244847	0.452294271797106	1.5202606251876547
0.5577170733496677	2.1770323752196115	4.7394699627543435	0.4629835985137769	1.5211373536978663
0.5543556071020087	2.2073225453074587	4.872272819022599	0.4638915365233476	1.5560270080878005
0.5452748055927821	2.0981549184133335	4.402254061662062	0.4557124068391716	1.5117256422446363
0.5301688045868154	2.2364800743126967	5.001843122797726	0.4481946336219116	1.553161122371423
0.5398737653440929	2.1145664612816217	4.471391319177081	0.4519962244800977	1.519982706868484
0.5260912837449296	2.195299137744652	4.819338304182413	0.44845652818752624	1.570355572273213
0.5419163656009305	2.1839076072228725	4.769452436885933	0.45896372922820683	1.5331511615640308
