r2	rmse	mse	oob	mae
0.3099316575345388	2.558393032660632	6.545374909566466	0.7013832069226722	1.9278247399071002
0.3011541999847026	2.7502208820593994	7.563714900115581	0.7022037539853209	1.956914239618834
0.2764159051046525	2.7340995672298165	7.475300443526271	0.6958494276299785	2.0093905459240236
0.32118225112812526	2.6056693311392896	6.789512663239872	0.7077049584289894	1.900532831365622
0.2958213431359058	2.654294949206258	7.045281677381854	0.7005369699248225	1.9719450487435202
0.30145310836708183	2.663698812627177	7.095291364391432	0.7088863929333493	1.9698907433822284
0.30819876731591234	2.6654254380211877	7.104492765650441	0.7094461764777739	1.9272892595358986
0.30503385385516946	2.592045340984787	6.7186990497209385	0.7061672529637512	1.8730898384482488
0.30152834339022905	2.63465793305305	6.94142242419937	0.7034860021495908	1.8700695833199337
0.27285800061037535	2.7831778826986384	7.746079126742876	0.6888047472094564	1.9749481524839347
0.30712525809644253	2.685160589584359	7.210087391857022	0.7128676596697978	1.9549092044302792
0.29620235751033896	2.6910858749443323	7.241943186324902	0.6977838216612895	1.979874551388603
0.3097809895857734	2.6588139523828453	7.0692916333856886	0.704131403364189	1.9344957991285834
0.32403777265224243	2.6101623963786564	6.812947735469169	0.7120798190446589	1.914799891403511
0.2970692432727128	2.649266979620854	7.018615529309404	0.7002949557254963	1.9360533966709839
0.2939559226929127	2.72919619576631	7.4485118749852965	0.7053690109132401	1.960317509044922
0.2882173920765715	2.74446578929472	7.5320924686090915	0.7005466616636264	1.9720604447567702
0.3177366732274606	2.698325865670834	7.280962477348256	0.7073128633889023	1.9697310242074306
0.2925515689350332	2.785481273178901	7.758905923230351	0.6960081434425912	1.9922906801674873
0.2875851454674988	2.754061044593831	7.584852237349264	0.7008161398762458	1.9987394348718677
0.2991488743742956	2.704226528478871	7.312841117328887	0.7059851366005603	1.9580882554529768
0.3096758739835268	2.726703800354575	7.4349136148680826	0.7088354254343564	1.9704339176047108
0.2813151857875287	2.829537771635321	8.006284001110979	0.6985022963810136	2.044164333807748
0.3091281117724284	2.5899836450896907	6.70801528183208	0.7099535565446031	1.8910737201948937
0.30510900791540807	2.748310094735631	7.553208376825772	0.7011475382402358	1.9743796010162913
0.2957238840708317	2.7822399189661953	7.740858966689021	0.7106897179496845	2.027412230913389
0.29505556316824666	2.7173629888067796	7.384061612936914	0.6983841455863096	1.9636859064811154
0.28201556668400607	2.7541482717834707	7.585332702967878	0.6926668481122747	1.9953451191140246
0.2871873293701064	2.711649705739888	7.3530441266392215	0.700457745967481	1.933601610606787
0.3057955547767245	2.6937188830368615	7.256121420829357	0.7035744553746457	1.9599567595647485
0.27721123936728465	2.7655129589235075	7.648061925973853	0.6957714510285975	1.9723956632954336
0.27691398730735706	2.8368817534304154	8.047898082946428	0.6958801690924883	2.0129316063258726
0.30753573345313057	2.6577061246667335	7.063401845091066	0.7056650508466603	1.9458822060698764
0.30089161637400386	2.7383361092642606	7.498484647300529	0.7072555847804515	1.9560164726310192
0.33057069752150603	2.51151741683233	6.307719735052141	0.7141682671071138	1.847856921292252
0.30936507369682265	2.5979969070947955	6.749587929274123	0.7110432167819811	1.8987292970073213
0.2879689362038881	2.7702692106781583	7.674391499631386	0.700736746280993	2.0106629180032467
0.31329327730157586	2.6323968194933562	6.929513015278737	0.7105058762245579	1.9417861483983148
0.28322564568988273	2.7396925707371658	7.50591538215242	0.7088737465211076	2.0341629497174276
0.29516132412306784	2.732849326048786	7.468465438885305	0.7001286296967689	1.9957444297808928
0.31293383543449005	2.6006751884791037	6.7635114359708215	0.7081269272934134	1.9183551463084294
0.3052752861524173	2.5919507249808253	6.718208560728627	0.7067271475612614	1.9218053722179722
0.3035515028668171	2.676106128256139	7.161544009690063	0.7043641664311209	1.9759756030855866
0.3214109995712805	2.6918184698249745	7.245886674490868	0.7116783685159769	1.962495684329756
0.2963343929071516	2.7922749080356803	7.796799162045668	0.7007522658688229	1.9782358333053227
0.2950420413623325	2.7797361497035387	7.726933061968655	0.7021774996296498	1.9763787563468487
0.29460478246904376	2.6802708224895335	7.183851681888721	0.7008373342563772	1.9559359506033185
0.30774910905636743	2.6702293600444986	7.130124835243653	0.7098777252609177	1.918926072828817
0.2812995387441283	2.8895135276817503	8.349288426655832	0.6914345058683152	2.0253089651110368
0.3121645732645293	2.6535329822847387	7.04123728807294	0.7102740949718274	1.9387906763687341
