r2	rmse	mse	oob	mae
0.5229726449878085	2.2716047083121635	5.160187950825989	0.4669217669181054	1.6024655212832164
0.5132029107967966	2.2161803362672208	4.911455282857491	0.45941892392835126	1.587134370671469
0.5365895506842099	2.0384302475108935	4.155197873967323	0.46858710037693196	1.5127461665909505
0.533065081718697	2.3082341528980743	5.327944904605092	0.4763388880164554	1.5712535608427318
0.5448327140756328	2.152349518483631	4.632608449716718	0.47017822294023626	1.5427545060588383
0.5484701326131194	2.1646500003523905	4.685709624025604	0.4691887620155003	1.545678272336419
0.5594368366731988	2.1627529181580982	4.67750018500137	0.4777821260406221	1.5152904995788326
0.5463532888927418	2.1408683530252612	4.583317304985095	0.4757466705793467	1.5071853133752047
0.5360834739903134	2.1919859884004134	4.804802573343737	0.48033586938733785	1.5812405396566571
0.5198817241428113	2.3004874993448485	5.292242734641914	0.4729277765561024	1.6105874159345683
0.5296426720866059	2.239979119691855	5.017506456655497	0.4727492111566953	1.5568077522391797
0.5053461720366483	2.45888344411629	6.046107791749188	0.4552435505924459	1.6628772173454045
0.5246925523905006	2.2404262823446484	5.019509926620662	0.4602276373809817	1.59443598343836
0.5324077848137374	2.192793405644465	4.808342919837851	0.46530301387800954	1.5725993084269625
0.5457836136592153	2.1569681869004014	4.652511759300405	0.4726532823508034	1.5297207683993947
0.54267225266398	2.1794432469054863	4.749972866481929	0.4672730008762762	1.5108211418150632
0.5503311119182838	2.119989838985473	4.494356917401651	0.4692744401719465	1.49368606129648
0.5364901718408421	2.1605940064280156	4.668166460612664	0.473222537980992	1.5180944511942447
0.5183436103937358	2.379376853177576	5.661434209437223	0.46645400310684093	1.6212680200610594
0.5154833731991411	2.3133725408256787	5.351692512646257	0.46654488161055907	1.611984700634519
0.5431933898672856	2.2097338401019457	4.882923644091691	0.47681866257106154	1.5497506141763417
0.526321264050655	2.1529898780640773	4.63536541504637	0.4607604456932609	1.537544815929251
0.55582672346783	2.1808458723969375	4.75608871915076	0.47040739719743874	1.5142499209628384
0.5382384344778047	2.2172566038171118	4.916226847170592	0.47634572395655495	1.5412514401713227
0.5311495707559148	2.2043150633513955	4.859004898517867	0.46820661742550695	1.5548963234293547
0.5476638735553452	2.1281830047375125	4.529162901653587	0.4792362553367686	1.526468643900916
0.526678171734158	2.242878263284667	5.0305029039148454	0.4680860013019158	1.5583966237594935
0.5202407234401214	2.1076039076603537	4.441994231585192	0.4617938992374392	1.53525122763244
0.5403571674887628	2.1534163113931784	4.6372018101742025	0.4735299339454224	1.5352525950615383
0.5137417044460284	2.279569325520302	5.196436309853083	0.4567488747885593	1.5885512774203658
0.5353834416174474	2.2229203248632183	4.941374770689996	0.4769233758767426	1.555397868640157
0.544112582343723	2.2919203962848576	5.2528991029065395	0.4811441807197687	1.609382675736522
0.550294648454672	2.132873554321459	4.5491495987238535	0.48381060485047245	1.4776380421752342
0.5196591735972074	2.2224198131385773	4.939149825830909	0.46277163106797814	1.5644797696787924
0.5572672723105054	2.1493385072276197	4.619656018651453	0.4794016434181858	1.516773793674161
0.5204122283121835	2.1287347892674764	4.531511803037647	0.4672226614722015	1.528916109451556
0.5057214035316618	2.315605595939654	5.362029275947041	0.45906288799769035	1.6154446722513596
0.5315318509055145	2.2376052043536183	5.006877050550397	0.47251542811305147	1.5689313305982209
0.5172969682381217	2.162090902908451	4.674637072439482	0.4544383527324799	1.5371584626271133
0.5495232083214445	2.1327277713666235	4.548527746758445	0.4669149037540292	1.502538756834748
0.5278597068206019	2.1562259783541786	4.649310469729435	0.45872408783394003	1.518634103183692
0.5241383917202538	2.2095958969760385	4.882314027933344	0.46397742180243784	1.5408042737669372
0.5533120455588525	2.1451912595886	4.601845540215324	0.47395197130661704	1.503703322499678
0.5224859428064164	2.1971925369908343	4.827655044608219	0.4679471004988398	1.5588605333486845
0.5454535325785475	2.241995916619057	5.026545690136525	0.4811432290006413	1.5573325536184652
0.5506536705537222	2.217998100935396	4.9195155757530245	0.4736041410154712	1.5542809698724904
0.527991517414042	2.131785275710825	4.544508461737478	0.4598965718068382	1.5061710251792404
0.5304997940512459	2.2077854223260664	4.874316471035488	0.472481775460619	1.5637981357548814
0.5299613592782064	2.2120842431829963	4.893316698938491	0.4643939053233378	1.5499960645636384
0.5424457568767943	2.128358378822633	4.529909388704506	0.47240523754294306	1.5143043349885765
