r2	rmse	mse	oob	mae
0.27027619697544725	2.860734746461951	8.183803289614723	0.8610162363307629	2.0215091179597984
0.2960221990488454	2.732890365170235	7.468689748040302	0.8785513542927974	1.9824683513395736
0.28782676853169886	2.836812244849353	8.047503712527226	0.8080997481391196	2.03014429826047
0.2873034756701909	2.672762629657245	7.143660074492312	0.847033875816799	1.9559597507854123
0.3014436214189904	2.582174648462244	6.667625915161113	0.8116273747539682	1.9395542167208324
0.267923281735985	2.6560213591956723	7.054449460503625	0.8367265497430716	1.9694301173589739
0.2768957392440671	2.7895646430844208	7.781670897946711	0.8296039797389517	2.019599168421537
0.30182223764313043	2.5929349231834524	6.723311515864377	0.8415170273863677	1.903375473937919
0.3032905206563743	2.5857410523962496	6.686056790047264	0.8063702095151376	1.9094507316654075
0.2913662457364179	2.6757459730260464	7.159616512165103	0.8302511518575522	1.9596665739504366
0.289301701256536	2.8814612037474845	8.302818668701903	0.8377973638899504	2.063933023808475
0.26721914839085237	2.798473727640149	7.831455204292152	0.8207565254069673	2.053215001953731
0.281348619599591	2.574579279179085	6.628458464778299	0.8387516525796592	1.9341782141248796
0.2882394749459719	2.744286654107599	7.53110923991308	0.8455327120504017	1.9625165252651733
0.2800511714453491	2.649562149879818	7.020179586075762	0.7724374716701239	1.96095043516873
0.28829389702928254	2.732676694323818	7.467521915700549	0.8312332957898791	2.0006177904433313
0.3235742771582695	2.620947712014868	6.869366909115972	0.8538204010222615	1.942545234029405
0.3017166180552	2.6586381872031155	7.068357010454667	0.8495595954935709	1.9271267627139557
0.2972169337748629	2.6175799178844468	6.851724626511946	0.816533058427807	1.927861127318696
0.2943948313894995	2.6664437232900005	7.109922129472642	0.8042878133624655	1.9319220803516377
0.2817509282581624	2.7246221749414854	7.423565996182871	0.8209756751036165	1.9875195752738488
0.28876171014178353	2.691464680679454	7.243982127344955	0.7974944732505183	1.98667748312275
0.30736659918176845	2.643575274333914	6.988490231069628	0.8098767232800999	1.9427042285682614
0.2868053762459172	2.641635634652636	6.978238826266635	0.8209927706368975	1.9435477551552713
0.2769172108148883	2.787481676266444	7.770054095521185	0.825272383451258	2.0094844306892403
0.3112783806636834	2.715611744863577	7.374547148841002	0.8276125090851172	1.9974179470168347
0.2796921877601354	2.685824267534049	7.21365199607481	0.8356135574902831	1.9675283975051443
0.3152097383380321	2.666595627960165	7.110732243056266	0.8391528345976076	1.9972853695301653
0.3051173666879874	2.6374680566665023	6.956237749936176	0.83623061183071	1.9116017753478172
0.2819875404939134	2.843455294346075	8.085238010944725	0.8059078194687777	2.012953974994263
0.3316062137930501	2.5378733206663258	6.4408009917499225	0.8112641303128659	1.913606450195395
0.277754668127563	2.736883290471635	7.490530145662842	0.8257302492432254	2.0241567786676034
0.3203165876700024	2.6186357008054975	6.857252933533098	0.8741421768288129	1.9210405752202524
0.30791101147943034	2.657634198068956	7.063019530745625	0.8166889211374084	1.9479761771770128
0.2777580409498641	2.7411953325377354	7.514151851126667	0.8097461655963745	1.9790426702750423
0.2649075835426553	2.7209714686498616	7.403685733206585	0.7579658564431909	1.9685247705689939
0.2876481617550467	2.6760135718217275	7.161048636574081	0.81405053034454	1.9612425615414664
0.2828968308709483	2.8382544963947045	8.055688586304758	0.7969085737863696	1.9966236548790366
0.2844743388718969	2.6868415858476493	7.2191177074403114	0.8027883105201049	1.9526130249046036
0.2955476311223092	2.681092072390128	7.188254700633192	0.8127840445214379	1.9137416169319483
0.28562638853902056	2.700740335834667	7.293998361604349	0.7837410075780482	1.9171316168496613
0.32811403708490805	2.5407085099922386	6.455199732746982	0.8356704454565145	1.8917399571552997
0.2852361223676233	2.6835579872404796	7.201483470882174	0.8413638108243169	1.9782306307178437
0.2863585327405155	2.6855282001366017	7.212061713728936	0.8297114579210841	1.9872847969422975
0.27671528681795277	2.7372866215178115	7.492738048340395	0.7633591629283012	1.9515636825465987
0.27381062163585035	2.8567454959941965	8.160994828883128	0.806522746422189	2.0523184085542385
0.2710724385175213	2.7648500456603515	7.644395774988047	0.8332660371509033	1.956694208989529
0.3199063480995824	2.5691707047012806	6.600638109895275	0.8270831613708314	1.974689634640125
0.26545180941534186	2.8564662197385826	8.159399264507629	0.8602240016215873	2.069655793853059
0.3002310704043186	2.7282320285046864	7.443250001358795	0.8170871091094887	1.9997348040762222
