r2	rmse	mse	oob	mae
0.5138693392199886	2.251550991806561	5.069481868705108	0.4602302578449411	1.5891186791122878
0.5272691549157109	2.2072227909390976	4.871832448840979	0.4574357707201888	1.5496854481379747
0.5363060481931513	2.2272635277409703	4.9607028220051514	0.4801420437807371	1.5726510965262053
0.5265644469448341	2.2140309054202456	4.901932850155993	0.4617017547118244	1.5597844631668596
0.5348818819924757	2.1323500670781956	4.546916808568386	0.46859988627684346	1.5140274077032778
0.5370071850671942	2.170178194764735	4.709673397032323	0.4659180515806409	1.572507423199771
0.5318355215504721	2.1617803826593747	4.673294422850913	0.4742853644067282	1.5408454293698226
0.5236808436661533	2.333196344799978	5.443805183387977	0.46609381985293796	1.603893133322828
0.5233820322039364	2.152990957494594	4.635370063053488	0.4629114454132145	1.5554909997729427
0.5281892423554069	2.1903581014379085	4.797668612534679	0.46536418949237135	1.5424722910965907
0.5394579166936413	2.2405370151947928	5.02000611645799	0.47843178090247873	1.5630821458825976
0.5159441419950704	2.2476834030630695	5.052080680405181	0.46175487571730667	1.5794278001097461
0.5457052047129538	2.155371073731185	4.645624465477121	0.47658358605450435	1.5119278714087683
0.5787023007968448	1.9708951283429945	3.8844276069261485	0.4876445165334461	1.4583982988165363
0.5225196012459941	2.2726743317536315	5.1650486182118165	0.4591899828433512	1.567837934758463
0.5309195183056701	2.203458396137878	4.855228903510509	0.4631846649218878	1.5550374542339735
0.5481116403286371	2.1948332459032143	4.8172929773220385	0.47797037338826365	1.555349391617267
0.5207393374130408	2.159190302151322	4.662102760904316	0.4661533386823655	1.5694832364061173
0.5380704786293151	2.146194126787351	4.606149229856522	0.47582188444039675	1.538000483644489
0.5589068188581627	2.1650888777119626	4.6876098483920465	0.48015500580507253	1.5492425906317122
0.5616572680952914	2.1149823203614204	4.473150215441377	0.4803489727528807	1.4965791589177742
0.5414711854756995	2.2147502627091553	4.905118726170272	0.4758387051084725	1.5674248443326133
0.5175763869501905	2.3189056189507453	5.377323269601338	0.4665897077479463	1.6085527024873234
0.5421047257426908	2.11545359606985	4.47514391712486	0.4719317653250108	1.5068105032926107
0.5340121470383683	2.0772215155010145	4.314849224460332	0.46329065838307615	1.5134225160372516
