r2	rmse	mse	oob	mae
0.5343471132987972	2.2392798094858732	5.014374065171089	0.44850142381523384	1.6058665624927095
0.5549162955577102	2.083298189803291	4.340131347637669	0.46167375533579924	1.523599293398255
0.5628829632980181	2.1703927348287637	4.710604623397479	0.4607061593103814	1.5059558137448692
0.5700716248267661	2.0587368014324663	4.238397217572381	0.4658692519235528	1.510435370020801
0.5937860086269093	2.1303032124928247	4.538191777157248	0.47758939491471875	1.4907696733061442
0.5594980336418429	2.109032702702374	4.4480189410680815	0.46322607222268763	1.509048031281687
0.5284317113354629	2.2685166352363884	5.146167724344225	0.4555601163747891	1.5885361452821332
0.5464063328870201	2.2334015121978386	4.988082314687593	0.4550136541764871	1.5571709269117615
0.5545605322001725	2.218567144575311	4.922040174989049	0.45825618662587986	1.5454095288654564
0.5820780043538445	2.105852654566885	4.434615402746398	0.4618920197229045	1.476280640389318
0.561882424787748	2.0774403885804156	4.3157585681051485	0.4609034373216184	1.4877531716021883
0.5483918804708517	2.2169661395894775	4.91493886408627	0.4561316185890336	1.5326919896508215
0.5616636405916204	2.11772098410725	4.4847421665281795	0.46906423930137153	1.5025427711653228
0.5559612180848406	2.138165354974767	4.57175108521437	0.45411681576770424	1.5475560430567468
0.5778509183749319	2.0921625147639835	4.377143988183555	0.4721365402329578	1.4824623921247704
0.556648458328006	2.1844448287628007	4.771799209908542	0.45796173829972475	1.5072438014737075
0.5332189303279564	2.159558307184537	4.663692082129742	0.45248781465241417	1.5137973851819184
0.5801932047178453	2.075356600113349	4.307105017634039	0.4653164384124654	1.4744234340609346
0.5550450836743934	2.2010844219334187	4.844772632477971	0.4522090198513731	1.5114571909403107
0.5677493745564955	2.104777197003006	4.43008704902383	0.4735376977141954	1.5303263611214144
0.548451173023091	2.207877700287268	4.874723939425796	0.4582250346844483	1.5416093698114033
0.5527415191910907	2.305451915762063	5.3151085358909675	0.4599735607271327	1.6045138886129908
0.554371286827699	2.1205700302036345	4.496817252997844	0.4601097493546441	1.5180795365390451
0.556966739792949	2.1745555152403804	4.728691688862357	0.4609625482648234	1.5362722402391602
0.5702866411292904	2.1026105051862896	4.420970936519743	0.4635423899558778	1.5043998549820838
