r2	rmse	mse	oob	mae
0.5516445788999473	2.2112213955591282	4.889500060178459	0.46001466169798344	1.538870838026395
0.5633739388287446	2.103138452538031	4.423191350544063	0.4566756067996811	1.5089999513120105
0.5508131062232537	2.1288179188166416	4.5318657314748165	0.4568862597667602	1.5177992985624345
0.5682055148038234	2.0935792735760357	4.38307417474716	0.46096648175188726	1.4861967898176724
0.5396898480436252	2.2076343255056545	4.873649315150805	0.44995318308639964	1.5570769486480889
0.5458670014264666	2.2190073072918617	4.923993429814678	0.4497601954523571	1.5471519504110305
0.5604752388346119	2.12652200138567	4.522095822377315	0.456773580724274	1.5138044425354482
0.5387405340838658	2.1971934507810915	4.827659060155321	0.4592127384734568	1.5656884850502677
0.5772675753396918	2.082497130324061	4.336794297807949	0.4654367728409837	1.5021004740217099
0.559137165827257	2.1826527591316296	4.763973066944916	0.45701024308201066	1.5256915740895
0.5392231374364069	2.272716040186742	5.165238199322104	0.45407870692485686	1.556094120234767
0.5548523780976939	2.217672515754694	4.918071387133753	0.45493480957193355	1.5611243790348834
0.55776652890727	2.074231617912713	4.302436804748791	0.45830701848232935	1.5066502784443465
0.5606109650294283	2.150223321460999	4.623460332154771	0.45890204142587865	1.4969199910862
0.5759991704383642	2.089133837489971	4.364480190945573	0.46602617451579986	1.499560375650772
0.5499020112124865	2.1089167768633086	4.447529971735527	0.4600668192142505	1.5048148988592702
0.5450928549564504	2.1898359673643357	4.795381563962495	0.4623820766996183	1.5301292511325546
0.5535063807427589	2.2719427949874342	5.161724063695314	0.45472565259046016	1.5724529947807873
0.5587630504810683	2.0910490212102157	4.3724860091042	0.45272014023513485	1.4739549002566086
0.5412777168558656	2.201580780806209	4.846957934415277	0.45315235147643484	1.5311271978636949
0.517197797215831	2.1783582415738	4.745244628632498	0.4384564825749734	1.555225670204345
0.5706967692234488	2.1250936696414637	4.516023104750223	0.45930370476102633	1.5042189974830782
0.5531157381543829	2.1799060614961077	4.751990436947472	0.45880749429421674	1.5841084806763592
0.5509898979051355	2.1346820943865255	4.556867644094443	0.4483164205819441	1.5082301662672986
0.547675798700032	2.149443117599105	4.62010571579416	0.44428929707724596	1.5362890670775557
