r2	rmse	mse	oob	mae
0.5472166191404426	2.1402909496135094	4.5808453489974985	0.44938223081581674	1.5078022903572579
0.559510954385808	2.167013633957025	4.695948089755632	0.4567910058451188	1.5315229790209817
0.5483713017392172	2.233119825562007	4.9868241553180885	0.4485053903377929	1.5582907897568041
0.5485750227567139	2.195194821567096	4.818880304634995	0.4541540669673807	1.5511331368815102
0.5533028255998345	2.1575446896900576	4.654999088009768	0.45240501219321794	1.5224873057652788
0.5353677743850219	2.159074321698129	4.661601926616235	0.44730343627887803	1.5505986331594974
0.5553882362641371	2.1883636368799055	4.788935407218247	0.4526941063350668	1.5614043647738272
0.5569224986658476	2.161964936473231	4.674092386539703	0.45667754202640065	1.5232828907433398
0.5437436629734	2.102376745444978	4.419987979787819	0.4513195509256427	1.538282359259161
0.5723037273226408	2.15132300591667	4.628190675786337	0.46650903201722205	1.5473883657217322
0.5506362912536551	2.240932958710462	5.021780525434825	0.45855578158213395	1.5495183176459324
0.5538049190144877	2.22033298456154	4.929878562331955	0.453429118540256	1.5466240188795748
0.5213613910080246	2.2737485741322536	5.169932578368456	0.43578525166721904	1.6099072216834491
0.5536752009976231	2.2826632039918433	5.210551302858307	0.45222258414221184	1.6042687654995396
0.5212973409694949	2.2807341211952568	5.201748131584299	0.4370037312626026	1.6106377164788568
0.5355079562824708	2.134737345542903	4.5571035344555595	0.44263012971761084	1.5189771793462965
0.5609086378084935	2.184875628977808	4.773681514101171	0.46137704666115087	1.5102374650886852
0.5525632416551052	2.1887760752310617	4.79074070750389	0.4551621939853313	1.553095334291568
0.546232858508576	2.211801040359307	4.892063842134512	0.444920939488733	1.5704415498417197
0.5208170889795182	2.148526175739998	4.616164727839942	0.4356747724210924	1.5254494714360145
0.5555881064985961	2.16875285017258	4.70348892513169	0.4542578528387162	1.5132273299225514
0.5709485630330918	2.0975766138580787	4.3998276510043235	0.4696818478251785	1.5041278144458738
0.5258853807151642	2.2149668647579106	4.906078211975489	0.4413206606804352	1.5557472801790826
0.5595445683218926	2.1479764500240353	4.613802829857856	0.45570123816037034	1.5163528577251542
0.5333053491311135	2.1215549574732258	4.5009954375792205	0.4469767218318246	1.528054327791781
