r2	rmse	mse	oob	mae
0.5545159637490767	2.242526994244098	5.028927319913469	0.4507518993502807	1.5333647926446128
0.534691068032181	2.18759837499369	4.7855866502750315	0.4432217854698225	1.545743315090084
0.5778870411669018	2.063718850146568	4.258935492450274	0.4644293992866856	1.447560168496035
0.5766725410904295	2.1389292780381766	4.575018456448916	0.4571085237036068	1.4862954929852543
0.5876825594991788	2.0273523694636437	4.1101576299698515	0.4657877352994966	1.4720828323625372
0.5575717950203738	2.0946267313425335	4.387461143654707	0.44804980584803156	1.4798176487119907
0.541444413221907	2.2250148967921466	4.950691290946967	0.44584903369163753	1.5546588761255056
0.533044108815157	2.140771769093503	4.582903767347727	0.4374498120843737	1.517961968882053
0.5561614750870272	2.102037153093186	4.418560192984106	0.45419240257508475	1.4811098051716571
0.5398338151167279	2.2560819222925903	5.089905640095429	0.4401533242409654	1.5778414642528376
0.578966433646025	2.071530565387246	4.291238883333603	0.4607855151018383	1.4488590538537658
0.5547222255854772	2.255696429312673	5.088166381213943	0.45490408252835657	1.5674051940804945
0.5329079022488099	2.2774183015698015	5.1866341203250785	0.4373306010841229	1.5572180601056056
0.5844141740214746	2.037894713273455	4.153014862387897	0.4615859844906638	1.4666953677299968
0.5609214415878407	2.143783616491811	4.595808194338709	0.45019704431408636	1.4990891059209017
0.5758353977658779	1.9959552823294109	3.9838374890586783	0.46010495662412665	1.4339657293806023
0.543384567996407	2.193851348093404	4.812983737531245	0.4519802210600362	1.536507161375878
0.5417114197603147	2.2172062524481855	4.916003565895327	0.44506305009092517	1.556406945651911
0.5278724448843233	2.2951501424745677	5.267714176501028	0.4456579439950644	1.6066113663331578
0.5538505048035249	2.09631615752585	4.394541432303945	0.45289174194861603	1.498088926469482
0.5477184376388714	2.2057105293228747	4.865158939165796	0.4444088395436907	1.535286362456666
0.5564739734760744	2.124833009642086	4.514915318864644	0.4477419027077708	1.5236499801697219
0.5593425381146311	2.207047386500474	4.871058166258573	0.46771709834933173	1.5386396770817405
0.5380489905659948	2.1237945059550642	4.510503103524915	0.44707440364810025	1.5218769207659348
0.5497793662083725	2.156608915956292	4.650962016382174	0.4544192275423108	1.551007122315867
