r2	rmse	mse	oob	mae
0.29903167931538155	2.595324152351619	6.735707455779651	0.7021409160820563	1.9141479645654313
0.3091553808999994	2.6196759301678187	6.862701979100626	0.7094149323686701	1.9133602653930346
0.2776370437509975	2.791611909704419	7.793097054403553	0.6925241453024107	1.9492650336764699
0.27225628367977905	2.668038283676501	7.118428283163449	0.6933281695877943	1.9348023817904978
0.3185913152637829	2.6453261223985525	6.997750293844162	0.7090280020918289	1.9491170630704906
0.3038842297264177	2.739978538795006	7.507482393057218	0.7045892024980309	1.940843259098784
0.27515096955742446	2.815900430820974	7.929295236297748	0.6967286449761646	2.060394031604468
0.28327599014043536	2.842839023163279	8.081733711619945	0.696030308690194	2.0275003308625723
0.30281386515182085	2.701266430768869	7.296840329998784	0.7019771193882599	1.9662906380043754
0.2907648182577415	2.614438613948155	6.835289266103149	0.6974104609723779	1.93322011319991
0.3357097866359361	2.597186787562967	6.745379209491645	0.7221420565714715	1.9267336890549358
0.31016872044564725	2.6078440955738906	6.800850826819604	0.7056110102813777	1.9399978279494823
0.32521528588474047	2.6179540929724285	6.85368363291109	0.7091741208814548	1.8911927683100076
0.2798360970565844	2.6700539884327146	7.129188301145446	0.6976978338353251	1.9604598628117
0.29108863167881827	2.780274622142948	7.729926974532114	0.7003695492229135	1.989383448490798
0.3102018174036725	2.755942688561387	7.5952201026349675	0.7061587423449338	1.9698091756801348
0.3165677500775188	2.6603603446677315	7.0775171634806116	0.7120794025182373	1.9543411772973092
0.29081001778426296	2.675663889847602	7.159177251434399	0.6950835852356454	1.980985234778995
0.29236441100434274	2.7193271345603764	7.394740064756347	0.7048588333601933	2.02248403238816
0.29833272669985034	2.7105744369981304	7.347213778507732	0.706826067009541	1.9590894121992952
0.31247994710713756	2.6337861872856725	6.9368296803368	0.7017741396995609	1.9187821740771067
0.3092953363047557	2.6493860948347976	7.019246679503978	0.7060894228046926	1.938282926462444
0.29277219386816866	2.830621369653476	8.01241733833892	0.7021797275531192	2.0236075242093916
0.29639605008449776	2.6578781499493767	7.064316259978321	0.7000590245959578	1.957006649825214
0.28497033550446094	2.8257628705123246	7.9849358003660535	0.7015381411738076	2.038173376316684
