r2	rmse	mse	oob	mae
0.3036104319354751	2.7060404033264565	7.322654664435211	0.7036026281987036	1.974398917248038
0.30913469426578477	2.6402220190085046	6.970772309657345	0.7085891024625889	1.9586026770804206
0.2719635761660908	2.6935538861894575	7.25523253780633	0.6935475356829082	1.9923496605429238
0.28720338849614646	2.655030193069779	7.049185326112147	0.700784937487758	1.9791704523085691
0.28421488589147104	2.702218851208248	7.301986719825225	0.7003981733322391	1.9922567368391895
0.3150620922667645	2.6361450111542495	6.949260519833437	0.713073912477932	1.9119987201261275
0.303462629391142	2.703482375310299	7.308816953613416	0.7087095568676994	1.9144374677743394
0.2882503749412827	2.6228056348551654	6.879109398228008	0.6978051416894926	1.9741505057235693
0.3277318969265385	2.497257792071737	6.236296480063007	0.7100756861256704	1.894106315207379
0.31021606232801635	2.634376108676223	6.93993748196408	0.707583803071241	1.92613740466422
0.30907738046143074	2.6266438886561687	6.899258117814799	0.703058921126932	1.9706385483359898
0.2714005496487274	2.7828556579764228	7.744285613131388	0.6839142160786904	1.9884498684454548
0.26995468184797633	2.7815369957740512	7.736948058859733	0.6921958116707572	1.9961612605758252
0.2777539997550934	2.674134590544396	7.150995808346044	0.6919008722757932	1.9631174059534553
0.30343709370612326	2.5895393987709543	6.705714297787035	0.6981922207506582	1.9043691996015197
0.2885721567820482	2.8108683952407247	7.900981135363168	0.7033316375781228	1.9544584955758721
0.3059878646547668	2.710311412318807	7.345787951745567	0.7113073551505492	1.9280151825458842
0.28737024736562666	2.7285105403188923	7.444769768631293	0.6968307122361036	2.012214436047823
0.2979813295888676	2.702300653229431	7.302428820444211	0.7083342951821557	1.9782283589501177
0.28559180064207745	2.724273011373513	7.421663440498108	0.6982159665850513	1.9859687063078821
0.2954184239595321	2.7261551840319767	7.431922087424422	0.7003998952881758	2.009603267050638
0.30039094845200753	2.6403514215865496	6.9714556294741135	0.7106888354107906	1.961074737031946
0.3075983254774368	2.6296426903021612	6.915020678659587	0.7052900531519048	1.872189582387999
0.3188411898596121	2.7158314373321444	7.37574039600158	0.7097204972499486	1.9569795057951531
0.28844737146124966	2.77261669655171	7.687403345997315	0.6987712669326762	1.9544224832631685
0.2927759093722524	2.810193136664867	7.897185465358323	0.7028609691742833	2.0082607514076374
0.3123528047147949	2.5956046889315805	6.737163701203607	0.7119486955310006	1.957525604694429
0.29689459983639677	2.7313784366508402	7.460428164201188	0.7000293688952417	1.9677629701096822
0.26166973687252926	2.8495984248540007	8.120211182930403	0.6865127424253431	2.0219680688124
0.2881236761160092	2.7325253827469944	7.466694967356608	0.6988646658217327	1.9587899176015466
0.28695082588190024	2.6753373598041534	7.157429988763858	0.6988471014879165	1.9270820444687946
0.2906169297225314	2.836914521400746	8.048084001734422	0.7021246198735356	2.006544935665961
0.30331288874628726	2.6185682697434407	6.856899783307157	0.7127989786055581	1.8935480322755325
0.27431613547137346	2.848463075466234	8.113741892294556	0.6907849276917679	2.0193106248876798
0.3003194191683275	2.704159965952644	7.312481121461004	0.703643155708307	1.9331458880887935
0.28757505089107727	2.6676675716495812	7.1164502728307735	0.6957475578186755	1.9422476241393036
0.30389063125737337	2.740015377546371	7.507684269190583	0.7049982530419027	1.973995064322337
0.3244885049141316	2.570574660292054	6.60785408413561	0.7064924948572748	1.8804585402265257
0.27666734079665833	2.846608731054415	8.103181267715227	0.6986265459580461	2.000845142183063
0.28153670936992214	2.664090608261611	7.0973787690277215	0.6987596366347643	1.9647292276609343
0.309757748617982	2.7294688232024362	7.450000056834091	0.7066440317257362	1.9424193823858753
0.28357676707825474	2.8066282430631078	7.877162094759506	0.6988600028400974	2.009318390709725
0.2799766953677635	2.741842424661239	7.517699881672224	0.6955093211589607	1.958882398949911
0.2799318876295417	2.7122481096524678	7.356289808313384	0.6931903927131006	1.9731362906128183
0.29005014623076997	2.7013682388404394	7.297390361815897	0.700437487290605	1.9331903853096943
0.321428797319146	2.720506458277459	7.401155389529364	0.7171808246424587	1.9677795314678421
0.3009529628302744	2.7398710747813406	7.506893506423458	0.7053150185202737	1.9707342656981945
0.26335495999958614	2.8852554423357843	8.324698967528263	0.6862861226217793	2.0770087729908666
0.27306810481634103	2.7424292219836226	7.520918037589698	0.6966131292417896	1.9932775347518528
0.2959658811718373	2.7814093807657665	7.736238143411804	0.7067337960731005	1.9831874432146912
