r2	rmse	mse	oob	mae
0.3896004459187792	2.534202561950517	6.422182624996562	0.6333628732498469	1.8217599443288932
0.3503904666507265	2.5086247650282947	6.293198211713268	0.6199406494173259	1.8473498816122482
0.4017429125321471	2.4915193101169724	6.207668472685754	0.6390000675186551	1.8039597611166323
0.36460789757131673	2.4888249280998225	6.194249522731086	0.6301517398364104	1.8226879896221782
0.3858765744004571	2.5667223400261707	6.588063570789421	0.6395692626023044	1.8683723771528247
0.34608070553663617	2.6896495212402476	7.234214547107893	0.6178551810785088	1.907814489052222
0.36414856839210474	2.700031654039288	7.290170932814133	0.6266733693463029	1.958472127243861
0.3732703970867013	2.5139408373304546	6.319898533597748	0.6305565894819776	1.829108454785835
0.3707614660338425	2.555395745510752	6.530047416174452	0.6332053497764867	1.862145819290334
0.38469863185186637	2.448350494666668	5.994420144734518	0.6300378296187308	1.8236938847712243
0.352082672355008	2.6062316021894922	6.792443164251207	0.6204861465834508	1.8727270212355471
0.3647166069025879	2.607167457158489	6.797322149666262	0.6270585885172085	1.8679117839580694
0.3217052015750683	2.599384612412811	6.7568003632485	0.6106174971293943	1.904064016812579
0.3695511532404151	2.6237637628460475	6.88413628322405	0.6297671949081486	1.8781742468121174
0.3610258116256645	2.582524220199565	6.669431347917373	0.6259847703616339	1.8731121061768523
0.3705255063737435	2.6391899507267738	6.965323596017191	0.6301742843787934	1.8799970278533016
0.3732434126117494	2.5179516228474768	6.340080375000241	0.629194944824648	1.8578012498686618
0.3717967332412804	2.538005915686643	6.441474028060394	0.6330970797811125	1.829164917944028
0.37956745502794187	2.435400774429893	5.931176932093724	0.6337455558203432	1.8225914066322064
0.364826874897338	2.575405527957514	6.632713633434122	0.6271528779466516	1.8677013325979535
0.3903973212846925	2.427126895004301	5.890944964453219	0.6338033629857831	1.7939554494300414
0.37024449770826573	2.5326374070831816	6.414252235757022	0.6357762700822269	1.8453825940939876
0.37872758969518483	2.4077022496872216	5.797030123148908	0.6335991560897724	1.787339578427514
0.3836414541395593	2.4542520382980806	6.023353067490283	0.6296861237171539	1.8150715099687782
0.37966268530020375	2.475243426675988	6.1268300213026885	0.6384904728647353	1.827188353844377
