r2	rmse	mse	oob	mae
0.5427973730336642	2.0971190063421545	4.397908126761506	0.4486856077979057	1.500261194822387
0.5272972005953915	2.2595340677177056	5.105494203176922	0.4320266483815871	1.581411704863881
0.5370768097356124	2.1422119569698053	4.589072068584402	0.4488401243242224	1.517025856323353
0.5920458178561208	2.1005876511081762	4.412468479988165	0.4698137967620728	1.478484414752083
0.5679077778494678	2.1710630137231157	4.713514609556499	0.4727795718461065	1.5406208736665263
0.5380391784368994	2.2137118453487465	4.900520134237352	0.44263237708433256	1.5646832777925566
0.5784385962268273	2.0806221762278567	4.328988640211142	0.47216122364448765	1.4734029869969845
0.5500343649474171	2.271242292459863	5.158541551058334	0.4511211612740771	1.615403944724929
0.5591685287621178	2.195599044469528	4.8206551640755055	0.4681314135263077	1.5166749265865098
0.5419898989969697	2.1122901288459315	4.461769588419962	0.4470670274034879	1.501976957826221
0.5338343282377579	2.21406611009766	4.902088739882985	0.44168337484538267	1.5219447739733427
0.5378357512917968	2.289549120565367	5.2420351754816465	0.4482134203427195	1.5827892807052093
0.5646137699720686	2.1443581644996645	4.59827193765637	0.4577023703901163	1.4838535151524495
0.5281419481671394	2.258918784355568	5.102714074314437	0.44792492714519094	1.596544600204196
0.5304714087829063	2.2299486601055793	4.972671026706669	0.4532625607725894	1.5807422205701007
0.5677901873243505	2.061978388480828	4.251754874561992	0.4628071216588532	1.4680858836554644
0.5588370438254351	2.2684211171797117	5.145734364866852	0.4500684673352555	1.5883987532879753
0.5631680897137157	2.0722076498560846	4.294044544122077	0.4541036029213641	1.4763238528713523
0.5887334320207297	1.9865251387606189	3.946282126927896	0.4674935747376314	1.4516266615453517
0.5181553327015122	2.1809282229880407	4.756447913825773	0.44231108181445156	1.5076787320010485
0.5478914255937755	2.2497105944233335	5.0611977586605885	0.4518405588203245	1.5423447656310227
0.5778508385169971	2.0473376393234664	4.1915914093905835	0.4628679677037131	1.4700404188698286
0.5309549593444001	2.2124000403671054	4.894713938616369	0.4399729102456307	1.5461271467801538
0.5387259395197738	2.1105962630850494	4.454616585748575	0.45054950297259944	1.5021909300065481
0.5571042454242646	2.1173572668721463	4.483201795576286	0.4497160845476682	1.517612908511183
