r2	rmse	mse	oob	mae
0.5165969927745152	2.2482631940158564	5.0546873895663795	0.48228317019804967	1.588940534831701
0.503851784886656	2.209456760104145	4.8816991747699054	0.4763823589592602	1.5845974924430362
0.5251190774096993	2.210831708727389	4.887776844314467	0.4846184911912349	1.5845834952316193
0.5328460189695017	2.178776167056898	4.747065586135148	0.48650219898380564	1.5544240973253518
0.5397274294938771	2.2369674556115635	5.004023397465273	0.4863434692993134	1.58533967290235
0.4918084546019633	2.1723570930764553	4.719135339839587	0.4799432661809673	1.5938282988487416
0.5019931259509032	2.2599729451467137	5.10747771279511	0.48599289690237524	1.598763999758275
0.5345511095617393	2.2337737457157427	4.989745147048939	0.49055983137190906	1.5919664379580556
0.5333020374465802	2.1860753538958866	4.778925452911025	0.49043090424125846	1.5528544846022454
0.5147257871959379	2.2511936215071056	5.067872721514277	0.4763166512752448	1.5828376251359748
0.5258084891962342	2.214029097436362	4.9019248442948715	0.4797269982997643	1.5430817861081307
0.4994943581211695	2.3300804611243353	5.429274955313396	0.47767219790146764	1.6004501747496562
0.5145964548264128	2.211867192118464	4.892356475570018	0.48003237551487565	1.58811568190769
0.5005239801917754	2.2742519265089016	5.172221825229451	0.4742694268570766	1.6023462863000952
0.5138943858102609	2.266919963711626	5.13892612187432	0.49091881648009994	1.6233778382529047
0.5163336757684481	2.2052253900654604	4.863019020989363	0.48832559992504176	1.6057668710517095
0.5137316034127108	2.118754678291951	4.48912138678403	0.48129129389764547	1.539243099322923
0.532118464285368	2.2137577634497347	4.900723435233971	0.48913185072995446	1.5904376283112325
0.5336999090326624	2.2167513208661482	4.913986418561813	0.49486568265966424	1.547734041321035
0.5064431772330835	2.18356472251844	4.767954897427031	0.47251073986531966	1.5561226888655395
0.4953892740293858	2.30461172876525	5.311235220362354	0.48759677555215286	1.6360727333820833
0.5063706380313608	2.20442909757022	4.859507646214254	0.47685628418773796	1.5694070809856018
0.5238151788784269	2.2160405604369995	4.910835765501932	0.4899103577748902	1.6117796615404583
0.5340712344879261	2.266203957709049	5.135680377936156	0.4952319170460916	1.5822550040795769
0.5209643830609463	2.2300733412705513	4.973227107445601	0.4816258607706445	1.5741618869168341
