r2	rmse	mse	oob	mae
0.5101331801617792	2.2289487862263173	4.968212691619773	0.45309233101559043	1.5728202530426538
0.5399195637771335	2.2735445443619824	5.169004795198133	0.4724892715526756	1.6013452977917877
0.539249781581209	2.1506983385830893	4.625503343584061	0.46528306461724966	1.5234356111326206
0.5217153793919342	2.1815270492388548	4.759060266560784	0.4576539744713839	1.5528389713331203
0.5383494610641308	2.2419894009507084	5.026516473975317	0.4797018556809769	1.586638559984311
0.5377488296663404	2.303040250247273	5.30399439425902	0.46733483299899414	1.6271309980553688
0.564032053285319	2.1309735633465716	4.5410483276819855	0.4873287334373042	1.509139904188212
0.5380684304429819	2.231965749564008	4.981671107226823	0.4707456150505578	1.5705958103888111
0.5413951804180663	2.1958900606070664	4.8219331582729055	0.46782909066921374	1.5508475720542616
0.539906420744928	2.1444681742951195	4.598743750564642	0.46986775918390833	1.5077482215115923
0.5145402829404677	2.188736428130504	4.790567151825477	0.4577141427337219	1.5491349703124482
0.5439261292500808	2.233484637949009	4.988453627954216	0.4800648168930852	1.5829239415590652
0.5491331552374596	2.1453773354522867	4.602643911472353	0.47499145648861574	1.5069188000391915
0.5194992709693824	2.229869897848491	4.972319761330839	0.45392155048851857	1.5624202267995637
0.5601880955428722	2.1059895735567182	4.435192083929607	0.47086832575330306	1.5033838509654263
0.5248377610225416	2.2901300994014777	5.2446958721846215	0.46737991879841867	1.5499800491118385
0.5271994396287936	2.1411236989930136	4.584410694389525	0.46035198288037227	1.5079590823082383
0.5143982517516414	2.286507623980982	5.2281171145231555	0.4650967180526977	1.58612910973023
0.5650076773416313	2.1258606694159994	4.51928358576984	0.47919893851874784	1.5374956040322278
0.5346796989314623	2.180462274464699	4.7544157303637675	0.4666932370226933	1.5744563215479077
0.5334252828481165	2.2752059723024822	5.176562216400884	0.4683074562682117	1.568220636246902
0.5473511382714427	2.2305029189079852	4.975143271257042	0.47606378633629	1.5720583087014273
0.5667673038931411	2.073250768927092	4.2983687508567785	0.48065351971182146	1.4870185514851553
0.5114055713344798	2.2832044108219693	5.213022381596897	0.4566907262410369	1.620598597674543
0.5328545485331381	2.1830130574476483	4.76554600898693	0.4633933346072271	1.560552590116834
