r2	rmse	mse	oob	mae
0.5519867422360614	2.1756939691711934	4.733644247487902	0.4595039573638464	1.542596121825172
0.546780140358281	2.163083502642382	4.678930239403636	0.45371527332344286	1.5325063901663871
0.5487983166385637	2.1855320444947033	4.776550317513198	0.456838718807429	1.549659027582656
0.5524624541786569	2.1578654104556874	4.6563831296410925	0.45060513259868684	1.5158222978003748
0.539674251020437	2.139947007154424	4.579373193429176	0.4428087667130962	1.5054600130313496
0.5394547515728488	2.1523314131694384	4.632530512115952	0.44251875222750714	1.4947377795110748
0.5173895136964829	2.154288786943316	4.6409601775497045	0.43953370395806446	1.5101103997241387
0.5256867679057637	2.115993435853743	4.477428220576129	0.43826253275699223	1.4965950215595507
0.5651813398390262	2.2280157466480524	4.964054167311679	0.4614933361146073	1.5336954348117804
0.5536759448316562	2.125225242791385	4.516582332597701	0.44666550221850176	1.511056997418921
0.5739085161948254	2.1141059388545975	4.46944392070028	0.45996015080403785	1.5076500327494797
0.565985161555209	2.0840530519862597	4.343277123493244	0.45435214505774923	1.492021360849719
0.53870196981112	2.1206475311874473	4.497145951531416	0.44257010058646085	1.5277186322453071
0.5392107286534562	2.1063151431271234	4.436563482166634	0.44472174957382493	1.4927275479058666
0.5517844420195168	2.0967453492189603	4.39634105947134	0.4524576467284336	1.4937079899188135
0.5612757780057674	2.0660418625554176	4.268528977831459	0.45214351238924344	1.4755829045400135
0.5600660564014432	2.142221407486649	4.589112558694079	0.45133111201988996	1.509850677791435
0.5666994288946956	2.155776952693409	4.6473742697640805	0.453722245108541	1.5104869500970697
0.5369330065386461	2.072952552122726	4.297132283352124	0.4527519271667112	1.4690329737691603
0.5656566495198889	2.123100082329426	4.507553959587216	0.4540242988682608	1.5140584697121195
0.5350843913930808	2.219382118877543	4.925656989593373	0.4412059944051796	1.5721684683195563
0.5555087306184805	2.1835775432470337	4.768010887372752	0.4448308047665209	1.564782691045367
0.5405657530997343	2.192828834292624	4.808498296505148	0.45501337230815597	1.5299577611721893
0.5310652466486663	2.175071363227511	4.730935435132384	0.438629968214983	1.5463529127560263
0.5262433722525128	2.2152522102966303	4.907342355224106	0.4351815958551466	1.5392666292554538
