r2	rmse	mse	oob	mae
0.4181002518757876	2.4944970254645424	6.222515410051451	0.5906829206934413	1.7746937029550252
0.412144069355314	2.4233652478927548	5.872699124694313	0.5895210858293738	1.7884952065959971
0.42675895526588403	2.420382930421606	5.85825352987628	0.5893529545605664	1.7503933663967453
0.4042288508329126	2.486849431011831	6.184420092523867	0.5831502458833349	1.7752357112689607
0.4180235509288144	2.353277650763742	5.537915701584115	0.5896233665676991	1.7476887399662988
0.41256616647535094	2.4613320834561137	6.058155625050414	0.5889364343563563	1.7987652083903722
0.4039278273902298	2.5156492785312303	6.328491292574699	0.5805906448980139	1.7878813210546385
0.4156586717277614	2.5363292867635785	6.432966250894643	0.5915192574483987	1.8088852087816727
0.42250845881663646	2.3591141141943126	5.565419403790817	0.5899627183499211	1.7261856094654098
0.41879445502326473	2.416733833778363	5.840602423329064	0.59182420394599	1.776577523667228
0.3998605264379653	2.5461348059138884	6.4828024498861545	0.5817215612998368	1.8395674642604367
0.3869470856808406	2.460014167364461	6.051669703633863	0.5784974573542712	1.794623233847511
0.42136859609509736	2.414866691286795	5.831581136686432	0.5930646846021074	1.7590031597675453
0.407828488248382	2.5464552337186066	6.484434257332882	0.5892704223627936	1.8131430799859707
0.43217002886023037	2.385608447203915	5.6911276633706755	0.5906404902949628	1.7426592599224713
0.41762686826373907	2.4446291195792202	5.976211532294674	0.5909390611735861	1.7657522513928257
0.4332445478563124	2.418030893333101	5.8468734011132755	0.5906684009076346	1.7236568405987303
0.401070076389637	2.578684806092032	6.649615329169903	0.5827276087332234	1.8288196256531726
0.3959508367914588	2.4375776223443717	5.94178466495404	0.5809322671156462	1.7949214263446627
0.4147477476736501	2.42755058479512	5.893001841739128	0.5849818947338552	1.7793672667141656
0.4506075998149496	2.378504763983017	5.6572849122899065	0.6015851343443122	1.6955837440313315
0.4116172236288086	2.4892161231652854	6.196196907826013	0.58774094645953	1.7746958186540582
0.4236677366774315	2.4069435738616693	5.793377367753985	0.5942172025884483	1.7712558519293022
0.3904965669976279	2.643386200068217	6.987490602711089	0.5836524441610881	1.8564564502791816
0.412079786270549	2.4214985864925187	5.863655404385266	0.5828855830836092	1.8350252007657852
