r2	rmse	mse	oob	mae
0.5685046977092425	2.1040731088365483	4.427123647329097	0.45549323930137087	1.4817332763767685
0.5882305270431591	2.1075883836769504	4.441928795010021	0.4750596742401334	1.4893265730255738
0.5641767520547778	2.199704571737021	4.83870020292075	0.4554668211140639	1.543152536735606
0.5530764005495075	2.1898212780076336	4.795317229614986	0.45251019424595085	1.5267629976834118
0.5416223525279233	2.1558702909641245	4.64777671146174	0.4422242483922848	1.5428829432040485
0.5495085005312494	2.148717917947988	4.616988690910735	0.4559078385349762	1.5319859107617513
0.5540867258018114	2.173356440368117	4.723478216889574	0.4501021643060257	1.5300572902153624
0.5634475458878198	2.1367384486203815	4.5656511978126355	0.4616881239440518	1.4959102571007206
0.5567115799960078	2.134789824557419	4.557327595033895	0.4518585504542598	1.55184126375476
0.559558098855646	2.119727861351081	4.493246206188027	0.4498672689053491	1.5108360665057325
0.5712797186065669	2.1295366770730992	4.5349264589995375	0.46454571614689155	1.469114703365849
0.5616136419301561	2.1088093126309855	4.44707671703917	0.45065801982691656	1.5017710623791263
0.5746939537689245	2.1066895717838534	4.438140951862835	0.4548210645742389	1.479988132650014
0.5889745402577966	1.9838507344730412	3.9356637366692246	0.46273620002716354	1.4740087225883
0.5561125865126235	2.180137765221271	4.753000675343999	0.4527598002393347	1.543687832169643
0.5200114141395319	2.1360693396842083	4.5627922239389305	0.4365196620011025	1.525543084502411
0.5572718204147318	2.1659294546566805	4.691250402549385	0.4430576969366551	1.5445212138328805
0.5672362327343793	2.161874217196928	4.67370013098083	0.46071134817856807	1.5235875479532253
0.5789581024560673	2.023906807905738	4.096198767087195	0.46187076583928777	1.4605481553488282
0.5471345976390468	2.190950926145263	4.800265960776786	0.4454188704564208	1.5097734887761498
0.6047378712188466	2.041629492888985	4.168250986234135	0.47992687592879735	1.4536656166286104
0.5409937403718634	2.258579438407436	5.101181079596848	0.4534181534399282	1.5819848603163658
0.5676710165599811	2.054594499412907	4.221358557017773	0.45890262190824416	1.5051730837381538
0.5733989906423338	2.147039633357835	4.609779187209347	0.4598563575162151	1.506042260191376
0.5616407625001639	2.250184304821497	5.063329405665004	0.459273860595488	1.5564549986525653
