r2	rmse	mse	oob	mae
0.33728176838677093	2.597746806032811	6.74828846825367	6.911851530075465	1.908507361425232
0.3460874229858141	2.6617748822871166	7.085045523974593	6.859434798457866	1.900348394888952
0.3363020433001359	2.5981251810643724	6.750254456480778	6.632211331748049	1.8983888760885324
0.3522133127201379	2.5825782263703325	6.669710295322133	6.8086727068796495	1.8947035660984282
0.3609874443088025	2.5306772893145753	6.404327542652567	7.009386063027545	1.8717947553746836
0.39961637852801635	2.493148439083791	6.215789139305942	6.943728534771933	1.8377248948186207
0.354258508845259	2.517954167956409	6.34009319192905	6.775096743753619	1.8519534299506795
0.3855811668749979	2.6063115571991835	6.792859933190033	6.956570625021668	1.8359140233736635
0.3413009650172938	2.543879297797839	6.471321881764425	6.588037792744683	1.8559270008285598
0.33577262303068456	2.52528361588352	6.377057340649746	6.880634775515772	1.8635419751264897
0.3733809657687531	2.4818853022102485	6.159754653327257	6.825053471937019	1.8193362501370018
0.33497834254452874	2.567800371977939	6.593598750330043	6.772422816704452	1.8986490860143106
0.3750705586632652	2.540928691309084	6.456318614317694	6.9822635369152435	1.8261515097701138
0.37451152771763885	2.552468690727411	6.515096417143703	6.858858400069842	1.8425141969155878
0.38060333687349945	2.50984918910953	6.299342952073764	6.810689137181077	1.8218191364791907
0.33470780874416695	2.7083580867741195	7.335203526194769	6.986259670068738	1.9569219857131752
0.36670577299000306	2.6205926859291813	6.86750602554552	6.898064349082937	1.8803024528798171
0.32847325862080035	2.6118772253117366	6.821902640102137	6.7207712651687626	1.9445320722652244
0.3569917666174528	2.4910809699483396	6.20548439883876	6.743539845636394	1.8650760093539587
0.41338497175900313	2.4644137247250066	6.0733350066129805	6.85764357090789	1.8418852845297617
0.3381285036967795	2.415438585095153	5.834343558366476	6.603262715932348	1.799334132139024
0.3333343807956981	2.6540594009196714	7.044031303610084	6.8291869035088135	1.9166497124246171
0.35923271912435395	2.526256576818024	6.3819722919163215	6.893945828015458	1.8093177890875987
0.35707630930568823	2.603865184368945	6.780113898368719	6.896175282248159	1.8941145483648794
0.36166819596253896	2.635624060036698	6.946514185844327	6.964366067574468	1.8973442184799518
0.39114392336802606	2.4394078320263928	5.950710570951705	6.642530547018192	1.7630901198139475
0.34377750181515376	2.5420188120810097	6.461859640973748	6.804013487845219	1.8268271600702233
0.3945354424954023	2.563245778123125	6.570228919066023	6.954704536813331	1.8373044834994885
0.3493020046335289	2.6263784204271508	6.897863607285416	6.906509478024453	1.884039971804008
0.33643602240654447	2.602680012370979	6.773943246795399	6.815213010705022	1.8811130102170375
0.3557602185153159	2.570172449980837	6.605786422640499	6.801741257303115	1.8332155162126054
0.37193545768439984	2.6291167812015828	6.91225504919577	6.889857837482791	1.8573941873988926
0.34402461035565723	2.6334285432872	6.934945892599743	6.8073941685489	1.900027796483676
0.3524955227915807	2.626257690037261	6.897229454479849	7.005882779893429	1.909037964779362
0.3704823413959498	2.5826621756002126	6.670143913276024	6.824621694772026	1.8832907551950324
0.36342720990221666	2.5558637399190975	6.532439457033237	6.660205003726621	1.837465146811831
0.38262419711585327	2.5486387902922525	6.495559683382356	6.895131471795632	1.8766720240240158
0.36076742622922653	2.662252935759282	7.0875906939589175	7.1476570756107325	1.9121728011584789
0.37646570250886446	2.5322107028514957	6.412091043635666	6.785383173443448	1.8751383738905265
0.3552172055425056	2.582243086506753	6.667979357811923	6.992304641615297	1.8575161853450235
0.321506641060207	2.5980350362134197	6.7497860493924655	6.88097948281315	1.9228624132609158
0.3485066666433416	2.513620893309682	6.3182899952829645	6.703585012713613	1.8634311017728609
0.3216604404778729	2.6540140894109983	7.04379078679209	6.940475867114609	1.9248433018750697
0.3834450366514046	2.598363712721706	6.7514939835889285	6.800340147828344	1.8567116912872088
0.3328470178646017	2.624140732495792	6.886114583943552	6.894981862889526	1.8562774196708165
0.3338049782646533	2.5665445938331275	6.587151152134054	6.619741442529003	1.870179707087413
0.38268422559788673	2.551254422507525	6.508899128364206	7.054948946693469	1.8433974637632191
0.3729355163427731	2.4840987510740415	6.170746605087612	6.810997321220666	1.833814751429615
0.37801974737108135	2.5320061721859197	6.411055255987593	6.879361161206308	1.8322055259973877
0.3514274346749474	2.5454916771643568	6.47952787851301	6.712696961812725	1.8957395315785348
