r2	rmse	mse	oob	mae
0.054279793013630506	3.27070050683157	10.69748180538829	7.062034456309429	2.253204032809296
0.08521387568009686	2.97341272963579	8.841183260760161	6.939930080013189	2.0545115736432127
0.06048602267962788	3.0563570257089268	9.341318268600316	6.748926854502828	2.092704212321437
0.028377217466614812	3.1313824866439894	9.805556277660695	6.888006698008351	2.184609250398724
0.13617522259699455	2.986000738889356	8.91620041264778	6.981453693495286	2.066142629300524
0.01932583573494817	3.225649096116997	10.404812091280398	7.132083644618773	2.2489317392364487
0.06136121762543445	3.144149756464581	9.885677691076284	7.110271948631385	2.1753948780264567
0.09698626105920094	2.9784770831705845	8.871325734972352	6.950331584327618	2.115436318067897
0.18200216462855223	2.8935709534631795	8.372752862725813	6.937401329471077	2.0076229345252683
-0.038907110348898044	3.205431200446252	10.274789180794299	6.869406049543191	2.1794657097288677
0.18779432239255023	2.8960841059230367	8.387303148580035	6.895771883672005	2.0146410972068867
0.10273627721154455	3.0402200974687124	9.242938241052668	6.976725464637375	2.1060757955494793
0.0613764586559461	3.088191635366116	9.536927576745244	6.889582637830571	2.100210646525418
0.048158062894739895	3.071246049825316	9.432552298567606	6.8665040046005075	2.1611942018640584
0.09047124655934546	3.0416007385720776	9.251335052882208	6.8494882630169505	2.096443368839935
0.05322894295184588	3.1970339704469635	10.221026208191876	7.215556752346225	2.1692300727139244
0.08022551696934543	3.043575723186948	9.263353182772953	6.989045477563909	2.109973006166364
0.18000794826327804	2.9277653344490195	8.571809853601378	6.955228025275526	2.01044462659647
0.08299921562144252	2.9222072135049384	8.539294998660298	6.571706805479125	2.0250949038452557
0.1089847728066411	3.0022558436304623	9.013540150613258	6.882586976325325	2.080590594944662
0.20006816809766037	2.9969819544690486	8.981900835413118	7.126142536534326	2.065488799699326
0.12477840437430865	3.045054826000314	9.272358893347802	7.023333739836083	2.1224108355947195
0.03249611078747905	3.08481652653644	9.516093002392346	6.90836884394289	2.172454811270601
0.08772839210379224	3.094987215609157	9.57894586478412	6.793546628192483	2.1763496660311064
0.07824401629150912	3.058584390716334	9.35493847513361	7.001835958915257	2.0844115822830993
0.1088341233266178	3.0026074070578703	9.015651240918787	6.902031705967862	2.125745279988173
0.05510211437707013	3.0600252353144994	9.363754440761557	6.893351792442706	2.1380117700975165
-0.01896974178093913	3.2642437116793483	10.655287009238169	7.002302050205597	2.223111929272216
0.05910422826748707	3.1834965882527464	10.134650527416875	7.031613151745518	2.187280955589427
0.15239108715035288	2.963860402009014	8.784468482597035	7.121925991612908	2.0664197511685547
0.18169180577820843	3.0462560789469455	9.27967609852122	7.229127813645724	2.125752941901267
0.14180538681240007	2.903961868411054	8.432994533185418	6.769813873897302	2.0628063855336585
0.05214714588076064	3.2032931779173603	10.261087183691902	7.012977856667721	2.214297138619894
-0.012484328108282927	3.2725032335793482	10.70927741378729	7.145542423216563	2.242034136887078
0.10709637133177408	3.0517959426789214	9.313458475751526	6.924446917581364	2.1554140769287593
-0.02886210152325086	3.1017177887760075	9.620653241209526	6.840908343916407	2.10473117450457
0.10623888881537769	2.987125430946638	8.92291834020814	6.830126977874396	2.0656377310964986
0.04810634834711003	3.3107597333479264	10.961130011958032	7.257556130353203	2.260427751642922
0.11511415956899074	3.004999610258583	9.030022657654236	6.847159544640774	2.0511468064099643
0.10517017553988206	2.998186734189694	8.989123693071061	7.02749595073488	2.0607389686337054
0.12594946671317686	3.1521028555688377	9.93575241208522	7.090185531386263	2.2065794651919055
0.09054198011374792	3.1580147863928105	9.973057391075628	7.04179990673576	2.1536801427351664
-0.10635551787404562	3.3799903209780693	11.424334569905433	6.970434101477014	2.322786012956777
0.133268561785422	3.1851976456931674	10.145484042129297	7.167818142302977	2.196201016967607
0.14251773427286973	2.9915245821389167	8.949219325541419	7.110825180234522	2.0550143113612322
0.03706175509150744	3.075257849794201	9.457210842720853	7.013339985062567	2.141491859299346
0.05194352661489965	3.173293599038627	10.06979226569952	6.940642669561459	2.173346874542527
0.15507554963441317	2.985205412641127	8.911451355661882	6.9580870263561225	2.070494417862839
-0.05454460890753765	3.1562019156119128	9.961610532112308	6.814112326731292	2.1558473203210045
0.08790827380960853	3.234669316541472	10.463085587374874	7.079561202576171	2.263919095258808
