r2	rmse	mse	oob	mae
0.48942667148032015	2.3660218948051783	5.598059606697487	0.5162293637354337	1.6678148047186645
0.48290088543444687	2.2961350101160605	5.272235984680682	0.5059997791624938	1.6316209051855886
0.4920013850213173	2.2261438080562908	4.955716254147364	0.506328568401315	1.6088871812319019
0.4909297282169097	2.287957500574302	5.234749524434208	0.506697725150467	1.622164577115828
0.4971430936988631	2.357003530447497	5.555465642541965	0.5164269680307678	1.6669051227028484
0.4676701535503077	2.361041149895296	5.574515311498902	0.49996832262557134	1.6518045205242144
0.4980376214480483	2.3601938369224102	5.570514947846529	0.5136297891706512	1.6312984691069576
0.4756051192188876	2.286503167930454	5.228096736956003	0.50731166185151	1.655017847350573
0.44034203311195974	2.4329072333635127	5.919037606152502	0.4827099616925705	1.68379901567368
0.49920352599662665	2.377398748439262	5.65202480908057	0.5088699646564294	1.676838791666791
0.4897733762907056	2.376960045544812	5.649939058116393	0.5143425122086172	1.6734818420460342
0.48170945998279424	2.2235819877940535	4.944316856442153	0.5032630723772686	1.613488833102342
0.5087692256710663	2.118261725365614	4.487032737148908	0.5119001155915275	1.5534505388752713
0.4686500731703622	2.3706952684979528	5.62019605607858	0.4986642232376195	1.6729786774247033
0.48114935539196724	2.3116652983322066	5.343796451513329	0.5116250099333967	1.6436380233441639
0.48010484368517237	2.311581465636127	5.343408872272464	0.5057711651168834	1.6390220573949272
0.4676913501189226	2.3438637007666068	5.493697047771333	0.4977630213651849	1.6396856372578337
0.4851489577687559	2.3401728749693813	5.47640908474246	0.5102254192126647	1.6584726509542527
0.4708802202360881	2.4092531361642426	5.8045006741172385	0.4996110888204799	1.6700162109686594
0.48931590325404883	2.3415431600538907	5.48282437039516	0.49761119930947906	1.6377802535363009
0.4623352110903779	2.468145034459661	6.091739911127883	0.5015025119146861	1.687745470243079
0.48333114353092876	2.389790003367863	5.71109626019697	0.5074299479927269	1.6448483540292451
0.47320802871831713	2.429213802787144	5.901079699651578	0.4984515488374981	1.678135989649396
0.511459533005579	2.2587287495774953	5.1018555641679155	0.5124481042688999	1.599824103512347
0.5010022725947681	2.323448069003633	5.39841092935671	0.5194283018775315	1.6513934249159374
0.47758016029135	2.407008798650538	5.793691356781107	0.5200873650209341	1.652021898976839
0.5011259388413998	2.284837201684397	5.220481038200986	0.5168496335033165	1.6393288219483895
0.4689599263055553	2.2836088114658315	5.214869203804388	0.5092110699898887	1.6444555773997085
0.5007166418043534	2.301415685468129	5.296514157318737	0.505831874905947	1.6238913837035285
0.516153245083729	2.240507790544666	5.019875159491341	0.5202040062454193	1.5995581060262243
0.49310148018964495	2.3074964176568455	5.324539717499175	0.5072918422377768	1.6393950003215816
0.4907334537494541	2.314791269884763	5.358258623134713	0.5105456634880466	1.605691150284708
0.4850021971209001	2.392848578919865	5.7257243216388165	0.5112032624506969	1.711816915029694
0.5386366891503158	2.146989055347573	4.609562003782264	0.5266462501427696	1.5490992301357756
0.4964846723199816	2.218869391364235	4.92338137593309	0.5161514381994524	1.6257350153130763
0.46030834859280567	2.3654230509446013	5.5952262099400665	0.49551274604339235	1.6948964680258873
0.5023214696098266	2.3049230849764233	5.312670427657231	0.5083122504913732	1.6495642281041203
0.49592575393922866	2.2876070911799724	5.233146203616895	0.50036078818164	1.6021811400879589
0.49416605949210324	2.351132313063129	5.527823153529579	0.508086384947263	1.6810397512055855
0.46702335626231406	2.199892374542343	4.83952645956955	0.49930971741400665	1.603916762525395
0.4879160352929146	2.366748009795808	5.601496141872418	0.5039633229308216	1.6843764106861485
0.498368626432958	2.222865215681415	4.941129767086384	0.5110293490708718	1.6057335922659999
0.4851889215579712	2.3521603836464617	5.532658470395869	0.4984967301569516	1.6410117884642674
0.4950261043871511	2.3226447638392447	5.3946786989898605	0.5179687012232618	1.6620104151909023
0.49613692481806393	2.3038953477677344	5.307933773465809	0.507085029086616	1.6287596492240606
0.46790361599997154	2.3858421734113735	5.692242876428307	0.5042303632704711	1.705184407913886
0.467476468964345	2.259190663919331	5.103942455940267	0.4991882561216916	1.5998221357730948
0.5055642768379225	2.2101135763357296	4.884602020303509	0.514159150197308	1.6272053277746283
0.4767856543822804	2.3616949742259283	5.577603151284009	0.4954735797854062	1.635718633496231
0.4793586772556474	2.311211257641315	5.3416974774479495	0.5057141180588932	1.6425184105688426
