r2	rmse	mse	oob	mae
0.5853058362881294	2.0585158501403935	4.237487505279226	0.46499725784575663	1.5099871469872899
0.542570178657207	2.2423635517217875	5.02819429809035	0.4486535353618877	1.5871063768624356
0.5504901186448737	2.1251578153523196	4.516295740153044	0.44700933909901	1.492092681981661
0.536223123473254	2.2185709626757464	4.922057116427989	0.4461358924056482	1.5544675796185907
0.550619925119633	2.1735837379542633	4.724466265899227	0.44833500330533904	1.5355663222313707
0.5593855692376436	2.090296327485532	4.369338736699503	0.44701561215076746	1.508797588199503
0.583724979808411	2.133911255322065	4.553577245590192	0.4589055196013534	1.5318405667213177
0.559882280856181	2.1306034983826825	4.539471267320525	0.4604402252331852	1.510964645642847
0.5750756584910488	2.0711551465135667	4.289683640929634	0.46508747944585116	1.4915931290993063
0.5503415035993682	2.134600876214143	4.556520900734186	0.4520845498365007	1.4917602808514387
0.5487983706149717	2.158168394031589	4.6576908169968885	0.45285108088157133	1.5053732681060648
0.5711397382150443	2.100825876838582	4.413469364794597	0.4593216946792602	1.4975173497901266
0.5312627627249633	2.2260649431674104	4.955365131198927	0.4400148300974611	1.523337128186448
0.5498045976751316	2.2369130707330487	5.003780086016357	0.4492376965472279	1.5393231139959556
0.6010682461839316	2.0808713646855064	4.330025636368121	0.4782174412380843	1.4838820224651341
0.5534471004697323	2.1797085577854487	4.751129396883122	0.458303351153418	1.5495781188649886
0.5269039757214989	2.179046567185841	4.7482439419643985	0.4419581572751319	1.5591899350214795
0.535412837456761	2.195398518372889	4.819774654473877	0.44162208516406287	1.5203907169455546
0.5464076815196823	2.1976411187657723	4.829626486890075	0.44365954720261847	1.5634620372060413
0.5391923473486194	2.2197680172616714	4.927370050457812	0.45145301626067624	1.5598103028991073
0.564691133302621	2.186571566453844	4.781095215224418	0.4573949408770699	1.5378045332657566
0.5420241784126536	2.298626908845194	5.2836856660672105	0.4414760451236701	1.6115916860960076
0.5643416712181824	2.1272600941041206	4.525235507967872	0.46452580843930824	1.5384043844728372
0.5608311507260527	2.0776858856429317	4.316778639399854	0.45596478495073445	1.4775053671966847
0.5484432085145587	2.1337998353885963	4.553101737504401	0.4511896596663483	1.5287926662782487
