r2	rmse	mse	oob	mae
0.5412139952452868	2.209595017161134	4.882310139863312	0.44940888436381976	1.5464989510597638
0.5679912114814438	2.1610188285954757	4.670002377544162	0.4597164107448952	1.5408607639898337
0.5312860445681722	2.2337805983104153	4.989775761388036	0.43977148106773223	1.5841921673948989
0.5676184654619124	2.109510043585788	4.450032623989313	0.4587268402171272	1.5146371532179568
0.5119607056268844	2.2074687624514406	4.872918337198896	0.43945343205428333	1.5378637379183997
0.5569124271310089	2.066578928505807	4.27074846774421	0.44947357612911554	1.4864115830012328
0.5403040057015782	2.2026134161555766	4.8515058610285395	0.44858488354821513	1.521770347986145
0.5251688900137248	2.253083064641892	5.0763832961760995	0.43333332026399785	1.5856607356515313
0.5562926462873139	2.128310529595288	4.5297057103861755	0.4597657919692266	1.5134414098052489
0.5490730793866805	2.1749128940636466	4.730246096764306	0.458292022751176	1.508226946952295
0.5651167884690356	2.155612964485252	4.646667252656897	0.4562012530770897	1.540096842345491
0.5585209130886548	2.133777393871646	4.5530059665976745	0.45554794237540297	1.5299677158380363
0.5732078515409361	2.120797411769258	4.497781661767182	0.46669049875417035	1.4983202208545061
0.5609935767642678	2.0810874598488383	4.330925015540091	0.45785422245243845	1.5014765616176424
0.5635909845628595	2.142437420967072	4.590038102760039	0.4583213757450775	1.5068561645088827
0.5330053154642442	2.2082072819061422	4.876179399863314	0.4345399125681326	1.553978374310401
0.5539035587336574	2.1718723892302534	4.717029675100728	0.456357229394069	1.526637191789516
0.5292054594933289	2.275413273075936	5.177505563290143	0.4376363802035309	1.5954231460507975
0.5384248071736483	2.131173262485496	4.541899474733072	0.44866894883096564	1.5267229310059003
0.553472870230985	2.239435501164168	5.015071363874408	0.44808713294176017	1.53887091247809
0.5783499968989483	2.111970230607421	4.460418254971962	0.46502074674765914	1.4864779032145123
0.5733985899143015	2.0816600265301894	4.333308466053668	0.46079656293599436	1.4781956661399744
0.52533351936846	2.1555618183283936	4.64644675263521	0.44346355249186153	1.5216676037686698
0.5445687480073077	2.195459901004829	4.820044176920133	0.44679848586714654	1.5591373483879043
0.5396187944797344	2.240346574505087	5.019152773896676	0.4500471968901836	1.572810552767417
