r2	rmse	mse	oob	mae
0.5685150815628244	2.144832970202774	4.600308470068854	0.4602736835608825	1.5019146363349063
0.5555221670828623	2.216162661353951	4.911376941579426	0.44785623235525596	1.5232480991771211
0.5612819870356878	2.134910711392122	4.557843745616816	0.4518767100280592	1.4973521236255278
0.5421154780902462	2.2012338793540214	4.845430591615955	0.44395494488109466	1.569363610696307
0.5864975376354	2.144978407620194	4.600932369156863	0.46648364327018355	1.48364941124154
0.5572291139785888	2.0928140535774595	4.379870662851318	0.45018349162257176	1.4595133551496526
0.5689421177969625	2.0984095453842824	4.403322620159871	0.4556849018705802	1.5147584462192734
0.5431649195109796	2.1054572738312904	4.4329503319290895	0.4404795782240396	1.4939667629964986
0.5672559752977094	2.1207132050987947	4.4974244982804015	0.45205951491581975	1.489127892302337
0.5587261431248629	2.0887473396779015	4.36286544901151	0.4507741160244867	1.452969413458521
0.5149533013184489	2.230619691613633	4.975664208614499	0.4393235985999966	1.5759169587852608
0.5497345946754653	2.159376886458758	4.662908537772319	0.4486408223212801	1.5353319331259188
0.5256885301331229	2.2055562523896617	4.864478382455129	0.4406835234440838	1.5326690362165447
0.5765929557249978	2.173780659761752	4.725322356754238	0.4599039713898192	1.503148075731332
0.5790267045482457	2.123997146293246	4.511363877461854	0.45726143380391293	1.4905945787380888
0.5442455169840659	2.3012174877522487	5.29560192593677	0.4468459502082447	1.582274480212669
0.5513336232798226	2.0954068885107984	4.390730028418506	0.4432504117981514	1.5214546528573114
0.5606439370228031	2.11669124177708	4.480381813015796	0.44699408449376166	1.4686218595770943
0.5566848943096157	2.104867776905889	4.430468358256739	0.45018183995903005	1.527919607359609
0.5816578242133799	2.050527740116226	4.204664012986156	0.46031587574232613	1.465119337906314
0.5675174521648656	2.1367091288044966	4.565525901116471	0.4549319992108938	1.4836426711618917
0.5632496465731673	2.1472741191406426	4.610786142731223	0.45310018326966905	1.5273049627939654
0.5792805638820842	2.187022617201712	4.783067928151827	0.466497677772592	1.507695781188461
0.5627455101926612	2.1549702023879305	4.6438965731798785	0.4545016835317299	1.5255977702527677
0.5286901458551939	2.2171267936465653	4.915651219105499	0.43476163398484813	1.5705977518900196
0.5624875684019188	2.1574768879387105	4.654706521989704	0.45585785983879556	1.486796852551137
0.552022829093268	2.1824956442499035	4.763287237169801	0.4496326553311676	1.5094637917808407
0.5546843389064956	2.1814902540276053	4.7588997284174255	0.44496162312999055	1.5120899015055473
0.5700960403480453	2.0186239174672513	4.074842520170832	0.453238886057754	1.4574006088285272
0.542673423294106	2.2441120537379766	5.036038909732079	0.44671560150027634	1.5454088579885894
0.5576234583822461	2.1936622351409563	4.812154001883616	0.44481908333984	1.5786603774347774
0.5690602247137198	2.152363562031349	4.632668903160275	0.45491319902662997	1.5468864750802067
0.5425798415720381	2.189729493588484	4.794915255091278	0.44086370318060997	1.5266077030260905
0.5643777125596204	2.110178368991314	4.452852748958842	0.4547743217113831	1.5008015556455367
0.5720071517437249	2.044416810689132	4.179640095828322	0.4598786718320407	1.4515621258982017
0.5704062675961901	2.06289716741479	4.255544723327964	0.4530765799274403	1.4806164134016049
0.5025557629386563	2.178927038393412	4.747723038641885	0.4207629330688125	1.5215726833438907
0.5344343800890121	2.1890853569731483	4.792094700114256	0.4412934990758375	1.5350122511168203
0.5243952253239221	2.227584699120206	4.962133591754459	0.44101015718567305	1.5676400166265065
0.569946475470249	2.1162181441026693	4.478379233429346	0.4530434924803619	1.5162208575382126
0.5644742715038892	2.157782900670622	4.656027046426525	0.4486211507130071	1.5049294582164898
0.5679127466559447	2.0652129627262243	4.265104581412429	0.45845658755975094	1.468113887712827
0.5431328216589275	2.118577015334176	4.488368569902264	0.4429670201490946	1.5132866549495192
0.5276953197655312	2.2457242775189963	5.043277530638218	0.43302071349340077	1.5551265616231662
0.5521313244287198	2.1405327910721605	4.581880629655174	0.43984061320889567	1.5256491643033583
0.5570126117384241	2.110829585628592	4.455601539564975	0.4465788162489689	1.4704818152739785
0.5691805499811643	2.1676674701732637	4.698782261247357	0.45816801695546494	1.4969646109360355
0.5285563308287464	2.1576373082604268	4.6553987539973	0.4378208983591245	1.511644260449508
0.5712640360999606	2.134828435092594	4.557492447279894	0.4631277937041154	1.5058386108108484
0.574208348605751	2.167141081725892	4.696500468104068	0.45990761718105677	1.5337812410141887
