r2	rmse	mse	oob	mae
0.5034376695928038	2.179868296921485	4.751825791923377	0.47479045505678996	1.57071149206376
0.522663914690852	2.290613953963174	5.246912286090804	0.4878445768199914	1.5934828009157194
0.544361989119411	2.2095524202518595	4.882121897840849	0.4968687003539983	1.5485116704607105
0.5355753257731315	2.1333815129238376	4.551316679685202	0.4738551733679188	1.526777908541756
0.5008607563920817	2.1938296942283233	4.812888727277939	0.4820854147706676	1.553623417079038
0.5578504444356907	2.173215101120574	4.722863875738508	0.492029864722456	1.5212976416353912
0.5357822772795691	2.155516156957614	4.64624990290532	0.4891242868532393	1.510642106681249
0.5405412437702268	2.2333704052274492	4.98794336694582	0.486249680937781	1.5464486666846726
0.5245022547051608	2.3470220722432873	5.508512607597175	0.4891828402502547	1.6388239288545072
0.5391190313579355	2.280020276130158	5.198492459564641	0.481718874510795	1.5822845417709157
0.5478208604985123	2.168185928162593	4.701030219082284	0.48966595319087003	1.5671950194630782
0.5371592996922325	2.222742829206857	4.940585684790504	0.4766329434658916	1.5698283066111312
0.5408777206739078	2.1989060501137265	4.83518781722675	0.48536787020379557	1.5616506606056424
0.5267824436225432	2.1078407135841832	4.442992473843079	0.4934362394480445	1.5121493193001876
0.5100273677010442	2.2015329178791405	4.846747188505442	0.478702821858508	1.5625525591060159
0.5501003003307974	2.305939057352673	5.3173549362245325	0.4797819965062188	1.591272306457436
0.5245065754472777	2.117395972659908	4.483365705036397	0.48232612181328083	1.5228316101790087
0.51767154347034	2.15722276134584	4.653610042068572	0.47954089082836093	1.557933441960963
0.5740866979881509	2.1518228235024313	4.630341463745976	0.5110497505677241	1.5793855804608563
0.5333584798471247	2.2512482510587204	5.068118687894948	0.48980034792681826	1.5943134104381644
0.5475315869556316	2.1190191625432346	4.490242211225431	0.4837026172677412	1.500765338353795
0.5481862616831148	2.163014509939075	4.678631770206977	0.4989510028991281	1.5585190078667763
0.55088330488529	2.184826598668349	4.773467266248707	0.48353327336533625	1.51930316131878
0.5413652621704863	2.2551199183989445	5.085565846359661	0.4910215240901562	1.5719517369891272
0.5572523302532041	2.17910085933021	4.74848055513366	0.491168301048161	1.5590521918325106
