r2	rmse	mse	oob	mae
0.5283632447051898	2.339466210883212	5.4731021518642535	0.45746142452762073	1.6193370064201036
0.5424009433982989	2.1882683467822623	4.788518357529176	0.4683046842945062	1.562312768207927
0.5256399788788197	2.1771898385553325	4.740155593108596	0.46574057169334215	1.5330156663226209
0.5331281190874836	2.3008532969291906	5.293925893989926	0.46236238160846455	1.5837426346534966
0.5624459980474538	2.2325201593227053	4.9841462617822785	0.48340714103168314	1.5397913737365934
0.5264375832732133	2.2291347055860435	4.969041535648176	0.4654146197209449	1.5384912834348778
0.5962306060170504	2.117389877218028	4.483339892145377	0.49952724302442886	1.484615830711111
0.5480110258056838	2.1514787147014327	4.628860659813328	0.4762707575100388	1.4926933107550975
0.5506056321372133	2.2109891573116016	4.888473053749466	0.46769021160441526	1.528131194472342
0.5767163955439847	2.096821934601079	4.396662225424211	0.4936097765655053	1.4834241822416612
0.5639784704552449	2.1518970614036337	4.630660962877593	0.48709248218965284	1.5389453776438642
0.5510438826283105	2.1286251121040003	4.531044867879768	0.4702375352036432	1.4947807332944671
0.5456533693260511	2.169530928719001	4.7068644506683315	0.4706305705063797	1.5214470985351434
0.5513762339832737	2.157595098340234	4.655216608381803	0.48583382399537056	1.5131435802164768
0.5419244793889557	2.2210113767426445	4.932891535620256	0.4732602442691255	1.557375222044555
0.5552668405650588	2.1836821025918973	4.768467525180169	0.4802388811028555	1.5436919443689658
0.5399380480045921	2.138976520502626	4.57522055526152	0.4770936692707074	1.5112890889477215
0.5261969995844392	2.2271070657859346	4.960005882473636	0.46816461357803285	1.547777807689122
0.5864012789169637	2.1275388941232496	4.5264217460071805	0.49587998282987766	1.5109580897594206
0.5418735208191063	2.1760280708760016	4.735098165240333	0.4682699153478267	1.5236045002479148
0.5611287049740772	2.0598450713018743	4.242961717766624	0.4832648918191489	1.482187546838361
0.5401732083360768	2.204681127725782	4.860618874950226	0.4722909361340726	1.5892534774632192
0.531760259022767	2.2478930215696895	5.053023036421709	0.4701891453284712	1.5570643677976472
0.5456872485619872	2.201444469018259	4.846357750171084	0.4873315444145956	1.5370071048891567
0.5621573929077666	2.033929145574106	4.136867769215814	0.484678117080209	1.4625854186265113
