r2	rmse	mse	oob	mae
0.5564262563397051	2.1479102149931126	4.61351829167176	0.476689096517803	1.527742664530572
0.5356029024774825	2.1966884525708523	4.825440157658125	0.4756865350935171	1.5303005697342467
0.5186492550611996	2.0967682181020604	4.396436960442889	0.4621419505012807	1.4892246409381382
0.5398037947298412	2.229935722870529	4.972613328134109	0.4764445256558152	1.516668693990103
0.5399581152303679	2.2205130413464302	4.930678166789573	0.4758855151532473	1.572791715925923
0.538286042722035	2.10683636881444	4.438759484959215	0.46023102121696047	1.4599037252812184
0.5493253815032662	2.1870991851416464	4.783402845647254	0.48029572041836277	1.5687660833725956
0.5298018643206744	2.230270039886475	4.9741044508152195	0.46509679900085943	1.5564486960352586
0.5636688144767779	2.1313414746442554	4.542616481538748	0.4747706676677319	1.5034471420882063
0.5229630341701113	2.136327809356763	4.563896509031067	0.4486067339778401	1.5343128211702324
0.5538243304438133	2.1959775602932456	4.822317445311476	0.4747586687737195	1.5412360957082956
0.5709907631449467	2.0980449679585984	4.401792687576397	0.48504377706014945	1.5117648232281573
0.5386889104477737	2.1659177563894465	4.691199727443094	0.4624906232724606	1.5441144192717402
0.5634966090544256	2.1014361563754735	4.416033919322124	0.4894054940594297	1.5073058187898176
0.5390074496933166	2.2933775680534363	5.259580669650693	0.4645829196121889	1.5981039521716613
0.5455015110598316	2.1586187660091016	4.659634976966657	0.47850328200678904	1.5501594291058307
0.5336331464091038	2.2210214051395076	4.932936082087872	0.4658129237760176	1.5760127861738351
0.5412741932439612	2.166728072656316	4.6947105408369545	0.47123955794254324	1.566029628922397
0.5561869706192365	2.0690440636844736	4.28094333746796	0.49106512287354953	1.4780614211573768
0.511169310183303	2.3116256864380933	5.343613314200385	0.4494454267082444	1.6213170619328494
0.551747519933195	2.1416068349696276	4.586479835588625	0.48224353899794237	1.5186962475687158
0.5096080093726063	2.309731416599365	5.334859216826109	0.4561987224658556	1.5800711747939726
0.566253831769345	2.152082323195305	4.6314583258096995	0.49496189049795236	1.5375530054408133
0.5597992512098398	2.1333390135259718	4.551135346631967	0.47482373096956165	1.477651260844351
0.5477099776472464	2.1963552084296443	4.823976201596025	0.48054729587236433	1.5416516322722775
