r2	rmse	mse	oob	mae
0.5234406805584808	2.252295677033734	5.072835816784847	0.533812417082524	1.6345487320582215
0.46413027795626116	2.2612632743752896	5.113311596038457	0.5142139177538345	1.639301632697217
0.48670160650598127	2.340354993855918	5.477261497266335	0.5189757563485127	1.661712264039286
0.483078889567347	2.307557584481019	5.324822005695877	0.5089085515102294	1.6213588245646826
0.4847568725489976	2.3032155304415856	5.304801779667315	0.5181768208588121	1.6147183497218154
0.4735867013205102	2.311407817780428	5.3426061000964795	0.5121212110338389	1.6546119307735891
0.4801872962286009	2.2676755600987777	5.142352445869305	0.5082916305586126	1.6392784213748697
0.510589394253179	2.291188952009366	5.2495468138097765	0.5240293371400871	1.6418981321526382
0.48202057289014366	2.2761052218859414	5.180654981096451	0.5181321325040315	1.6488641632827312
0.4832045790597601	2.376855748555818	5.649443249442839	0.5097817724250172	1.6769181747854005
0.49036837323052884	2.290339592726047	5.245655450008514	0.5164605529854995	1.604190160194496
0.49042053529843965	2.2972926928519666	5.27755371663104	0.5060462657721972	1.6254753142817862
0.4558421181490534	2.3426859139908465	5.488177291611127	0.49849766099375015	1.6324471474884779
0.46781328997121696	2.3903004599574436	5.713536288872767	0.5078447598034201	1.7243395578451346
0.467060428510942	2.260833144745236	5.111366508378633	0.5042175387393558	1.6365065428195968
0.48642133191573744	2.2614123947053	5.1139860189267585	0.5161933461375137	1.6090034329799208
0.4912271545268655	2.228532411754589	4.966356710240726	0.5088414294353862	1.60577622238441
0.5013705931618175	2.2811288982502154	5.203549050432242	0.5204865875537351	1.650998624090836
0.5032452605030735	2.1545974641351737	4.6422902324577215	0.5189340006271845	1.5792323529415841
0.47828070031188186	2.3528826909935945	5.53605695757726	0.5047104588363267	1.6838237373714182
0.47727979234019546	2.2956612791487423	5.2700607085828395	0.5130571480525268	1.6476223223036892
0.5024542394020284	2.2808469390337374	5.202262759299569	0.5216094834939838	1.6255812202320914
0.4866980307988903	2.3914558908195485	5.719061277735521	0.5207466079426967	1.6866518494496239
0.4737886400667358	2.440981782667562	5.958392063314911	0.5098236554967807	1.6939730196042275
0.5092987178997461	2.3071348333267068	5.32287113914945	0.5324498668572756	1.6728583923714482
