r2	rmse	mse	oob	mae
0.5090035558457038	2.143750211533587	4.595664969450298	0.4497625903656104	1.521083804749581
0.5372690254615878	2.3028348631561526	5.303048406967416	0.4669945056076956	1.6092518826473332
0.5125326044089835	2.237147458525516	5.004828751187175	0.4479078927819873	1.5716591748151334
0.5382279592816397	2.1641549208543336	4.683566521458027	0.46737011955273666	1.5252146759487872
0.5383359182390035	2.197437394373146	4.828731102189441	0.4620738245966485	1.5186792631353774
0.5467778004570039	2.0051924741217952	4.020796858274686	0.4699839027882322	1.4550513162807994
0.5346927967944601	2.1873790300846543	4.784627021254083	0.46863902098169086	1.5375569475070845
0.5622026490574576	2.1532142792485374	4.636331732359799	0.46108995532041774	1.511743769527379
0.5482438148930677	2.15096947889456	4.6266696991359355	0.46183112237132296	1.515169126148123
0.551406781450348	2.166462978300554	4.693561836346906	0.4629724339249428	1.5145261035657098
0.5453684358756191	2.0951905316337553	4.389823363847738	0.4667867075554262	1.5006538219323706
0.574978201160651	2.131702039894865	4.5441535868919285	0.4729881037968007	1.4995439010756695
0.5465081940685768	2.1492663825516156	4.619345983166507	0.4689948399842725	1.483545635697391
0.5713672504397711	2.1519781285768262	4.631009865873019	0.4707436811304456	1.5200731171892004
0.5273346193138004	2.200804258597308	4.843539384660047	0.4511830466191362	1.5704186899011046
0.5371609954626535	2.2258020529434996	4.954194778887498	0.4730318636135177	1.565519711112505
0.5258717023513958	2.1860271638060857	4.77871476089808	0.4501304317283936	1.5536944433677882
0.5530251050552484	2.1466448399753117	4.608084068992631	0.4707112678272247	1.5217218215574946
0.5309546049390427	2.2948468776044098	5.266322191650709	0.46032938716366534	1.5494821731446093
0.525732984417765	2.194634460348836	4.816420414550627	0.4586002286018034	1.5298779898137636
0.5554180738640198	2.10857423416892	4.446085301001049	0.46565020100093646	1.4903343407836558
0.5482838903183462	2.1096201305261593	4.450497095121209	0.46288826341135436	1.469710691086938
0.5304016453691198	2.32044836076093	5.384480594958087	0.4607186234573939	1.575447502719844
0.5791313354427224	2.05243215978444	4.21247777051742	0.4839076593419209	1.4778274535081628
0.5431859360337759	2.1863791717271397	4.780253882562253	0.45868052475992593	1.5331269592058057
