r2	rmse	mse	oob	mae
0.5189922062461321	2.279425805731891	5.19578200383648	0.4625557588507674	1.6274832382854343
0.519488454679513	2.202822010366031	4.852424809353042	0.4651484992134809	1.5695721559566993
0.5433490973486481	2.1200667439771066	4.49468299891769	0.48479262804762924	1.5330957515307286
0.539780449369691	2.2406866613939744	5.020676714548875	0.4747931084010799	1.5801941051059385
0.539134935950634	2.2469920993264667	5.048973494435562	0.4666159247630641	1.573043778747597
0.5523560510738538	2.1534616866961547	4.637397236068247	0.47220377603599406	1.5136145749213694
0.5493902045932996	2.120248080392682	4.495451922408853	0.4642790951611522	1.512489776327955
0.5301915143160978	2.1756243236120083	4.733341197492208	0.46693963459868537	1.533177874477279
0.5708826119952395	2.1178208532468434	4.485165166447189	0.49163192505881903	1.5309010710331765
0.5482081714644887	2.1476676027481036	4.612476131893786	0.47908526112298866	1.5211350637842183
0.5328030183617978	2.1909093724309945	4.800083878205974	0.4665566096772442	1.53574166168296
0.5337295623042685	2.2052718264904243	4.863223828712411	0.4566321022238893	1.552646991240336
0.5353718508730252	2.321700125133567	5.390291471045221	0.47112583166906263	1.575516886057111
0.5468339929510742	2.0609317883938054	4.24743983641209	0.4675163270338232	1.4752573865451069
0.5227235466071525	2.310352911549948	5.3377305759073215	0.4636399966024346	1.5671916751754362
0.5291449798193557	2.225129122369571	4.951199611217176	0.47447430787902767	1.5724999272256035
0.5582546346026087	2.173754062259354	4.725206723189044	0.47398793246424153	1.5274034420435358
0.529661586558801	2.251376916650426	5.068698020826379	0.46068382532915564	1.5793045354001762
0.5580237995900341	2.210124027924713	4.884648218810158	0.485264593775921	1.533388819919426
0.5237775656030028	2.1200280402233824	4.494518891333396	0.4539971350858447	1.5178829452256262
0.5866000914091151	2.031682846322095	4.12773518803945	0.4807539691515963	1.4475385451500427
0.512881887077575	2.3140152485695715	5.354666570612495	0.4589816220971943	1.5694477994352871
0.5453784607482385	2.1249789686216274	4.515535617084235	0.47371530406485163	1.5487881382618154
0.5439598443344849	2.1559600344927743	4.648163670330085	0.46789330442117827	1.5059161460646044
0.5653687571987716	2.0804297647144785	4.32818800590994	0.47963360277848555	1.5307959419429098
