r2	rmse	mse	oob	mae
0.5166663118368444	2.2960110506118614	5.271666744531783	0.4544170030405781	1.5998277284656497
0.553196989338895	2.1039857112460303	4.426755873127464	0.47392197513245793	1.5220266306758223
0.5615253463768222	2.1061088958782346	4.435694681297436	0.4863928634419711	1.4907103652980729
0.49495238353467597	2.3470930899359264	5.5088459728249735	0.45198260623540887	1.6347968882609696
0.5484884759346049	2.1230174690529844	4.507203173904139	0.46066181592735833	1.531248089360109
0.5430501293342215	2.1509525014861364	4.626596663649467	0.46602782933649356	1.5127733113629194
0.5501156518319379	2.08827253104503	4.360882163917216	0.474330454225119	1.4854653828464848
0.563497650493856	2.171754649729714	4.716518258622632	0.48836609525935004	1.534331339802063
0.5344314741718862	2.31802821446181	5.373254803041006	0.4816141442752657	1.592389387450479
0.5433922159402054	2.1830895135805344	4.765879824305294	0.4723619964825323	1.531712603091338
0.5409021930874988	2.2383530883668437	5.0102245482013865	0.4766270255553611	1.544838344466147
0.5158665651007839	2.25128495355162	5.068283942087919	0.4561537959555986	1.6074236705467875
0.556720315455664	2.0390772430904334	4.157836003289283	0.479453137592023	1.462229535889507
0.5543459714454115	2.096760044665969	4.396402684907636	0.48018573782358764	1.5256129538323508
0.541395426511919	2.1844894304156344	4.771994071597622	0.4629550850346946	1.5261541332196025
0.5489998417351774	2.154291627617538	4.640972416823022	0.4810055743047119	1.5718421199447576
0.5487766771311566	2.1716371501956617	4.7160079121099345	0.4726181408666108	1.5433717808778251
0.5735031568977691	2.126121098749328	4.52039092654705	0.4874054390535114	1.5107349107440848
0.5458692646004945	2.1143914952500715	4.470651395185833	0.4595699122019745	1.5102906971321108
0.5606370956081413	2.09801664519857	4.401673843530263	0.47439185730298594	1.4970338550046147
0.5295679165711851	2.187962741001653	4.787180956011467	0.46490047716642935	1.5427720434124517
0.5673604685500395	2.043414025251941	4.175540878596339	0.4793479181238798	1.4668317743998278
0.5555000948007324	2.1944427588217645	4.815579021745277	0.4807531543760868	1.5246797917181543
0.5071115379335263	2.2234910551673437	4.943912472409188	0.4653092215541843	1.5321603085445001
0.5413274221486504	2.1675587995690937	4.6983111495894105	0.4769135252696849	1.4949173838493424
