r2	rmse	mse	oob	mae
0.5684449229325875	2.044901967823466	4.181624058008285	0.49022746021378416	1.4723270803203719
0.5116609890391642	2.346884998978263	5.507869198429202	0.4613549377155225	1.6235423548476449
0.5555870272367616	2.1299305793662713	4.53660427291954	0.481043259395604	1.5233130491673623
0.5246931750925703	2.189335811015886	4.793191293396587	0.4631306667358469	1.56319775528988
0.5373873424659213	2.1950497636843838	4.81824346505087	0.476952121579309	1.5459053167598131
0.5495683506672315	2.1623569457775216	4.675787560952291	0.4732115073823422	1.5536644956328778
0.5299673627430646	2.214376502496262	4.903463294807579	0.471377971819372	1.5616368341547127
0.5478991790809392	2.120802532619804	4.497803382366576	0.4745953932834459	1.4858264397187753
0.52236342055253	2.219685838050143	4.927005219640366	0.47668256663780584	1.5592959334580487
0.5158739662982434	2.170031196646324	4.709035394418276	0.4645806060201323	1.5359625492488966
0.5041640835789933	2.2628462860355967	5.1204733142250936	0.45912299861483974	1.5963844145897972
0.5378540791826623	2.171439682564746	4.715150295016885	0.46808010604952566	1.5534434841371505
0.5259970682710549	2.125468310479219	4.517615538851386	0.4664516536319705	1.5155084179788663
0.5057026030136305	2.2482601432838565	5.054673671878747	0.4657830940141696	1.5746708133834564
0.5467147153634504	2.1842723865188045	4.771045858508553	0.4713430011977937	1.5669443461473982
0.578453758011868	2.1280899593492753	4.528766875083201	0.4938041386191062	1.5218622861182989
0.5403827839162079	2.1348866370868316	4.55774095321192	0.47690450230305004	1.5339041056971299
0.5283135122585461	2.210907613715587	4.888112476385551	0.47203860996718694	1.5564869067115528
0.5352825826246904	2.1593827632649862	4.662933918285927	0.46979170868057807	1.53285995828675
0.5349501165885651	2.162420807490127	4.6760637486662535	0.46985187089035385	1.50718880072912
0.5283729806493109	2.234364827819516	4.992386183796935	0.4834125232661446	1.553779831796702
0.5138247906038633	2.23543976347593	4.997190936129321	0.46078771772696436	1.6164145726690835
0.5196781257778478	2.263830896004884	5.124930325706276	0.46817588834951007	1.5422090001648074
0.5279514291763541	2.306855801867359	5.321583690609096	0.47934458271205416	1.6374368536500923
0.5282973769850924	2.2007161286526222	4.8431514789117855	0.4679910574717523	1.5576422798529437
0.5250526748511283	2.2586057821139023	5.101300078998352	0.4635872582658336	1.5813943710686726
0.5452787728303632	2.137419297244931	4.568561252235013	0.4792326553920714	1.5154381300510902
0.49820326753850663	2.2616379036395884	5.115006007179272	0.4575871438843735	1.5915840237844663
0.5505123235609839	2.156985666420227	4.652587165142311	0.48387791995846163	1.538041377736111
0.5418915691157191	2.216554169432417	4.913112386028231	0.4800034070228265	1.5582207543869813
0.5147660615839996	2.2629385495853067	5.120890879199252	0.4654196640092647	1.5788450837131063
0.5539207608716915	2.145156430929053	4.601696113156273	0.4809998955579472	1.5322461107854646
0.5360347767796023	2.1977360224988107	4.8300436245888925	0.47118434826615596	1.5456714951312647
0.5662149578559073	2.1773461078738983	4.740836073473613	0.4931811537453681	1.5713861222117165
0.5479045402383629	2.2294189293183684	4.970308762403059	0.4782327073895658	1.5555196741013357
0.5482006760381519	2.125754565246848	4.5188324716678165	0.4781496663446234	1.5371852739210792
0.5399795206392022	2.19022570300332	4.797088630096386	0.4800541735959538	1.5425300718958843
0.5467447204374705	2.1512776930734616	4.6279957127154745	0.48096365525964924	1.5227923432532329
0.5222910309318183	2.1803295550294743	4.753836968535025	0.47071055249969174	1.5422177145773823
0.5388777381187354	2.187305731034199	4.78430636101505	0.48073427453867834	1.5752504214260807
0.4994883543408838	2.3632593836399316	5.5849949143621895	0.4707940647229323	1.608159090063759
0.5225121012271061	2.1904431957861883	4.7980413939660105	0.4773597114280195	1.5526948835080085
0.5435441498452002	2.2591311125250515	5.103673383578678	0.4826128263930354	1.5541406468195367
0.5095218274990333	2.319321366569593	5.379251601426244	0.46638599197400765	1.613815601893534
0.5105751738458609	2.203298900336421	4.854526044223682	0.4721784880514064	1.5790763524435683
0.5419041513975275	2.1532585872899697	4.636522543737995	0.48009228475825916	1.538196083059103
0.5254186419864512	2.2079036071339395	4.874838338395061	0.4790252711762555	1.5484655010941637
0.5317413791143601	2.2517564930156952	5.070407303838342	0.47685402477278793	1.5871352879046823
0.5319047158840927	2.2465306382193098	5.046899908458059	0.4729392343333856	1.5461278860257346
0.5420335490065827	2.2147286495872183	4.905022991302424	0.4778988768019615	1.5578809039439296
