r2	rmse	mse	oob	mae
0.5741488802610596	2.181450589739774	4.758726675476007	0.49265498305527855	1.5270516957561273
0.5602559785996978	2.0918654893852335	4.375901225680922	0.4680405228017366	1.4794161862908526
0.5331879837137479	2.3039676956137076	5.3082671424315375	0.4767372262848967	1.6080896123511113
0.5171192892977747	2.1594055287525444	4.663032237607056	0.44968415238990267	1.539100314803069
0.5504564334217497	2.168655097872813	4.703064933529742	0.46765476288523744	1.5202401679467776
0.5481840504784334	2.0735824705649053	4.299744262234057	0.4695298344901391	1.4974996937484812
0.5336843358996237	2.1691690218323734	4.705294245277215	0.4621380308966586	1.5537764497117552
0.5440568785650721	2.179610276977638	4.750700959506536	0.4595692640506688	1.5386958262322636
0.5600912170877789	2.1387208003933504	4.574126662035173	0.4802227710585858	1.508111627172939
0.5676103356931939	2.0719073579066736	4.292800099747812	0.4953546711747634	1.4963533346549465
0.5240210844099846	2.2664273918177607	5.136693122381857	0.4538839378230065	1.575533405955708
0.5339856446935698	2.291067187079156	5.248988855710796	0.4660158542064592	1.607820125666024
0.5371470560503402	2.138509556357791	4.573223122633595	0.46437809789991413	1.4893465683996234
0.5635157137277303	2.134750939264464	4.557161572690512	0.4783922169912552	1.5196253412536325
0.520786331038221	2.3525735967599606	5.534602528172097	0.46274510421048587	1.6034633951501265
0.5560517063212194	2.0914806671895674	4.374291381227717	0.47202659127391544	1.462053958356445
0.5503675292514953	2.106360015275669	4.436752513952118	0.46890915825274304	1.4833531464342045
0.5564402093373186	2.0890214849297224	4.364010764497983	0.47050487420403586	1.4857113999069909
0.5240648657895606	2.2777695219230405	5.188233995001516	0.46234317835726224	1.6061860480848662
0.5524412608106035	2.2363675034943244	5.001339610685437	0.4790107335473487	1.5550757115383789
0.5676902043031029	2.019380711878564	4.0778984595071766	0.46417182476473573	1.4402017877144975
0.5371554072077849	2.1436674472204142	4.595310124272488	0.45720600078392026	1.515940061423055
0.5403946554864565	2.238413146740659	5.01049341550142	0.4503594993625917	1.5508953855568475
0.5425892685772249	2.2837955766502755	5.215722235927364	0.4685329650184531	1.607162171673565
0.5156229067893148	2.1870200481269033	4.783056690909002	0.4509461152854033	1.5318153871010889
