r2	rmse	mse	oob	mae
0.46668277546578973	2.3728840645923737	5.630578783996424	0.5615130127574407	1.6702304514899253
0.4706684356378793	2.337476208962538	5.4637950274658795	0.5540313969316799	1.672617749618065
0.45430644211802707	2.467732128154099	6.08970185632396	0.5443751542704875	1.734185010123233
0.46901214359890786	2.372169956321804	5.62719030167579	0.5557105358641903	1.6841092565458167
0.46468987970777	2.348039367482627	5.513288871248214	0.5464362506429384	1.7239807189202996
0.42963059297588824	2.468795489738633	6.0949511701538155	0.5472161448172268	1.7393703768651365
0.44497440651663844	2.450723150813359	6.006043961932558	0.5482490318725812	1.734082732986698
0.47070886374957244	2.3030093013325317	5.303851842024156	0.5550599552676441	1.6579152903233085
0.45653838002434555	2.3796292082749475	5.662635168875254	0.5489755876521722	1.679605624745107
0.45761939406611696	2.395402072632486	5.737951089572009	0.5413258490460742	1.7075439860298929
0.4421992435828208	2.449231532782169	5.998735101174494	0.5405154139416027	1.7408348578398845
0.4500597151380362	2.4087628899899034	5.802138660192512	0.53762101019622	1.7264405475496596
0.45380867562731064	2.5013413463756353	6.256708531088277	0.5421865827682598	1.7349938277543253
0.4622442738341087	2.3691174336324345	5.612717414341134	0.5613748377540838	1.693994987463684
0.47049519484866	2.350420106569601	5.524474677366654	0.5516853443874506	1.7193543215107958
0.4679194647071768	2.3463542797273824	5.505378405995003	0.5500932417201648	1.6642653473231854
0.4454962134698891	2.3804588236755015	5.666584211214552	0.5414437373994165	1.706007630087122
0.44854130769172174	2.424814417991808	5.8797249617009495	0.5527850463757628	1.7363649939289896
0.44328358298406645	2.485011981810791	6.1752845497431945	0.5447544745028309	1.7200223601458324
0.44424173789889176	2.406295335450269	5.790257241409722	0.5461317894422408	1.7273422302488712
0.4607532339244308	2.4101300692304513	5.80872695060878	0.5486633409658147	1.7187453315570385
0.42344433848994756	2.4571374051854016	6.037524227961249	0.5397109697312649	1.7675654065956166
0.4586125371741384	2.4300033233392435	5.904916151439768	0.5388833478286338	1.6983660907551137
0.4585481140777602	2.3751352182810757	5.641267305119094	0.5434784778564722	1.70674392515194
0.46063529409017745	2.283608078530923	5.214865856331696	0.5482281297431068	1.666313774843147
