r2	rmse	mse	oob	mae
0.3121690468325917	2.707686395379258	7.33156561572192	0.708070928599214	1.9740143468764475
0.2963498215837399	2.7601329302939224	7.618333792892916	0.7087545126629374	2.005814476394389
0.2976448912585816	2.638778560083058	6.963152289154017	0.7102436481965934	1.9731310115854235
0.26799667319117093	2.827686662880379	7.995811863431574	0.69826057129781	2.0369385455750244
0.290868329729543	2.6440965380757935	6.991246502664395	0.7004747746527829	1.9309879291841223
0.30228653229702984	2.770885301645265	7.677805354873771	0.7126212946375746	1.9824967950235226
0.29131518062051165	2.6478913541780775	7.011328623531013	0.7037992840070721	1.9540866801588335
0.2737841177894895	2.658362585079337	7.066891633749695	0.698629472995989	1.943031578965555
0.3048338414236902	2.7107705808446103	7.348277141972627	0.7070248786461097	1.9556277256882055
0.309371301885102	2.732538238620532	7.4667652255234005	0.7112592680189874	1.9390549026470494
0.299840398385795	2.695670544170231	7.266639682707028	0.7129283237829811	1.949925700375363
0.29815962035541355	2.561200078964402	6.559745844487258	0.7006930196625599	1.9163251889709723
0.29459791674902003	2.6946100578114978	7.260923363658883	0.7146160629284338	1.9809489874137087
0.2853342218305355	2.79596204573435	7.81740376118701	0.7143475336329645	2.0126657053103165
0.2855791827790627	2.688706772058871	7.229144106115232	0.697446129672489	2.0044714180617644
0.31716838320085894	2.5818709275080454	6.666057486311255	0.7129452671253746	1.9217721312939051
0.29160646388598466	2.8035178466791093	7.85971231664827	0.7114853063640295	2.0152351798280375
0.29879201540606015	2.709780305743529	7.3429093053954935	0.7033242905219482	1.9740162513706925
0.2784834985798206	2.7959867462846817	7.817541885399601	0.6989048347062979	1.9948518269875226
0.2732103108413291	2.797704576708717	7.827150898536901	0.6965625315659749	1.9898728201241844
0.3079224709616797	2.6179708601115754	6.853771424393343	0.7081426609669835	1.9049388758003936
0.28705845959886067	2.6792990612870886	7.178643459813874	0.6991974456199759	1.9484809006311294
0.3210680957714882	2.5702862740453365	6.606371530545859	0.7103456691579945	1.91007698966735
0.31078409517880823	2.743241182123246	7.525372183296946	0.7151008994084571	1.998243617792782
0.2737604638365244	2.731340428544303	7.460220536600577	0.7070362440765922	2.0114665756986665
0.2904836592530423	2.7881030556696986	7.77351864903471	0.7080811628111215	2.0156567387618947
0.2852900258731995	2.8196632823078738	7.950501025595213	0.7040826305467922	2.076101115621694
0.3121066409785599	2.6615022689085883	7.083594327405564	0.7114265183160786	1.9467951673117176
0.2815093500871382	2.7360428882002377	7.4859306860710975	0.6947371115446925	1.9928372810183463
0.29159790455192336	2.646494883197162	7.003935166788761	0.6994302061776544	1.9324583943766709
0.29591939043218807	2.6736445324571405	7.148375085937962	0.7050179847634932	1.9813014832539382
0.3070337678930045	2.725277164647165	7.427135624147292	0.7116369702042193	1.9932486912662917
0.30836235172301596	2.6108087815145615	6.8163224936335505	0.7074863297295129	1.9287690904476897
0.2640036968827103	2.882188573272136	8.307010971900473	0.6919846087249979	2.0535567997799182
0.31405958557501246	2.7310288702355736	7.4585186900601945	0.7171554544938283	1.9692154402259596
0.2904864379116211	2.71327101838218	7.361839619192672	0.6924230035117828	1.9733723887534325
0.29431982725230876	2.65174238168174	7.031737658807147	0.7006813187840802	1.92992842048963
0.31175435773229454	2.730279043324509	7.454423654416998	0.7192314986176641	1.9985958299429356
0.31386303617092637	2.5894280283527396	6.705137514018757	0.710767024387962	1.904788253711288
0.29154736105708834	2.6612430859279472	7.082214762399302	0.7085577687897204	1.943797619754518
0.2904020981295864	2.6452040981330533	6.997104720779899	0.7011562220961978	1.9601595002565244
0.2761678712582535	2.7720457876008027	7.684237848555354	0.7057107059175253	1.9890823628834724
0.29363673334430984	2.6886056169918473	7.228600163720112	0.7003437156667942	1.9602676671552224
0.2916717953730956	2.86187429462688	8.190324478246103	0.7091063803427708	2.0577651662550216
0.29934357472191575	2.7166028859745692	7.379931240085359	0.6987407166521438	1.9930967746509667
0.3100364757357075	2.6464978673939448	7.0039509621206975	0.7207783870536718	1.9600795651391945
0.2948610948439059	2.6419644886166966	6.979976359111682	0.7018329370192358	1.9823366641217426
0.29687861186421327	2.7561490620890137	7.59635765245415	0.7078928769860952	2.006818852195537
0.2964483537547682	2.6752073947854655	7.156734605114838	0.7117327124014999	1.9489552892358692
0.3171439426852697	2.681513383438427	7.1905140255594	0.70822675663165	1.9397260585850795
