r2	rmse	mse	oob	mae
0.5311992644052488	2.174405802426217	4.728040593624802	0.4544302824037175	1.548596308483132
0.5089006758415979	2.244979210988597	5.0399316577709845	0.44960210185973337	1.57641571555947
0.5322723137486787	2.242971047302801	5.030919119038625	0.4563422566379771	1.5368143834286778
0.5362817526063026	2.1291988110611717	4.533487577024307	0.45797080968360515	1.513603466771778
0.5680069207949783	2.2426150232047255	5.029322142303531	0.47291408045098426	1.5780745955181894
0.5008988218541561	2.296661050974454	5.274651983063083	0.45128919252478783	1.6266000108336305
0.5523945666381991	2.1590212523067835	4.6613727679123516	0.4652912019501063	1.5002738179455357
0.5674023378744706	2.0796789819333257	4.3250646678952345	0.46617395124175753	1.497956052509634
0.5251573459671606	2.2661179532996933	5.135290578267191	0.4527802139706689	1.5909915273435644
0.5497356542747849	2.16787697709808	4.699690587831909	0.4692464122125719	1.54862558763441
0.5251324593466291	2.28043686504333	5.200392295448651	0.44625871600132594	1.5909086010639606
0.557214885473994	2.3073508401062006	5.32386789933879	0.4704803017490212	1.5657944436623137
0.543217938464194	2.1455881704748827	4.603548597281754	0.46525616851294926	1.5286458009757538
0.5380231211092035	2.2474954550860513	5.051235820632457	0.4554393863236119	1.5466224064275564
0.5607377148685356	2.25733587405815	5.095565248309873	0.4667639219301949	1.58011180068696
0.5058185677016606	2.235706021673247	4.998381415346017	0.4475406314810876	1.5908008951913664
0.5836380599895845	2.0307166329589617	4.1238100433761815	0.4815187334045157	1.481028289775417
0.5436565794011593	2.1847346195467416	4.773065357846045	0.4586717655730097	1.5666360145485918
0.5355928350868713	2.2283333328065686	4.965469442096829	0.46247984377865126	1.5534505402827745
0.5459533467922529	2.243188271485977	5.031893621332246	0.45908400782358316	1.5551940493070517
0.5201458002713139	2.233451793948921	4.988306915893653	0.4417770198757527	1.5461105342273318
0.5609028648541403	2.174729920551667	4.72945022734266	0.47275892931868824	1.5295136318290035
0.5517117583376343	2.198226531643511	4.832199884421461	0.4669109195749168	1.5513466709377466
0.5308863479971673	2.100088486011112	4.4103716490764455	0.45961493470001313	1.5063270283133878
0.554869160839963	2.1716230494238533	4.715946668788956	0.4694392991536963	1.5301446105348793
