r2	rmse	mse	oob	mae
0.3036518541329706	2.590220779029546	6.709243684116429	0.7027515753368264	1.8984147489429641
0.29103074674853735	2.7109441482446943	7.34921817490215	0.7008218641249658	1.9577536668233475
0.3117813083522766	2.6687007715134587	7.12196380787653	0.7127870469063562	1.9217434385368155
0.2993714921056909	2.7298513414021706	7.4520883461552305	0.7086982639151478	1.9803530318978653
0.28191684273040496	2.651852056713685	7.032319330696602	0.6998052992849594	1.9524179065948777
0.2882148218091982	2.7042823125634827	7.313142826043699	0.7006798624924911	1.9835712560424061
0.30871609888665275	2.6853124751984363	7.210903089456353	0.7027953506088611	1.9605703871493323
0.31445885358288894	2.533549637721915	6.418873766800847	0.7059695374445122	1.8945021034656422
0.30071326877614546	2.767840341863469	7.660940158046885	0.7065844439925373	1.997012967961134
0.29705741595121826	2.709478286311874	7.34127258399553	0.7051887437980199	2.0067105395706513
0.27494085809931734	2.6537249360658284	7.0422560362975855	0.6951805982185599	1.9741901810805766
0.2952285992291477	2.559580517681313	6.5514524264937375	0.6974905369056285	1.942964943747707
0.2855809968638656	2.782206774495003	7.74067453604589	0.7013243067842713	1.9742074017158426
0.29735896037926557	2.681222663717738	7.188954972433643	0.7097341507352954	1.9321028814760215
0.2833890520013145	2.606405620454869	6.793350258338729	0.7012796560821835	1.9344549102451074
0.2746579220661446	2.719956177323701	7.39816160656136	0.6984022584969695	1.9974869037129026
0.2852695636314483	2.5765592983784624	6.638657818060515	0.6988735756975101	1.9507762241210111
0.2863252537348482	2.696703954193802	7.272212216564488	0.7016325983391325	1.9787582771360583
0.298952432038434	2.6360580330953227	6.948801953846382	0.7030489192207162	1.9257003972152387
0.31662538446121513	2.5798052707778028	6.655395235132932	0.7065616174846818	1.8765241978471279
0.2844191559132041	2.7618529480918537	7.627831706883662	0.6935980581148977	1.9845991240494392
0.2692463002663168	2.855584518954743	8.154362944893991	0.6940754169902392	2.008672665346944
0.3003718356076869	2.699083436739033	7.285051398478989	0.7125388999441431	1.9613928202236528
0.2905321955978013	2.783522845411661	7.74799943092863	0.6988013224206893	1.9864259858304198
0.29980480498790396	2.6295398589950767	6.914479870043849	0.7055121646968222	1.9304453120082417
