r2	rmse	mse	oob	mae
0.5351927663292952	2.110661260665634	4.4548909572746425	0.4512334799365495	1.4801393185072254
0.5515869202051953	2.132559748481939	4.547811080845351	0.4626444492210202	1.504006368893351
0.536249871147932	2.2088563647443133	4.879046440071463	0.46162285675245096	1.548098005039906
0.5631926824675623	2.141275491774909	4.585060731675879	0.4712919796157322	1.5382974450406757
0.523438971055675	2.189348720596639	4.79324782037814	0.44827626045730395	1.5496478146266823
0.5360542371916546	2.174115309829601	4.726777380435463	0.4519054064289336	1.5238693339333373
0.5268058926519161	2.2503811559612354	5.064215347105427	0.4488092572971647	1.56716316738947
0.5610250694000642	2.1031315095704475	4.423162146548069	0.4640391515740374	1.486920006901026
0.5410456581624582	2.1879109294908066	4.786954235385326	0.4495616415051321	1.5485756141052178
0.5511156915643582	2.136130806706206	4.563054823359305	0.4581511289586295	1.512201797164212
0.5866861862815538	2.076458903981591	4.311681579924431	0.4824783711996181	1.4641832877335144
0.5123516308215631	2.195512732947562	4.820276160534874	0.4475936076446827	1.5447002252828343
0.5491818309875252	2.184118654301149	4.7703742960662625	0.46013149404043974	1.5455773019566337
0.5696479981114306	2.060203390699883	4.244438011051295	0.46331057315042845	1.4933739709912166
0.5381809866325509	2.194635085211901	4.816423157243048	0.45623193091727354	1.5415065585871364
0.5674618462846142	2.1840940086141067	4.7702666384640375	0.46730973886969696	1.5298248948524689
0.5212230155623483	2.1880653075749588	4.787629790213098	0.4405618950130238	1.5488875819637522
0.5386955705881447	2.1258706645588554	4.519326082431909	0.4491791535301537	1.505607551727327
0.5488713875022011	2.1110691720509593	4.456613049183923	0.4590824563748639	1.5065853321416542
0.5623781303899738	2.084464676806241	4.344992988852946	0.4735956461220895	1.492565974234555
0.5208849091766059	2.2932462128689948	5.258978192837987	0.44873273444517836	1.5756152823615917
0.5404409327376115	2.1373521000917015	4.568273999766407	0.46242781296788504	1.514537817039418
0.5650886090517241	2.061642140979911	4.250368317464231	0.46141046770138994	1.4997882637869586
0.5607291093299047	2.0748242932390095	4.3048958478147545	0.4688560806365656	1.4748725868522317
0.5518493790217733	2.2500739389215223	5.062832730613815	0.4698937386092572	1.571412702465615
