r2	rmse	mse	oob	mae
0.38637821661267135	2.3818410868998123	5.67316696324408	0.6370479861426104	1.759411131047315
0.3858746405276997	2.55215518426099	6.513496084550248	0.6401055655191533	1.8674257690111338
0.3779901186828176	2.575660852582549	6.634028827526262	0.6334994352623148	1.8343562580404928
0.37667012584654835	2.456438658501048	6.034090882978427	0.6361188933278488	1.808194642114245
0.3630703290986149	2.56458023606344	6.577071787207211	0.6262598956179042	1.861498670466305
0.3702151755503632	2.5451239832205674	6.477656089964526	0.6321923721424247	1.8418162390203459
0.3433453985273026	2.6130398946991553	6.827977491289372	0.6236106867137444	1.8921736677330894
0.38852964920576283	2.525912834191646	6.380235645934074	0.6393422850829752	1.8263818633870903
0.36642027300337	2.627524205251342	6.903883449181696	0.6318374873097007	1.8965169092512586
0.37565659282695985	2.5152876571212595	6.326671998066554	0.6346212692375237	1.821948586469769
0.3682104947014819	2.5575277177268907	6.540948026941318	0.6301478307644851	1.8684067191820977
0.3835512409026336	2.510280688151749	6.3015091333076185	0.639925920225791	1.8230208632976113
0.35293206831594337	2.574254036474062	6.626783844303	0.623754117404562	1.8645401140136404
0.34898524127649355	2.549616954462401	6.500546614482128	0.6259390742997925	1.8539266441905362
0.3566988861702455	2.559460440935639	6.550837748714456	0.627069637904543	1.852047775548191
0.37692613566801525	2.5410975259810695	6.4571766365471115	0.636213942633454	1.849616300148611
0.39314967081241914	2.467000907029731	6.086093475285516	0.6443884984116656	1.8042290290795182
0.368818574638453	2.488993213535198	6.195087217024272	0.6237512657739197	1.7993391216339376
0.37668761754947155	2.4978812606804555	6.239410792458582	0.6292978067615352	1.8144540286609079
0.3484549372087812	2.5482398247125904	6.493526204251253	0.6147283583754046	1.8771751018841059
0.36662849969040845	2.606000650764485	6.791239391784917	0.6255535339586694	1.853488865331513
0.36781422377067763	2.6216693750173192	6.873150311903701	0.6274510258848934	1.881518853809447
0.36929449015369065	2.5587826204367587	6.547368498649205	0.6274284538640416	1.8467256640827485
0.354759371093465	2.691013871420723	7.241555656178747	0.6193738745896564	1.925046001503559
0.3483151662380076	2.5853637347263634	6.684105640838251	0.6209580886543867	1.8691404208631337
