r2	rmse	mse	oob	mae
0.5290835108120611	2.2803342643615907	5.1999243572215175	0.4471250084519449	1.5847105933880186
0.5910669244562108	2.0576170325502603	4.23378785264094	0.4817864366804815	1.4765354349799238
0.5701727300301505	2.143216620794679	4.5933774836505625	0.4599704341145321	1.5276577297699032
0.5579253566100413	2.0982194811947115	4.402524991265004	0.463413962226324	1.4753649804727595
0.5219560746965675	2.1880266742539543	4.7874607272468195	0.4422690861486568	1.558789887594731
0.555749491421119	2.1647609014252813	4.686189760339597	0.4510779783367842	1.5316783606072824
0.5750988835540009	2.1304212223295287	4.538694584552044	0.4691784172873683	1.529710113327245
0.5630781905434319	2.1591046639515814	4.661732949897471	0.4639474747545709	1.5478199346055797
0.5645403515965013	2.1503099720706866	4.623832975986637	0.4540949042704967	1.5558718149949329
0.5722381725451011	2.1377559190949937	4.570000369625682	0.4694798325003213	1.4909683746164912
0.5285935646419875	2.1236575084790594	4.509921213319486	0.444286089076245	1.4988059363981414
0.5669694853527801	2.1065794956137776	4.437677171340398	0.46739033234269334	1.4632079874379769
0.5267859329913882	2.265840395701921	5.134032698794637	0.45317290736549043	1.558768262797082
0.5887667683839235	2.083873192906651	4.342527484114962	0.4772286055756523	1.4635148463238572
0.5779605858333363	2.034074467659595	4.137458939984665	0.47212589766454516	1.4463495099602697
0.538028427127953	2.196925002892136	4.826479468332613	0.44842524361155944	1.5429655444251018
0.5510941732852335	2.1964656386366808	4.824461301711642	0.4529744805655913	1.5452032723902942
0.566906122229226	2.177405572065714	4.741095025262821	0.4628360361402942	1.519175305982184
0.5350175533970618	2.2823875756899143	5.209293045663685	0.453698652278848	1.5949492935935223
0.5464860513977905	2.140134859491609	4.580177216811171	0.45846518157510374	1.5204647849890884
0.5251066519747287	2.299924929534623	5.289654681494841	0.44458565715514076	1.5742378340487082
0.5499596070212938	2.095787561698556	4.39232550377038	0.44668842399513964	1.5109564692513258
0.5702854431534454	2.134918060820313	4.557875126416765	0.45888469346031946	1.4990604334712605
0.5600975503304748	2.0808720174045376	4.33002835281723	0.4608900113859131	1.4804827853141267
0.5645416534273502	2.1613763372313306	4.671547671143523	0.47064208269402563	1.5310243465871562
