r2	rmse	mse	oob	mae
0.5639398444551613	2.1487872925954905	4.617286828819859	0.4544953755086176	1.521302884489343
0.5592890255074436	2.210897320313752	4.88806696097053	0.4717386532536093	1.5538500948573797
0.5670429220645812	2.0855539636474854	4.349535335285736	0.45915055765288293	1.497066895690041
0.5917666498286205	2.003772521689031	4.01510431867602	0.46874692810044793	1.44845154327138
0.5694496601703969	2.1718683133093526	4.717011970357213	0.463395756166618	1.5246119366311914
0.5806685631392416	2.119718557008949	4.4932067609281	0.4696541894532703	1.4900749387900885
0.5635408236711739	2.152575523443793	4.633581384129318	0.45953167334159695	1.5416845303236741
0.5272290258900192	2.2092367316149923	4.8807269363168935	0.43584418820120974	1.5614158141634675
0.5444463127027601	2.2159173709196107	4.910289794743279	0.4492864457524146	1.5386792108557736
0.5666858010553847	2.1279895297645277	4.528339438787456	0.4636316762753858	1.505074058855135
0.549200535846234	2.1784436462621475	4.74561671993992	0.4541699243416093	1.5314237379701299
0.5599853779918911	2.059043442923499	4.239659899846257	0.4570397056523209	1.4804161722767109
0.5316084690318006	2.2187434831253587	4.92282264391125	0.44559319222933247	1.568214337180215
0.5699611496201284	2.130818544044353	4.540387667643296	0.46272887918990124	1.4809243344723737
0.568212037969889	2.1414394257701996	4.585762814243002	0.46816428373705155	1.5181075561527209
0.5544563127389115	2.1093560447255206	4.449382923420093	0.46173921200448165	1.4853917884091157
0.5431481694941769	2.274394178061105	5.1728688771982485	0.4505486197809534	1.596032557569663
0.5621379964763304	2.1355365190366027	4.56051622413897	0.45908808905515264	1.4935250834995626
0.5588507487205321	2.218119982849654	4.920056258316948	0.46991163047335016	1.5255094647021574
0.561574177306158	2.1367969034345586	4.565901006527518	0.46052101903573717	1.5081675265778938
0.5390633739012066	2.164972903191075	4.687107671551592	0.4480491437677976	1.546434254418983
0.5384477340182052	2.1681887959609534	4.7010426549306095	0.44717610793880824	1.5495380736924131
0.5399262925056307	2.2333622375388744	4.987906884064647	0.4578519487407393	1.5630789358749142
0.5557894066075456	2.1388666457967527	4.574750528501851	0.4498067920955521	1.5033353928070483
0.5702440541244665	2.111038456997874	4.456483366923965	0.4713602627343987	1.5118272228070124
