r2	rmse	mse	oob	mae
0.545993380697633	2.1960530219024452	4.822648875006861	0.45813385004139606	1.5294910377735413
0.5617741787462587	2.068068963951472	4.276909239659315	0.45491188365712243	1.4669502156490684
0.5599241739480851	2.2434446323727864	5.033043818522266	0.45153584204690267	1.5370598037135528
0.5705963077528899	2.077445207754348	4.315778591221506	0.46614950249312304	1.4703993755458697
0.5773737712196881	2.085653395665751	4.349950086852078	0.46636666455893694	1.4992300003887709
0.5475445868183757	2.126240610775477	4.520899134910873	0.46583522698236457	1.4979309996854409
0.5491253616426393	2.2212484770647887	4.933944796862644	0.4642992098887657	1.5475542539427174
0.5335859934334258	2.251331849040401	5.068495094503671	0.4544328995750042	1.5604627757533993
0.5789688143693343	2.092277755634093	4.377626206721236	0.47228406328941586	1.4907290453178854
0.5614909737241625	2.094826610170621	4.388298526678936	0.4656937935656664	1.4911367556143709
0.5442753425221662	2.1968982511591832	4.826361925946277	0.46365219263904245	1.5505294469676243
0.5757406434422077	2.100290689864958	4.411220981933421	0.470951179875843	1.5080935253688765
0.5868285325798946	2.00921338818361	4.036938439256263	0.475679202727344	1.4262404147878267
0.5641227630067074	2.2097780824871083	4.883119173840401	0.46200360838495047	1.5357636472882208
0.5426233632334365	2.1188192418808605	4.489394979764584	0.45735186676047035	1.5067350091176546
0.5386608098296135	2.2957790073171958	5.270601250438328	0.45096165263909493	1.5943221774135705
0.5601416376413462	2.104700757402408	4.4297652782102706	0.46154400127616135	1.5096759572629943
0.5678988291331111	2.0834082042653597	4.340589745600211	0.4633091395573845	1.4985996319604105
0.546171960055733	2.239851033604512	5.016932652739199	0.4533848598865835	1.5852908078375003
0.5395053770565956	2.1431790067353895	4.593216254911291	0.4464177203195967	1.5144003402142066
0.5272905347696935	2.2305059580297337	4.97515682880614	0.45094906456502437	1.565002780181787
0.5593509525736438	2.168626266593756	4.702939884160372	0.4680138060766119	1.5479985265309162
0.5320056380250167	2.257539593816958	5.0964850176512355	0.4463852681123832	1.587146588892461
0.5172937389532751	2.2281850325163792	4.9648085391300185	0.44796056004196994	1.544770642929375
0.549275083127675	2.1906883175136684	4.799115304490868	0.4453860396542958	1.5410636772064283
