r2	rmse	mse	oob	mae
0.5007424544634838	2.3668382221966318	5.601923170050913	0.5185728892511987	1.6661122337614322
0.4888325957016926	2.312229428007844	5.346404927745482	0.513895744023282	1.6722467371965772
0.49265487285283827	2.422722632409701	5.8695849535901905	0.5081184407303079	1.693100822001687
0.506296377593012	2.278789518507069	5.192881669657679	0.510663418439412	1.6038782757800596
0.4915913679452444	2.413522912479357	5.8250928490628375	0.5155125846496689	1.7031692373195866
0.5236790951350258	2.1424565771862465	4.590120185128606	0.5207585248903656	1.5322621578827613
0.5076845901168997	2.2422458279346285	5.027666352890247	0.5097756398544482	1.5955484587699935
0.4852683659732574	2.389657443500369	5.71046269727672	0.511448069464512	1.6797176639023241
0.5268381843217529	2.1145484880447984	4.471315308292542	0.5191729921209752	1.5163302600062467
0.504187213442413	2.242633425697272	5.029404682054682	0.5111732006221859	1.6018053704258872
0.4932582295934015	2.204181188355969	4.858414711102333	0.5031902684421297	1.586848643577902
0.48932693015838025	2.34526981268047	5.5002904942702875	0.5027121782932429	1.6274680906162011
0.5120827687732961	2.4082278389990948	5.79956132453025	0.5225372310605625	1.6817927464260432
0.49030495444376465	2.251675248342071	5.070041423996327	0.5074947325387451	1.6148949102842223
0.5011169480042363	2.2945906868331685	5.265146420101512	0.5118993332643444	1.6219053854728196
0.5014125293934517	2.1744185507147953	4.728096033692632	0.5114577315505975	1.5789465267975602
0.4919416562095844	2.247438760152831	5.050980980637296	0.5114400376803945	1.6627237388784348
0.48218553727988556	2.374065628631428	5.636187609049138	0.5088365278387048	1.668813807334503
0.4935051982853629	2.3232653968744845	5.397562104314356	0.5105662665313014	1.6420314742063027
0.5028299674374619	2.285983759784915	5.225721750000376	0.5158190579089433	1.6084615647982752
0.5045709870742283	2.1502908678661212	4.623750816428436	0.5161469212515117	1.5748202648580065
0.4743186539890426	2.3251949021183163	5.406531332837007	0.5047692719310974	1.647610382382522
0.49679148071798096	2.29487130268756	5.2664342958988986	0.5131668133097799	1.6445816991925122
0.490447443791994	2.2796983313980936	5.197024482179253	0.5121157616955487	1.6121795137333168
0.44844014418532485	2.401529011748791	5.767341594271125	0.4923004747791331	1.6898434890941627
