r2	rmse	mse	oob	mae
0.4580120256754996	2.319461192140884	5.379900221847611	0.6490803330743359	1.676015475603579
0.42785411395452144	2.470691636660789	6.104317163465568	0.6492130138477101	1.733472360330797
0.4805743061508839	2.272751771780111	5.1654006161296335	0.6263394193750702	1.619251556960925
0.5014350031261934	2.252169862220191	5.072269088292914	0.6772973493922028	1.6222672617480725
0.4487476743372628	2.467993145900869	6.090990168213669	0.6842936470450797	1.7529940018386503
0.438122501526264	2.462913175895334	6.065941311998842	0.6361992629254806	1.7536775895441954
0.4516946872627573	2.4014789154374885	5.767100981290817	0.6857622522815335	1.7406921784752074
0.43813472198833225	2.4474745053907996	5.990131454537939	0.6659311624393282	1.7536789029788526
0.41344576373537756	2.5424347637098235	6.463974527720227	0.626501529603032	1.7579158539860076
0.4229381843235185	2.513028232110726	6.3153108953855615	0.7183858142034883	1.7955936992442443
0.4352485424482635	2.53190238099465	6.410529666886378	0.6786016486430283	1.7851347409420533
0.4409248383436831	2.4717163652911887	6.109381790448284	0.6246220659335575	1.7259694480724381
0.47413069736294666	2.2434964829351536	5.033276468942405	0.6592263871267215	1.6654073236404672
0.45596195770784587	2.368751533522034	5.610983827562988	0.6241532437189191	1.7061567615745403
0.43421469596930673	2.4046035801104733	5.7821183774801055	0.6620968589485596	1.7043749024598889
0.44741056096371257	2.3197102369056304	5.381055583204775	0.6390349703959219	1.636680010996109
0.440432512269716	2.5239158269664657	6.3701511016118175	0.661385421669213	1.7523749688008172
0.4665585944509466	2.4558502624643817	6.0312005116463725	0.6753363896776882	1.7421377418120703
0.4598658208598999	2.299469716979731	5.2875609793068445	0.6771154315518971	1.6452349064449905
0.4435243395497016	2.471073207671042	6.106202797669654	0.6443944962689603	1.744780574600056
0.47436052758186076	2.3337919131092173	5.44658469369398	0.6305666631952694	1.6908186389356952
0.48666695685092254	2.3588591171792865	5.564216334699843	0.6526407739670305	1.6475111384616425
0.4581809075699579	2.387090028462545	5.698198803985314	0.7096491063328689	1.727113891552571
0.4311745100584351	2.444097699997805	5.97361356713456	0.6884819591771606	1.7218270019983215
0.4771662528657551	2.3189666665176327	5.377606400419902	0.6832792553906383	1.6891550977327177
