r2	rmse	mse	oob	mae
0.35977171759248694	2.737184178476338	7.492177226901186	0.7534032306519618	1.9742235937829107
0.39068266435945553	2.485769108318483	6.179048059870465	0.7657612378027903	1.809444917321764
0.34579768698561764	2.686728127976698	7.218508033661172	0.6923363737291952	1.9272605923172095
0.3540052942970514	2.577300692697475	6.642478860578884	0.729664733903269	1.8762822722104049
0.37412658696348355	2.637207964028289	6.954865845534232	0.8022375062510038	1.9114618363930915
0.37807116214562086	2.484199407020382	6.171246693840419	0.7324505297982169	1.8672597813092149
0.3483199951041678	2.568732418929294	6.598386240058342	0.764634077054585	1.8763316963251127
0.35657220659257294	2.658939584326141	7.0699597130964715	0.712637492205659	1.9339428841781074
0.34586135478512137	2.630191815272565	6.917908985126791	0.7190296605743116	1.896370385590013
0.3641662562937896	2.5979011519744932	6.7490903954303985	0.7434855956724657	1.856898502811942
0.3742520945934531	2.4453590998325208	5.979781127133715	0.7514188797309149	1.8100731105761163
0.37483564430091765	2.5862620215383116	6.688751244051435	0.7865418675726362	1.87233310263317
0.33509565676753583	2.7207911569693195	7.402704519842449	0.7600751455816228	1.9378587388735413
0.3755092943237235	2.584423179533263	6.679243170908821	0.7249314069918832	1.85030076244386
0.36593396495517416	2.498485643173603	6.2424305091446115	0.738801556876536	1.8179482617393106
0.3730046374603382	2.4744282620828875	6.122795224194539	0.7541753570577479	1.855518598483158
0.3924717505338384	2.460749904555471	6.055290092769759	0.7483637856275013	1.7904943844182548
0.38348462900786173	2.5340757579322033	6.421539946939671	0.7227146626080738	1.8471953034559403
0.35872828264129775	2.6799032509459964	7.18188143443092	0.7511827691053516	1.9028431295911443
0.38928503631757794	2.548678397981984	6.495761576340013	0.7310453825397283	1.8341913792690203
0.3534067230439011	2.6713907727403305	7.136328660682181	0.7812918623039743	1.9238357689229733
0.33528515709832885	2.4883319125758594	6.1917957071434335	0.7479598203313741	1.8241363337835637
0.36176844479463743	2.4229764748698543	5.8708149977727455	0.7105145614545665	1.7998876710601448
0.35725142881940064	2.553578831713917	6.520764849777414	0.7677184522570855	1.8574814626160874
0.35202905323972256	2.5432066844819188	6.467900239993515	0.7495239954614195	1.8528810236263427
