r2	rmse	mse	oob	mae
0.5575186711998537	2.1945900791961512	4.81622561570617	0.45115537549155715	1.5212114804578813
0.5642872594493873	2.1544205401573375	4.6415278638518345	0.4584044717133906	1.4926209576866012
0.5438263855781693	2.167130312853556	4.696453792888753	0.4508213577803435	1.5326351725860874
0.5286365746304516	2.2226845773013277	4.940326730173181	0.4369208371797224	1.5415789468675287
0.5620472554939715	2.1244981887647683	4.51349255406478	0.4501902659780017	1.521617805655383
0.5604714484783409	2.1742522530109167	4.727372859723047	0.45265077124484665	1.5404230423302478
0.5580264029750911	2.164059298066915	4.68315264554987	0.4508502123762538	1.5179380430079752
0.556136535108849	2.0916611546000663	4.375046385662883	0.4561230294807377	1.4574817881642828
0.5324551314648209	2.213378694802858	4.899045246607204	0.44436489430621817	1.5613255758210218
0.5329618679481531	2.217076222926096	4.915426978264243	0.4449601394917262	1.5626446432774748
0.5494468944458832	2.097035150382209	4.397556421938533	0.4495890300695886	1.506305246201591
0.5732111488753221	2.0798620556785217	4.325826170651286	0.4605307884999532	1.460400763002461
0.5119226934193506	2.188432632592723	4.789237387396715	0.4357674673092682	1.5495292322207843
0.553788376701183	2.105100702197267	4.431448966391428	0.4496564885706691	1.4909491912276172
0.5495873881278984	2.1064506481829013	4.437134333230166	0.45194381077945	1.5079142748029006
0.546465433192181	2.231960052300114	4.981645675063528	0.4517700217484879	1.5221220269383373
0.528604471978192	2.1455364586265437	4.603326695295731	0.44480722725478405	1.5428234577623168
0.5756130778886941	2.110658747449623	4.454880348185611	0.4682990176616457	1.4885121483572656
0.5564953909994512	2.1070728689657203	4.439756075131432	0.4572133500604947	1.475886514193009
0.5415763663655772	2.180657132637821	4.755265530124202	0.4507134602382077	1.5574265527159374
0.5533571015786756	2.171105098783396	4.71369734996326	0.44703910306346994	1.5566861557900016
0.5341119925071343	2.1748465957008536	4.729957714831593	0.43721460620208097	1.5473081636514274
0.5510920800586353	2.106602623502239	4.437774613346515	0.45021236250773544	1.4977699007259824
0.5425314688393038	2.238467809287407	5.010738133215963	0.45767164877229827	1.558251272603094
0.5266556914247527	2.254078805868983	5.08087126306774	0.43508836983162136	1.5725545018057563
