r2	rmse	mse	oob	mae
0.42528784380227314	2.5257645089352767	6.379486354597059	0.5952730991312963	1.8039297436349575
0.41439286113363827	2.5346078071738662	6.424236736186715	0.5913195302642179	1.817142285275494
0.4235668835942503	2.3961889087139836	5.741721286243912	0.591213931759154	1.7771171972492819
0.39830596741071855	2.4478369057679306	5.991905517239516	0.5854216362215855	1.7587495374947049
0.40583971255425655	2.5152138000468485	6.326300459946109	0.585694644899579	1.7803558547523215
0.435240548457829	2.402344603708643	5.771259594968035	0.5981003242822378	1.7304115956658481
0.4034917266339426	2.388802216440411	5.70637602927062	0.5816239969627077	1.746370376902121
0.4081785797055315	2.5596175928482077	6.551642221618053	0.5964344918638537	1.8185329630398108
0.4182244873072397	2.499800459172534	6.24900233567921	0.5846579215573485	1.785635435957687
0.41874032656518567	2.487930481521856	6.189798080885575	0.593932487921504	1.7682907741698828
0.4434658549005379	2.441198977716846	5.9594524488057745	0.6022252037895732	1.7354938239829278
0.4379712403184487	2.4208696947268042	5.8606100788466495	0.604612927900726	1.7507110315107623
0.3872652438281421	2.5632916078020305	6.570463866628319	0.576326820184789	1.8262771382623493
0.4106572979182489	2.553674473397901	6.521253316084046	0.5923194593424347	1.8158660121603099
0.39794937164326294	2.498077753332336	6.240392461693931	0.5843339446802432	1.836154047213524
0.4031034742095271	2.541587925607035	6.45966918359147	0.5851173302053753	1.8218495596311959
0.42996225964388013	2.3952650058543328	5.737294448270356	0.5902474584976676	1.73389194889806
0.3773456595168596	2.5541530029014194	6.523697562230337	0.5664382845816565	1.8048820988043353
0.39498688403436255	2.599864294186156	6.75929434818408	0.580091881495405	1.820783869900583
0.41373817431382076	2.3515126789833283	5.52961187941935	0.5935423445055037	1.7310034803724201
0.411884105478441	2.536044063589395	6.431519492467012	0.5861054165720482	1.7880076209231632
0.4122212970996806	2.5579417771136352	6.5430661351032615	0.5895946507876028	1.8016880283223158
0.42285881236611966	2.412776859551257	5.821492173986026	0.5928176611517698	1.7411540867412396
0.40366737145370857	2.43366218107176	5.922711611578955	0.585648929811896	1.7828165960310705
0.43071953292056964	2.440419065237369	5.955645213974035	0.588669587470884	1.7768778178925713
