r2	rmse	mse	oob	mae
0.5780797127194772	2.065240197021602	4.265217071393826	0.4636144465237019	1.4874103909142162
0.5561793968933164	2.1643530648012557	4.684424189114589	0.4530161992022781	1.5194684973094161
0.6010130878748878	1.9588043409099807	3.8369144459677837	0.4704561798402671	1.395357698025839
0.5398857715887432	2.193815471815063	4.8128263243751475	0.4455734815840592	1.5164044044627867
0.5282950555792316	2.266371597473227	5.1364402178333455	0.43552091413300353	1.5782657344501336
0.5589295746631782	2.1341282175581178	4.554503248977789	0.4600208038094119	1.5270003454880898
0.5561651432609097	2.218041647543326	4.919708750236712	0.4561476652950387	1.5493345437698458
0.5593231810873076	2.157334920888158	4.654093960883514	0.4524118650031339	1.5001190900036936
0.5259932131363865	2.194326615925122	4.815069297357398	0.4378978374109863	1.5507642794338055
0.5520597426475706	2.120916433323385	4.498286517141188	0.4530056062866308	1.5090273110014991
0.569091981552642	2.1149343135177077	4.472947150494618	0.45862551368665583	1.4760236151482895
0.5628127950769926	2.1184691016249713	4.487911334539712	0.4640854734055009	1.4747608284584044
0.5352332977592313	2.1124890966659358	4.462610183532462	0.44372810611767366	1.4861033391200127
0.5780777689188041	2.031969936121606	4.128901821302045	0.46187950414271306	1.4941527875269127
0.5494119805069524	2.1846487268587285	4.772690059765463	0.45782250559895044	1.5367091929932177
0.5686373889435596	2.1842858052013816	4.771104478804248	0.46820709765873914	1.5490539391020628
0.5665590263226938	2.095120040318387	4.389527983343719	0.45836639573467197	1.4826141194471916
0.5420232111942973	2.227382586841141	4.961233188163133	0.4491487233693635	1.5913407873626768
0.5491322428295853	2.1462782085949335	4.606510148689476	0.4431750451601495	1.5134001628876095
0.5663613165931316	2.031049990309071	4.125164063134478	0.4591989418286908	1.4548383204854787
0.547002060045553	2.093793362959918	4.383970646775002	0.44475085376837054	1.4813976677850533
0.5608163273064884	2.0509262942722644	4.206298664537363	0.460336269672895	1.4726778271859684
0.5311720802558177	2.1896606253598043	4.794613654251089	0.44909643671416544	1.540671548098411
0.5375663494683016	2.209862234760889	4.883491096622391	0.447410562263286	1.5410868822033028
0.5343344268436481	2.20538648598007	4.863729552543521	0.43603996001629053	1.51324571645845
