r2	rmse	mse	oob	mae
0.5365211905020365	2.153420391223757	4.637219381338279	0.4496816929227885	1.5439921692583485
0.5475261656315393	2.177183322815991	4.7401272211480805	0.4563969478880493	1.535072081529701
0.5539344577248543	2.2290556886430126	4.9686892630717745	0.4483208699011402	1.5685567010457417
0.5503548562548786	2.206346639107797	4.86796549190227	0.45367243450260974	1.5434469512856552
0.5644640698112651	2.1281102345824827	4.52885317053471	0.4692509658638544	1.518876914439202
0.5549840849858059	2.1264618034417397	4.5218398014966965	0.4540026117314344	1.5251321578775472
0.5701305419510189	2.1015833475277543	4.416652566605962	0.4567855721804548	1.4834684202225379
0.5124559621439821	2.2071593661474673	4.87155246757249	0.434928496162438	1.5400490110963756
0.5432035089692712	2.1674385678028125	4.697789945199108	0.45497877146167554	1.5213094138808259
0.568044285831041	2.0634475301019264	4.25781570948374	0.460647665322131	1.4775847594115454
0.5395560217444252	2.2939839349982325	5.262362294029976	0.44071842383140836	1.5903899431346245
0.5462168018656166	2.193145201679197	4.809885875648484	0.45409910575496626	1.5458023602578677
0.5294039889687955	2.132772093780274	4.548716804007893	0.44957179693961935	1.529395497474721
0.5747182399548925	2.124458526365136	4.513324030245525	0.46942954291960015	1.5499349024001667
0.5745386008045319	2.142704631322704	4.5911831370917655	0.4686345511063972	1.5268668387647766
0.5605233548870366	2.1578041954168414	4.6561189457585215	0.45888801333590334	1.5358572308822385
0.5274501336917358	2.2280187737085937	4.964067655997945	0.44495611383579003	1.5562834586101593
0.5475530890728821	2.066393659332924	4.269982755331312	0.4604735235343489	1.4833471252063273
0.5413995671125025	2.221010036798592	4.932885583560082	0.45053420268333944	1.5355883932216907
0.5447871738433568	2.0433905294087182	4.1754448556772426	0.45118052354991733	1.488094106263355
0.5476650367546783	2.102166490140442	4.419103952269386	0.4538064210667092	1.4980101926667169
0.5675514967915746	2.1092223935813386	4.448819105584991	0.4655325953297508	1.5198306596047197
0.5534144252077904	2.19995302444717	4.83979330977425	0.4634431554429437	1.569862881009857
0.5525835879024765	2.0882297092448523	4.360703318572841	0.45634281296880697	1.5056126369921246
0.5505025882224523	2.157709476300418	4.655710184116623	0.46518387522591054	1.507783631307631
