r2	rmse	mse	oob	mae
0.5479713798073387	2.1998021995661237	4.839129717215957	0.4475477451175328	1.5461313288139502
0.5638997954282151	2.0904494311100645	4.369978824028393	0.46073195206101747	1.5033806503678788
0.5217583773484815	2.097980026092481	4.401520189883007	0.4447334360253644	1.4833567067631208
0.5566625034309269	2.0976248093507555	4.400029840803794	0.45600413555345587	1.4671826761109612
0.5518017901164578	2.0800041903932818	4.326417432053611	0.4531662777307872	1.5119729936067352
0.5554825067784257	2.1006217429656773	4.41261170702016	0.452866647631486	1.4717886286085424
0.5476998642377244	2.184319424327855	4.771251347495971	0.449052318268754	1.5266366538438843
0.5508808944608233	2.006925077429961	4.027748266417254	0.4545410773281868	1.419148044298124
0.5763931293154372	2.0918328363389587	4.375764615185893	0.4588663249567011	1.4644445214268174
0.5554529256712389	2.1586276974567524	4.659673536227441	0.45144370209637286	1.5122598184839604
0.5422561819400848	2.2205993998514	4.931061694620398	0.4511669301490686	1.552799975474226
0.5114728798608069	2.259744347800594	5.106444517416732	0.4368824691473392	1.568593623017725
0.5210484737724461	2.1740413357754247	4.726455729660193	0.4424969467270533	1.5194522261397743
0.5575300111386385	2.0889279439546278	4.363619955034509	0.4556455008964595	1.4884707274194877
0.529066559216665	2.2692113442378914	5.1493201248179385	0.45037053583057096	1.6066315724963691
0.5424707520206413	2.094237717807163	4.385831618686154	0.43783373069051046	1.5116110008234613
0.5774478521423254	2.093529989665305	4.382867817628012	0.474084769526245	1.4938626347730835
0.5566481811780382	2.1518217967378415	4.630337044916073	0.45921649014901766	1.4946961612771315
0.5358931630333283	2.180714990446785	4.7555178695593225	0.44641633839776773	1.5560452281602333
0.5502251715228212	2.2061389325796164	4.867048989843529	0.4476010069895894	1.5370589403505237
0.5665000401131832	2.1593344498722664	4.662725266405163	0.46023678985062566	1.5131732414950372
0.5198972880314079	2.173212492746839	4.722852538630929	0.4395857410665478	1.5225144267545923
0.5382730500051682	2.2607737535602426	5.111097964786868	0.4455046955010633	1.5996877221894539
0.5572901324096682	2.252935462464925	5.075718198032044	0.461230905710307	1.558947521338917
0.5527514525881936	2.13936406960548	4.576878622318922	0.44739317284724756	1.5061526193549035
