r2	rmse	mse	oob	mae
0.5735602816636622	2.0616182066735727	4.250269630087957	0.4617082213597745	1.4814762252794733
0.5623211554979928	2.1513994399129572	4.628519550057786	0.4586342579585577	1.5002361177953711
0.5657101151963067	2.206355170899184	4.868003140153568	0.45531583658731845	1.531301022556561
0.5548902776462152	2.0545337066620344	4.221108751810439	0.4630194324680652	1.515097927694877
0.5591591065498358	2.132407646096405	4.54716236913041	0.45626007360892173	1.4943529024476814
0.5348762649108316	2.170159194514778	4.709590929537031	0.44958411185079794	1.5480960562644486
0.5391558070347202	2.1359755807005523	4.562391681349061	0.44687839910828475	1.532508967022729
0.5622217024472338	2.0331719107907302	4.1337880188284295	0.4583984142043874	1.4642698282874616
0.5597416349064326	2.065602818189118	4.266715002510826	0.45527469024538747	1.458312077713169
0.5682607925818287	2.179407136821343	4.749815468027804	0.46134637954908286	1.5437148101304383
0.5323275033623144	2.1390756171006076	4.575644495674345	0.4424120830376147	1.5453198640077679
0.5668921109000757	2.1170472281785093	4.4818889663383095	0.45683316958197484	1.5103969236010364
0.5747861758614292	2.0395813250521493	4.159891981501481	0.4664086277545014	1.4563861950803076
0.5708190354207676	2.0929399004801508	4.3803974270218635	0.45997440777512955	1.4456627962018331
0.550735443878056	2.1603394245342993	4.667066429197188	0.4557631634813628	1.5287797562372025
0.5548989095277892	2.230029795654884	4.973032889508563	0.45928553477202616	1.5915797592282295
0.5490144729475339	2.153562174212735	4.637830038199882	0.4494017568772801	1.5172603735249008
0.5498455839965355	2.2500737567939133	5.062831911012675	0.4522143864089294	1.5765815094503384
0.544634774979633	2.1312740091062463	4.542328901891811	0.45251503986625263	1.491040426164761
0.5593555649864597	2.0703146486290773	4.28620274432814	0.45848406336297587	1.4932041326290035
0.5602427127839085	2.1585075640308267	4.659154903978293	0.45654613714143677	1.5347218962571434
0.5704120661333932	2.04155311201836	4.167939109191849	0.4604507799356877	1.4529858620982792
0.584096976089525	1.9911085147991043	3.9645131177054953	0.46856433604895475	1.4361492259291315
0.5551160619209115	2.105412089529209	4.43276006673575	0.44917291255186753	1.5034342892946808
0.551740163847322	2.1137363448524056	4.4678813355500075	0.44989976121191977	1.4969751382880834
