r2	rmse	mse	oob	mae
0.5507563014443069	2.1315479899455996	4.543496833441126	0.45563428328119937	1.5061251759541037
0.5479958931785267	2.075579198773187	4.308029010379944	0.4487095372200689	1.465470143834916
0.5576080618782084	2.250925334593495	5.066664861914838	0.45142191584606406	1.5062140285740124
0.5512505091708104	2.1469783753791183	4.609516144345559	0.4584850216985912	1.5800202365574714
0.5489718841217783	2.1793223946581097	4.749446099858357	0.4519696631243222	1.533096028192546
0.5472106591738626	2.123133034516414	4.507693882254875	0.4592580769733343	1.4767261030031662
0.5212502632804767	2.194591904696954	4.816233628161406	0.43093329950757653	1.5271704324402466
0.5333668629796599	2.274534658277879	5.173507911707267	0.45365825915083424	1.562270399482187
0.5687491427431899	2.1292882411050416	4.533868413708201	0.46026907410137174	1.4858053887540483
0.5356789020459125	2.185725553898061	4.777396196962984	0.44917452901724664	1.5341324442559516
0.5441466557216491	2.20514077578331	4.8626458410222195	0.44678842384998574	1.5662022329307042
0.5303200247923123	2.1768056220948613	4.738482716383795	0.44261498102534547	1.5330579767729762
0.5099957204618634	2.2399341163947017	5.017304845788913	0.4313589795675048	1.5614929157417528
0.523913411828586	2.199303806934139	4.8369372351949975	0.4344657915266743	1.4945762758473813
0.567536680065367	2.1726281083945147	4.720312897385926	0.4669567947127651	1.5116710903027943
0.556705343581462	2.162335688775003	4.675695630950066	0.45189884925151236	1.501738447016368
0.5720680859432941	2.10827295477088	4.444814851818338	0.4578132976001654	1.4736647610382274
0.5631189269926431	2.1613764215799325	4.671548035761674	0.4555434593565071	1.5140822342706755
0.5554772385671042	2.1077118898638796	4.442449410673566	0.460001294951207	1.4826792943515106
0.5574387435486892	2.205570524296739	4.8645413376465925	0.4559967694351672	1.5332051955311978
0.5430735545455253	2.2136040093190257	4.900042710073264	0.4530429048097957	1.5437314554668315
0.5561478355683678	2.203591561952978	4.855815771910365	0.46123397864794846	1.5357877747059818
0.5549059486079068	2.1349772117131676	4.558127694534531	0.4546972759157357	1.516620111827645
0.5284627328595	2.227335660773706	4.9610241457542426	0.4377675608493732	1.5763987333338714
0.5722017010298779	2.041343901561746	4.167084924443331	0.4655576910704128	1.44413222819643
