r2	rmse	mse	oob	mae
0.4887697068029857	2.271408368783045	5.159295977777653	0.5168437437394422	1.6058685422082406
0.4905338809689712	2.3057245347403965	5.316365630103817	0.5099722917419115	1.6482436660071471
0.5034717018721963	2.3163878784786656	5.365652803562893	0.5130188138217744	1.6408508711244603
0.48078007563823244	2.414129601774854	5.828021734165614	0.5153037580554767	1.6754321293639807
0.4878495251681588	2.259970773479794	5.107467896982859	0.5038939174468168	1.6099345031278927
0.4996216296757886	2.264271232618766	5.126924214864905	0.5068646570177033	1.604310686735662
0.49112041829546926	2.3889811893135926	5.707231122894188	0.5092243793120814	1.689450513289149
0.49380971949661057	2.376939236315869	5.649840133137865	0.5106185948930483	1.6358661769416545
0.47963984947901084	2.3249919445252214	5.4055875421071695	0.5062688157199644	1.6405293470834266
0.47289089276188057	2.40864539481795	5.801572637977717	0.5105865484977176	1.6871948605600873
0.46831821794446515	2.365065181074861	5.593533310732664	0.49562014792017517	1.6708683418393817
0.5107044550874771	2.323012898023302	5.396388924382618	0.5234357971239835	1.6403959462226185
0.4933395827145417	2.2728974051953115	5.16606261454358	0.5091851632812473	1.5979484337121561
0.5003616386030112	2.190935752112335	4.800199469884045	0.513841568473359	1.5732112804758185
0.4547372614683308	2.453373866511253	6.019043328880376	0.48648855240224753	1.7128249688052732
0.5073360054112339	2.3202477425716825	5.383549586908989	0.5243924836244085	1.6273628360932608
0.5006822821773951	2.2514116105025335	5.068854239905611	0.5148125025941693	1.6097237183067823
0.5023799761074761	2.358284452041762	5.561505556741913	0.5208852615030273	1.6600267179454695
0.5120096580318648	2.2512365326853985	5.0680659260973755	0.5260877899649412	1.6327275259421496
0.4795666356745065	2.3985950751463667	5.753258334516404	0.5011165691360335	1.6886788069723209
0.5042638978783838	2.1835831966755177	4.7680355768036735	0.5102056773560598	1.5755977927439409
0.4776046016517811	2.3306164171663997	5.431772883965545	0.49320561138948826	1.6557595521888526
0.4951319402011436	2.3125940239387393	5.3480911195571705	0.5030554194350796	1.6391848314153084
0.4907801198113695	2.187432091173596	4.7848591534960905	0.5161350279830177	1.6033529949329706
0.48580550935372624	2.282660271938229	5.2105379170851105	0.5036195090893715	1.6432620359305754
