r2	rmse	mse	oob	mae
0.5547610777433949	2.1551350379488667	4.6446070317948625	0.46066544041926016	1.5478272690953323
0.556272896015987	2.103343771238571	4.424055020008094	0.4504770249978023	1.507572414069807
0.5623762980827187	2.0213688328728687	4.085931958509824	0.4629937082619743	1.4550690495422292
0.5577187639838304	2.133055801788779	4.549927053544772	0.45066751118296133	1.5125804891862182
0.5294677830955596	2.2524009250242245	5.073309927049983	0.44758860817668955	1.554845786768923
0.5329579853194446	2.245797328429325	5.043605640380295	0.4429061374744663	1.5690381165721543
0.5634708323715814	2.0401767428915694	4.162321142235652	0.4597065561114101	1.4669592044342872
0.577245225155052	2.1137082975312285	4.467762767052363	0.4633460787009598	1.5056376351013128
0.5631124949685424	2.1394705545452997	4.577334253766372	0.4589472048523877	1.5021123142986412
0.5829098151061147	2.1166221160583865	4.480089182187482	0.47168560605656074	1.5201808278322828
0.5537862441448718	2.180181243186977	4.753190253144313	0.4537764767077921	1.5057937674887976
0.5679925765737415	2.218617137919791	4.922262004671406	0.456337979309148	1.5522938331489535
0.5370702619271485	2.2344041239225962	4.9925617890023055	0.4473479685533377	1.5426341648910342
0.5640668202205184	2.153220877790262	4.636360148551867	0.4481647089596452	1.4981822678803052
0.5417598189868487	2.2294948977705418	4.970647499184878	0.44651941971504483	1.5437198146873512
0.5334902636972891	2.194693575398701	4.816679889896334	0.4494352619291746	1.5357346740889486
0.5659052750675244	2.192898126226352	4.808802192007046	0.4570420374178086	1.514549568509981
0.5323093064486825	2.2078039516052677	4.874398288723835	0.441394724425195	1.567388560962045
0.585690496942715	2.1561975732673457	4.649187974963991	0.47525419884563247	1.5223698339500493
0.5731628995512049	2.1344622225863294	4.555928979648173	0.46271169349157226	1.5179364648985523
0.5799965184837153	2.1291330552410965	4.533207566920286	0.47292699400830807	1.5062579663325526
0.5514316080434924	2.1647066882529518	4.685955046167061	0.4576094980171488	1.4922029074433372
0.5469564474577631	2.288779820205676	5.238513065380727	0.4476115104997269	1.5860786954674884
0.5421992549833202	2.1217261562962655	4.501721882311724	0.453594388830997	1.5135834112868465
0.5748232409090831	2.122330438222942	4.504286489007585	0.4704169596908252	1.517764874458908
