r2	rmse	mse	oob	mae
0.5498276495649814	2.2335084463559567	4.988559979943399	0.4497446929939296	1.5456979436702227
0.5657370582504775	2.113674247392138	4.46761882408872	0.45156165894380407	1.5053379811370624
0.5549510071857786	2.1550581078709294	4.644275448300231	0.44885238199539135	1.5064594162890166
0.5400804515232309	2.2142620906721597	4.9029566061878445	0.4442106357562744	1.5194299352894403
0.5800499382913008	2.109812786276326	4.451309993135074	0.46373307810726805	1.491165813068493
0.5417459881593847	2.2302081804645453	4.973828528210977	0.43805223754477174	1.5365038882696318
0.5568427476306358	2.1786176134158026	4.746374705485568	0.4548549044591179	1.5626082841516045
0.5585647152628151	2.2280219260220373	4.964081702834948	0.4554138599278966	1.5537848703758645
0.5694117718783773	2.1455754867299888	4.603494169256629	0.4610740770959634	1.5197957519598062
0.5473738965140361	2.157854281169347	4.656335098760878	0.4513835429898667	1.5406343721584306
0.5564894948741659	2.0685389304938053	4.278853306968456	0.4535474820402675	1.4788164529202945
0.5459092136494821	2.2007436588057625	4.843272651773775	0.4469580537384056	1.4921895880860567
0.5242826780616072	2.2354977575750254	4.997450224122967	0.43403815168235216	1.5462762811968276
0.5366210619996821	2.2443607974111255	5.037155388955902	0.4403406363537725	1.5532011878166392
0.5510788779488878	2.167962401469026	4.700060974183348	0.4460693870152518	1.5487037931860668
0.5430732141332422	2.1577593204195855	4.655925284857591	0.44549815379447466	1.5301781848946416
0.5722049718569326	2.0905113537758475	4.3702377202657265	0.45209216135751373	1.4816449018990292
0.5644641979939629	2.1086309278788677	4.4463243900072955	0.45071467957421807	1.4953593020546039
0.5306465621564603	2.124093108886333	4.511771535218408	0.43233383770206246	1.5225582224331973
0.5448713759067876	2.13422924461122	4.55493446855378	0.4405467037630719	1.4973352603181262
0.5864106270186518	2.0602883312392475	4.244788007840603	0.459612535815647	1.4535706396033312
0.5557624118971876	2.246720367805926	5.047752411113996	0.4464259623430926	1.5521206095268925
0.5476320702658433	2.205713955706415	4.865174054398041	0.44580523101389724	1.5227073757091507
0.5441999748114139	2.1156294800563598	4.475888096883543	0.45010531683920063	1.4976757202280226
0.5712748152758507	2.059923904616471	4.243286492810367	0.45910970138844887	1.4469552642117722
