r2	rmse	mse	oob	mae
0.5317143840820222	2.235608950559435	4.9979473798214595	0.4344327202446405	1.5420960752748407
0.5677800716703478	2.0459712133789014	4.1859982059751335	0.45640640492546003	1.4538242426398882
0.5613804401939848	2.151781664728115	4.630164332660098	0.45020676506019164	1.474455767207832
0.5557315951829089	2.264755603115588	5.129117941843452	0.4543711075246055	1.5628747686874185
0.5680651674805843	2.1106260635415106	4.4547423801007335	0.46000700204719036	1.4884369409564038
0.5786756027341742	2.114530058019333	4.4712373662672436	0.4615135270973183	1.501896348870465
0.555396525081612	2.1753035791548014	4.731945661483689	0.45545515743499587	1.503663470517081
0.5613522585432308	2.086421451370239	4.353154472737895	0.45685125617305045	1.507449971698222
0.5390213717246942	2.146270814690636	4.606478409992807	0.4436056184032773	1.5048511275662508
0.565007033160166	2.1174213622037157	4.483473225116639	0.4604248993072605	1.4946229126208084
0.54287223546483	2.1955995244479958	4.820657271756264	0.45249097551387585	1.570931753270861
0.5313779313738349	2.2258268007801627	4.954304947071254	0.44684777843177637	1.5399303535289335
0.5584852776651255	2.187987519975848	4.787289387570062	0.4489326322490219	1.5511301804417508
0.5401993928117361	2.0922053034829835	4.377323031922324	0.45164741555435195	1.5107420790484551
0.5559652558079318	2.111482547958754	4.458358550334391	0.44507966064119464	1.5032985595133523
0.5458470610567963	2.199900686807828	4.839563031817553	0.4454628184488134	1.5547692645681386
0.5833672330815316	2.1571506030629837	4.653298724294995	0.4698519783146127	1.5146722642472565
0.5766990391475402	2.0696604301024744	4.283494295931959	0.45960595051672026	1.4849414992915237
0.5773598344096369	2.1343489988156943	4.555445648745556	0.4686738813767044	1.5118924064037718
0.5661998268040742	2.110573176887198	4.454519134995718	0.4491504985860809	1.4537354018464073
0.5390135000321936	2.1458596714367553	4.60471372949866	0.44619547541517823	1.519125841086282
0.5441452813265781	2.128838162452285	4.531951921913222	0.4425410741263174	1.5073717936165798
0.5546882502676377	2.109625389000034	4.450519281913545	0.45400618530643677	1.4899718207552408
0.5173950772238582	2.2487256436171004	5.056767020261143	0.42789857199259396	1.5598528762676567
0.5599164980525393	2.216159152704672	4.911361390116689	0.45426340818308697	1.5447378943509258
