r2	rmse	mse	oob	mae
0.2947036171683074	2.7323081005414553	7.465507556284456	0.7068200286679911	2.0035185157533593
0.32294645280493617	2.5621690564713573	6.564710273939325	0.7119496656438133	1.8831920936608058
0.3048506729683207	2.7070339322137325	7.328032710156543	0.7044625561763932	1.9623949211848124
0.29976496399707797	2.7322391687518617	7.465130875261864	0.7039169251646491	1.9471546371395263
0.2948262434688864	2.750680180096971	7.566241453178304	0.7038079952333118	2.0151846614304394
0.30148416404365086	2.7238146326081574	7.419166152810311	0.7049019504726745	1.949749379027451
0.28337379725318657	2.677090056285688	7.166811169463707	0.6982619906736308	1.948114874164929
0.30261385319302014	2.6362059081159877	6.949581589985639	0.7010623090650646	1.9406038194722923
0.2970906022885883	2.6702149212149537	7.130047725478982	0.6980586579632522	1.996720658476003
0.2745657932373383	2.8303251725121648	8.010740582156014	0.6945693814612585	2.0081995874713017
0.31576179079067035	2.5205409160049497	6.3531265092550715	0.7042811508157064	1.8860255275975895
0.2711766116572115	2.7516674115314737	7.57167354368432	0.697071922057038	1.9623457704930976
0.26081673446488585	2.8172671433625256	7.936994157070044	0.6977302271035232	2.052863960095926
0.32790244118731016	2.5428417157764684	6.466043991493014	0.7113253453535212	1.9089855844833847
0.3301588580085144	2.5010586974418887	6.255294608049717	0.7067539438329519	1.8590497721718728
0.28543656341298096	2.7023725940882315	7.302817637279158	0.6976157806675524	1.9558808764465507
0.29889514496179304	2.7000456283270378	7.290246395047947	0.703328855257299	1.9738448280242753
0.3345306936651772	2.6022763067672563	6.771841976762232	0.716954860537089	1.899352886307717
0.3020360398890034	2.6194584575580513	6.861562610872406	0.70661748038066	1.939340103574863
0.29004997391603493	2.7272798107174787	7.4380551659471665	0.6984729030485649	1.9986522989150444
0.3208091879529371	2.5973025629827013	6.745980603676508	0.7158006455366162	1.9032243090128045
0.28710294063974906	2.656079692235283	7.054759331504676	0.6996575582957516	1.9463273732715725
0.30121543139559737	2.74083496330951	7.512176296099842	0.7008752496017894	1.96676399574415
0.29951296200453004	2.6602883434465485	7.077134070277581	0.7084808278317093	1.9787776582468533
0.3042195561587052	2.674821908052352	7.154672239796826	0.710127350362937	1.9398590711404622
