r2	rmse	mse	oob	mae
0.5337685906036964	2.2079807758029855	4.875179106315554	0.45455372866311694	1.5792327233396133
0.5336073761945135	2.1799208724599697	4.752055010186635	0.4557629080572747	1.542528086317581
0.5538376629843577	2.1720967346201143	4.718004224547363	0.4620427739437625	1.5211116321042701
0.5586851380504487	2.1588280742699726	4.660538654256198	0.4661406838630884	1.5075594475707763
0.5359423311951161	2.197144398076886	4.827443506000641	0.4542685162512712	1.5142647615914864
0.5407113523548466	2.2562144187883293	5.0905035035483595	0.4587380548922263	1.5572675088748478
0.5776904742974551	2.1252748138796442	4.5167930345111555	0.47525295815152013	1.4963318064726807
0.5252581645281467	2.2102889130935757	4.885377079344379	0.4463029436092365	1.543276356657035
0.5627173742288815	2.188028786452799	4.787469970346108	0.46796541497613	1.5515656718080661
0.5733597390939358	2.0413655894725338	4.167173469882545	0.4690537510038333	1.4428520369097146
0.5441674669614889	2.1264622513231424	4.521841706302286	0.4566356326852712	1.501793386305176
0.5236995172138783	2.1593332623627277	4.66272013794606	0.44871753451884033	1.54093467199202
0.546971597907572	2.126760101040324	4.523108527377049	0.4586969471741702	1.4717798967843603
0.5178317606698486	2.230487552972854	4.975074723966829	0.4496599352026448	1.5758251890587194
0.5395392483493575	2.261152786858129	5.112811925516283	0.45786694639473924	1.5811953497543243
0.5593832133749111	2.075958810535225	4.309604983038827	0.4619950087817579	1.4670441764833824
0.5576707217110033	2.230293525006078	4.974209207684035	0.46671638115236624	1.5474219687119115
0.5381730877952704	2.201099287162951	4.84483807194925	0.45121906256232913	1.5309822318032635
0.5436099810795283	2.1349844461883816	4.55815858546631	0.4582468708536518	1.5344352904683052
0.5481722364893283	2.1466958847039397	4.608303221404831	0.45471855095706637	1.532531649566393
0.5619117145809797	2.084426954550856	4.344835728858155	0.4632709027497204	1.5184879823096178
0.5541119066727925	2.0995790643392587	4.408232247411717	0.4587221126377381	1.516154649535471
0.5520590084533691	2.1915862256693925	4.803050184543813	0.46303571438249946	1.5358142778056738
0.5321693151788534	2.261097074005237	5.112559978075045	0.4504566426603014	1.5503547011274272
0.5501188211819207	2.1662466041185398	4.692624349855105	0.45791111462613676	1.5343981879152906
