r2	rmse	mse	oob	mae
0.5659810844643101	2.1933522704267086	4.810794182185997	0.4584742338009954	1.519032927982609
0.5277975250173285	2.2781607345932624	5.1900163326425135	0.4444640257142205	1.5599140446399762
0.5611179703803337	2.22337171875349	4.943381799752848	0.46024808881588597	1.5558973457463556
0.5672398226192137	2.1817890444784522	4.760203434606197	0.4574993321024041	1.518174576038681
0.5904631451136586	2.067483775411674	4.274489161590511	0.4749825221875954	1.46432657667589
0.5418717355224905	2.2614682698514295	5.114238735544818	0.4427573347562719	1.5990703888891702
0.5647470608305973	2.157638192312658	4.655402568926235	0.4571970970824746	1.5355857450641985
0.5427337071446768	2.1000832676278534	4.4103497309704816	0.4501853859810676	1.5110256352439948
0.5415726240057621	2.0945169552060663	4.38700127564569	0.4406255283963241	1.4931578223602622
0.5264635326244447	2.308357137901431	5.3285126761004875	0.43706278409371335	1.5739028094005207
0.5693698858195952	2.1057433895407747	4.434155222594671	0.4577941789691582	1.4798237966830916
0.5739943957492342	2.0968050167054626	4.396591278081195	0.4637955422321234	1.5070335367788232
0.5484848800508424	2.109113714693571	4.448360661508514	0.45151536234253964	1.5298948659470804
0.5595199439602333	2.1329041024135593	4.549279910092591	0.45734745596355797	1.5080211429924326
0.5691007494764164	2.049809637484445	4.201719549924111	0.45817348942409863	1.4689801935092235
0.5485072749600124	2.0878740990305893	4.359218253402795	0.44695180245437194	1.4851404597955304
0.5529065261166446	2.1378495224950953	4.570400580832508	0.4513317537062025	1.4785975911145923
0.5523099725729887	2.1826142639455735	4.763805025178678	0.4486493535916918	1.512157439562828
0.534967472731878	2.152641449691081	4.633865210928118	0.44379057934616295	1.5375502742438676
0.5372302892478189	2.165526665155731	4.689505737500501	0.44033875983451143	1.4940247073210933
0.554453834826212	2.0687772915739604	4.279839482132091	0.453443052662696	1.4769001490575593
0.5505681076127503	2.14961895507224	4.62086165200587	0.45172240777217776	1.5556208196805505
0.5573733228322346	2.1410004129951954	4.583882768445598	0.4518034102574915	1.5075052610618915
0.5579151822447381	2.1253417954693816	4.517077747569014	0.45666363888310624	1.5267725635621163
0.5495211571917737	2.2597499691020237	5.106469922856597	0.449553121699903	1.585419374243125
