r2	rmse	mse	oob	mae
0.37410114241456793	2.488360159946761	6.19193628561027	0.6321876793743123	1.8276808406198428
0.35319355249677054	2.5278260057619932	6.389904315406634	0.6190384685148294	1.8394664420947762
0.391427938060687	2.4756049305983066	6.128619772402645	0.6392528857696973	1.814263160955133
0.3568049899449409	2.5910916262279193	6.713755815508445	0.627822029735003	1.8758908608219071
0.35614918710986565	2.537403801550055	6.438418052120672	0.6238713680406343	1.859859893957788
0.35331022324328654	2.4740308605515655	6.12082869896152	0.6228481292271635	1.814596599195623
0.38504446683154514	2.529713188857681	6.399448817880497	0.6360750056115422	1.8086048684827392
0.3460651330817297	2.610106778299379	6.812657394124364	0.6151571061025316	1.8798935369273688
0.3911580512559161	2.5109330552742546	6.304784808068902	0.6378667243113747	1.846757355102865
0.3629936380976013	2.6122061369322034	6.823620901826264	0.6229106622899127	1.9009240000419165
0.35079301715528566	2.6512860884762164	7.0293179229475165	0.6245870898764866	1.9059051841017987
0.37551122475622356	2.5509849489214727	6.507524209623888	0.6297596692331429	1.838690671120046
0.39087317833638846	2.446556273117472	5.985637597530453	0.6349816356854794	1.8021399594161962
0.38609411911603453	2.516453478886201	6.332538111398465	0.6320520501863397	1.8015829433288186
0.38110109704478035	2.5501064457367213	6.503042884587972	0.6343973476372842	1.8359346412442412
0.3926684023592417	2.4704255719021075	6.103002506307855	0.6374593659608433	1.8495503255390182
0.3472901721119632	2.651179290079846	7.028751628148276	0.6215281244742266	1.8985242260469848
0.3878091164546873	2.525427665089872	6.3777848916012845	0.6334142738269165	1.816422694745297
0.38469453056082437	2.4814250685980794	6.157470371066983	0.6345656766218372	1.8908191600723854
0.3670412266135564	2.5758242185955518	6.634870405103386	0.6336685084276485	1.867483267162875
0.3639579836007989	2.54586192333006	6.481412932661832	0.6295712069849537	1.8628200083432804
0.3773846622435437	2.587972875580141	6.697603604738544	0.6340139625217497	1.8290354750312452
0.3800065868471948	2.6302144841095694	6.918028232419768	0.6331971908820068	1.8760647548523173
0.36149552116671335	2.599620800783495	6.75802830786622	0.6235837639958717	1.873740052205172
0.3913811983375304	2.5366459314232768	6.434572581406263	0.6401467771033076	1.8372158258985958
