r2	rmse	mse	oob	mae
0.5543669991812334	2.0726573710615797	4.295908577815898	0.4582154152459823	1.5230107794088608
0.5601406437384318	2.1512151838133944	4.627726767069297	0.45766468326124266	1.549472328923392
0.5521233046642049	2.1315041201760163	4.543309814327334	0.45850615077858836	1.4947312313100198
0.5658226982879375	2.168790201711099	4.703650939038069	0.45733678976359227	1.5446604906022563
0.5472079066561122	2.178955206126742	4.747845790306832	0.4610485814885763	1.5281000379009217
0.5760063186694449	2.1335029215451895	4.551834716241859	0.4676936072608251	1.5007525742086276
0.5499627393582678	2.1153736986366103	4.474805884883532	0.45233368163717835	1.5215903300554432
0.5678843305849227	2.0810811887459377	4.330898914152205	0.460129450120234	1.4931392004832285
0.5711026579764964	2.1117985246498456	4.459693008713265	0.4600881920401729	1.519675164403996
0.5659123757569294	2.234965108248577	4.995069035088574	0.4660485966400283	1.5566717029271164
0.5803161352854864	2.111479609199579	4.458346140065607	0.4740977611355359	1.4856043712298421
0.5397087159623895	2.156205443991899	4.649221916700303	0.4478491642005069	1.5637709780651907
0.5487905675978433	2.1625607244331895	4.676668886861001	0.455603105220294	1.521724939791203
0.5401023562685385	2.082647500747944	4.337420612371657	0.44573697124797773	1.4974582616997119
0.5837381913276349	2.1043000524105557	4.428078710575067	0.4718447771324267	1.5099394944440272
0.5647279156084859	2.0445952654468527	4.1803697994876865	0.45912376419962553	1.4834252170863569
0.5568487951026848	2.1615743741030697	4.672403774779077	0.4476813818685774	1.512086533101078
0.5563547405527427	2.180594028545414	4.754990317327919	0.45914723236962773	1.5339374485673059
0.5608062225811337	2.124358695265084	4.51289986614837	0.46026754630059785	1.4932653400638742
0.5524455015097188	2.121104021436493	4.499082269754061	0.44783526864425305	1.541482378016393
0.534976727261111	2.220858389535693	4.932211986371071	0.4510219669368105	1.5627620568009402
0.5060979096945442	2.229824052316421	4.972115304288825	0.4335718674009805	1.5995201315439291
0.5728261294404756	2.1357440304647852	4.561402563665965	0.4631640861929168	1.5389103117413274
0.5341797764148895	2.2458400718647544	5.043797628393485	0.4450347133477066	1.58372429749896
0.5819918132165867	2.1747173128360306	4.729395390748767	0.4674627565584881	1.5165432039400817
