r2	rmse	mse	oob	mae
0.5545032077152349	2.1448158962201154	4.600235228678496	0.4474794580056344	1.5227815601273282
0.5424059834595489	2.1860529674603115	4.778827576542034	0.4448875335153595	1.5430618066556032
0.5447760847925669	2.097808190378291	4.40079920361824	0.4434421278448004	1.4957039367052387
0.5603048286491845	2.139843054762152	4.578928299013819	0.4469270077501154	1.4877438804750471
0.5717441346049503	2.1256192957410027	4.518257390426476	0.46353075329462345	1.4892159528756375
0.5361766467638855	2.263014047340804	5.121232578461806	0.4470024487418064	1.5820446180385899
0.577302826693088	2.148231525691173	4.614898687973423	0.4657974720962601	1.5183139303560782
0.5451967614775246	2.1390979314312295	4.575739960253365	0.4460628066664576	1.4558163199276297
0.5502360874363017	2.2299547634235397	4.972698246915336	0.4547054226363886	1.5571449101176025
0.5730839953933553	2.1101944155634604	4.452920471475214	0.463251689207272	1.4975527352354097
0.5808393810044217	2.113831159255192	4.468282169838148	0.45924238957120633	1.4990820749153095
0.5588875386798962	2.09432013708652	4.3861768366061	0.45345179367632005	1.5030491939478354
0.5764327654449368	2.0946833745019537	4.3876984394148915	0.4569187995969709	1.513817811449423
0.5416720986884059	2.034211006033044	4.1380144170659685	0.44048927461992515	1.445843410902935
0.5417263180984646	2.2053046334594026	4.86336852635751	0.44382409826452796	1.5445555120906627
0.5795180674174992	2.049262498124089	4.19947678621778	0.462529656455581	1.4593664586143087
0.5340001084148268	2.160694583369942	4.668601082604207	0.4463060023803498	1.5140097790595444
0.5716641534976267	2.059944606008154	4.243371779822089	0.46046861456305943	1.500563047453162
0.5390456703707969	2.128199914633876	4.529234876647637	0.4436022093856071	1.502594575895331
0.551084841147605	2.2130555428889007	4.897614835911287	0.4468323038718349	1.5498116356201654
0.577320993176541	2.0612223834144694	4.248637713888827	0.46019539101296747	1.458183255965045
0.5492156017602458	2.212966461649806	4.897220560386864	0.45591443609836824	1.5589761044568802
0.543462319805538	2.1881472543244223	4.787988406607508	0.4472420471134553	1.5505398009081275
0.5673957370186118	2.1754659527460305	4.732652111557194	0.45349726408875235	1.5010849837761462
0.5546274547134569	2.1364263343374175	4.5643174820504155	0.4479281971791895	1.5172058678965645
