r2	rmse	mse	oob	mae
0.351116240328489	2.521373459747992	6.357324123521561	0.6197891042245677	1.8314973166837714
0.34483186113380104	2.5819637727084914	6.666536923579066	0.6187266398814583	1.8898908428255985
0.38181915535525657	2.503824190638117	6.269135577624623	0.6293070960911911	1.858680963959031
0.3746179820340222	2.544061454457473	6.472248684056274	0.6315376639598335	1.8743353198151653
0.35331168056132545	2.5931488302436216	6.724420855793864	0.6175894979807087	1.8534520477768959
0.3799465852599474	2.5576802048370046	6.541728030215062	0.6350691492575313	1.8650781937138654
0.37539417162136446	2.442243230380389	5.964551996338838	0.6260241126778116	1.8163392667428557
0.32553511097402443	2.6850341874111057	7.209408587566416	0.6039847627704754	1.9053895693804768
0.3856034993634916	2.5075712579659695	6.287913613777034	0.6392017702669937	1.852187469901639
0.35415613139914515	2.633320455825114	6.934376623066986	0.6260819812348487	1.8782656779855862
0.358091146825808	2.5713088941912803	6.611629429347185	0.6294845228386329	1.8985422251400597
0.37002432772821825	2.5695385896078955	6.6025285634841335	0.6247139819088046	1.862330811273663
0.36646448304146206	2.5232590485809463	6.366836226245622	0.6220609666664351	1.8378397524051973
0.36867820382618277	2.5938896965050584	6.728263757635104	0.631185547366708	1.8778676909837007
0.37026419928164167	2.564430131244049	6.576301898032372	0.6244473461159359	1.8249165081155083
0.33462717914079176	2.6552906809067998	7.0505686001104975	0.6082124381367491	1.9188776944190684
0.349869490816884	2.6789530416389775	7.176789399306728	0.6172709257351496	1.9166341038645054
0.34636209090276115	2.6394618784928	6.966759008016741	0.6166751904154439	1.918817824687809
0.34919530946869815	2.6470246499689587	7.006739497543289	0.6230893645040559	1.9078117183695138
0.36461145502911463	2.681028313457857	7.1879128175626805	0.6263899974737545	1.8681676495644226
0.3920015296852305	2.3721145444115606	5.6269274118088655	0.6391694591693016	1.7837012636508092
0.38369383065337215	2.4616784430032523	6.059860756746916	0.6358476902262072	1.8265209898710513
0.36022173743782304	2.6142909298743153	6.834517066023112	0.6236613811027707	1.8545140241008375
0.37331505201453097	2.4509274736975897	6.007045481325648	0.6335451158786101	1.8112134377603575
0.36654147695261985	2.5290033356389783	6.395857871673078	0.6275024746670055	1.8381499969324735
