r2	rmse	mse	oob	mae
0.550990558046224	2.113361747332364	4.466297875087702	0.4505698180733453	1.4906766258111985
0.5665596713041794	2.1463460649181116	4.6068014303894635	0.45569127427053024	1.5183485040007214
0.5688343341697109	2.1491466464348803	4.618831307882293	0.4569241717855179	1.4864307864322257
0.5686327616684593	2.116599331662868	4.4799927307957	0.4568275131249505	1.47949507201978
0.55974857332224	2.1444885379156116	4.598831089251438	0.45288750801378086	1.509438327439531
0.572486240537017	2.0741599758663933	4.302139605486078	0.459080086078844	1.4932410472870248
0.5529558542147848	2.1414713045714593	4.585899348302988	0.4431212073516495	1.5052573314419517
0.5326815184750986	2.2087447842459675	4.878553521933767	0.4404315951798059	1.538912234590734
0.5623532488365939	2.190972683853741	4.800361301393265	0.45068645673295493	1.532830531008328
0.5539299793441135	2.1557743902988324	4.647363221868304	0.4519279872779032	1.4817521487104726
0.5417635858699592	2.224402666331698	4.947967221983566	0.44404078745641784	1.5572565378486745
0.5633856301493196	2.09961988281965	4.4084036523316	0.4540667554884794	1.5048435772086233
0.5612773280115375	2.2415751219318967	5.024659027263998	0.45778671627912837	1.5491842516925327
0.5214227760497818	2.22986610640872	4.972302852510385	0.43249641098670577	1.569255764380864
0.564464761919409	2.1374253567907298	4.568587155851979	0.45167349678724444	1.4932182388265247
0.5502738019032156	2.1798572283411946	4.751777535951355	0.4469772717109828	1.5480972048130701
0.5288649107081924	2.061676856630031	4.250511461163887	0.44217161003332606	1.4661817810048234
0.5404864375151888	2.109589734425082	4.450368847591688	0.4435648090767744	1.5139495783323227
0.5378983803133157	2.1930655390534874	4.809536458583963	0.4390062584300154	1.5140717060774462
0.568054605031473	2.159740639661435	4.664479630605185	0.46122147257114143	1.5165986333550492
0.5543175408213497	2.169392984346409	4.706265920531419	0.4469565641560702	1.5226212696191654
0.5424217101965345	2.1979904333436626	4.831161945070262	0.44540453610713016	1.529871067065737
0.5401617184499817	2.1881990964547526	4.7882152857253955	0.44060563014929643	1.5057330961042161
0.5443551745287274	2.059984188170403	4.243534855512073	0.44138376001484836	1.4970990676910392
0.5800000439489568	2.16232092532908	4.675631784116009	0.4645654787442981	1.52983334599205
