r2	rmse	mse	oob	mae
0.5634024158865478	2.0874248588764894	4.357342541455532	0.45539371440725107	1.512224834973426
0.5352720188657033	2.224269983026112	4.947376957390982	0.4464910071391147	1.5590338407122193
0.5644632611345213	2.074875868226441	4.305109868548427	0.45260285060356775	1.478243242139308
0.5577962397490139	2.094730704954837	4.387896726280587	0.4580081367067146	1.5154946055318954
0.5387034741624104	2.175144453027237	4.731253391535158	0.4463586828040169	1.554688662761333
0.5779470306285401	2.0635189387903963	4.258110410746642	0.46530887959967104	1.4706466795360638
0.5762073387254312	2.0694310789576704	4.282544990555908	0.45981396975769473	1.4790425259532287
0.5481479029923132	2.1529043968797175	4.634997342104019	0.4489698784156172	1.5157940258040243
0.5438063500114162	2.19209906777204	4.805298322927048	0.44870239725549643	1.5251204436226757
0.5460106532645151	2.2385635700423983	5.011166857120967	0.45306641311952345	1.5770938503753933
0.5417343501764567	2.268594931845788	5.146522964796396	0.45236328831835315	1.5692580465603851
0.5390056974478876	2.177778898947831	4.742720932702427	0.45243140704899254	1.5410233844252967
0.5232737523880024	2.2457235609602697	5.043274312252075	0.4412696652262106	1.5343345308462764
0.5656179328412773	2.127271274017607	4.525283073260494	0.45885700318073175	1.4834169089241116
0.5426957782915682	2.1517303875532914	4.629943660720237	0.4470796842027822	1.5116083474654982
0.526373101169606	2.182056140614643	4.761369000794071	0.4412229758963486	1.536914886271045
0.5321604933439961	2.229129866401932	4.9690199612850945	0.44313359319059153	1.5260994686547737
0.5761839109110015	2.097359195544099	4.398915595133391	0.4669584460849461	1.478129576486116
0.5359378293706287	2.212075472268732	4.893277895012933	0.4464584926630364	1.548649189000841
0.5448573452175669	2.160036393074137	4.665757219404727	0.44341960818300485	1.5076720211696586
0.5417342417491351	2.209962842741619	4.8839357662986185	0.4512555821664531	1.5610929521830277
0.5654347749224986	2.0897603061883605	4.36709813732047	0.4574502044480695	1.5029297098883334
0.538144708318941	2.1470829713791195	4.609965285986189	0.4395208560963324	1.5056213492176456
0.5671049316006986	2.069936737235993	4.2846380961591874	0.4490219962595967	1.4566388584620846
0.5299402399454305	2.244348495465307	5.0371001690973864	0.4344648130183216	1.514541932516762
