r2	rmse	mse	oob	mae
0.5168808059460901	2.2745165391729247	5.173425486971178	0.463701508844517	1.6030390862944364
0.570692579835953	2.0716564612285913	4.29176049335017	0.48243998168436664	1.4770955358871671
0.529258470257258	2.27273729817207	5.165334826502479	0.4619815223577388	1.57514751210189
0.5297393156013057	2.2698812924059735	5.152361081614612	0.46747360570240226	1.5321087342166375
0.5221306403581516	2.2818050742861122	5.206634397037851	0.4584799674729383	1.6084179307198698
0.5342760905751874	2.2235331999078203	4.9440998910923115	0.4682683892400965	1.556389507793446
0.5384292427871693	2.18872593184747	4.790521204741576	0.4712460839415695	1.528408876901068
0.5497127443781781	2.164565543080564	4.685343990291658	0.4742123361484931	1.5048021970167613
0.5464341329871729	2.1075792914275597	4.441890469654295	0.47875302905645556	1.5085024226677228
0.517639855183127	2.213657706208406	4.900280440255861	0.4545686919162526	1.5527602476615454
0.5259450881020538	2.150698986612715	4.625506131016959	0.4631541478560852	1.5428663335836241
0.508159265372593	2.2958642665665083	5.270992730496971	0.4531898217965725	1.5871009509035494
0.5657622200219217	2.131694031514754	4.544119443995625	0.4816093547574366	1.5152178709380846
0.5268263581814752	2.180513194051011	4.754637789430543	0.4644607843227113	1.559333608417962
0.529871767882105	2.2344791966895516	4.992897280438385	0.4677080977574407	1.5620472630424294
0.5424434543395027	2.1175667928512927	4.48408912218651	0.4666504403912729	1.5009306846587642
0.5331375238211032	2.164966916187107	4.687081748184711	0.4642362277788654	1.531210016209957
0.5208119037543261	2.230793806730351	4.976441008146492	0.46629550165789246	1.5818671716710018
0.5244588101244815	2.2008889481793426	4.843912162217973	0.4593541833472592	1.5479175133715544
0.5370453468592996	2.098578089600832	4.404029998152677	0.4646800567723477	1.5462370019510485
0.5387056879360254	2.173208675770567	4.722835948444461	0.47033485274856957	1.5214929306380052
0.52814256424361	2.2282943079750797	4.96529552295414	0.46381602482995454	1.555570100192652
0.5222422032755878	2.1839580209494063	4.769672637269247	0.46246204372100896	1.5621885518427232
0.5449445366894405	2.1949049385955	4.817607689470916	0.47079220221933915	1.5348513245576771
0.5336424373894817	2.2458940413662316	5.044040045044344	0.46749252330760505	1.5965169461252955
