r2	rmse	mse	oob	mae
0.32706963911066567	2.5993123462083063	6.7564246731509305	6.659639298108639	1.8942334666685499
0.2596913253805352	2.8254918547783068	7.983404221418556	6.979914020228381	2.0305102339620684
0.32009786738795354	2.67005853855407	7.129212599305496	6.876026530136096	1.9510759855330637
0.3232839677477468	2.5934323159760986	6.725891177549151	6.837790384356568	1.906627212974421
0.29375272641046335	2.483533467971676	6.16793848653542	6.565284428890664	1.9274582572150203
0.33202680291361475	2.7372138667160093	7.492339752142408	7.176239780229146	1.9629762324966875
0.31774404593534344	2.645870244920229	7.000629352954232	6.982635944639474	1.9482613952074939
0.27092561952052374	2.889424772657437	8.348775516846482	7.129096992605215	2.0689277849996
0.3064279136825171	2.7148907503219637	7.370631786183756	7.050888540991113	1.9592282688282812
0.29991166463648955	2.5386931235724024	6.444962775673801	6.53816873382595	1.8922968018262678
0.3518949975533503	2.66817758638437	7.119171632483923	7.025098951986012	1.9330841058053687
0.34916507776564065	2.6723652907381887	7.141536247142205	6.898834754283637	1.9281858604739142
0.30413557511512557	2.7202091265807478	7.399537692333196	6.951853028167517	1.9457838774347103
0.33012194351856927	2.6100378225496947	6.812297435139952	6.749926658873027	1.9350173994520738
0.345022845396289	2.6553564535456227	7.050917895386387	6.978434880801704	1.9415109779227433
0.3098477689476219	2.688033906952698	7.225526284927388	6.847503684437998	1.9063502507619212
0.35755613174090883	2.587114243105353	6.693160106878584	6.782712013691617	1.8765336269875414
0.3344262294863025	2.5777323985397724	6.644704318481608	6.814376269535338	1.9125323508536078
0.3574109492437596	2.566084014034249	6.584787167082123	6.935661706117714	1.8971220383432794
0.28686995247807234	2.7748752353173676	7.699932571577616	6.991534067742592	2.0431406948173
0.38636047699030995	2.5101552515209264	6.300879386738085	7.069372632704754	1.8703899183097432
0.3246717476194606	2.634726499039352	6.941783724740162	6.847773724157556	1.931024369824758
0.3071060719016454	2.7091564818718794	7.33952884326842	6.735406258030983	1.9633727604496045
0.29595629261365264	2.577648023029989	6.644269330630411	6.618819466194712	1.942615207458475
0.3179165007182786	2.615593091164942	6.841327218549776	6.7300698641184225	1.9498158091716564
