r2	rmse	mse	oob	mae
0.16013275655182235	3.0360257159483504	9.217452147899694	7.381506462980948	2.0945827183674783
0.15955992752136727	3.066791411526125	9.405209561810402	6.993163398918911	2.090669220515326
-0.035712014240408596	3.106042652766201	9.6475009608029	6.688484083337579	2.1526689162937998
0.07982142485322896	3.070959320036696	9.430791145320248	6.926191887882299	2.106907621441114
0.1503216394198299	2.976532868834297	8.85974791925093	7.013658151963861	2.0180507996886377
0.18840186966373074	2.9263546555867372	8.563551570274171	6.807774579346425	2.0396772441546624
0.07705797008980231	3.1105683543321585	9.675635486972674	6.8172381723209305	2.126097975927353
0.15725797074303105	2.9097390845381454	8.466581540088884	6.951939582319879	2.031503254468188
0.10179175078036673	2.9951614701298004	8.970992232150108	6.764439294098161	2.08725349439759
0.03027421870968483	3.040428778034195	9.24420715429851	6.900977204307455	2.104864896312265
0.08734319437054738	3.1269019585519193	9.77751585839583	6.97711508654765	2.165301330118753
0.15656547407884136	3.0068962878295697	9.041425285763248	7.082934868204992	2.0473982431760778
0.044078928055046984	3.112667532745736	9.688699169409428	6.835423084394536	2.1209693016677007
0.15558503830804105	3.122667748567297	9.751053867942352	7.154415381299013	2.1319274760925
0.10627152089988512	3.1113173292936303	9.68029552356285	7.12235829848133	2.136796283417097
0.15910188181616325	2.9858365146841033	8.915219692420912	6.9836025489912394	2.059947625268208
0.16329449730030798	2.9035642752470445	8.430685500490895	6.8633182533902835	1.9993258789409192
0.015502252501048197	3.0529983038606843	9.320798643376216	6.815660756002248	2.057386036406632
-0.040811286251010825	3.2574497159804334	10.610978652141007	7.053705255080629	2.240266912404117
0.11160028225932905	2.9637613021712226	8.783881056247662	6.929473424551184	2.066933860327456
-0.03450103903234725	3.12526739417053	9.767296285065454	6.692891113705075	2.166610367746731
0.0950319334269033	3.0684206364925055	9.415205202453073	6.9834635445347395	2.089535856318375
0.13251994359385855	3.165846728969146	10.02258551132464	7.180591095502518	2.1726634410246852
0.06592987906860825	3.1168327216261016	9.71464621459917	7.150832240127738	2.1656184314325317
0.13612257186439813	3.023400184319612	9.140948674543864	6.879216859219853	2.081614337969186
