r2	rmse	mse	oob	mae
0.13314118000658515	2.956177284519542	8.738984137509334	6.880775591814866	2.027499448714931
0.05150374619548881	3.108404290324543	9.662177232108025	6.86123310747894	2.169743995591871
0.05901859709649848	3.0075321326028885	9.045249528638879	6.801250501910786	2.0646748727990887
0.11950078231920935	3.017312394802529	9.104174087828971	6.960652357512654	2.072396190360647
0.14128202958716674	2.8853157605834006	8.325047038270966	6.760332885023299	1.9796429000628046
0.18353856741706243	2.903109618638633	8.428045457832148	6.926142088149169	1.9646189217829362
0.15701794659622215	2.9442704696528215	8.668728598469645	7.00833497856727	2.0149388573208253
0.1768709445584401	2.9911407402479675	8.946922927971158	6.977668800417188	2.0475644653551823
0.20214576115001226	2.7799775054093563	7.728274930582027	6.781209246020448	1.914977735248749
0.17216779587988973	2.9605044367275024	8.764586519883226	7.044035305093332	2.0728999723084867
0.02584969807816917	3.2185875228647465	10.359305642340624	6.9918782833451605	2.2114941656953966
0.2091523251571472	2.787938701290819	7.77260220215514	6.889145565703276	1.96383773066508
0.1328238002687564	3.1327397407319304	9.814058283161161	7.130010608705456	2.1627434296610506
0.10729860299125915	3.0611277242183608	9.37050294397828	6.8015363386364625	2.118245323534607
0.13270483940014732	2.948000810153697	8.690708776666852	7.0320457076285345	1.9965099754545013
0.0527720859353481	3.135936614670344	9.834098451230098	6.909250167345411	2.179438794824065
0.1463625083625092	3.0416355846922016	9.251547030065872	7.15107404571172	2.1062700226178284
0.2087371796203884	2.8058852436711526	7.872992000651523	6.852727416977639	1.9517546272677326
0.26530335032512586	2.7506555047494285	7.566105705808334	6.881429283577522	1.8880709078480558
0.1936977396160472	2.966105587152914	8.797782354139734	6.985708066008984	2.0387650931858134
0.1099586011239797	3.033080621354745	9.199578055637685	6.97753159109453	2.0816974556019128
0.21039189955965487	2.891982174772985	8.363560899204684	6.897731160247338	1.9453707901132202
0.1598822294468203	2.9576245735443143	8.747543118033187	6.983233120281372	2.001545260163249
0.05655697834479889	3.1167530663940894	9.714149676876959	6.923105255356531	2.146664919235136
0.15308127950921746	2.93262326160987	8.600279194535313	6.907523882972039	2.0040543970033284
