r2	rmse	mse	oob	mae
0.529688463803282	2.1954717666041845	4.8200962779560985	0.44240832587979795	1.5740830836716138
0.5467230995167762	2.2037660942654336	4.856584998233925	0.4466786580639408	1.5320645195906066
0.5529027215729451	2.1059125324004317	4.434867594121199	0.4518184665642968	1.4819683344545613
0.5556999600819248	2.112913561356249	4.4644037177631475	0.4531967248067795	1.4676754744814664
0.5402789402531525	2.204544409861731	4.860016055052609	0.44645732382779624	1.5290357968841368
0.543722599176532	2.1378498451129153	4.570401960249317	0.448031653408394	1.5237392810544714
0.5373749073785554	2.1978183553213646	4.830405522987508	0.4385001039980766	1.5588988227964886
0.5382574483461737	2.159948164892832	4.665376075023913	0.446121340514545	1.5126623105332686
0.5278267794423654	2.058224945559367	4.236289926522859	0.4436235442171276	1.4832936960215202
0.5742747540679027	2.0733865915824867	4.298931958154042	0.46106129431923937	1.476781958473227
0.5496763907912344	2.1908109325521226	4.7996525421899	0.4490009760182534	1.5352287065623798
0.5695233325203997	2.13826140234586	4.572161824762084	0.45690999579464897	1.5321223355142668
0.5629717960774381	2.156215937032763	4.6492671671140755	0.46157768397385235	1.5433281177131908
0.5467133399527326	2.184701719287556	4.7729216022580045	0.44789060545260384	1.5306312554714931
0.5675956780324944	2.1015141616808557	4.416361771745189	0.4576717609915877	1.492179807818215
0.5622346743827686	2.1067490024088547	4.438391359150704	0.4539159593536688	1.4822545222463004
0.5530033614676402	2.1218026172950335	4.5020463467600536	0.4485343963611894	1.5195134947052815
0.5524388493555976	2.184553421073876	4.772273649525576	0.44837288489530625	1.5814862536884546
0.56057968428519	2.119066782673115	4.490444029428587	0.45511210708001304	1.5342687433918634
0.5381513491412333	2.1743652804574607	4.727864372858852	0.45076863250284216	1.5306717266895031
0.5521772077592365	2.1565063451410253	4.650519616633503	0.45073838454381154	1.536364877090714
0.5534226856847242	2.069201029655738	4.2815929011283655	0.456776082009376	1.503960601467395
0.555021750006099	2.1825109708829062	4.763354138024246	0.4529830684953159	1.5129554624333255
0.569780910656786	2.061574154185757	4.250087993206718	0.4572331260058984	1.4709352290794833
0.5716636533547057	2.106568232370627	4.437629717633108	0.4612187888943625	1.4692489742831496
