r2	rmse	mse	oob	mae
0.5380697398512845	2.12721693024748	4.525051868331514	0.4413891802966008	1.524456919944034
0.5425242300228341	2.1709780836122583	4.713145839524754	0.4413994121568354	1.5237527884290936
0.5560989885794001	2.1225440339711694	4.505193176146604	0.44288684280535107	1.4967198057601574
0.5594800241557536	2.142238269007199	4.589184801198961	0.4575270089395268	1.5102467807443534
0.5667229787205432	2.073050621920133	4.29753888104345	0.45395075933798656	1.466506363103052
0.5683555473079079	1.9884031776645068	3.9537471969463085	0.4523358011731968	1.4196061989012054
0.565368814470948	2.1168012249368564	4.480847425894177	0.44953082691882784	1.4951836373669143
0.5557176572249327	2.123226924334231	4.5080925722178	0.45240273056533475	1.512732312568386
0.5465323368685611	2.1515819588245346	4.629304925539222	0.4489829752487997	1.5302343541310592
0.555825623315731	2.085151382123516	4.34785628637161	0.44827656703563745	1.5041178094662722
0.5789163188508433	2.0625991452675	4.254315234058222	0.46203672001670926	1.4664765463880147
0.5375505082148171	2.213033577345807	4.89751761445998	0.44598327005183136	1.5265886900337464
0.5704571996160117	2.0528338528228143	4.21412682729536	0.4555163177478163	1.478253940128153
0.5369144942712136	2.1239131567543112	4.511007097434064	0.4362860884666998	1.52246671515511
0.5397980135459227	2.187704189415932	4.78604962038802	0.44571470766527677	1.5055020556591272
0.5384043353526529	2.302424339037201	5.301157836990892	0.44141357802840386	1.574896882359677
0.5540026625294259	2.1653486838700333	4.688734922737686	0.44998940089980977	1.5190617920533989
0.5676312847134631	2.161416443689537	4.671721043051527	0.452843333048093	1.5155342378302
0.5571659346928461	2.088146235138232	4.360354699321972	0.45164178093123475	1.4799329526891356
0.5356671214017195	2.1171640564018155	4.48238364171979	0.44246092869618847	1.4933266677514518
0.5666104054913743	2.0349944856915494	4.141202556795014	0.45514934115733285	1.457171978446491
0.5638891826114125	2.168232662413423	4.7012328783564	0.45496949218378946	1.5111577118603152
0.5278460348129984	2.2312793820072465	4.978607680570639	0.4383994047332662	1.5579874712153465
0.5401295008111506	2.1051741147742553	4.43175805351557	0.44223934283200106	1.4697939012538266
0.5367996593509847	2.2427189197464714	5.029788152988779	0.44811464417879066	1.5688574355248381
