r2	rmse	mse	oob	mae
0.553671172421324	2.1823492533210467	4.762648263470931	0.44596607627268003	1.5413647437544025
0.5520209880543703	2.1123506483552608	4.46202526160689	0.45430539063005826	1.505206477871466
0.5525676881447137	2.1246844558623463	4.514284036983075	0.453734300485759	1.5181497019947663
0.5273872764269975	2.2614007853558906	5.113933512008239	0.4406975646743416	1.606550135483566
0.5401237393804355	2.2031220353642498	4.853746702707515	0.4382853104102501	1.5803260552236131
0.5476361791072125	2.2635162784654925	5.123505942878273	0.4475714385829457	1.544732771365847
0.5775631599072008	2.108180685370046	4.444425802167317	0.46734392823879767	1.473114286990263
0.5745514482678926	2.1966233353262345	4.825154077299751	0.460528674374288	1.5454423596316704
0.5846819315654963	2.163719423834631	4.681681745079267	0.4658271335659725	1.522249064637539
0.5375782476453929	2.1569176983653464	4.652293957521663	0.44803345405494077	1.5563080692237576
0.5575486835704616	2.128421788885217	4.530179311401348	0.4603850518353825	1.5180028585634207
0.5236037463012506	2.1611644850849636	4.670631931592556	0.43304167447412323	1.5357656642922202
0.5316274408911781	2.239590796018306	5.0157669336099096	0.44225517098889167	1.5521552248354842
0.5481672383895748	2.157020817906077	4.6527388088802	0.4562616760219008	1.5275456044946496
0.565614004112967	2.095572932507535	4.391425915458229	0.4560141584211348	1.4799523259359528
0.5561168726435468	2.166520993052876	4.69381321333882	0.460157731281692	1.5345829570230665
0.5481503615951228	2.1293796417197393	4.534257658570485	0.4524226043691405	1.5035982371188792
0.5223918018504419	2.1647741211251352	4.686246995493101	0.4432025803355879	1.5451062943546248
0.566193644473959	2.1267916626555126	4.523242776340999	0.4568344177541286	1.514125446826245
0.5390768488073447	2.1970063510410185	4.826836906514571	0.4435598434012069	1.5611966594910878
0.5274194623662316	2.25285402014598	5.075351236087903	0.4448517846957142	1.570262939579959
0.5371995638270062	2.215824918407751	4.909880069036718	0.4423001387587676	1.542877191670228
0.5454394596032401	2.161452083994028	4.671875111402126	0.45293181742550837	1.5272598725480921
0.5503286700402304	2.1275322777945522	4.5263935930576755	0.44047413397712165	1.5232128495033832
0.5473462825800067	2.1123376994408165	4.461970556478921	0.45134957386138963	1.491857453538338
