r2	rmse	mse	oob	mae
0.5298823724677622	2.218102410378174	4.919978302925466	0.49625235499137865	1.5786277281222694
0.5168827961579661	2.276510329932386	5.18249928228886	0.4940816458905851	1.5933102784920539
0.5167420143497762	2.264358894749784	5.127321204232465	0.504888732857909	1.5778541105802948
0.5126342116211566	2.220071977411128	4.928719584886156	0.5018900766795638	1.5724307696059194
0.5482105307836257	2.20779196096697	4.874345342910377	0.5105988195887355	1.5733591957096846
0.5072069855832412	2.2800522488042323	5.198638257277236	0.49859773418331044	1.6386966021347353
0.5067198945339424	2.204148061977231	4.858268679117984	0.47639070977283904	1.5656339848408256
0.5242088068569519	2.1188751657180824	4.489631967896832	0.49385021360486325	1.5288479290231058
0.5485934754788888	2.127879352131009	4.527870537225482	0.4881143044508285	1.496287394014995
0.5127171429050732	2.2536974296375174	5.079152104354752	0.4758839404199098	1.5935567888835231
0.5263460166573837	2.1572557998823063	4.653752586125849	0.5044203427443158	1.5661616885327971
0.5190220280805835	2.3181849537547508	5.373981479814916	0.49457763030507707	1.6232706080872228
0.525424820272214	2.2176942208659525	4.918167657262243	0.4945914426756177	1.5716310654383714
0.518817995477983	2.364906269030244	5.592781661298549	0.4778735403258866	1.6019843982615416
0.5110723635906964	2.233978260804237	4.990658869745922	0.48391017215976384	1.5891289197143588
0.5402532164996079	2.1762912452914267	4.736243584332108	0.4953354620903756	1.5446611313493739
0.5282311751455575	2.1734012805886267	4.7236731264642815	0.505475719106025	1.5596839050017588
0.5394400871144361	2.208638252671792	4.878082931165106	0.4886200968894431	1.5314845729804125
0.548595307310684	2.151885500385264	4.630611206768338	0.5102667696243175	1.5436144082313767
0.5290016561990916	2.272544371466569	5.1644579202843826	0.4954781959438386	1.6259812384178376
0.5321504280123439	2.252204325550681	5.072424324029197	0.4800808847268222	1.5600784719095537
0.5012802745689144	2.1989889676510708	4.835552479851121	0.49332334607286454	1.5686386567465358
0.5444161364070874	2.1141750270425113	4.469736044970204	0.4996435493400275	1.527826308724062
0.5192928888593706	2.3786857846037623	5.658146061876017	0.4891079626425606	1.6181550521074302
0.5117184315483339	2.146426126859914	4.607145118066852	0.47835631191120775	1.5196653673036316
