r2	rmse	mse	oob	mae
0.5438768127006203	2.236694220356565	5.002801035376462	0.48222941794564966	1.5621551529101898
0.5391504911523166	2.2066954915931087	4.869504992617352	0.49856457580159186	1.5566545956476256
0.5586005869059881	2.1602672722293503	4.666754687465239	0.501528229978085	1.5501545873302354
0.5255677556793713	2.3308592271926365	5.432904736989054	0.4962847048673664	1.6135994115296473
0.5481126091885486	2.1596593330814464	4.664128434965797	0.4919855734063683	1.5531693361834558
0.5168093925346293	2.28211916910521	5.208067901997455	0.4851944216547943	1.5997278682962117
0.5487533195943645	2.0530001779551803	4.214809730684003	0.4909498988144161	1.4682041948558051
0.5295125821081446	2.155762495734554	4.647311938015673	0.4862879538844602	1.5157319282135275
0.5217974016964835	2.2596139275354568	5.105855101512212	0.4844756693650647	1.6024828254667025
0.5143332920237491	2.2276698433402475	4.962512930927563	0.48880413931741207	1.614917661491547
0.5203271329052687	2.2915288241129903	5.251104351740665	0.47934444745565175	1.5824166351342877
0.5271290169348557	2.24738674467476	5.050747180139816	0.48377067760166903	1.5640474558113415
0.5400914270671076	2.138119628535635	4.571555545929362	0.4955126873237694	1.5614230851956667
0.5489931666321857	2.1395709816872315	4.577763985678063	0.5014241230817162	1.5373921957490226
0.5714304691845382	2.1317366006159415	4.5443009344056104	0.4965054287131485	1.514128517443408
0.5037488562577295	2.185023203032089	4.77432639778861	0.46572496230986393	1.5642698774066834
0.5491091982123302	2.172598439426599	4.720183978998893	0.48087976646380026	1.5425868737587505
0.5305907734507634	2.2144086694537015	4.9036057553517125	0.47708087218715933	1.5618301596442896
0.5465746538458018	2.1608766354777202	4.669387833753513	0.493634552887656	1.5226511475949471
0.5115122275745241	2.226315512327158	4.956480760428536	0.48370697057301015	1.594484614439089
0.5201227526154191	2.2250285605355185	4.950752095198761	0.48494838268638696	1.5712297245523983
0.5297605913519295	2.203812431535761	4.856789233391564	0.48609273643772954	1.5779983985332848
0.5423361758522278	2.189620320490193	4.794437147903577	0.48752321893430517	1.5247090336115834
0.5580754048081477	2.0985086851500907	4.403738701650362	0.4937103942956972	1.5098183059979011
0.5426615783902939	2.189572362382739	4.794227130110328	0.49046775880608706	1.5303362784739711
