r2	rmse	mse	oob	mae
0.2949733468654342	2.632974289587424	6.932553609628401	0.7147092030414413	1.956505141209707
0.2967257318402682	2.7197820472561283	7.397214384576737	0.7127017411745444	1.9499308560075108
0.3005885537126388	2.7512803249571562	7.569543426496356	0.7121416458359983	1.9925538712276722
0.30946235391166266	2.7034014412292824	7.308379352440562	0.7054560807445879	1.957563398756856
0.28945863738656397	2.7205804393316977	7.401557926874254	0.7045910766969072	1.9502284143118667
0.28409295260648304	2.8296810877705125	8.007095058486112	0.7058122744952482	2.0285814505219353
0.3256906022675957	2.566765525699353	6.588285263918677	0.7089886316806869	1.8939582849138903
0.3008370429374302	2.675958796442474	7.160755480257852	0.7210172248791156	1.9814763082257767
0.2622603887342715	2.792453145639542	7.797794570592173	0.6858887351996799	1.9720828313450223
0.32448926155716973	2.6629952992653907	7.091543963909569	0.7250024403161763	1.9671505949979295
0.2874809986207417	2.6639419453685145	7.096586688293785	0.7050429413143754	1.9626032107880702
0.2767397873870582	2.778742145353078	7.721407910361426	0.7004469964772068	2.014171173616347
0.3013114266477551	2.7071024914422357	7.328403899172759	0.702569804382713	1.9465689102720154
0.30777314095936437	2.6703499247380122	7.130768720548308	0.7104836924834316	1.9431742979665707
0.2739120051582038	2.78996712488264	7.783916557925906	0.6950857288453196	1.9759573360685923
0.2859248111114192	2.6552212530139103	7.050199902456759	0.6934430263111746	1.932208736398722
0.29031235544452316	2.6702305161979787	7.1301310096349235	0.7080073561338817	1.9728589621138675
0.31276997208088686	2.6978815182460822	7.278564686493786	0.7023796036916434	1.962931938204467
0.314371498394593	2.5327206953101533	6.414674120452347	0.7175333381064126	1.9277811262482498
0.2922005593084881	2.5939709561320186	6.728685321256458	0.7056802701829911	1.9234427901426214
0.2832141854713548	2.754350683075737	7.586447685359778	0.6957508615655829	1.9964461718795858
0.2929039527571342	2.676984063142872	7.16624367432092	0.7002762590845759	1.9382086325054513
0.3057840055821345	2.7201888778017134	7.399427530916145	0.7030062814352052	1.9458974358640364
0.2882403777489553	2.817756781261034	7.939753278342542	0.713476735832299	2.002536177359121
0.2763366648161375	2.740408109401367	7.509836606072774	0.6937116418411512	2.00586398604168
