r2	rmse	mse	oob	mae
0.5128319444151189	2.247157137578464	5.0497152009698345	0.4670131007882876	1.6048106354984144
0.5347909819851883	2.1779826358494336	4.743608362061647	0.47861674964231526	1.55392141790301
0.4993381988180513	2.3158078922386047	5.362966193754609	0.474668710713017	1.6325875965945615
0.5085208475382079	2.1856623719147663	4.777120004004082	0.48173906612593775	1.608045218576411
0.5206565145582231	2.158898900117794	4.6608444609298205	0.46733556923622555	1.5250420924647923
0.5431092838636746	2.1473367587101317	4.611055155307734	0.4804784088267824	1.490015418483596
0.4993366275035327	2.325664561312845	5.408715651746467	0.4789678160953479	1.5882600993342817
0.541041772031446	2.166805047999753	4.695044116037212	0.48721431040835617	1.5473411764474463
0.5313032153141236	2.2370860852626695	5.004554152875855	0.4782115684388518	1.5562850228075595
0.5435254616902967	2.227581010309919	4.962117157493359	0.4899161113522621	1.5725742017937858
0.5323944913244034	2.0579755938058684	4.235263544700616	0.47507346176308096	1.498552723707321
0.5297926843005418	2.2522318260785763	5.072548198401239	0.4839129707694101	1.5899731654899636
0.5209083641628101	2.2795278497074882	5.196247217592045	0.4683778371967109	1.587644380148654
0.5056221843072548	2.1799584134369474	4.752218684314533	0.46837060456934354	1.5307794358261075
0.5260172749605136	2.1987893656639605	4.834674674556922	0.4753558284439767	1.5638065002120378
0.5303232186133341	2.1045891540457355	4.429295507326945	0.48939322744478664	1.5461217274172436
0.557635015440392	2.052878524565537	4.214310236622376	0.4910479897929926	1.4913989768909846
0.5044832693660737	2.231516362967628	4.979665278192271	0.46969482080881264	1.5961287568327305
0.523875045757739	2.15054679120338	4.624851501155154	0.48624936097962124	1.5196406048133582
0.5124480809218319	2.251321793063641	5.0684498159232865	0.48612553850352436	1.5781146956799628
0.49775837255855937	2.3039880993987163	5.308361162170909	0.45946483604111643	1.6360519029655862
0.5300013096530923	2.2702080747952933	5.153844702865753	0.4899340310777973	1.5859430960557286
0.5192247213709862	2.260273934769808	5.10883826019979	0.4772446800525929	1.6189927499814003
0.5217860558109434	2.1584613779831052	4.658955520244726	0.48269887843610404	1.5697850964487785
0.5175810782550411	2.2463461738686363	5.046071132854261	0.4570812442631116	1.5375311364951683
