r2	rmse	mse	oob	mae
0.503238422111429	2.3380129762930206	5.466304677314548	0.4631096550895757	1.5721219832227644
0.5070663263833142	2.2876178006353967	5.2331952017839285	0.4593761894577397	1.5914715000325699
0.5194910536053481	2.2681260799140555	5.144395914386301	0.4714368604002275	1.6040721609864395
0.5238698694380881	2.163265752033157	4.67971871391958	0.469970297104663	1.5503449507995068
0.5441969753615241	2.2448602831688733	5.039397690949035	0.48788976796634853	1.5873921956748256
0.5357140177096449	2.1220077843920135	4.502917037020302	0.4722627331271886	1.5221451967282549
0.5379505597169119	2.136425421663532	4.5643135823302	0.47574105931339106	1.5079135920520883
0.5269099128060815	2.182329267571765	4.762561032100316	0.48084347125439075	1.543642242274767
0.5281241746304095	2.19281571391871	4.808440755208821	0.4667729523455826	1.5683874310893537
0.4817799458651938	2.3010460262844203	5.294812815079321	0.46606762610454866	1.6235382302336383
0.5513556274238014	2.1776329138608657	4.742085107530164	0.4789010069419488	1.5420968676643318
0.5358127113906012	2.2079751063539588	4.875154070278775	0.46906032552994925	1.5421310473691638
0.5343640800473224	2.0870523201105033	4.355787386878635	0.48473009756733865	1.4934651052344714
0.513359009629268	2.226898969877242	4.959079022040321	0.46700277347309194	1.565620011872439
0.5306884067156157	2.1962060906094325	4.823321192429967	0.48491124573048694	1.5496054098215828
0.5328674269600271	2.328971814604736	5.4241097132232765	0.48344364209230517	1.609702892150758
0.5498150090751006	2.170452063707117	4.710862160850484	0.4849509512776694	1.5593441363386227
0.5093028606166168	2.16313216605272	4.679140767811932	0.4742607640307833	1.551310543299483
0.5497963253491411	2.1783895481074276	4.745381023303682	0.4829857498212772	1.545273783002701
0.5384844725438015	2.1779224966662545	4.743346401484972	0.4826287700962255	1.5450958187329429
0.5235696993318713	2.2198210726136782	4.927605594419741	0.47988251260045334	1.5544107866769157
0.5486441486663982	2.1438117014297333	4.595928611187048	0.48486328200193984	1.5427489863506751
0.5181229260738666	2.238533737098395	5.011033292127707	0.4720106399551055	1.5654436887704086
0.5231366781548898	2.125884160983438	4.519383465920256	0.4716132934355718	1.5424354109308647
0.5285973294267148	2.1858324320130027	4.7778634208398785	0.4725338271568187	1.5462039322086656
