r2	rmse	mse	oob	mae
0.5269588179399449	2.1445613890421495	4.599143551370394	0.45206905576040546	1.5233988198301391
0.5534738505775852	2.2495590925449203	5.060516110851524	0.4645153234265036	1.5662071425686412
0.5337576056163266	2.1420424073007327	4.588345674674717	0.4643956935694109	1.531706674533366
0.5264390812068027	2.1262292488837877	4.520850818808917	0.45650635806027506	1.4809732255113075
0.5266659914218964	2.1864534044190522	4.780578489695664	0.4489410281547481	1.5353458940697877
0.5334972173034906	2.1077204675264287	4.442485569229827	0.4641718279165482	1.5059075168630627
0.5555959751573838	2.1523177210859235	4.632471572500504	0.4691670971918793	1.5070054692735935
0.5297160463623565	2.1876753155042747	4.785923286066727	0.45634409606115	1.5595281405596058
0.5637530448816959	2.0990022105431705	4.405810279865117	0.4760920436155074	1.4855943630334958
0.5326606448153354	2.2614260390016825	5.114047729874839	0.4614726667172808	1.6041664080139006
0.5388271263913413	2.1975445751849145	4.829202159924647	0.45677259779174717	1.517000782819795
0.5432919472971763	2.1930811641902728	4.809604992726163	0.4597786946032366	1.525054720886443
0.5408807685672421	2.2243670684913646	4.9478088553888675	0.4605137993898629	1.551505964929276
0.5396934416158734	2.1373107582522954	4.5680972773410025	0.4557600425322965	1.5125782747403427
0.5346602277057779	2.184948678540973	4.774000727857945	0.4591006778656821	1.5634945423612907
0.5261533576362811	2.093251022371549	4.381699842659534	0.45995545555735506	1.5094707334900928
0.5455888153380013	2.108689794038598	4.4465726474825455	0.461995740974557	1.5163176187506222
0.5307984167397388	2.2530677147612868	5.076314127299646	0.4649647023072734	1.591464500373361
0.5277017670645234	2.22870481299847	4.967125143482544	0.45411335588101	1.5347831910567524
0.5274820077718345	2.2761410657049677	5.1808181509885465	0.4615860624135977	1.5713544257798242
0.5443205633034145	2.193577281946622	4.81178129187233	0.4678843525465859	1.528352550725453
0.5202415994067093	2.264405055553188	5.127530255614836	0.4487911078804514	1.5808025783933164
0.565371060117617	2.071133484062878	4.289593908806435	0.46770760966027103	1.4590513337788382
0.5457695498200585	2.15550790507986	4.646214328861766	0.4644889100357321	1.5143251221357337
0.5429748979077949	2.063114643632996	4.256442032772904	0.46677080354264744	1.4946137258882122
