r2	rmse	mse	oob	mae
0.4418604065606515	2.4239712623085485	5.875636680497698	0.5347185539962989	1.7117822344938283
0.46709932816218624	2.329912279389626	5.428491229650562	0.550592002672857	1.698250699746966
0.46651417297467446	2.350193411605441	5.523409071953622	0.5456551948933737	1.723579823430693
0.45489985665934585	2.4665029919942714	6.083637009516692	0.5505877819934344	1.7420296543343756
0.44298204220372606	2.4291961367036654	5.900993870576014	0.5484761717841302	1.7039704570635632
0.44738126292341074	2.4005084483358488	5.762440810531784	0.5451297064386375	1.7133118416235178
0.46493299947494304	2.4050231219095513	5.784136216919564	0.5522885983249334	1.6939686834564298
0.4622008182055667	2.3301216273948944	5.42946679845343	0.54225800472406	1.6802287064979426
0.41162234175861523	2.472642977708443	6.113963295210877	0.5316120397960351	1.7341006940104906
0.450900808099997	2.2767107534267517	5.183411854769007	0.5399054305384093	1.6520481165299712
0.4484152668594652	2.3517494362476783	5.530725410891273	0.5452505387091627	1.6917062298081194
0.459331039745435	2.4256592119356846	5.883822612448446	0.552415500293733	1.7230182101456457
0.4631767011864465	2.437525565541444	5.941530882668135	0.5414557406208699	1.710143991247643
0.45480637549346303	2.350880541319712	5.5266393195556605	0.5479841810632547	1.6965734465807518
0.48908476711109883	2.3673399402297113	5.604298392606812	0.5716246891894216	1.6955682861058394
0.4744584312936182	2.3341329635679733	5.44817669161461	0.5535418278030886	1.6876619826519212
0.4486145509855618	2.461058048969414	6.056806720397138	0.5509399818449439	1.7162901111567068
0.4780775619703913	2.289009040432414	5.239562387181321	0.5496797903410765	1.6641550964726928
0.44761198007190794	2.411321334193243	5.814470576735481	0.5549425381314667	1.6961082886012886
0.44105248884337545	2.451571930264679	6.010204929261684	0.5395308759802113	1.7070323888973769
0.4586076168976222	2.3426989999434356	5.488238604335972	0.5478364119156166	1.7072000750055238
0.4722757106607861	2.3116829592376775	5.343878104029866	0.5475082469472043	1.6687189357825158
0.44219854515380386	2.351663711335098	5.530322211210368	0.5481286808951391	1.6869179559881824
0.451483161843505	2.3170836562249866	5.368876669944952	0.5496184693375311	1.6349908675644027
0.4516261891895442	2.4214255480306046	5.8633016846553145	0.5407783399642004	1.703064560913817
