r2	rmse	mse	oob	mae
0.5527868363876316	2.06465993739738	4.262820657093753	0.4704378711467989	1.4999184877334355
0.5357078477858819	2.2127364932791953	4.89620278868951	0.4578096468000248	1.5640556407260344
0.5496533149870928	2.1577909203745285	4.656061656050755	0.46133149327710044	1.5190942396911096
0.5116603096624052	2.320010405541923	5.382448281822798	0.44029158954936953	1.5765994126690326
0.5404927587453239	2.160239841998622	4.6666361749582315	0.4510002028114857	1.5265838582222877
0.5210025087531527	2.234874542630835	4.9946642212993835	0.4429888314358541	1.5659035814045636
0.5471652390393965	2.1929039812461286	4.80882787096512	0.4559110399437072	1.532802148515075
0.5285349148795897	2.1385006153652704	4.573184881917641	0.44787990377288	1.5444550957576406
0.5401033464454965	2.155710500041184	4.647087759987811	0.44671999832138587	1.52348988130736
0.5315627569438757	2.236044596999095	4.999895439768847	0.4484377587131019	1.5388977929363168
0.5471884536526066	2.196904209301709	4.826388104847567	0.4477551945392668	1.5222594995557734
0.5366676508770006	2.1151144088581675	4.473708962559435	0.45099976614948223	1.5066494927352179
0.5281619709240721	2.359952287760329	5.569374800505212	0.4527722675611564	1.6253122700213685
0.5495991411544754	2.1170880714133316	4.48206190212062	0.4551974413557923	1.4842249814384365
0.5452841694456252	2.219854378736566	4.927753462795905	0.456027729447569	1.5320392133786562
0.5548044668344718	2.1052333981032265	4.432007660489258	0.4601894557808164	1.5038243019009954
0.5466886882328388	2.13344695823717	4.5515959236114325	0.4553182794821602	1.5048707453671404
0.5354083485141801	2.3085553978391085	5.329428024892084	0.4492877230217044	1.5967409198924216
0.5453358576500241	2.261596482751845	5.114818650795517	0.45827826531143345	1.5875587598919898
0.5640679741999621	2.109408246169924	4.4496031490096755	0.46987390574960874	1.4926622981992999
0.5496307407100016	2.1732124186764623	4.722852216689599	0.4569602156689758	1.5375280517100676
0.5453181679428694	2.1719116257024136	4.7172001098613014	0.45036130619197334	1.5286796672190024
0.5719314775997164	2.044152803261703	4.1785606830826785	0.4688868004876635	1.492804804372571
0.5662785095345633	2.088136232333035	4.3603129247820025	0.4566013544910358	1.4450679731063711
0.5525567341710715	2.1477954773603996	4.613025412569786	0.4624576637835417	1.5124742226342243
