r2	rmse	mse	oob	mae
0.38620593943463966	2.433650002329025	5.922652333836064	0.6453057068690333	1.7869798517929483
0.3688132723240808	2.4864418816030502	6.182393230589717	0.6250166579531126	1.7797752255276549
0.3801493960751773	2.6006884741316343	6.763580539481129	0.637401259694302	1.8558498730014723
0.3791016567410319	2.5707253888263155	6.60862902475621	0.6452441969955623	1.8851398799535204
0.3747083997564866	2.597588559522076	6.747466324559973	0.6398379994032836	1.8919291275910264
0.3837902130331815	2.613155868645941	6.828583593838721	0.6373605279530494	1.8789784075639375
0.3610918518767101	2.5515139286365978	6.510223328026565	0.6238886974608038	1.8351551754237883
0.3412428454981038	2.62427397815324	6.886813912412231	0.6170511927259311	1.8804491874510325
0.34072876634747484	2.6304438088761524	6.919234631654881	0.6159454477876043	1.8966929078690598
0.37628232247800764	2.5993714020188388	6.756731685633384	0.6296409198757621	1.886140851704905
0.37302468284573254	2.6152791210743755	6.839684881127558	0.632922676867357	1.8852358669980984
0.40074553884562236	2.426564639102658	5.888215947743412	0.6432534966996337	1.8109662941884497
0.3561883357548752	2.4957471177980044	6.228753675997047	0.6229138449812552	1.8500430026963277
0.3486052607669984	2.567048883814281	6.589739971892146	0.6143388224950349	1.8839010452379414
0.3613429404726991	2.6562750585773407	7.0557971868200555	0.632787422077961	1.8638554782753207
0.41892848513040437	2.4198759384867516	5.855799557667137	0.6471816607515027	1.8208241394972382
0.37612614924489807	2.53017633379328	6.401792280087603	0.6270182237702159	1.8220794002071576
0.3692691862268619	2.526623545073723	6.383826538520908	0.6312635183163687	1.862909872136245
0.3611390544432346	2.590019618170431	6.708201622507707	0.6347177943395353	1.861403730898766
0.36552119921793447	2.660664689280103	7.079136588781987	0.6345240672007165	1.8995453283710786
0.380150796932359	2.5460050275357298	6.482141600237213	0.6438516231993141	1.8655407662921597
0.37082195894175884	2.4570419045973	6.037054920947127	0.6326393514598123	1.8258900345318911
0.3782169251367956	2.5680571813184394	6.594917686521208	0.6263113501748914	1.8222358007381618
0.36415013136621455	2.5231988328994404	6.366532350345098	0.6271935622332606	1.8682379036296486
0.362107132526004	2.650405208484154	7.024647769159931	0.6230324447690684	1.8807859645421248
