r2	rmse	mse	oob	mae
0.5278608790659524	2.160176269475625	4.666361515205627	0.4548844985463345	1.5343981384850682
0.5241469737813376	2.0598677617690377	4.243055195975384	0.45740658554473657	1.492689953337665
0.5600536633072974	2.2077606157682585	4.87420693653744	0.4667621188650526	1.5257255009930355
0.5131685935334924	2.105510139311365	4.433172946742964	0.4484465172671024	1.5196265796275616
0.540863798432321	2.24597749475751	5.044414906957221	0.453474435061323	1.570419498566282
0.5778859859663268	2.0740239459385843	4.301575328326656	0.4750111197100342	1.4976815222007196
0.5701576295439108	2.0501977981074164	4.203311011364498	0.47569188981308796	1.4963466326305455
0.5632282012881067	2.1513192170244286	4.628174373538601	0.4724286791974248	1.5102282506239344
0.5626582727393294	2.085191106856678	4.348021952114178	0.4740273693226469	1.5004752393500764
0.5678288182011866	2.1155611361784894	4.475598920908822	0.46521422618961006	1.5315148932240235
0.5146587119053083	2.1573179318654123	4.654020659148059	0.44646244284243997	1.5391266260020706
0.5667569230900779	2.1433391641312975	4.5939027724990495	0.4714734568624872	1.508604590751607
0.5327127776485877	2.1446633621891706	4.599580937116558	0.4531591354406347	1.5050600607112072
0.5571100998438765	2.1672600967437035	4.697016326937527	0.46861231488474253	1.5310511720300364
0.5181371947104132	2.32138754966888	5.388840155757686	0.44872472399672503	1.6329961870730487
0.5614209502336754	2.1441509142612696	4.597383143127438	0.46442334680332953	1.4979764699199971
0.5583754304640081	2.1169979808123283	4.481680450763475	0.47164701415260146	1.5251243946329693
0.5594712803688486	2.138703893206485	4.574054342816575	0.4602039493219252	1.5312976866419998
0.49804908219083466	2.3155443350133584	5.361745567412457	0.43172484104505937	1.6169152019907083
0.5349082324765608	2.1997180056617416	4.838759304432469	0.45662771479215536	1.5189223229592297
0.5692491533668433	2.1159388219167954	4.477197098094636	0.4668504968350182	1.5446630507172088
0.5511550161786266	2.2096483227873565	4.882545710396977	0.4776375848776401	1.552222617483358
0.5726855249114842	2.0999739962894193	4.409890785091754	0.46642933006727305	1.4647452696998424
0.5434460793935634	2.159435120184607	4.6631600382867076	0.4615633070038656	1.518588236281526
0.5512795130872019	2.2292539560180664	4.9695732004222	0.45931088841455303	1.5533737816178366
