r2	rmse	mse	oob	mae
0.5387247793449348	2.2503529346942126	5.064088330686855	0.4591407989765197	1.5963714341338846
0.5425047032073934	2.198514999124496	4.833468201375383	0.45631281440022975	1.5775663838222798
0.5534528831393586	2.1332611780103345	4.55080325360604	0.4532904102437516	1.5322770311338423
0.5652481465605244	2.0874298353172405	4.357363317372561	0.46080397948167695	1.4891154912089446
0.5440696340030226	2.126381823988729	4.521499661389634	0.45894836424112906	1.5081486559527066
0.5381895167912052	2.271839196986696	5.161253336965154	0.4503719945775144	1.565354944009001
0.5680207646456191	2.1284771655774386	4.530415044384567	0.4688831116836383	1.5145323313683612
0.5145908501219547	2.224027688790533	4.94629916050696	0.4361615415525748	1.5447195676667251
0.54924121365192	2.1098635880872947	4.451524360336593	0.4621533428981195	1.4725444296654566
0.5422995585150315	2.14313243554274	4.593016636275357	0.4538224644460268	1.475649768054635
0.5572914966163014	2.1144856806040333	4.471049693479502	0.4605935468420004	1.5336486719687146
0.5863844166194498	2.0951488516907824	4.389648710741203	0.47986290940887644	1.4583249405116085
0.5619870783137979	2.0775877316617346	4.316370782751352	0.4569382532732418	1.4775184100717575
0.5613317722583955	2.15551505127085	4.6462451362551755	0.45683062567331056	1.526928173017615
0.578289583064903	2.1268473783927253	4.523479770976009	0.47147267032048923	1.5255657906740052
0.5409328612765552	2.159564697845423	4.663719684180193	0.4471634383046438	1.5472278860076993
0.5679081555770087	2.1004189700696583	4.411759849828484	0.4626292802706883	1.4563149704378262
0.5473683143704392	2.1352002596389985	4.559080148762447	0.4492712733811157	1.4938536064711536
0.5629258613077427	2.1757215141580404	4.733764107170155	0.4614525863265516	1.535716146266073
0.5484688982916539	2.1408592477793604	4.583278318802408	0.45979736306245145	1.5083286423458504
0.5692680233010499	2.1596098152458154	4.663914554106064	0.47301275849657876	1.498074522689642
0.5458500003322737	2.2141611541695005	4.902509616633214	0.4581188222205932	1.5237667222348588
0.5159452082523015	2.2244618375077367	4.948230466528297	0.44569257394507844	1.5640469262501187
0.5652310036091537	2.144613376591834	4.599366535056627	0.4602689475365578	1.5117653828595907
0.5581032798230221	2.1323226980512335	4.546800088624493	0.4531690483848535	1.5020368353132338
