r2	rmse	mse	oob	mae
0.38259331193252766	2.583067659291588	6.672238532478124	0.635657580830671	1.8480779064378339
0.35419756894532295	2.6183730983014564	6.855877681908769	0.6267378686473541	1.9215177534058139
0.37060234426476035	2.5692544164330973	6.601068256360975	0.6327815582187252	1.8234424100381421
0.38417355080871285	2.465997929948589	6.0811457905107265	0.6336492814763265	1.8437691565089964
0.3808427853246543	2.5761960996148003	6.63678634367051	0.6336794700130179	1.8508496993975794
0.35757630245520067	2.5856767490538153	6.685724250597507	0.6216424626388334	1.9035692105419504
0.3664687060336035	2.5195020886676285	6.347890774800543	0.6249663701344662	1.8427962081709144
0.36252521890794276	2.5838527125648647	6.67629484022881	0.6298036213850797	1.8776350741108587
0.3811664039448761	2.5535540239111154	6.52063815303265	0.6387756586681476	1.8705803347894967
0.36860379359518125	2.5298706375579827	6.400245442778034	0.6317920487010165	1.845371850439273
0.3823095788576144	2.500341933929709	6.251709786567356	0.6258040912918756	1.8138284217045046
0.34919225515962427	2.7072183696606307	7.329031301027963	0.6208918820310141	1.9608641015849348
0.3874668338692594	2.4138026943383877	5.82644344719526	0.6372872089427686	1.796977476407756
0.3801113879152168	2.5614157173078365	6.560850476871618	0.631744791338741	1.831311542099083
0.37962183136037053	2.5138798295015023	6.3195917971745015	0.6268511860262819	1.8460785534300281
0.36375765203971155	2.581039612075333	6.661765479101987	0.6311400126037884	1.8589618560718835
0.35555524943797745	2.594014363041543	6.728910515665822	0.62469734656116	1.8332926312697966
0.36169078125083653	2.508281758274047	6.2914773788903435	0.6289422344793015	1.8435743184152045
0.35714021522465467	2.7195916700421945	7.396178851762892	0.6322634857759877	1.9071943334957866
0.3870445755257431	2.4343582194429025	5.926099940569219	0.6413891102484208	1.8161288097189294
0.370470518506831	2.6295608364933534	6.914590192819624	0.6340768694362334	1.8743329069765085
0.36798746171154584	2.4802087446211205	6.151435416895075	0.6321439286117049	1.862174961763936
0.353971194598777	2.568602910797011	6.597720913354879	0.620538052676568	1.8700372130130987
0.37293300841363386	2.532705583525367	6.41459757282057	0.6353920708905078	1.8665986408899031
0.3612318689632371	2.5460607215453077	6.482425197795812	0.6313517495460534	1.8464330768292332
