r2	rmse	mse	oob	mae
0.5556895422594287	2.1974664415977863	4.828858761948436	0.46750450692443746	1.556235563900494
0.5263085507740697	2.212999137357053	4.89736518194306	0.44175417956067353	1.5387314054580823
0.5315865667558659	2.2629411617769533	5.120902701664426	0.45012768642537604	1.5892927334165314
0.5337826950545599	2.123257008146182	4.508220322641877	0.4623388867474434	1.5529946870204692
0.5498445536835451	2.223318244874624	4.9431440179923785	0.46651830116110793	1.5589220279401486
0.5675163167809911	2.1167272024159347	4.480534049447589	0.4597672294122592	1.5129649130777
0.5390101657919087	2.1739341737677873	4.725989791875431	0.450475676903621	1.534451983836034
0.5482312611577166	2.133336818009835	4.551125979076327	0.45788213621795126	1.5560714690541282
0.5442058193581337	2.167393963255454	4.697596591956185	0.4585002474199835	1.5512566514532147
0.548872495410394	2.214961965709897	4.906056509541451	0.46338767872745446	1.5681499438373152
0.5274459434634637	2.1919259523041483	4.804539380384447	0.4477565035912838	1.5555066057063365
0.5530475818332492	2.1507162033819895	4.625580187489839	0.46722207318729003	1.5333392462658166
0.5510613037187393	2.1493978955039728	4.619911313196908	0.4715958408174863	1.5220467068680201
0.542845616371882	2.1841178937045216	4.770370973600277	0.4610213956379712	1.5696755308198596
0.5507654120225934	2.1548741424661855	4.643482569869378	0.46596782343367094	1.5566662624308234
0.5537118303571862	2.118914560313226	4.489798913907391	0.4622231115166111	1.508840529857953
0.544521686676767	2.162960396290652	4.678397675921814	0.455763029631564	1.5449278539685096
0.5275948624654494	2.175167609334139	4.731354128696395	0.44946194492001224	1.5525360724077684
0.5784166477591883	2.0321004405454293	4.129432200464928	0.48317681871367735	1.457373908790023
0.5378293698056037	2.217281743477123	4.9163383299569485	0.44913560578112643	1.5320855235750104
0.5647634880260002	2.1475185580444545	4.611835957145334	0.46024057352360304	1.4810756079556737
0.5455494049684291	2.198856497659402	4.834969897298971	0.4608716182453241	1.5442783801873856
0.5213915770133766	2.251029189209092	5.067132410671341	0.45139645577461485	1.5825602159624932
0.5525210749749225	2.2060061678025167	4.866463212382746	0.45989184076824774	1.5546361551693704
0.5535442228413321	2.145423525138876	4.602842102219321	0.4716832989045723	1.5431872133569944
