r2	rmse	mse	oob	mae
0.5499985679503214	2.147714084849334	4.612675790260211	0.45717756987150926	1.5166740919277004
0.5608026384940159	2.1520928635191	4.631503693209839	0.47287251472158043	1.4708920384900366
0.5172100276969538	2.2360365199228185	4.999859318428549	0.4477842749389487	1.5911856284064
0.5553075357751409	2.2133721598234306	4.899016317881439	0.46739403278562763	1.542055195046159
0.5401728303351663	2.213663460673123	4.900305917119308	0.4537758736562103	1.5199844947048733
0.5349577993296636	2.1726700041040523	4.720494946733504	0.45747328101136664	1.5516588359329457
0.5577177713923571	2.084390653820718	4.3446843977351595	0.4667410186486982	1.486334409658369
0.5475050056497068	2.20778237753695	4.874303026562707	0.45881943790516777	1.5292747349640803
0.52108605391526	2.230781763028522	4.976387274260641	0.4525445197645521	1.5786508119844984
0.5361461383398087	2.2449882182559078	5.0399721001078355	0.46059872450196937	1.5666261821195495
0.55578531666146	2.164190194058578	4.6837191960593065	0.4728837762367343	1.521421517939226
0.540842271971621	2.174895861833594	4.730172009820892	0.45540093377946667	1.5034948360452667
0.5446758945522621	2.163063519714757	4.678843790320794	0.46296532859582895	1.5281880971034736
0.5390460545414377	2.158640100126001	4.659727081871991	0.4582320563868054	1.5296242876431372
0.5413676320459553	2.166994187163681	4.6958638072011825	0.45801211837431977	1.5500316610046003
0.5360329760610724	2.22840814051629	4.96580284071927	0.45294748332305323	1.563619636183188
0.503622460266227	2.238338622439769	5.010159788705563	0.43867496039072784	1.563098888792006
0.5261854267847565	2.1078958342474037	4.443224848037558	0.4507738551934374	1.5039570934359627
0.5511160782159228	1.9962223584513052	3.984903704380891	0.4638188258146656	1.4573122331468675
0.5312295794908514	2.191143949415177	4.8011118070587395	0.4597620464073948	1.5399281487821281
0.5171246916189252	2.3232724728719734	5.3975949832046535	0.4492224468922369	1.6078538982161836
0.5187100885218656	2.1982103595525175	4.8321287848440075	0.44770952617214343	1.5452618862409602
0.5455611270322465	2.0829545137865946	4.338699506503949	0.45065744176021494	1.4436464231444321
0.5443479927084338	2.1825559102957492	4.763550301566907	0.4595634055761486	1.5155741249039105
0.5595807759935009	2.2266830659529426	4.958117476201596	0.4650001271955414	1.5663256471753946
