r2	rmse	mse	oob	mae
0.3189124001282254	2.5244089921106374	6.372640759449045	0.7146574040174882	1.9056513654838667
0.3042299873608175	2.6418279353401677	6.9792548399436924	0.7079262505030298	1.931598096474541
0.3012591168158123	2.732069278347726	7.464202541691463	0.7047253733241733	1.9742525826064188
0.30653851152350786	2.6454459034946254	6.998384028316494	0.7041824588895651	1.9066510114825548
0.2688820545862305	2.6979830267533784	7.279112412649321	0.698413715524833	1.988775259188136
0.3214414440862755	2.5508982024126654	6.507081639072168	0.7079542255971356	1.8318226838421607
0.2982429265480856	2.667419733103505	7.1151280325499755	0.7078244763437037	1.9278936335096284
0.3047605872425485	2.775331937980843	7.702467365976502	0.7069706908870457	1.9579265226793034
0.2804876934641357	2.861884693521352	8.190383999011804	0.6958115762090963	2.006456137696255
0.28622235635372195	2.688668690209255	7.22893932571155	0.7049046996567765	1.9638902773953308
0.29060506736592817	2.7389372232642835	7.501777112982663	0.705458686441285	2.0090101405103487
0.2967579026609024	2.721547048504801	7.406818337225192	0.7039986126287512	1.9396617863652383
0.2856858422718134	2.750756988926789	7.566664012129575	0.6921562799185852	1.9969446686708596
0.29981877293286874	2.6207454604380893	6.868306768406852	0.7063155477778829	1.888928104619764
0.2922981096299482	2.720355885192876	7.400336142103517	0.7039751964328891	1.9929116151800426
0.28954894193700165	2.7408421851256963	7.512215883764602	0.699201535065887	1.9909853719646806
0.291668638486431	2.7390440374116123	7.502362238880105	0.6986275676436033	1.9712135538446065
0.30456465606114513	2.609845124215102	6.811291572389342	0.6958719208607741	1.9411233509225527
0.2873350347841922	2.803654350838759	7.860477718977102	0.7051662017253266	1.994601884902028
0.3257817829442651	2.6551257718933545	7.049692864572281	0.716595872703472	1.9262599411893713
0.3029190265371896	2.6919484295148406	7.246586347167417	0.7062125538934979	1.9911716496039453
0.3121967545030099	2.665502776998056	7.104905054184349	0.712190837538773	1.9571172500923657
0.3345319189917264	2.5438195972931763	6.4710181435728185	0.7195564758482919	1.915860156559747
0.3231184565877163	2.583595298147277	6.674964664608717	0.7125111890133771	1.8987693479952277
0.2963005133238581	2.73610229442774	7.486255765572741	0.6966214503640552	1.9453015743516344
