r2	rmse	mse	oob	mae
0.5189109812564515	2.312147252143037	5.346024915592596	0.4934858158332647	1.6151258004452016
0.5133746644562648	2.1553137159208524	4.645377214036554	0.4801172958645066	1.5466457427138212
0.538128910140764	2.1578141427288546	4.656161874560662	0.4995869251771843	1.5431384352509434
0.526400651133784	2.295942436661717	5.271351672464144	0.4914242148053627	1.6077755563121732
0.509119525167148	2.2660269446975345	5.134878114095242	0.4801392715831406	1.5529707410244924
0.5086005544876042	2.2359100286127145	4.999293656050909	0.48630770170534654	1.5737807955694534
0.5352464451872192	2.1625403575725963	4.676580798130212	0.49582581754684396	1.55038949456758
0.5198324212359402	2.139513598350649	4.577518437527342	0.4844072832716432	1.5320676753352802
0.4993262977996217	2.2832225340587544	5.213105140033679	0.47609513727833996	1.6215332080755978
0.5284968612487158	2.17501802812807	4.73070342268212	0.4866580584424762	1.5496104338575065
0.5086679210893735	2.283575603272336	5.214717535860614	0.4785449117345907	1.6031933409718877
0.5285273153313332	2.1718381748349556	4.716881057670432	0.4874101454928649	1.5429090920529611
0.5324460825381772	2.210850114440288	4.887858228520635	0.4988213566735573	1.5731696665625226
0.5295195445885648	2.141561294264421	4.586284777091502	0.4868799516387141	1.5548053288100459
0.5305633972269368	2.1878763791004237	4.78680305022558	0.48931727684082893	1.5473873176239938
0.5248331791349498	2.2465428029471015	5.046954565473419	0.4823518834381315	1.6058545350914804
0.519218259373126	2.2502895088605754	5.06380287368797	0.49652008721032803	1.5967540215584433
0.5165028929489779	2.2790553041000363	5.194093079146509	0.4807481795270938	1.6099016381671651
0.4893574787727579	2.2744082221026134	5.172932760767972	0.4751862204940276	1.6338912285806428
0.5205896382011701	2.2033882945063343	4.854919976367532	0.4879925596900392	1.5861956432535402
0.5281985179232606	2.171307896340727	4.714577980711593	0.48409298543731083	1.5613308365942438
0.528265191789798	2.3310065911960502	5.4335917281994295	0.4888446540763033	1.6437641766320037
0.5170321267458451	2.2022129178674463	4.849741735622251	0.487509607813837	1.5827304265046525
0.490043327664886	2.439159962105648	5.949501320739228	0.48039581130112885	1.691938723053241
0.5305268612296856	2.220434074627799	4.930327479768211	0.4898040310037408	1.576197432977771
