r2	rmse	mse	oob	mae
0.40238478649459586	2.4977941270644073	6.238975501197445	0.5885527604522287	1.7971595551261477
0.4179893864128962	2.4263041306064688	5.8869517341980115	0.5890365285197969	1.77911120151738
0.3952657138616067	2.491477293469251	6.207459103872863	0.5823855558547438	1.8389170929149476
0.42770137394516994	2.4467017397976667	5.986349403528929	0.5975518642767257	1.7733815387992666
0.3926354076834687	2.5359155514609655	6.430867684141574	0.5813625320929258	1.8214635561750092
0.4085621586575282	2.6150722025070587	6.8386026243251195	0.5846728318215156	1.8182873443112044
0.4240978072269017	2.491620648829709	6.208173457674579	0.592326923134136	1.8003576690661505
0.40899668281838797	2.5318757084393746	6.410394602985385	0.5951493222390932	1.8049929814492447
0.41959247795417365	2.469183632823313	6.096867812602532	0.5854822305684769	1.7553177838581855
0.4164408520698212	2.5288457316117654	6.395060734291045	0.5880630720159994	1.8078060557963833
0.41755304500947066	2.5022523825924456	6.26126698618957	0.5944532013509581	1.7786162904025882
0.42306377445300414	2.483677923880793	6.168656029572806	0.5908388088082419	1.807811889932565
0.39130061923437454	2.507337543611585	6.286741557604176	0.5732653327871068	1.8226245559718794
0.3923181468758705	2.530058114937759	6.401194064962405	0.583507651753217	1.8155755772317548
0.4229754169371108	2.4505312222523337	6.005103271233516	0.5922327795566826	1.774741319682389
0.41072967899469437	2.567406317013857	6.5915751966426575	0.5899321875162352	1.8063944890709391
0.4037349427884499	2.624937566423673	6.890297227622234	0.5840135244313399	1.8269789229391833
0.3976241585661391	2.4208471846055	5.860501091212375	0.5874339822012972	1.7905328944045606
0.40406944350568585	2.435022746039563	5.929335773730054	0.5834841502820617	1.7731013988225117
0.42136053106844396	2.460196211853919	6.052565400820374	0.6025766440831195	1.7939508265418829
0.42547699787967896	2.408904964575103	5.802823128354579	0.5836595637498038	1.7175711087732743
0.4069283377083933	2.463107860267801	6.066900331313025	0.5893373275418297	1.7808848518583744
0.39717272377113333	2.5272399866271407	6.3869419500071505	0.5832263112029032	1.8092086592213517
0.41721976591783205	2.401883477063755	5.769044237391873	0.5892673197937254	1.7635813762133907
0.4019286655107218	2.52005150413554	6.350659583495798	0.5808960092808152	1.8203241464116686
