numTrees	treeDepth	r2	rmse	mse	mae	buildTime
11	23	0.14055409402968655	9.965966424077116	99.32048676583241	7.370802822068324	4.178719997406006
11	23	0.16696663171661763	9.98702407158176	99.74064980635352	7.282295773033836	4.1138551235198975
11	23	0.14924998712266813	10.05854229473447	101.17427309496219	7.382574960607587	4.162261962890625
11	23	0.15419939428717733	9.944782732943702	98.89870360545521	7.278777893628478	4.16434907913208
11	23	0.15218133668925482	10.1102901047496	102.21796600219768	7.448204248101225	4.021173000335693
11	23	0.15126915798688056	10.031545475671319	100.63190463046169	7.336247165142007	4.033537864685059
11	23	0.1668193527467593	10.028723967515262	100.57530441661505	7.328405435748012	4.034580945968628
11	23	0.15770098528133025	10.037007752240383	100.74152461853356	7.35802753874932	4.141266345977783
11	23	0.15462647175906186	10.084208839657867	101.69126792183388	7.405960543694871	4.2916998863220215
11	23	0.1569492789723541	9.984475628481563	99.6897535757423	7.31062824021043	3.977043867111206
