numTrees	treeDepth	r2	rmse	mse	mae	buildTime
11	3	0.09255944588778575	10.510317903434146	110.46678243124835	7.7155856166693795	0.7930970191955566
11	3	0.08340589660748565	10.438370079122876	108.95956990872773	7.70264557631714	0.8184750080108643
11	3	0.09350868644640276	10.430007197665724	108.78505014335879	7.683792028329892	0.8136649131774902
11	3	0.09178645770074045	10.313783284051505	106.37412563038023	7.600426363647771	0.8018920421600342
11	3	0.0747860054011924	10.517218462011485	110.61188417767524	7.826831752485539	0.788642168045044
11	3	0.07292656142283882	10.581406997383882	111.96617404428459	7.839396238990183	0.822425127029419
11	3	0.09332844422643838	10.38882163348055	107.92761493227349	7.674607323523258	0.8356490135192871
11	3	0.09309470108941331	10.356701292947474	107.26126167133985	7.670080453860217	0.8358762264251709
11	3	0.08579494200249493	10.402732908719498	108.21685197015564	7.728916982884853	0.8175129890441895
11	3	0.10093456088381969	10.374945319963707	107.63949039223682	7.645404673374973	0.8167629241943359
