numTrees	treeDepth	r2	rmse	mse	mae	buildTime
11	21	0.15567685616689964	10.18192789611038	103.67165568159075	7.417776692610679	3.7061290740966797
11	21	0.1611585170563169	10.03342168691721	100.66955074750058	7.328067470190391	3.9776978492736816
11	21	0.13927496015986074	10.16952698468405	103.41927909221704	7.420190497896155	3.954129219055176
11	21	0.16385844765646518	9.995554045463308	99.91110067577789	7.3373121465806435	4.0119078159332275
11	21	0.14663797385461486	9.945239245606608	98.90778365235388	7.3218767737999535	4.009528160095215
11	21	0.1753123816741693	10.042026455640766	100.84229533578905	7.323196127730147	3.988863229751587
11	21	0.16378776036227705	10.014598753465044	100.29218819290364	7.31377450502371	4.017560005187988
11	21	0.1610331572965712	10.102060833550029	102.0516330847455	7.385393888414878	3.9470460414886475
11	21	0.15506074712624174	9.964829465823634	99.29782628294694	7.319015987445555	3.879707098007202
11	21	0.16074643953220547	10.093278400295162	101.87426886586486	7.417164972993094	3.889742136001587
