numTrees	treeDepth	r2	rmse	mse	mae	buildTime
11	13	0.1762620356163802	9.883629375757328	97.68612963733318	7.170834565574913	2.894768238067627
11	13	0.17192837143360373	9.901948887727713	98.04859177517207	7.253707163180224	2.833768844604492
11	13	0.18316024783074714	9.858600060135036	97.19199514569453	7.165198514195857	2.8422698974609375
11	13	0.18290404561885076	9.861847477117353	97.25603566192588	7.129784991994689	2.8572187423706055
11	13	0.18181401202782654	9.849755155393344	97.01767662119775	7.190999834670618	2.8213348388671875
11	13	0.18648468472420254	9.837876811060664	96.78382014960513	7.174237837855424	2.9511568546295166
11	13	0.18538601074188343	9.810341212849355	96.24279471253055	7.160591374297395	2.9452860355377197
11	13	0.18042143377669428	9.871909525391096	97.45459767750748	7.201366595625553	2.945697069168091
11	13	0.18139766914584332	9.801418735928317	96.06780923700666	7.165503362078086	2.909259080886841
11	13	0.1693183856188536	9.93743260040114	98.75256668751535	7.271501401168725	2.9116361141204834
