numTrees	treeDepth	r2	rmse	mse	mae	buildTime
11	17	0.167651804322424	9.828333145697878	96.59613242282353	7.1918392252087955	3.4182260036468506
11	17	0.16168708891298655	9.868338049657075	97.38409586230961	7.237885339818878	3.412689208984375
11	17	0.16063383285767396	10.011768406502503	100.23550662544167	7.338649731975401	3.420283079147339
11	17	0.17786540984975097	9.936638859690857	98.73679182791844	7.233252621198989	3.3760480880737305
11	17	0.166386049719928	10.00334393197697	100.06688982142045	7.289516129949115	3.361743688583374
11	17	0.15929033035936435	9.925008208391693	98.50578793664248	7.306428249846136	3.4892232418060303
11	17	0.17070938607743502	9.840254667744354	96.83061192606453	7.198335459793877	3.5084211826324463
11	17	0.15558680301775774	9.933954229075693	98.68344662537086	7.286740254298506	3.481271982192993
11	17	0.16890961427309426	10.074468335989271	101.49491225285044	7.3391055198343675	3.576967716217041
11	17	0.16487977302726653	9.995137309218928	99.90276983014017	7.276366628900631	3.485992193222046
