numTrees	treeDepth	r2	rmse	mse	mae	buildTime
11	27	0.16518020878040662	9.965329862424381	99.30779926692715	7.319724226792503	4.073514938354492
11	27	0.13750979367588134	10.083780765509108	101.68263452685143	7.406142810891531	4.088149070739746
11	27	0.15047589927540372	10.007674610647566	100.15355111259993	7.372547476602273	4.076957941055298
11	27	0.15592692840948097	10.06065781861391	101.2168357432372	7.386524138529733	4.124354124069214
11	27	0.1482617961300069	10.036246133132451	100.72623644481608	7.392585013124995	4.086158037185669
11	27	0.14678448168276104	10.052020234237503	101.04311078952018	7.362504298094054	3.986600160598755
11	27	0.1491819979433131	10.066900321834424	101.34248208975004	7.400066896281971	4.034446954727173
11	27	0.14192961089592682	10.042361762966513	100.84902977829188	7.386083315954675	4.066380023956299
11	27	0.15232469461134146	10.077650648281029	101.55904258879906	7.4127102261377695	3.992208957672119
11	27	0.14965871475008397	10.127614043766046	102.56856621948725	7.443112711574481	4.086935997009277
