numTrees	treeDepth	r2	rmse	mse	mae	buildTime
1	17	-0.5747760003939648	13.579175908374928	184.39401835059007	9.433200548404098	0.3374612331390381
1	17	-0.5396805720313766	13.61042102536167	185.24356048760703	9.395888607884487	0.32731008529663086
1	17	-0.5416411009526294	13.51659264442829	182.69827671541293	9.383747914219509	0.335705041885376
1	17	-0.591998892428423	13.607842823526434	185.17338630979987	9.408761014265021	0.3184318542480469
1	17	-0.5438959023633831	13.54612850368481	183.49759743834207	9.443730732968953	0.3351120948791504
1	17	-0.5651944807979445	13.649383539987562	186.3056710216834	9.489147834785104	0.36559295654296875
1	17	-0.4328703221750225	12.93756128286746	167.38049194795113	8.964075953531843	0.3565561771392822
1	17	-0.5594936002069493	13.642637640013868	186.12156177672315	9.428473858541244	0.3299698829650879
1	17	-0.48188003794600576	13.355462589120275	178.36838096939127	9.279214661709824	0.32227301597595215
1	17	-0.44752525410856236	13.182626328028364	173.7816369044266	9.197216394592287	0.3211379051208496
