numTrees	treeDepth	r2	rmse	mse	mae	buildTime
1	19	-0.5840413594468115	13.823214585405163	191.08126147415803	9.658649010412788	0.3943443298339844
1	19	-0.6431077031636832	13.905601371382222	193.3657494997871	9.625097723798197	0.3442959785461426
1	19	-0.6198010381530954	13.745631474410445	188.94238463030305	9.582362824671987	0.34887075424194336
1	19	-0.5577210293340964	13.52495793373761	182.92448710937194	9.352095712823024	0.34157609939575195
1	19	-0.5887192870011604	13.84630803267716	191.72024613578003	9.625619387772538	0.33109021186828613
1	19	-0.5287247949889264	13.682265777773324	187.20439681362706	9.359227753248058	0.3432900905609131
1	19	-0.6349807837543842	13.796339911886806	190.33899496432085	9.592645509529467	0.34308695793151855
1	19	-0.5575641694531708	13.577646694434383	184.35248975888493	9.350224458847793	0.3602480888366699
1	19	-0.5737193851486833	13.82827904794838	191.22130142792813	9.68954729631351	0.3503990173339844
1	19	-0.6342117194963821	13.997067562060039	195.91790033687337	9.708114832281863	0.3557121753692627
