numTrees	treeDepth	r2	rmse	mse	mae	buildTime
1	27	-0.6990627912142755	14.46619160245283	209.27069947887676	10.096165133934829	0.3643491268157959
1	27	-0.7307038315671526	14.31373446146091	204.88299423321365	10.013573248861782	0.37628817558288574
1	27	-0.6429365346626599	14.136077181299433	199.82867807565452	9.778053695479981	0.35967516899108887
1	27	-0.7286492969989853	14.273912080957839	203.74456609491415	9.957887923391999	0.36129307746887207
1	27	-0.6945654500114036	14.087731324060213	198.46417385890734	9.84194640223488	0.36531829833984375
1	27	-0.6561970626871851	14.255479293771565	203.21868989514982	9.967059865205195	0.39383697509765625
1	27	-0.6333350782375751	14.000829686373176	196.0232319068284	9.798541679798362	0.3905370235443115
1	27	-0.6369475733280565	13.915014336535718	193.62762398599455	9.73137885606567	0.40097618103027344
1	27	-0.7135755295109372	14.334333837340601	205.47312656032773	10.011382725817375	0.3686511516571045
1	27	-0.6825229747804162	14.264881427107746	203.48684212944352	9.95801745979237	0.3571641445159912
