numTrees	treeDepth	r2	rmse	mse	mae	buildTime
1	29	-0.710838620626457	14.286524209493578	204.1047739884461	10.023871162572265	0.3537309169769287
1	29	-0.6597040691275313	13.933666733404767	194.14706863759065	9.79605304547029	0.36412906646728516
1	29	-0.7585645411190187	14.352071063344884	205.98194380730155	10.050847410429762	0.36794614791870117
1	29	-0.7284127017955766	14.283861049117641	204.02868647050013	10.075969155239973	0.36870288848876953
1	29	-0.6352682764237005	13.859187939360979	192.0770903385288	9.650916845950947	0.3668069839477539
1	29	-0.6924027324856814	14.311110247449244	204.80787651464675	10.025215602955562	0.3685281276702881
1	29	-0.721072430817381	14.257533854628665	203.27727161588254	9.985636836974754	0.36008191108703613
1	29	-0.7081904555069645	14.420088746500413	207.93895945694786	10.14585375865603	0.3589470386505127
1	29	-0.6543395195072366	14.243259170610848	202.87043180119002	9.984870005275301	0.3576529026031494
1	29	-0.7080665633449719	14.416043939803089	207.82232287433337	10.10593636350174	0.3652641773223877
