numTrees	treeDepth	r2	rmse	mse	mae	buildTime
1	3	0.04404790718494456	10.700805301761902	114.50723410621562	7.9894010942858245	0.08790087699890137
1	3	0.038622910137788624	10.465239669516157	109.52124134041465	7.8313112468849315	0.08881211280822754
1	3	0.02827530126724842	10.65463241117092	113.52119181717389	7.959721489312826	0.08799314498901367
1	3	0.05331569204836062	10.540403700301232	111.10011016532388	7.812589891826021	0.0885171890258789
1	3	0.03015800297386695	10.708480385657614	114.67155217001383	7.986314617405603	0.09546923637390137
1	3	0.04522588527073801	10.806763197914142	116.78613081579151	7.986592361398061	0.08824014663696289
1	3	0.030397656694974073	10.698108715967319	114.44953009865593	7.959894927893971	0.09173297882080078
1	3	0.04549891962101027	10.80267355767279	116.6977559936429	7.951379376446204	0.09126496315002441
1	3	0.06838415924409358	10.530061693559295	110.88219927016486	7.73882892426661	0.09181809425354004
1	3	0.03313841376314708	10.695438708017829	114.39240915696608	7.961066576611569	0.09089994430541992
