accuracy	precision	recall	f1	oob	confMatrxVars
0.8638504060601925	0.8582419049655551	0.8638504060601925	0.8567873010861179	0.13855333586826168	10585,564,1431,2073
0.8600969084829045	0.8542287942330071	0.8600969084829045	0.8515354495887845	0.13732487057240628	10630,531,1519,1973
0.858390773220501	0.8517296984787667	0.858390773220501	0.8508525906207371	0.13755886396209305	10604,605,1470,1974
0.8592779635569507	0.853486594325894	0.8592779635569507	0.8502268536252219	0.1376173623095147	10641,516,1546,1950
0.8611888350508429	0.8560066905162793	0.8611888350508429	0.8531834078642926	0.13831934247857502	10539,529,1505,2080
0.862690234081758	0.8574449636622375	0.862690234081758	0.8548450228599096	0.13834859165228586	10574,528,1484,2067
0.8590049819149662	0.8535656813401956	0.8590049819149662	0.8497348932999594	0.1359501594079967	10621,502,1564,1966
0.8624172524397734	0.8567442994000181	0.8624172524397734	0.8550991361465863	0.13799760156775576	10572,563,1453,2065
0.8570941104210742	0.8517075719920078	0.8570941104210742	0.8483420980756481	0.13600865775541837	10514,530,1564,2045
0.8633726881867194	0.8576494695232079	0.8633726881867194	0.855472453347722	0.1382900933048642	10653,534,1468,1998
0.8661025046065652	0.8604806409311556	0.8661025046065652	0.8583189109168647	0.14036678463833396	10711,520,1442,1980
0.8620077799767966	0.8561407785839449	0.8620077799767966	0.8541365468720925	0.13840708999970752	10628,547,1475,2003
0.8606428717668737	0.8549260625780666	0.8606428717668737	0.8526437714643161	0.13893357512650273	10582,546,1496,2029
0.8586637548624855	0.8522301681614932	0.8586637548624855	0.8511053870026539	0.136827634619322	10582,596,1475,2000
0.8642598785231693	0.8586817575625177	0.8642598785231693	0.8566528654240667	0.1396063061218521	10637,537,1452,2027
0.8633044427762233	0.857689108552804	0.8633044427762233	0.8553884932297452	0.1384655883471292	10640,531,1472,2010
0.861734798334812	0.8567072873661046	0.861734798334812	0.8527855245639278	0.13717862470385211	10632,488,1538,1995
0.8633044427762233	0.8580667348219638	0.8633044427762233	0.8551431769213932	0.13896282430021356	10621,512,1491,2029
0.8607793625878659	0.8548416199828289	0.8607793625878659	0.8532541805441645	0.13676913627190035	10575,571,1469,2038
0.8622807616187811	0.8569629492714815	0.8622807616187811	0.8543529510959459	0.13805609991517742	10578,529,1489,2057
0.8653518050911077	0.860139560340942	0.8653518050911077	0.8584943152951428	0.13887507677908095	10557,553,1420,2123
0.866443731659046	0.861549531106265	0.866443731659046	0.8589806505818782	0.14027903711720147	10606,512,1445,2090
0.8620077799767966	0.8563365497022863	0.8620077799767966	0.8541385412377821	0.13843633917341835	10605,542,1480,2026
0.8611888350508429	0.8560863908308519	0.8611888350508429	0.8528105688541731	0.1387288309105268	10567,513,1521,2052
0.8581177915785163	0.8523482191226703	0.8581177915785163	0.8493096670036785	0.1362134019713943	10585,531,1548,1989
