accuracy	precision	recall	f1	oob	confMatrxVars
0.8256329761823518	0.8185004700052031	0.8256329761823518	0.8022941534024923	0.18637573488548953	10771,388,2167,1327
0.8278168293182283	0.8189825405105432	0.8278168293182283	0.8051225905309194	0.1894176489514171	10835,407,2116,1295
0.8131440660615573	0.8218387289412515	0.8131440660615573	0.7727243789057793	0.18971014068852554	10988,149,2589,927
0.8295229645806319	0.8209562712584108	0.8295229645806319	0.810025656802184	0.18552750884787506	10711,454,2044,1444
0.816761072817853	0.8213802086385767	0.816761072817853	0.7784692391041363	0.1882769311766943	11030,174,2511,938
0.8206510612161332	0.832961044229756	0.8206510612161332	0.7823540928593686	0.18386030594635705	11057,119,2509,968
0.8154644100184263	0.8327962398209807	0.8154644100184263	0.7739956465536749	0.1848547778525257	11017,93,2611,932
0.8161468641233877	0.8125706357838478	0.8161468641233877	0.7850342472534361	0.1958817163415133	10828,294,2400,1131
0.8153961646079301	0.8398692333081266	0.8153961646079301	0.7672276186114171	0.19380502500804353	11209,43,2662,739
0.8239268409199482	0.8429519152816568	0.8239268409199482	0.785562143568491	0.18628798736435692	11086,74,2506,987
0.821470006142087	0.8418844218039161	0.821470006142087	0.7805067603730476	0.17841995963614032	11121,65,2551,916
0.8175117723333106	0.8364999439022962	0.8175117723333106	0.7772814018516732	0.19099710433180261	11006,84,2590,973
0.8154644100184263	0.8222696086807921	0.8154644100184263	0.7766357436105611	0.18971014068852554	11000,162,2542,949
0.8001091926567938	0.8061351979255384	0.8001091926567938	0.7521401773808492	0.1998888531398988	10953,156,2773,771
0.8258377124138402	0.8245186442090198	0.8258377124138402	0.7990293828524379	0.18579075141127266	10832,284,2268,1269
0.8244728042039173	0.8233212866466866	0.8244728042039173	0.7952490145894002	0.18266108982421247	10911,262,2310,1170
0.8074114515798813	0.8324977845738005	0.8074114515798813	0.7573590062058525	0.19193307789054959	11080,52,2770,751
0.8148502013239609	0.8133536921630382	0.8148502013239609	0.7809493423943578	0.18631723653806775	10882,255,2458,1058
0.8259059578243363	0.8314720306991956	0.8259059578243363	0.7933298103599971	0.17991166749539322	11010,178,2373,1092
0.820514570395141	0.8204458230448424	0.820514570395141	0.7893068578888155	0.18786744274474243	10888,249,2381,1135
0.8250187674878864	0.8234944116328653	0.8250187674878864	0.7951197479545977	0.17628476995524878	10960,256,2308,1129
0.824336313382925	0.8313212079177426	0.824336313382925	0.7921112599514084	0.18046740179589926	10939,176,2398,1140
0.8277485839077322	0.8304250957942501	0.8277485839077322	0.7981565795183924	0.18371406007780278	10954,216,2308,1175
0.8185354534907527	0.8197606688549022	0.8185354534907527	0.7837149233988717	0.18772119687618827	10974,215,2444,1020
0.8301371732750973	0.8281741487677866	0.8301371732750973	0.804185461785853	0.1809353885752727	10907,282,2207,1257
