accuracy	precision	recall	f1	oob	confMatrxVars
0.8568211287790896	0.8503456244967779	0.8568211287790896	0.8489449565447501	0.15007751031033378	10555,594,1504,2000
0.8573670920630587	0.851498430021574	0.8573670920630587	0.8499150723767919	0.15022375617888795	10464,593,1497,2099
0.856070429263632	0.8495039790955544	0.856070429263632	0.8487728654004805	0.15364590950305657	10514,628,1481,2030
0.8577765645260357	0.8520828361659158	0.8577765645260357	0.8497415019864932	0.1547281289303577	10501,561,1523,2068
0.8578448099365318	0.8515764954250573	0.8578448099365318	0.8516111772147585	0.15016525783146628	10478,664,1419,2092
0.8605063809458814	0.8542124222349546	0.8605063809458814	0.8540018607627851	0.1548158764514902	10564,633,1411,2045
0.8624172524397734	0.8564572322956714	0.8624172524397734	0.8563257429837039	0.1538506537190324	10546,633,1383,2091
0.8614618166928274	0.8554955318184497	0.8614618166928274	0.8539667472775007	0.15241744420720116	10596,569,1461,2027
0.8590049819149662	0.8526620428526819	0.8590049819149662	0.8515898667883429	0.15408464710871916	10571,598,1468,2016
0.8535453490752747	0.8467639483074348	0.8535453490752747	0.8464065643666233	0.15083798882681565	10470,658,1488,2037
0.8549785026956938	0.8483582788251657	0.8549785026956938	0.8482718583739517	0.1528854309865746	10471,667,1458,2057
0.8619395345663005	0.8555970942645843	0.8619395345663005	0.855254196272218	0.152446693380912	10619,616,1407,2011
0.8592779635569507	0.8533802944101645	0.8592779635569507	0.8525984313390721	0.15390915206645417	10471,619,1443,2120
0.8611205896403467	0.8549412300728942	0.8611205896403467	0.8544548450099881	0.15347041446079146	10568,617,1418,2050
0.8577765645260357	0.8516999610869341	0.8577765645260357	0.8513630047835085	0.15355816198192396	10446,648,1436,2123
0.8551832389271822	0.8485143052400042	0.8551832389271822	0.8482105000883636	0.15180321155927345	10492,653,1469,2039
0.8576400737050434	0.8511159684977521	0.8576400737050434	0.8506023694582725	0.15458188306180354	10540,630,1456,2027
0.8613253258718351	0.8551012855075746	0.8613253258718351	0.854714444080633	0.15373365702418906	10579,620,1412,2042
0.8600286630724083	0.8537331207409545	0.8600286630724083	0.8530021959468985	0.15399689958758667	10572,609,1442,2030
0.8557974476216474	0.8491712969713567	0.8557974476216474	0.8490345648362484	0.15326567024481563	10496,659,1454,2044
0.8601651538934006	0.85396266965882	0.8601651538934006	0.854396298837368	0.1520957032963819	10529,675,1374,2075
0.8611888350508429	0.8551983960703798	0.8611888350508429	0.8557962611622262	0.15309017520255053	10518,685,1349,2101
0.8601651538934006	0.8536340589774667	0.8601651538934006	0.8532911697513917	0.15616133844218905	10606,623,1426,1998
0.8634409335972156	0.857459272846498	0.8634409335972156	0.8572004633504582	0.15390915206645417	10584,619,1382,2068
0.8571623558315703	0.8508725059716924	0.8571623558315703	0.8504579349140422	0.15581034835765895	10476,643,1450,2084
