accuracy	precision	recall	f1	oob	confMatrxVars
0.8477444891831024	0.842261802100704	0.8477444891831024	0.8347203809329229	0.15007751031033378	10638,457,1774,1784
0.8532723674332902	0.8476213142731785	0.8532723674332902	0.8412135368866946	0.15423089297727344	10720,455,1695,1783
0.8453558998157374	0.8383946006463184	0.8453558998157374	0.8316217613311652	0.15423089297727344	10705,477,1789,1682
0.8493823790350099	0.8444315348622635	0.8493823790350099	0.8364710613159291	0.1480885664979964	10645,442,1765,1801
0.8448099365317683	0.8387919916234022	0.8448099365317683	0.8301785494727788	0.15396765041387583	10708,443,1831,1671
0.8511567597079096	0.8462930955513529	0.8511567597079096	0.8375950852846021	0.15227119833864688	10743,416,1765,1729
0.8479492254145908	0.8423662985728115	0.8479492254145908	0.8331329319940802	0.1534119161133698	10786,416,1812,1639
0.8474032621306217	0.843336301513243	0.8474032621306217	0.8326887487640386	0.15031150370002044	10698,398,1838,1719
0.8456971268682181	0.8410149373007404	0.8456971268682181	0.830936448915115	0.15060399543712888	10682,415,1846,1710
0.8507472872449328	0.8442742344427907	0.8507472872449328	0.8382213752674201	0.1502822545263096	10736,471,1716,1730
0.8533406128437863	0.8479387468541322	0.8533406128437863	0.8406452547848953	0.15127672643247825	10760,434,1715,1744
0.8469255442571487	0.841621723832582	0.8469255442571487	0.8327454047509391	0.15247594255462282	10698,431,1812,1712
0.8496553606769944	0.844722877919753	0.8496553606769944	0.8360971804423093	0.1527099359443096	10705,425,1778,1745
0.853681839896267	0.8492488080841398	0.853681839896267	0.8402978262355907	0.14943402848869525	10777,400,1744,1732
0.8549785026956938	0.8502593771257144	0.8549785026956938	0.8414612859159117	0.15250519172833366	10838,395,1730,1690
0.8449464273527605	0.8401317888540154	0.8449464273527605	0.8305149094047354	0.1528854309865746	10642,428,1844,1739
0.8472667713096295	0.8411425668685019	0.8472667713096295	0.8334542098979474	0.15317792272368302	10719,451,1787,1696
0.8468572988466526	0.8421464727376796	0.8468572988466526	0.8320247953629694	0.14975576939951452	10720,408,1836,1689
0.8463113355626835	0.8397246266171436	0.8463113355626835	0.8328705957008835	0.1526221884231771	10690,473,1779,1711
0.8488364157510407	0.8429551841448772	0.8488364157510407	0.835773145892108	0.15051624791599638	10692,457,1758,1746
0.847062035078141	0.8423051949354744	0.847062035078141	0.8329867039949379	0.15004826113662284	10668,424,1817,1744
0.8509520234764212	0.8478646053519756	0.8509520234764212	0.836096008147911	0.14969727105209274	10766,363,1821,1703
0.8489729065720331	0.8427620576191673	0.8489729065720331	0.8368915228197431	0.14972652022580357	10638,488,1725,1802
0.8493141336245138	0.8440465669874054	0.8493141336245138	0.8354418406066639	0.15057474626341805	10737,425,1783,1708
0.8459018630997065	0.839376473839995	0.8459018630997065	0.8326504161236795	0.1521834508175144	10662,479,1779,1733
