accuracy	precision	recall	f1	oob	confMatrxVars
0.8604381355353853	0.8548325106894974	0.8604381355353853	0.8517769365853292	0.1381145982625991	10622,519,1526,1986
0.8633044427762233	0.8584523951136194	0.8633044427762233	0.854441853185881	0.1382900933048642	10653,478,1525,1997
0.8609840988193544	0.8549987214331208	0.8609840988193544	0.8525876108311885	0.13902132264763523	10654,535,1502,1962
0.860301644714393	0.8554646703401793	0.860301644714393	0.8508345169437419	0.13893357512650273	10626,475,1572,1980
0.8637821606496963	0.8576810288412999	0.8637821606496963	0.8559920610857016	0.1399572962063822	10701,546,1450,1956
0.8624172524397734	0.8570558948635675	0.8624172524397734	0.8536497662872523	0.13890432595279179	10665,498,1518,1972
0.8633726881867194	0.8586192460916392	0.8633726881867194	0.8546176934600522	0.1395185586007195	10635,479,1523,2016
0.8643281239336654	0.85909498429858	0.8643281239336654	0.8562749272553541	0.14103951563368333	10640,510,1478,2025
0.8581177915785163	0.8520997708827365	0.8581177915785163	0.8493391769440407	0.1379683523940448	10607,538,1541,1967
0.8597556814304238	0.8544667849048333	0.8597556814304238	0.8508266543381557	0.13852408669455085	10597,506,1549,2001
0.8588684910939739	0.8531488173172918	0.8588684910939739	0.8503176398969853	0.13750036561467138	10579,535,1533,2006
0.8583225278100047	0.852169303953789	0.8583225278100047	0.8498538665997141	0.13712012635643045	10602,552,1524,1975
0.8601651538934006	0.854219111543138	0.8601651538934006	0.8514579406573803	0.13931381438474366	10652,527,1522,1952
0.8591414727359585	0.8534747746604063	0.8591414727359585	0.8506404652532588	0.13799760156775576	10577,534,1530,2012
0.862690234081758	0.8572593717825768	0.862690234081758	0.854144572374545	0.1389920734739244	10659,506,1506,1982
0.8574353374735549	0.8511004696074125	0.8574353374735549	0.848211247978205	0.1389920734739244	10654,533,1556,1910
0.857503582884051	0.8514964615244152	0.857503582884051	0.8484173365897842	0.13676913627190035	10614,530,1558,1951
0.8656930321435884	0.8603675410743177	0.8656930321435884	0.8585176956686599	0.14089326976512917	10610,540,1428,2075
0.8585272640414932	0.8526859279160905	0.8585272640414932	0.8497378410491307	0.13855333586826168	10602,531,1542,1978
0.8599604176619122	0.8541817726289421	0.8599604176619122	0.8513286889812264	0.13928456521103283	10623,527,1525,1978
0.8581177915785163	0.8518812969185442	0.8581177915785163	0.8497174263446293	0.13799760156775576	10600,558,1521,1974
0.862690234081758	0.8571423593143817	0.862690234081758	0.8548265218781466	0.13919681768990022	10610,535,1477,2031
0.8638504060601925	0.8590060547525432	0.8638504060601925	0.8547536597189851	0.13928456521103283	10692,467,1528,1966
0.8587320002729817	0.8524532415346047	0.8587320002729817	0.8505909701880849	0.13957705694814126	10603,566,1504,1980
0.8646693509861462	0.859462341152004	0.8646693509861462	0.8570167706651965	0.1412735090233701	10609,523,1460,2061
