accuracy	precision	recall	f1	oob	confMatrxVars
0.861257080461339	0.8556809719429773	0.861257080461339	0.8548742675240595	0.1361256544502618	10458,612,1421,2162
0.8628949703132465	0.8570059367274675	0.8628949703132465	0.8558569802260041	0.13641814618737025	10595,579,1430,2049
0.8648058418071385	0.8591450984065133	0.8648058418071385	0.8586379824428103	0.13641814618737025	10563,604,1377,2109
0.8635091790077117	0.8576032943880424	0.8635091790077117	0.8575345143825596	0.13758811313580388	10564,631,1369,2089
0.862212516208285	0.8562437299222706	0.862212516208285	0.8558015293272575	0.1364766445347919	10553,617,1402,2081
0.8607793625878659	0.8551842427312338	0.8607793625878659	0.8534218946350312	0.1346339465910088	10518,569,1471,2095
0.8601651538934006	0.8542439861450019	0.8601651538934006	0.8535203445526335	0.13451694989616547	10498,616,1433,2106
0.861257080461339	0.8553987317732183	0.861257080461339	0.8541104200795134	0.1376173623095147	10551,583,1450,2069
0.8667167133010305	0.8615224011028525	0.8667167133010305	0.8597868536829263	0.13782210652549065	10601,541,1412,2099
0.8624172524397734	0.856392780423864	0.8624172524397734	0.8551256697313395	0.13703237883529795	10617,574,1442,2020
0.8590049819149662	0.853144233861312	0.8590049819149662	0.8516233120041866	0.13521893006522567	10504,586,1480,2083
0.8616665529243158	0.8556782201763481	0.8616665529243158	0.8557863703928781	0.13714937553014128	10526,651,1376,2100
0.8669214495325189	0.8616487814528362	0.8669214495325189	0.8602753167664223	0.13869958173681596	10594,555,1395,2109
0.8687640756159148	0.8635061373824817	0.8687640756159148	0.8624022824141364	0.13805609991517742	10624,557,1366,2106
0.865078823449123	0.8595278269018252	0.865078823449123	0.8585452972290307	0.13858258504197252	10574,580,1397,2102
0.863167951955231	0.8574506450867787	0.863167951955231	0.8562072061710395	0.13597940858170754	10573,576,1429,2075
0.8620077799767966	0.8558703827606557	0.8620077799767966	0.8554719752560455	0.13712012635643045	10581,617,1405,2050
0.8646693509861462	0.8594855182542638	0.8646693509861462	0.8573711379155619	0.13688613296674368	10573,537,1446,2097
0.8632361973657272	0.8580531764252652	0.8632361973657272	0.8558538916180456	0.13627190031881597	10539,542,1462,2110
0.866034259196069	0.8605844272187879	0.866034259196069	0.8604477455509545	0.1376173623095147	10535,622,1341,2155
0.8689005664369072	0.8636148498053882	0.8689005664369072	0.8625587767976348	0.13890432595279179	10631,558,1363,2101
0.8653518050911077	0.8597753483337767	0.8653518050911077	0.8589751522006386	0.13773435900435815	10576,587,1386,2104
0.8611205896403467	0.855301331028272	0.8611205896403467	0.8542335894502785	0.13694463131416534	10524,595,1440,2094
0.8619395345663005	0.8559885103564323	0.8619395345663005	0.8558709602749806	0.1358624118868642	10530,637,1386,2100
0.8670579403535112	0.8613733943304347	0.8670579403535112	0.8609123476229587	0.13738336891982805	10632,592,1356,2073
