accuracy	precision	recall	f1	oob	confMatrxVars
0.8411246843649764	0.8377876170400407	0.8411246843649764	0.8218171575314933	0.15964199011377933	10838,337,1991,1487
0.8395550399235652	0.8383080816399178	0.8395550399235652	0.8182354610740711	0.16043171780397203	10872,292,2059,1430
0.8373711867876885	0.8354261008736793	0.8373711867876885	0.8157545906078075	0.16499458890286345	10850,305,2078,1420
0.8378489046611616	0.8414630607654393	0.8378489046611616	0.8135314795178462	0.16353213021732138	10913,218,2158,1364
0.8377124138401693	0.8378185883533789	0.8377124138401693	0.8157759541229516	0.1606657111936588	10832,278,2100,1443
0.840442230260015	0.8366933752743245	0.840442230260015	0.8224706898814403	0.16139694053642983	10743,367,1971,1572
0.8411929297754726	0.8382773776942944	0.8411929297754726	0.8216407776386264	0.16218666822662264	10844,328,1999,1482
0.836142769398758	0.8324534604726402	0.836142769398758	0.8161196624625208	0.15937874755038173	10764,353,2048,1488
0.8355285607042926	0.8321062067409132	0.8355285607042926	0.8144645739900689	0.1622451665740443	10805,337,2073,1438
0.8412611751859688	0.835000368533222	0.8412611751859688	0.8235262307166747	0.16402936617040564	10832,400,1926,1495
0.840919948133488	0.8376662485488728	0.840919948133488	0.8213548208389913	0.16315189095908045	10847,333,1998,1475
0.8392820582815805	0.8356399651485936	0.8392820582815805	0.8192576992337315	0.16142618971014067	10844,338,2017,1454
0.8347096157783389	0.8343667040206793	0.8347096157783389	0.8128089736678054	0.16332738600134544	10762,296,2126,1469
0.8388725858186037	0.8394172242388529	0.8388725858186037	0.8166298857761916	0.16438035625493574	10872,265,2096,1420
0.8350508428308197	0.8327017177632975	0.8350508428308197	0.8130295742315543	0.16326888765392378	10824,314,2103,1412
0.8351190882413158	0.8370602057892221	0.8351190882413158	0.8124639909955441	0.16283015004826118	10771,262,2154,1466
0.840919948133488	0.8391427073869107	0.840919948133488	0.8206584694192798	0.1621574190529117	10853,306,2025,1469
0.8330034805159353	0.8316551687834821	0.8330034805159353	0.8102589420120763	0.16622305419871886	10792,303,2144,1414
0.8351190882413158	0.8331406478763228	0.8351190882413158	0.8140634618874252	0.16008072771944193	10758,323,2093,1479
0.8407834573124957	0.8369790409861356	0.8407834573124957	0.8230398116133347	0.16125069466787567	10738,370,1963,1582
0.8433085375008531	0.8408631747564962	0.8433085375008531	0.8236188929981058	0.16508233642399606	10896,311,1985,1461
0.8348461065993312	0.8319978471793288	0.8348461065993312	0.8134541758784855	0.1632103893065021	10793,329,2091,1440
0.8454923906367297	0.8416979218096942	0.8454923906367297	0.8278986123250776	0.16312264178536962	10852,350,1914,1537
0.8353920698833004	0.8332100358015722	0.8353920698833004	0.8136858124870346	0.16408786451782742	10810,315,2097,1431
0.8385996041766192	0.8345760879021645	0.8385996041766192	0.8199053791919378	0.16209892070549003	10752,367,1998,1536
