accuracy	precision	recall	f1	oob	confMatrxVars
0.866443731659046	0.8614013481556541	0.866443731659046	0.8592023764639268	0.13855333586826168	10602,525,1432,2094
0.8630997065447349	0.8570656561173514	0.8630997065447349	0.8561250862401162	0.1386410833893943	10618,585,1421,2029
0.8623490070292773	0.8568036171845771	0.8623490070292773	0.8553228446750741	0.1361256544502618	10530,573,1444,2106
0.862690234081758	0.8570609378082772	0.862690234081758	0.8558907352019638	0.13712012635643045	10535,584,1428,2106
0.8663072408380537	0.8609187351637957	0.8663072408380537	0.85963692405633	0.13893357512650273	10595,561,1398,2099
0.8627584794922541	0.857063518883188	0.8627584794922541	0.8551974547193749	0.136827634619322	10604,551,1460,2038
0.8613935712823313	0.8559197364668112	0.8613935712823313	0.8533086545488937	0.13518968089151484	10584,532,1499,2038
0.8666484678905344	0.8613438266644212	0.8666484678905344	0.8598390946482906	0.13823159495744242	10604,550,1404,2095
0.8618712891558042	0.8559335048208419	0.8618712891558042	0.8557854562666493	0.1354236742812016	10526,636,1388,2103
0.8630997065447349	0.8571734574185889	0.8630997065447349	0.8564143847648276	0.13644739536108108	10585,596,1410,2062
0.8625537432607657	0.8564883498591669	0.8625537432607657	0.8562719520533661	0.1362134019713943	10575,625,1389,2064
0.8614618166928274	0.8555334289891194	0.8614618166928274	0.8545100754285972	0.1363011494925268	10554,593,1437,2069
0.8639868968811847	0.8584991718801062	0.8639868968811847	0.8572100933212211	0.1365643920559244	10550,573,1420,2110
0.8648740872176346	0.8595113526729871	0.8648740872176346	0.8577909480312241	0.13858258504197252	10583,550,1430,2090
0.8638504060601925	0.85821008039964	0.8638504060601925	0.8569828636142687	0.13735411974611722	10575,574,1421,2083
0.8647375963966423	0.8592740833206688	0.8647375963966423	0.8577729179860142	0.13536517593377984	10583,559,1423,2088
0.8630997065447349	0.8573287245506567	0.8630997065447349	0.8562236681330012	0.13758811313580388	10573,582,1424,2074
0.8645328601651538	0.8587467640185543	0.8645328601651538	0.8575785238034626	0.13688613296674368	10622,570,1415,2046
0.8658295229645806	0.8608255033293749	0.8658295229645806	0.8583044679558717	0.13963555529556293	10607,516,1450,2080
0.8684228485634341	0.8634490544125633	0.8684228485634341	0.8612439537027101	0.13957705694814126	10646,514,1414,2079
0.8655565413225961	0.8599744667927569	0.8655565413225961	0.8591619715793919	0.1372663722249846	10584,585,1385,2099
0.8646693509861462	0.8591023053518926	0.8646693509861462	0.8578042612668745	0.1376758606569365	10588,567,1416,2082
0.8653518050911077	0.8601427594213034	0.8653518050911077	0.8576485807185175	0.13744186726724972	10634,517,1456,2046
0.8625537432607657	0.8567150667084659	0.8625537432607657	0.855545071490267	0.13750036561467138	10576,581,1433,2063
0.8672626765849997	0.8619059657312809	0.8672626765849997	0.8607542999695321	0.1386410833893943	10606,562,1383,2102
