accuracy	precision	recall	f1	oob	confMatrxVars
0.863167951955231	0.8573113300682655	0.863167951955231	0.8555157830592315	0.13834859165228586	10643,549,1456,2005
0.8569576196000819	0.8514022727400288	0.8569576196000819	0.8488138668049746	0.13545292345491244	10472,558,1538,2085
0.8586637548624855	0.8527825163533529	0.8586637548624855	0.8501097624456824	0.1379683523940448	10590,540,1531,1992
0.8644646147546577	0.8588380728323535	0.8644646147546577	0.8567838571572005	0.13937231273216533	10655,534,1452,2012
0.8652835596806114	0.8601321402138267	0.8652835596806114	0.8574805683526828	0.1386410833893943	10635,512,1462,2044
0.8639186514706886	0.8578958340445927	0.8639186514706886	0.8567816055320465	0.13913831934247856	10650,572,1422,2009
0.8643963693441616	0.8592104891483199	0.8643963693441616	0.8560628506881506	0.13937231273216533	10664,498,1489,2002
0.8588684910939739	0.8530165819753092	0.8588684910939739	0.8506963451702151	0.13644739536108108	10561,553,1515,2024
0.8646693509861462	0.8591778166806423	0.8646693509861462	0.8561510950854453	0.13954780777443032	10720,497,1486,1950
0.8658977683750768	0.8600785596355519	0.8658977683750768	0.8589074089159376	0.13875808008423762	10669,561,1404,2019
0.8607793625878659	0.8552923775638215	0.8607793625878659	0.8525149881896386	0.13849483752084002	10584,529,1511,2029
0.8596191906094315	0.8540311919506463	0.8596191906094315	0.8513723607861158	0.13764661148322554	10560,539,1518,2036
0.8561386746741282	0.8503347181757773	0.8561386746741282	0.846990150864664	0.1366521395770569	10562,531,1577,1983
0.8666484678905344	0.861038929670999	0.8666484678905344	0.8590734985118416	0.14019128959606886	10708,525,1429,1991
0.8649423326281308	0.8595667069877031	0.8649423326281308	0.8568381272804851	0.13831934247857502	10678,508,1471,1996
0.8667167133010305	0.8620997437268101	0.8667167133010305	0.8587446609855981	0.1383778408259967	10637,484,1469,2063
0.8601651538934006	0.8549559768006686	0.8601651538934006	0.8517180287763305	0.1369153821404545	10555,519,1530,2049
0.8598239268409199	0.8543087354122497	0.8598239268409199	0.8506416811410689	0.13738336891982805	10643,502,1552,1956
0.8692417934893878	0.8642344029843962	0.8692417934893878	0.8619159815496027	0.14103951563368333	10689,504,1412,2048
0.8647375963966423	0.8593553136228999	0.8647375963966423	0.8574634040151207	0.13975255199040626	10598,543,1439,2073
0.8632361973657272	0.8581444398486406	0.8632361973657272	0.8553165882466546	0.13820234578373158	10580,518,1486,2069
0.8652153142701153	0.8596170612086393	0.8652153142701153	0.8576356807051462	0.14007429290122553	10665,533,1442,2013
0.8601651538934006	0.8539219273961397	0.8601651538934006	0.8520590393752514	0.1382900933048642	10637,558,1491,1967
0.8600969084829045	0.85423410753483	0.8600969084829045	0.8527054622697922	0.13779285735177982	10536,579,1471,2067
0.861257080461339	0.8558466853907926	0.861257080461339	0.8532178293458644	0.13826084413115325	10569,533,1500,2051
