accuracy	precision	recall	f1	oob	confMatrxVars
0.8615300621033235	0.8558998691791677	0.8615300621033235	0.8546020689980277	0.13633039866623764	10511,585,1444,2113
0.8635774244182078	0.857776162113684	0.8635774244182078	0.8562914894404232	0.13641814618737025	10620,561,1438,2034
0.8618712891558042	0.8562957723600185	0.8618712891558042	0.8541886000051993	0.1366521395770569	10574,548,1476,2055
0.8678086398689688	0.8623271750595937	0.8678086398689688	0.8612089285005874	0.13896282430021356	10648,558,1379,2068
0.8608476079983621	0.8550831986763288	0.8608476079983621	0.8539177899487486	0.13618415279768348	10511,593,1446,2103
0.8592779635569507	0.8532999311860902	0.8592779635569507	0.8516355389321472	0.13662289040334608	10546,576,1486,2045
0.8648740872176346	0.8600969788819576	0.8648740872176346	0.8568582974797603	0.1383778408259967	10604,497,1483,2069
0.8588002456834778	0.8533391868081162	0.8588002456834778	0.8507654683041573	0.1350726841966714	10504,549,1520,2080
0.8643963693441616	0.8587028514803027	0.8643963693441616	0.8577312548291955	0.1380268507414666	10585,582,1405,2081
0.8635091790077117	0.8580832222971656	0.8635091790077117	0.8566448086940524	0.13679838544561118	10534,570,1430,2119
0.8626219886712618	0.8561176118371748	0.8626219886712618	0.8559579648451648	0.13556992014975577	10665,618,1395,1975
0.8624172524397734	0.8566843077005818	0.8624172524397734	0.8558649790593837	0.13823159495744242	10527,601,1415,2110
0.8614618166928274	0.8557429511206034	0.8614618166928274	0.8537973523587375	0.13688613296674368	10578,555,1475,2045
0.8661025046065652	0.8605132929127477	0.8661025046065652	0.8592385166052031	0.13805609991517742	10633,559,1403,2058
0.8637821606496963	0.8579428268909197	0.8637821606496963	0.8560616047734849	0.13709087718271962	10664,542,1454,1993
0.8635091790077117	0.8581389107043617	0.8635091790077117	0.8561175892898812	0.13747111644096055	10571,545,1455,2082
0.8568893741895858	0.8507659851734125	0.8568893741895858	0.8491477336776901	0.13495568750182807	10504,590,1507,2052
0.8620077799767966	0.856304991181571	0.8620077799767966	0.8539445431326398	0.13714937553014128	10625,535,1487,2006
0.8605063809458814	0.8548163189935183	0.8605063809458814	0.8532325605679201	0.13706162800900878	10516,577,1467,2093
0.862690234081758	0.8571428420361407	0.862690234081758	0.855576619141305	0.13609640527655098	10547,567,1445,2094
0.8668532041220228	0.8609821601307852	0.8668532041220228	0.8603407731626288	0.13788060487291232	10676,580,1371,2026
0.8597556814304238	0.8538953211872393	0.8597556814304238	0.8516096018086482	0.13615490362397265	10585,549,1506,2013
0.8585955094519894	0.8528334178581128	0.8585955094519894	0.850876098407867	0.13518968089151484	10506,571,1501,2075
0.8656247867330922	0.8601177354492223	0.8656247867330922	0.8585967596511925	0.1393430635584545	10620,552,1417,2064
0.8645328601651538	0.8589849800643027	0.8645328601651538	0.8572640671534052	0.13615490362397265	10613,549,1436,2055
