accuracy	precision	recall	f1	oob	confMatrxVars
0.768443322186583	0.5905051394131525	0.768443322186583	0.6678247835311175	0.24259264675772907	11260,0,3393,0
0.761823517368457	0.5803750716156477	0.761823517368457	0.65883451536908	0.23975547690777732	11163,0,3490,0
0.7619600081894493	0.5805830540800657	0.7619600081894493	0.6590195593334263	0.23981397525519899	11165,0,3488,0
0.7615505357264724	0.5799592184652771	0.7615505357264724	0.6584644683226178	0.239638480212934	11159,0,3494,0
0.7548624854978503	0.5698173720119922	0.7548624854978503	0.6494154120006007	0.2367720611892714	11061,0,3592,0
0.7625742168839146	0.5815194362561156	0.7625742168839146	0.6598524257142419	0.2400772178185966	11174,0,3479,0
0.7550672217293387	0.5701265093300624	0.7550672217293387	0.6496919346123889	0.2368598087104039	11064,0,3589,0
0.7638026342728451	0.5833944641221377	0.7638026342728451	0.6615189849318386	0.2406037029453918	11192,0,3461,0
0.7597761550535727	0.5772598057879904	0.7597761550535727	0.6560604928419626	0.23887800169645212	11133,0,3520,0
0.759503173411588	0.5768450704222728	0.759503173411588	0.6556908553950479	0.23876100500160868	11129,0,3524,0
0.7576605473281922	0.5740495049776558	0.7576605473281922	0.6531972352116164	0.23797127731141599	11102,0,3551,0
0.7616187811369686	0.5800631677805616	0.7616187811369686	0.6585569749729647	0.23966772938664482	11160,0,3493,0
0.7552719579608271	0.5704357304819814	0.7552719579608271	0.6499684882389172	0.2369475562315364	11067,0,3586,0
0.7623012352419299	0.5811031732513723	0.7623012352419299	0.6594822288388149	0.23996022112375326	11170,0,3483,0
0.7607998362110148	0.578816390778707	0.7607998362110148	0.6574471201953717	0.23931673930211472	11148,0,3505,0
0.758547737664642	0.5753946703161467	0.758547737664642	0.6543975554286321	0.23835151656965692	11115,0,3538,0
0.7610728178529994	0.5792318340747048	0.7610728178529994	0.6578170172212089	0.23943373599695805	11152,0,3501,0
0.7603903637480379	0.5781935052808735	0.7603903637480379	0.6568923770405612	0.23914124425984962	11142,0,3511,0
0.7576605473281922	0.5740495049776558	0.7576605473281922	0.6531972352116164	0.23797127731141599	11102,0,3551,0
0.7630519347573875	0.5822482551369925	0.7630519347573875	0.6605004012171829	0.24028196203457253	11181,0,3472,0
0.7602538729270456	0.5779859513005725	0.7602538729270456	0.6567074899707122	0.23908274591242795	11140,0,3513,0
0.763256670988876	0.5825607458090212	0.763256670988876	0.6607781560041484	0.24036970955570502	11184,0,3469,0
0.7620282535999454	0.5806870592845828	0.7620282535999454	0.6591120864244928	0.23984322442890993	11166,0,3487,0
0.7614140449054801	0.5797513477793245	0.7614140449054801	0.6582794652468378	0.23957998186551233	11157,0,3496,0
0.7597079096430766	0.5771561079742529	0.7597079096430766	0.6559680783515012	0.23884875252274118	11132,0,3521,0
