accuracy	precision	recall	f1	oob	confMatrxVars
0.8468572988466526	0.8409527112030484	0.8468572988466526	0.8332706963089405	0.15069174295826138	10680,455,1789,1729
0.8544325394117246	0.8482496391282809	0.8544325394117246	0.8422469622700253	0.15186170990669512	10794,455,1678,1726
0.8489729065720331	0.8438591370726339	0.8489729065720331	0.8352188084636449	0.1535874111556349	10711,427,1786,1729
0.8454241452262335	0.8381752670852959	0.8454241452262335	0.8321299305366534	0.15227119833864688	10692,493,1772,1696
0.8549102572851975	0.848997001613832	0.8549102572851975	0.8427024678517396	0.1538506537190324	10793,447,1679,1734
0.8479492254145908	0.8417277247814743	0.8479492254145908	0.8345050715691283	0.1516569656907193	10715,458,1770,1710
0.8464478263836757	0.8419227232808476	0.8464478263836757	0.8323935077695497	0.15057474626341805	10639,424,1826,1764
0.8462430901521872	0.8403035957239573	0.8462430901521872	0.8325809812502237	0.15042850039486388	10671,457,1796,1729
0.8467208080256603	0.8403336137186324	0.8467208080256603	0.8334214058375967	0.15118897891134575	10680,471,1775,1727
0.8519074592233672	0.8476580139435284	0.8519074592233672	0.8382878988410668	0.15101348386908064	10739,401,1769,1744
0.8491776428035215	0.8444595176282523	0.8491776428035215	0.8353078379288617	0.1488782941881892	10707,417,1793,1736
0.8478809800040947	0.8419834426918672	0.8478809800040947	0.834920916406037	0.15031150370002044	10659,465,1764,1765
0.8497918514979867	0.8453187889598289	0.8497918514979867	0.8364165281940343	0.15022375617888795	10671,421,1780,1781
0.8448781819422644	0.8395820904965753	0.8448781819422644	0.8309773746076096	0.14946327766240608	10621,448,1825,1759
0.8500648331399714	0.8446443590916171	0.8500648331399714	0.8364717533429324	0.15039925122115305	10743,430,1767,1713
0.85415955776974	0.849216322169811	0.85415955776974	0.8413450888573073	0.15250519172833366	10768,419,1718,1748
0.8435815191428376	0.8379634310359573	0.8435815191428376	0.828584249196203	0.15171546403814096	10684,435,1857,1677
0.8456971268682181	0.8387693574431987	0.8456971268682181	0.8315769167637289	0.1530609260288397	10739,465,1796,1653
0.8498600969084829	0.8449783353741013	0.8498600969084829	0.8358064449637106	0.15153996899587585	10748,412,1788,1705
0.8477444891831024	0.8412525111961607	0.8477444891831024	0.8344328736016127	0.1503700020474421	10714,467,1764,1708
0.8514979867603903	0.8454785817675549	0.8514979867603903	0.8392419785619208	0.1501945070051771	10709,466,1710,1768
0.8508837780659251	0.8463652194870382	0.8508837780659251	0.8372837640821189	0.14873204831963494	10722,411,1774,1746
0.848017470825087	0.8420578515778935	0.848017470825087	0.8342319864847771	0.15282693263915292	10729,445,1782,1697
0.8509520234764212	0.8459509503858477	0.8509520234764212	0.8370671344762733	0.15089648717423731	10770,412,1772,1699
0.8469937896676448	0.8408164983744661	0.8469937896676448	0.8335762080059198	0.1532364210711047	10685,463,1779,1726
