accuracy	precision	recall	f1	oob	confMatrxVars
0.8596874360199277	0.8536232456507012	0.8596874360199277	0.8525935166855754	0.13589166106057504	10532,601,1455,2065
0.860301644714393	0.8543543543276999	0.860301644714393	0.8526358670859414	0.1362134019713943	10573,568,1479,2033
0.8615983075138197	0.8560927335819277	0.8615983075138197	0.8537991170566878	0.135335926760069	10568,543,1485,2057
0.8634409335972156	0.8581871815447832	0.8634409335972156	0.8555503144582743	0.1356869168445991	10601,522,1479,2051
0.8661025046065652	0.8604641935510122	0.8661025046065652	0.8598357539277909	0.13744186726724972	10602,590,1372,2089
0.8618712891558042	0.8559007326857496	0.8618712891558042	0.8543386800396041	0.13676913627190035	10611,565,1459,2018
0.8653518050911077	0.8602535685674756	0.8653518050911077	0.858014725651118	0.13831934247857502	10586,529,1444,2094
0.8611888350508429	0.8553925963603889	0.8611888350508429	0.8540064671692172	0.1359501594079967	10543,580,1454,2076
0.8608476079983621	0.8551734045462909	0.8608476079983621	0.8535180199971895	0.13562841849717744	10528,572,1467,2086
0.8652835596806114	0.8595537425220887	0.8652835596806114	0.8586252766609973	0.13785135569920148	10616,578,1396,2063
0.8659660137855729	0.8602749930301468	0.8659660137855729	0.8591276495939384	0.13776360817806899	10642,564,1400,2047
0.866034259196069	0.8607661789623005	0.866034259196069	0.8587093973768708	0.13831934247857502	10626,530,1433,2064
0.8632361973657272	0.8573042931140248	0.8632361973657272	0.8567207019197928	0.13788060487291232	10581,604,1400,2068
0.8633726881867194	0.8576584399556887	0.8633726881867194	0.8570047910000604	0.1359501594079967	10541,604,1398,2110
0.8643963693441616	0.8587174485467247	0.8643963693441616	0.8571176722606023	0.13884582760537012	10627,553,1434,2039
0.8568211287790896	0.8507788864568528	0.8568211287790896	0.8488646221989351	0.13466319576471963	10508,579,1519,2047
0.863167951955231	0.8577379658238613	0.863167951955231	0.8552752465226859	0.13843633917341835	10613,528,1477,2035
0.8639186514706886	0.8580894335312597	0.8639186514706886	0.8569856912162621	0.13843633917341835	10609,576,1418,2050
0.8644646147546577	0.8586441295219188	0.8644646147546577	0.8573073276367346	0.13785135569920148	10639,562,1424,2028
0.8649423326281308	0.8592994817895867	0.8649423326281308	0.8579799179503121	0.13834859165228586	10614,563,1416,2060
0.867399167405992	0.8618172497187818	0.867399167405992	0.8605363690086006	0.13840708999970752	10670,551,1392,2040
0.8616665529243158	0.8555680925432777	0.8616665529243158	0.8546990144080318	0.13662289040334608	10586,596,1431,2040
0.8602333993038969	0.8542526857231242	0.8602333993038969	0.8526522607803868	0.1341074614642136	10569,573,1475,2036
0.8663072408380537	0.8613500971523534	0.8663072408380537	0.859449608902137	0.13521893006522567	10550,540,1419,2144
0.8648740872176346	0.8592861699273007	0.8648740872176346	0.8570567714427241	0.13624265114510514	10674,525,1455,1999
