accuracy	precision	recall	f1	oob	confMatrxVars
0.8205828158056371	0.8081689520023375	0.8205828158056371	0.802579372419944	0.2172043639767176	10564,588,2041,1460
0.7800450419709275	0.753647110355774	0.7800450419709275	0.7238350242089826	0.23446137646611487	10904,294,2929,526
0.7581382652016652	0.7628858665755686	0.7581382652016652	0.6544455401309487	0.23797127731141599	11102,2,3542,7
0.8278850747287245	0.8178990006058854	0.8278850747287245	0.8097741984982993	0.21498142677469356	10649,511,2011,1482
0.7721285743533748	0.7521593671207744	0.7721285743533748	0.7011303532920352	0.2337008979496329	10960,168,3171,354
0.7797038149184468	0.8178996833258071	0.7797038149184468	0.6990928687416201	0.2343151305975606	11171,13,3215,254
0.7889169453354262	0.7751558784318344	0.7889169453354262	0.7795814468319997	0.23068823305741615	10008,1172,1921,1552
0.8220842148365523	0.810873271935347	0.8220842148365523	0.8035862911265811	0.2160636462019948	10573,550,2057,1473
0.822425441889033	0.818040265133253	0.822425441889033	0.7937485416949821	0.22027552721635613	10887,303,2299,1164
0.8029072544871357	0.7923557562436183	0.8029072544871357	0.7670976694957521	0.22407791979876568	10786,346,2542,979
0.7766327714461202	0.7647504860306656	0.7766327714461202	0.7070866612868882	0.23428588142384976	11004,146,3127,376
0.8056370709069816	0.79929598998314	0.8056370709069816	0.7637170475881646	0.22551112931059702	10989,245,2603,816
0.7677608680816215	0.7465877911750953	0.7677608680816215	0.6882164095030833	0.235543595893416	11000,122,3281,250
0.7954002593325599	0.7801356957281351	0.7954002593325599	0.7555277791792278	0.22788031238117523	10793,360,2638,862
0.8149866921449532	0.8034015395388686	0.8149866921449532	0.7899209384139096	0.2196320453947176	10697,457,2254,1245
0.8037261994130894	0.8339607900580286	0.8037261994130894	0.7489808626845945	0.22404867062505485	11116,32,2844,661
0.7594349280010919	0.7235470795306799	0.7594349280010919	0.6648951533619859	0.237035303752669	11037,59,3466,91
0.7607315908005187	0.5788039703961358	0.7607315908005187	0.6574136259104018	0.23946298517066889	11147,1,3505,0
0.7743806728997475	0.7593647348072106	0.7743806728997475	0.7009981593835088	0.23294041943315102	11028,134,3172,319
0.7947860506380946	0.8378106324461582	0.7947860506380946	0.728745083162869	0.22887478428734387	11178,1,3006,468
0.785982392684092	0.765643356129745	0.785982392684092	0.7355861843141093	0.23127321653163302	10880,306,2830,637
0.7633931618098683	0.7291386552367877	0.7633931618098683	0.6680036035296179	0.23855626078563286	11117,43,3424,69
0.7993584931413362	0.7825212816857566	0.7993584931413362	0.7849140633564302	0.22647635204305483	10262,910,2030,1451
0.789804135671876	0.8171953585796164	0.789804135671876	0.7990079005371196	0.23399338968674133	9168,2087,993,2405
0.764689824609295	0.7758960015985843	0.764689824609295	0.6689216957717464	0.23729854631606662	11127,18,3430,78
