accuracy	precision	recall	f1	oob	confMatrxVars
0.8336176892104006	0.8374020466419624	0.8336176892104006	0.806015853172787	0.17239462985170673	10986,203,2235,1229
0.8199003617006756	0.8339365549358307	0.8199003617006756	0.7816909974345162	0.1811986311386703	11021,112,2527,993
0.8250187674878864	0.8346766328973355	0.8250187674878864	0.7915789927795038	0.17865395302582698	10982,148,2416,1107
0.8248822766668942	0.8236134781127566	0.8248822766668942	0.7963906039235382	0.1724531281991284	10889,269,2297,1198
0.817716508564799	0.8359990559909702	0.817716508564799	0.7774650827196226	0.17958992658457396	11017,87,2584,965
0.8268613935712823	0.8303679486903205	0.8268613935712823	0.7974037568883793	0.17274561993623683	10914,214,2323,1202
0.8294547191701358	0.8326138383213847	0.8294547191701358	0.8004355460736138	0.17239462985170673	10962,211,2288,1192
0.8271343752132669	0.8329052717839566	0.8271343752132669	0.7946243386001652	0.17868320219953782	11035,173,2360,1085
0.8190131713642258	0.8353098458121543	0.8190131713642258	0.7807992923761431	0.17795197285676678	10981,102,2550,1020
0.8252235037193749	0.8362850215290252	0.8252235037193749	0.7897039557751091	0.1749978063119717	11065,127,2434,1027
0.8232443868149867	0.8350948225582717	0.8232443868149867	0.7880883599425772	0.17923893650004386	10993,130,2460,1070
0.8267931481607862	0.8285031654410631	0.8267931481607862	0.7975332522317956	0.17312585919447776	10928,230,2308,1187
0.8310926090220433	0.840564932945565	0.8310926090220433	0.7993147756284628	0.17836146128871855	11058,140,2335,1120
0.8207875520371255	0.8303391092955197	0.8207875520371255	0.785685863988652	0.17616777326040545	10953,152,2474,1074
0.8264519211083055	0.8356402748932186	0.8264519211083055	0.7942310312855855	0.17619702243411628	10966,154,2389,1144
0.8231078959939944	0.8342047860504799	0.8231078959939944	0.7854573190954025	0.18108163444382697	11101,122,2470,960
0.8275438476762438	0.8312753813614973	0.8275438476762438	0.7983475688242937	0.17169264968264641	10915,212,2315,1211
0.8275438476762438	0.8373003359802214	0.8275438476762438	0.7948759754252168	0.1766650092134897	11008,144,2383,1118
0.8267931481607862	0.8330706518564114	0.8267931481607862	0.7953223372442814	0.17458831788001994	10973,178,2360,1142
0.8234491230464751	0.8324491709424064	0.8234491230464751	0.7888222337444708	0.17531954722279097	11003,150,2437,1063
0.8256329761823518	0.8252125680267794	0.8256329761823518	0.7967445767838639	0.17388633771095963	10913,255,2300,1185
0.8248822766668942	0.831720063337066	0.8248822766668942	0.7924871970040582	0.17593377987071868	10962,174,2392,1125
0.8271343752132669	0.8365855268841189	0.8271343752132669	0.7921620998755813	0.17774722864079084	11104,134,2399,1016
0.8284310380126937	0.8390031112590578	0.8284310380126937	0.7954294220516483	0.17555354061247774	11037,134,2380,1102
0.8208557974476216	0.8330284063950045	0.8208557974476216	0.7849057364475416	0.17555354061247774	10966,131,2494,1062
