accuracy	precision	recall	f1	oob	confMatrxVars
0.8622807616187811	0.8567253020468826	0.8622807616187811	0.8549720659727009	0.13706162800900878	10552,561,1457,2083
0.862690234081758	0.856547198203837	0.862690234081758	0.856001600412474	0.13618415279768348	10608,605,1407,2033
0.8625537432607657	0.8567192171875181	0.8625537432607657	0.8557352833026882	0.13571616601830994	10563,590,1424,2076
0.8600969084829045	0.8540149411657668	0.8600969084829045	0.8540789470549612	0.13574541519202088	10502,656,1394,2101
0.866443731659046	0.8609066554649187	0.866443731659046	0.8602595736614361	0.13823159495744242	10590,589,1368,2106
0.8635774244182078	0.8577972285668274	0.8635774244182078	0.856858948244376	0.13712012635643045	10578,587,1412,2076
0.8648058418071385	0.8592507625674373	0.8648058418071385	0.8584545750752554	0.13720787387756295	10555,591,1390,2117
0.8626219886712618	0.8567822774105743	0.8626219886712618	0.8557678040456318	0.13627190031881597	10568,588,1425,2072
0.861734798334812	0.855952495341296	0.861734798334812	0.8547608979739754	0.1382900933048642	10542,586,1440,2085
0.8646693509861462	0.8589753212422173	0.8646693509861462	0.8575076630304448	0.13679838544561118	10628,557,1426,2042
0.8599604176619122	0.8540350377622512	0.8599604176619122	0.8527748807718717	0.1362134019713943	10526,591,1461,2075
0.8645328601651538	0.8593969281356939	0.8645328601651538	0.8573631055962734	0.13788060487291232	10551,542,1443,2117
0.864123387702177	0.8585862111761666	0.864123387702177	0.8569863737837398	0.13615490362397265	10589,557,1434,2073
0.861734798334812	0.8560881710157036	0.861734798334812	0.8539875841409866	0.13580391353944254	10584,548,1478,2043
0.8652835596806114	0.859551716335931	0.8652835596806114	0.8582456255900469	0.13747111644096055	10642,560,1414,2037
0.8624172524397734	0.8565769970309021	0.8624172524397734	0.8561810777362744	0.13688613296674368	10529,621,1395,2108
0.8661025046065652	0.8604361435692452	0.8661025046065652	0.8595238589120122	0.13764661148322554	10625,575,1387,2066
0.8638504060601925	0.8583269387458399	0.8638504060601925	0.857159540155308	0.13659364122963524	10545,579,1416,2113
0.8673309219954958	0.8621882760546831	0.8673309219954958	0.8607552005535539	0.1372663722249846	10581,552,1392,2128
0.859346208967447	0.8535472908286583	0.859346208967447	0.8513761481718972	0.13548217262862328	10552,557,1504,2040
0.8663754862485498	0.8608036708430187	0.8663754862485498	0.8600854700355548	0.13732487057240628	10600,585,1373,2095
0.8637139152392002	0.8582155945679103	0.8637139152392002	0.8564780621777772	0.1364766445347919	10580,554,1443,2076
0.8654200505016038	0.8600841828079457	0.8654200505016038	0.8586892707870601	0.13793910322033398	10566,562,1410,2115
0.8591414727359585	0.852975077916768	0.8591414727359585	0.8512002000309911	0.13624265114510514	10587,569,1495,2002
0.8700607384153416	0.8648246510598997	0.8700607384153416	0.863891716182787	0.13922606686361105	10645,558,1346,2104
