accuracy	precision	recall	f1	oob	confMatrxVars
0.8604381355353853	0.8542330559131284	0.8604381355353853	0.8528815615603175	0.14270671853520134	10602,579,1466,2006
0.8620077799767966	0.8562953540518717	0.8620077799767966	0.8543298550352364	0.14700634707069526	10594,551,1471,2037
0.8618712891558042	0.8561082471535454	0.8618712891558042	0.8552538942891496	0.14305770861973144	10520,602,1422,2109
0.861257080461339	0.8554989071371681	0.861257080461339	0.8533216167991842	0.142589721840358	10599,546,1487,2021
0.8646693509861462	0.8591924693226808	0.8646693509861462	0.8567424501782678	0.14463716400011695	10665,519,1464,2005
0.859346208967447	0.8535561403325779	0.859346208967447	0.8509805692677016	0.14247272514551468	10584,541,1520,2008
0.862212516208285	0.856638610845305	0.862212516208285	0.8543857910729342	0.1424142267980929	10596,540,1479,2038
0.8585955094519894	0.8525416940125604	0.8585955094519894	0.8503056305439376	0.14209248588727363	10585,555,1517,1996
0.8649423326281308	0.8590001381757784	0.8649423326281308	0.8579656410906623	0.14375968878879175	10658,571,1408,2016
0.8618712891558042	0.8565257471006869	0.8618712891558042	0.8538384079073342	0.14159524993418937	10579,528,1496,2050
0.8589367365044701	0.8527709963048925	0.8589367365044701	0.851490738456427	0.14361344292023748	10547,592,1475,2039
0.8594826997884393	0.8535758785951516	0.8594826997884393	0.8516568793400426	0.14147825323934604	10557,565,1494,2037
0.8613253258718351	0.8550344342682795	0.8613253258718351	0.8547500398392264	0.14557313755886392	10589,624,1408,2032
0.8628267249027503	0.856988231865227	0.8628267249027503	0.8547731358663746	0.14370119044137009	10663,534,1476,1980
0.8624854978502696	0.856802119850612	0.8624854978502696	0.8547984503029179	0.14478340986867122	10605,547,1468,2033
0.8600969084829045	0.8545347126745424	0.8600969084829045	0.8524794811341296	0.14080552224399656	10516,561,1489,2087
0.8607793625878659	0.8548169446464408	0.8607793625878659	0.8531473367832305	0.14361344292023748	10586,567,1473,2027
0.8578448099365318	0.851779066506534	0.8578448099365318	0.850224318644762	0.14016204042235803	10515,588,1495,2055
0.8613253258718351	0.8558303626664792	0.8613253258718351	0.8536392743154577	0.14507590160577966	10549,549,1483,2072
0.8624854978502696	0.8566799465205243	0.8624854978502696	0.8549103765155958	0.14326245283570738	10611,555,1460,2027
0.8594144543779431	0.8531630610295806	0.8594144543779431	0.851529170278221	0.14203398753985197	10601,572,1488,1992
0.8642598785231693	0.8589467910962165	0.8642598785231693	0.8561704752040187	0.1433794495305507	10650,511,1478,2014
0.8615983075138197	0.8563382267727955	0.8615983075138197	0.8532900560684672	0.14247272514551468	10588,517,1511,2037
0.8595509451989354	0.8536134689829867	0.8595509451989354	0.8519712545402213	0.14454941647898445	10544,576,1482,2051
0.8594144543779431	0.8532075253281234	0.8594144543779431	0.8519847378735093	0.1415367515867677	10565,591,1469,2028
