accuracy	precision	recall	f1	oob	confMatrxVars
0.8604381355353853	0.854551835532523	0.8604381355353853	0.8535270837225668	0.14428617391558685	10516,600,1445,2092
0.8592779635569507	0.8531366456257083	0.8592779635569507	0.8527963618476615	0.14422767556816518	10502,637,1425,2089
0.8600969084829045	0.8540613993902398	0.8600969084829045	0.8529469784812906	0.14226798092953874	10543,595,1455,2060
0.8623490070292773	0.8563185501805541	0.8623490070292773	0.855548263279248	0.14367194126765914	10586,598,1419,2050
0.8646011055756501	0.8592176495111148	0.8646011055756501	0.8572370965895884	0.14533914416917726	10602,540,1444,2067
0.8626219886712618	0.8566458259614885	0.8626219886712618	0.8556429064386192	0.1435549445728158	10596,586,1427,2044
0.8606428717668737	0.854210494174221	0.8606428717668737	0.8539602872631338	0.14454941647898445	10597,627,1415,2014
0.8607111171773698	0.8545330397229777	0.8607111171773698	0.85435334682799	0.14270671853520134	10545,636,1405,2067
0.8643963693441616	0.8587885804532581	0.8643963693441616	0.8590661892976389	0.14542689169030976	10519,654,1333,2147
0.8637821606496963	0.8585521114252341	0.8637821606496963	0.856967668715687	0.14370119044137009	10510,565,1431,2147
0.8604381355353853	0.8541831176654026	0.8604381355353853	0.8532195226784223	0.14387668548363508	10588,596,1449,2020
0.8622807616187811	0.8562327404255802	0.8622807616187811	0.8558863311444522	0.14387668548363508	10568,620,1398,2067
0.8597556814304238	0.8537951128252973	0.8597556814304238	0.8523246777986064	0.14174149580274353	10542,582,1473,2056
0.8621442707977889	0.8561568773627005	0.8621442707977889	0.8545700851196657	0.14413992804703268	10624,562,1458,2009
0.8626219886712618	0.8565258270163193	0.8626219886712618	0.8556731734626708	0.14484190821609289	10612,591,1422,2028
0.8596191906094315	0.8533260956962271	0.8596191906094315	0.852163854434064	0.14159524993418937	10584,591,1466,2012
0.8595509451989354	0.854001117545656	0.8595509451989354	0.8512143676144331	0.14367194126765914	10562,535,1523,2033
0.8639186514706886	0.8582148061052312	0.8639186514706886	0.8570837989218854	0.1455438883851531	10584,577,1417,2075
0.8652153142701153	0.859823685143252	0.8652153142701153	0.8584232053444049	0.14317470531457488	10573,562,1413,2105
0.8656930321435884	0.8603175180817123	0.8656930321435884	0.8591814121508822	0.1467723536810085	10563,572,1396,2122
0.8615300621033235	0.8555783066438866	0.8615300621033235	0.8555206612675632	0.1444031706104303	10517,643,1386,2107
0.8600286630724083	0.8540947844014802	0.8600286630724083	0.8537563587212152	0.14375968878879175	10479,637,1414,2123
0.8656930321435884	0.8602116093807929	0.8656930321435884	0.8604253133830216	0.14340869870426165	10527,645,1323,2158
0.8634409335972156	0.8580048735965106	0.8634409335972156	0.8559031271417034	0.14454941647898445	10590,541,1460,2062
0.8568893741895858	0.8507134620550216	0.8568893741895858	0.8493176039941103	0.14282371523004478	10499,599,1498,2057
