accuracy	precision	recall	f1	oob	confMatrxVars
0.8587320002729817	0.85290385125154	0.8587320002729817	0.8491001460364163	0.14726958963409287	10679,500,1570,1904
0.8590049819149662	0.8534722768599328	0.8590049819149662	0.8490285887750807	0.1467723536810085	10693,481,1585,1894
0.8562069200846243	0.8502815668904181	0.8562069200846243	0.8466471451848328	0.14612887185936996	10610,519,1588,1936
0.8623490070292773	0.8579013190328048	0.8623490070292773	0.8513497211350369	0.14715259293924943	10808,412,1605,1828
0.8557292022111513	0.849753994382889	0.8557292022111513	0.8448925937561045	0.1486150516247916	10708,482,1632,1831
0.8545690302327168	0.8483837831924659	0.8545690302327168	0.8447999394247531	0.1465091111176109	10604,527,1604,1918
0.8514979867603903	0.8465097492076337	0.8514979867603903	0.8400910099948624	0.14273596770891217	10574,470,1706,1903
0.8562069200846243	0.8495752228395562	0.8562069200846243	0.8458283324447254	0.14525139664804465	10734,507,1600,1812
0.8587320002729817	0.8524879357806322	0.8587320002729817	0.8492700653561055	0.14732808798151453	10701,515,1555,1882
0.855114993516686	0.849687301082458	0.855114993516686	0.8444966916793849	0.1454561408640206	10633,481,1642,1897
0.8581177915785163	0.852593209380723	0.8581177915785163	0.8482104324020968	0.1446664131738279	10661,488,1591,1913
0.8561386746741282	0.8516710115220644	0.8561386746741282	0.84518017971042	0.14516364912691215	10628,447,1661,1917
0.858390773220501	0.8540071303364133	0.858390773220501	0.8475381513594265	0.14688935037585193	10676,436,1639,1902
0.8536135944857708	0.8483442005828181	0.8536135944857708	0.8425049418396447	0.14621661938050245	10624,472,1673,1884
0.8554562205691667	0.8497291598765139	0.8554562205691667	0.8443239309842957	0.14981426774693618	10708,470,1648,1827
0.8576400737050434	0.8520632359152563	0.8576400737050434	0.8472898831776745	0.14507590160577966	10691,478,1608,1876
0.8597556814304238	0.854253031041488	0.8597556814304238	0.8507151166357398	0.14595337681710496	10627,507,1548,1971
0.8575718282945471	0.8524195957690366	0.8575718282945471	0.847229608263401	0.14551463921144225	10657,470,1617,1909
0.8506107964239404	0.8451311860922708	0.8506107964239404	0.8380400712692703	0.14744508467635786	10679,453,1736,1785
0.8562069200846243	0.850332055887638	0.8562069200846243	0.8461988094355152	0.14314545614086405	10644,503,1604,1902
0.8564799017266089	0.8498690478346119	0.8564799017266089	0.8476509949403839	0.14665535698616516	10625,560,1543,1925
0.859346208967447	0.8543957346815559	0.859346208967447	0.8493043654537736	0.14548539003773142	10664,465,1596,1928
0.8598921722514161	0.854430283122135	0.8598921722514161	0.8506684808340308	0.14548539003773142	10644,499,1554,1956
0.8504743056029482	0.8439934178785112	0.8504743056029482	0.8404693869530406	0.14393518383105675	10535,549,1642,1927
0.8526581587388248	0.8462537184310203	0.8526581587388248	0.8423917359962643	0.14574863260112902	10609,526,1633,1885
