accuracy	precision	recall	f1	oob	confMatrxVars
0.858459018630997	0.8532098088958074	0.858459018630997	0.8495134375267083	0.1421509842346954	10558,512,1562,2021
0.8609840988193544	0.855745257110263	0.8609840988193544	0.8521762146286166	0.14437392143671945	10616,502,1535,2000
0.8596191906094315	0.8539305985265593	0.8596191906094315	0.8517338874739021	0.1413612565445026	10540,556,1501,2056
0.8620077799767966	0.856626267747719	0.8620077799767966	0.8532734364141282	0.14335020035683987	10652,502,1520,1979
0.8625537432607657	0.8569283090296793	0.8625537432607657	0.8542629772372285	0.1436426920939483	10652,521,1493,1987
0.8581860369890125	0.8526938702380558	0.8581860369890125	0.8484372460543727	0.14270671853520134	10646,492,1586,1929
0.8598239268409199	0.8535758756286324	0.8598239268409199	0.8515923705946002	0.1414490040656351	10637,555,1499,1962
0.8611888350508429	0.8560304805093758	0.8611888350508429	0.8513431748144191	0.14349644622539415	10714,465,1569,1905
0.8599604176619122	0.853610791804793	0.8599604176619122	0.851734067410467	0.1436426920939483	10652,557,1495,1949
0.8586637548624855	0.8528630340530802	0.8586637548624855	0.8487632252604141	0.14150750241305687	10698,491,1580,1884
0.8558656930321435	0.8496783847785732	0.8558656930321435	0.8465944880257474	0.1417999941501653	10600,537,1575,1941
0.8639868968811847	0.858904364040224	0.8639868968811847	0.8553759663709254	0.1419754891924303	10669,488,1505,1991
0.855592711390159	0.8494785727320642	0.855592711390159	0.846011771520511	0.13913831934247856	10611,526,1590,1926
0.8615300621033235	0.8555770099203638	0.8615300621033235	0.852843587534768	0.14305770861973144	10690,520,1509,1934
0.8582542823995086	0.852555188511497	0.8582542823995086	0.8485951105218468	0.1417122466290327	10657,499,1578,1919
0.8579813007575241	0.8520694561630922	0.8579813007575241	0.8491145800838704	0.1401327912486472	10600,533,1548,1972
0.8614618166928274	0.8557255570597823	0.8614618166928274	0.8537864224424727	0.14296996109859894	10581,555,1475,2042
0.8613253258718351	0.8560119142495002	0.8613253258718351	0.8517495989886741	0.14226798092953874	10705,476,1556,1916
0.8610523442298506	0.8555489326522296	0.8610523442298506	0.8526614089216819	0.1412735090233701	10605,523,1513,2012
0.8575718282945471	0.8514925822832978	0.8575718282945471	0.8486417144068985	0.1402205387697798	10610,537,1550,1956
0.8570258650105781	0.8515454537048518	0.8570258650105781	0.8475105670622372	0.14253122349293634	10591,506,1589,1967
0.8590732273254623	0.8539418627945669	0.8590732273254623	0.8494724209106678	0.14332095118312904	10628,484,1581,1960
0.8605746263563775	0.8544239093939519	0.8605746263563775	0.8524151288227972	0.1418877416712978	10642,551,1492,1968
0.8572988466525626	0.8514960332530365	0.8572988466525626	0.8478558653399647	0.14054227968059907	10620,514,1577,1942
0.8607111171773698	0.8552667717572554	0.8607111171773698	0.8518656081991851	0.14133200737079177	10631,507,1534,1981
