accuracy	precision	recall	f1	oob	confMatrxVars
0.8637821606496963	0.8586923741123199	0.8637821606496963	0.8556049180528351	0.14165374828161104	10621,505,1491,2036
0.8663754862485498	0.8611299908733645	0.8663754862485498	0.8590420184202876	0.13984029951153876	10634,527,1431,2061
0.8599604176619122	0.8544718555284085	0.8599604176619122	0.8514619664674457	0.14089326976512917	10582,525,1527,2019
0.8607793625878659	0.854669863604789	0.8607793625878659	0.8514541770757746	0.1404837813331773	10736,505,1535,1877
0.853681839896267	0.8481794925378745	0.853681839896267	0.8436285023548157	0.13805609991517742	10548,508,1636,1961
0.862212516208285	0.856887067827304	0.862212516208285	0.8540368393468107	0.14133200737079177	10600,520,1499,2034
0.8621442707977889	0.8570543453637632	0.8621442707977889	0.8534542452652994	0.1405715288543099	10624,496,1524,2009
0.8589367365044701	0.8535648942124315	0.8589367365044701	0.8499897465495266	0.13878732925794846	10583,512,1555,2003
0.8557292022111513	0.8500448898624258	0.8557292022111513	0.8461570672756383	0.13770510983064732	10577,516,1598,1962
0.8592779635569507	0.8538413672434568	0.8592779635569507	0.8502303510529288	0.14080552224399656	10608,508,1554,1983
0.8611888350508429	0.8549799265376741	0.8611888350508429	0.8531544102832137	0.13992804703267137	10657,554,1480,1962
0.8606428717668737	0.854402853957224	0.8606428717668737	0.8516325258694687	0.1393430635584545	10719,520,1522,1892
0.8601651538934006	0.8547517150294963	0.8601651538934006	0.850871453978762	0.14068852554915323	10654,494,1555,1950
0.861734798334812	0.8568918832486966	0.861734798334812	0.8528199304260912	0.13852408669455085	10612,485,1541,2015
0.8577765645260357	0.8511700455580953	0.8577765645260357	0.8494876145990682	0.13998654538009303	10624,574,1510,1945
0.8620077799767966	0.8565891343798886	0.8620077799767966	0.8537665773819374	0.14168299745532187	10610,521,1501,2021
0.863167951955231	0.8571109253578079	0.863167951955231	0.8551494294073176	0.1401327912486472	10695,539,1466,1953
0.8563434109056166	0.8500896929117405	0.8563434109056166	0.8476148000183858	0.13890432595279179	10577,556,1549,1971
0.863645669828704	0.8584396632578859	0.863645669828704	0.8556364106416992	0.14086402059141834	10613,515,1483,2042
0.8596874360199277	0.853246942857207	0.8596874360199277	0.8515583079449078	0.14007429290122553	10648,565,1491,1949
0.861257080461339	0.8560754843797157	0.861257080461339	0.8514726744423343	0.14133200737079177	10712,467,1566,1908
0.8588002456834778	0.85274793211333	0.8588002456834778	0.8495305376739718	0.139430811079587	10670,517,1552,1914
0.8635091790077117	0.8581690469663176	0.8635091790077117	0.855206264615918	0.14071777472286406	10651,508,1492,2002
0.8601651538934006	0.8539978943922331	0.8601651538934006	0.8530278294377877	0.14077627307028573	10563,599,1450,2041
0.8647375963966423	0.8602327378998886	0.8647375963966423	0.856144381791982	0.14124425984965927	10635,471,1511,2036
