accuracy	precision	recall	f1	oob	confMatrxVars
0.8493141336245138	0.8449838053192882	0.8493141336245138	0.8353911117675903	0.15075024130568315	10697,409,1799,1748
0.8450829181737528	0.8381046802591118	0.8450829181737528	0.8317455198860303	0.1514814706484542	10671,489,1781,1712
0.8504743056029482	0.8442694809966971	0.8504743056029482	0.838691501609228	0.15013600865775545	10655,488,1703,1807
0.845628881457722	0.8432029920179461	0.845628881457722	0.8291821250307879	0.15060399543712888	10725,351,1911,1666
0.8439227461953184	0.8386713497582957	0.8439227461953184	0.8289409684603702	0.1535874111556349	10676,428,1859,1690
0.851361495939398	0.8466107636208187	0.851361495939398	0.8379710526660347	0.15212495247009272	10729,417,1761,1746
0.8525899133283287	0.84688719076694	0.8525899133283287	0.839967120013844	0.15224194916493605	10750,445,1715,1743
0.8510885142974135	0.8461022793670693	0.8510885142974135	0.8380281294969383	0.15282693263915292	10706,430,1752,1765
0.8502695693714598	0.845316584635809	0.8502695693714598	0.837302939701435	0.15180321155927345	10674,436,1758,1785
0.8459018630997065	0.8414854756305484	0.8459018630997065	0.8305097194918918	0.15554710579426134	10725,397,1861,1670
0.8539548215382515	0.8486503142754662	0.8539548215382515	0.8412559480226282	0.1488782941881892	10772,429,1711,1741
0.8441274824268068	0.8371522809208727	0.8441274824268068	0.8301636137188074	0.15504986984117697	10689,478,1806,1680
0.8401010032075343	0.8326184647843372	0.8401010032075343	0.8261300844767174	0.15256369007575532	10610,508,1835,1700
0.8484269432880639	0.841917857917102	0.8484269432880639	0.8344395131074476	0.15238819503349033	10782,447,1774,1650
0.8505425510134443	0.8453705918441426	0.8505425510134443	0.8370591879972701	0.1548158764514902	10735,426,1764,1728
0.8476762437726063	0.8409346525746169	0.8476762437726063	0.8346096580223693	0.1514814706484542	10708,478,1754,1713
0.8522486862758479	0.8468295446104905	0.8522486862758479	0.8394284883162987	0.15192020825411678	10741,437,1728,1747
0.84283081962738	0.8364461322773235	0.84283081962738	0.8286568366719897	0.15408464710871916	10640,470,1833,1710
0.8523169316863441	0.8486572986025815	0.8523169316863441	0.838716956280989	0.15338266693965896	10721,390,1774,1768
0.847062035078141	0.8404691349676948	0.847062035078141	0.8334187417436648	0.15247594255462282	10725,464,1777,1687
0.8476762437726063	0.8411732246921734	0.8476762437726063	0.8342240430881318	0.15089648717423731	10723,464,1768,1698
0.8482904524670716	0.8427357520745585	0.8482904524670716	0.8345490520295745	0.15417239462985166	10713,438,1785,1717
0.8457653722787143	0.8398004553030911	0.8457653722787143	0.8318564535011237	0.14937553014127347	10678,454,1806,1715
0.8445369548897836	0.8379105852721037	0.8445369548897836	0.8312043839352063	0.15399689958758667	10637,486,1792,1738
0.851361495939398	0.8463922452373355	0.851361495939398	0.8370923139251107	0.155781099183948	10810,401,1777,1665
