r2	rmse	mse	oob	mae
0.7758136314010775	120.90897915751928	14618.981240913434	0.1993606815336637	83.59308629040478
0.7900795858970203	118.72834360816813	14096.419575939239	0.20053504627743335	82.29818301638231
0.7750821672685132	122.82424329428177	15085.794740812922	0.19669814062237234	85.03404830041279
0.7940695607458169	115.74454211131012	13396.799028556841	0.2071624145494576	82.77271727352026
0.785300772837504	119.44188792520845	14266.364591138055	0.20190888190333478	83.27896813691727
0.7951816965030293	117.47163923479313	13799.586024509388	0.2087548331631346	82.06612921377663
0.7963359048706669	116.28684391802265	13522.63006841456	0.2049541246329819	82.97108338295003
0.7972618737435413	116.02287367033982	13461.307214723634	0.20766581166577813	81.93961054739222
0.7916997799899524	115.46977255876787	13333.268374773581	0.20268653765741296	82.16375449680072
0.8086137549398996	114.61728465147917	13137.121940878202	0.2133647313159327	81.8651929278897
0.8081970621930098	114.40099488265821	13087.587630141988	0.21178654567866284	81.44458992630442
0.8020303787158297	117.46508431579853	13798.046033317658	0.20420005705107258	82.54556389551847
0.8035689146765882	116.47996201389505	13567.581550758432	0.2087939809310071	82.92801081697135
0.7973322208578117	116.44128225276087	13558.572212667124	0.20787251157548758	82.62498987863447
0.7965066973531534	113.98076348524368	12991.61444467906	0.20451416330180916	79.7838500894808
0.8033986815842816	114.47490522928035	13104.50392725272	0.20871360118710047	82.49327415111058
0.8077433188139455	115.12849976433198	13254.571457985789	0.21280147737432653	82.64527629594551
0.7954545815085514	118.3628370427996	14009.761192820331	0.20399499318553016	83.49518394438088
0.7921435000594087	117.84369186871965	13887.135713249741	0.20484563733293548	81.44692884212029
0.8103873791153247	115.30106507493018	13294.335607413283	0.2123189614212766	81.9640023696238
0.7987902523444926	113.15076003577154	12803.094496672753	0.2107940717377691	80.41870939888335
0.798070525959202	115.48403006617613	13336.561200325474	0.20741331274970287	82.24005730250656
0.7832741615143343	118.45404016556428	14031.359631545114	0.20064182956368604	81.81177114729176
0.7950989757777017	118.19738388478268	13970.621557206685	0.2026641930154346	82.8220360363788
0.8035053179981365	112.36445281121516	12625.770255563797	0.2090912036776268	80.91405973800234
