r2	rmse	mse	oob	mae
0.8258478637909531	105.47475900845933	11124.924787892573	0.18382998059492195	69.91315348404554
0.8237985657809475	108.6754823768428	11810.360469839468	0.18592518049940998	70.80929311708273
0.8293047709094974	106.42438845340648	11326.150457681557	0.18978343750240967	70.70053253290158
0.8107175744926665	112.80150591936388	12724.179737676282	0.18003154804735177	72.06698196581596
0.8227975068947779	107.34126404768202	11522.14696735419	0.18763185111214342	70.98570353786455
0.8122713888400775	109.84423156237983	12065.75520752972	0.18064732899125446	71.20445258261434
0.8320580067729471	106.4876825117888	11339.62652673153	0.18921295640502955	69.09188506431431
0.8203554659377105	108.78316384483283	11833.776736091744	0.18379558812220864	70.4827829664701
0.8201253079913504	108.88361997020799	11855.642697816675	0.1852810367972213	71.18267060097577
0.8097521049098065	112.17177088233822	12582.50618287978	0.18117842539727014	71.54089514427248
0.808050106603662	107.586583179416	11574.872880221395	0.17912807265265274	69.84356834316542
0.8272652514466352	104.978389952495	11020.462357018101	0.18824209506086198	69.89476745815213
0.8154317338331206	111.55260574155587	12443.983847731002	0.183274766215215	71.56865182853089
0.8132442761694323	112.62815912697494	12685.102228331187	0.18197508424617836	72.03692760805845
0.8248246369863126	108.34366809855075	11738.350417048925	0.1859761791586384	71.18278609004945
0.8333758873872409	106.40255259100984	11321.503197882614	0.19116268356856203	71.16862069564614
0.8258013326572186	105.46134217683178	11122.094693738798	0.18802347819254528	70.12149468441254
0.8162848335665565	110.03662130983918	12108.058029284954	0.184852507564927	71.26412353266109
0.8160839756656223	109.88252555117884	12074.16942150547	0.18350628137382552	70.99652540371468
0.8215201827961995	109.5570559490219	12002.748508217115	0.18582960336365972	71.20664037540166
0.821940740297864	105.46564753382812	11123.002809729665	0.18790630706807387	69.42211370187121
0.8097933235226124	114.74141414276563	13165.592119481658	0.17701873259942436	73.66334099997545
0.8352677551723009	107.54024998401287	11564.905366623982	0.19083009877028567	70.97577518159817
0.8081190993701972	114.71482888675612	13159.491966517739	0.17853614077422553	73.00717255761522
0.8418071503509407	102.44165647295789	10494.292980923516	0.19443172806301867	67.45099085393112
