r2	rmse	mse	oob	mae
0.5985610275695288	161.70031874098692	26146.993080936765	0.43225586692459417	116.54622951691226
0.6281110868232475	156.02933265428769	24345.152648542364	0.41962912491605464	118.93873246095654
0.6326359771449281	156.77507420123578	24578.423890802984	0.40696214327252256	115.9668334245988
0.645133860628415	154.15347285937582	23763.29319460632	0.4012261620838642	116.72810677339474
0.647027110764537	150.6606026571787	22698.617193024285	0.4136586303857308	112.34185008620233
0.6431837999516481	149.50011670020373	22350.284893374534	0.3900926409702694	113.2377969806493
0.6172018807104593	159.3665598518112	25397.700399000918	0.4329547741152626	118.18021619984513
0.6435912465020657	156.61447999865825	24528.095345250127	0.402496296109224	115.36606340962393
0.6686934557012945	145.21622121643944	21087.75090438188	0.37010310542938263	108.77112765943814
0.6108357197894158	163.25166014449746	26651.104539934502	0.44358034488610687	118.62717634990588
0.6459754514154087	152.48975593901304	23253.12566633976	0.39115098463726494	112.18771601481296
0.592112885045557	163.01494155455939	26573.87117003641	0.42410115926903247	121.64080475379423
0.6477537754601286	151.57304891779438	22974.389158236092	0.4063481570598434	110.75559235020587
0.6277566742353273	157.16142300381833	24699.71288058512	0.4263249925317951	117.94938642326132
0.6018756225944484	162.61707693015052	26444.31370930649	0.4432338355597141	120.77845790079164
0.6555959246937954	148.8397741947502	22153.278382344226	0.3861275914931437	112.89667088750049
0.6118387257899534	159.32126212259487	25383.264564336587	0.42658986611022476	114.75024260106785
0.6532924928403657	151.23349937617223	22871.57133356269	0.40877452132449554	111.88751026183769
0.6483978237408006	153.5041469126784	23563.523119389152	0.40609867465711347	113.03523851526657
0.6302793779302531	154.4542126474339	23856.10380453873	0.4003696640083091	113.9032035842335
0.6121861774448463	159.07584634293053	25305.12488971965	0.4174316711110916	114.9720261697856
0.635905035960341	153.68966684158485	23620.513693877347	0.41645674657983256	114.7156620076312
0.5782241780478522	165.39061741408128	27354.056328611	0.4604284431258747	118.77778070614919
0.6547836609462248	149.8186840243248	22445.638082780475	0.39228991510053257	114.24574377808493
0.6452234638561343	151.01928529949174	22806.824532369286	0.39545872925356707	113.35539338682611
