r2	rmse	mse	oob	mae
0.8132136878487237	109.91009444479928	12080.228860864698	0.18696983527459365	74.44667257246265
0.8264312566259966	107.32974542754657	11519.674253541954	0.19227607735399432	73.15252207614097
0.8154698448378054	112.03894127149462	12552.724361237422	0.1887096888540163	76.21962566157566
0.8079240086699359	110.9041289221423	12299.725811979162	0.18527657002013065	74.04785224988451
0.814661546254638	110.00938596314288	12102.064999987737	0.18786448328075878	73.84856861516154
0.818462833888336	109.54441549221971	11999.978965532067	0.18886699797960538	73.98298957174444
0.8039823739174339	113.47186190718472	12875.863444683198	0.180284107615599	74.55651261037691
0.8277993723068846	107.20447603596045	11492.799682144818	0.19410991278342293	73.14212002135332
0.8137468735574929	110.37707906837755	12183.099583666872	0.18645460899465294	73.0930869015255
0.8295782420377508	105.49327297528006	11128.830643036954	0.1925474868425323	71.24802359632899
0.8159401233486713	108.7879608206977	11834.820419525659	0.1888400963868635	73.44223885879725
0.8076334502073654	110.21732922541045	12147.859661582517	0.18376921891814124	73.29384090656586
0.816492068777643	112.20126599149715	12589.124090094696	0.18714049870935523	73.4015917100763
0.8327269149892205	105.61436639578318	11154.394389182735	0.196594887095637	72.26994615309111
0.8096340435397826	111.05210325313645	12332.569636945278	0.18475021025141225	74.28273287991644
0.8112256194484352	110.12586153105482	12127.705377957062	0.1874436626925543	74.12082659224006
0.8136930651968656	109.24407153606631	11934.267165777173	0.18366120079547643	73.15682121840906
0.7929341986950413	115.95657752016781	13445.927870190686	0.177754077711076	76.16558279129393
0.824472333938062	108.44322167925394	11759.93232817581	0.19183658861085184	73.96569610133771
0.79806783888965	113.28817990699383	12834.2117066394	0.18141803588102512	75.28203894363854
0.823887590746805	108.00250765492517	11664.54165975217	0.19085319074121587	72.83759626389187
0.8124522878046783	114.40271781918659	13087.981844416434	0.1875919401008409	75.16576386482758
0.8093302906469768	111.4966331036403	12431.49919344778	0.18511559291816237	73.9319490847939
0.8281284401576079	107.15662048892683	11482.541314607895	0.19480328874729347	72.94847116225777
0.8049047296408276	111.5999630057914	12454.55174289401	0.18451161883362188	75.53135423859038
