r2	rmse	mse	oob	mae
0.7996153212559833	111.92121933986438	12526.359338522034	0.17765333504800151	72.14492585146023
0.8140245179692858	108.88950288934495	11856.923839488662	0.17888941108458822	72.34680224194885
0.8140573956986832	110.25847615666858	12156.931564390654	0.1824391575267168	71.64813693627784
0.8090862510964891	111.68382902914976	12473.277666612355	0.1798576984068485	73.71540401767692
0.821650859966354	107.56314174830818	11569.829462766638	0.186499011850356	71.8124656749856
0.8217449858073389	106.4811306852616	11338.231192011759	0.18703938895222505	71.92407281482464
0.8186850530496588	110.15815191010442	12134.818432249642	0.18270923602567624	72.20690727439629
0.8206401421478146	106.74890986878138	11395.329758173211	0.18844643622921242	72.90870380361449
0.8239855132078844	107.69732377246058	11598.713547750202	0.18658457715310584	71.00494168584254
0.8040074724697575	113.18288729268772	12810.365975909253	0.17668036914604413	73.6297551312587
0.8173170723754403	111.61666674092587	12458.280294354907	0.18403962253416473	72.8477803503913
0.8099983528781242	110.83523525142192	12284.449373238042	0.17911986197916052	73.49144719969824
0.8122380405363792	110.53467306118166	12217.91394874232	0.18022458377796013	71.89479010322577
0.8285660266883759	107.56374511174255	11569.959262463919	0.19071035329694297	70.71732729587275
0.8341389610916978	106.52736112032446	11348.078667260013	0.19156579870145052	71.44145086138273
0.8261298946074269	109.35950607550419	11959.501569078238	0.1891874335301904	71.92533954099176
0.8091263185237363	113.57219931875086	12898.644458098075	0.17861196534259371	72.40466562320881
0.8268602640479552	111.30838391665353	12389.556330137133	0.1866663986504521	73.88782386639636
0.8240821207141689	111.2719456452652	12381.445887682854	0.19011350656548165	72.52815993539993
0.8137134968709802	110.20232406312802	12144.552228914685	0.1833157511885315	71.66085873021372
0.8096277101480263	113.72869223636486	12934.215437793797	0.1834104426033235	74.3756270344035
0.8221291329548591	107.53922216622158	11564.684304115963	0.1858038621961493	70.99563240833656
0.8190349182901641	108.07831860479985	11680.922952440624	0.18208415076831752	71.43127389880452
0.8176948491145598	111.23696047516317	12373.661375753014	0.1833203460230869	72.7015705182672
0.8067291693078478	110.34570918757885	12176.175536109724	0.1771083650945111	72.23068373214298
