numTrees	treeDepth	r2	rmse	mse	mae	buildTime
11	29	0.7882704430517842	118.49880709236679	14041.967282313959	76.08678897388663	0.11336517333984375
11	29	0.8001760849857683	112.95562717902827	12758.973711407629	73.4527745152869	0.11778593063354492
11	29	0.8155028548691401	114.34192667044768	13074.076194710033	76.10691916370372	0.11282038688659668
11	29	0.811943459052705	112.14429813656929	12576.343604543737	75.79115262199399	0.11246395111083984
11	29	0.8064190468791721	110.44841318364423	12198.851974784999	74.03221706540496	0.11256670951843262
11	29	0.808136069085492	111.99967089467283	12543.926280515025	73.63079538574146	0.11316585540771484
11	29	0.8074546212915261	111.49088309423827	12430.217013133106	73.72449764642985	0.11488485336303711
11	29	0.7896600591133183	115.1752861358905	13265.34653648425	75.12523710063643	0.11517500877380371
11	29	0.8053325282857059	115.10300499409126	13248.701758669798	74.9320768053878	0.11524391174316406
11	29	0.8011780081442121	114.65928915289427	13146.752589047019	74.9243018876707	0.11670613288879395
