numTrees	treeDepth	r2	rmse	mse	mae	buildTime
11	7	0.7901881861221633	121.30287157876798	14714.386653255076	85.14014026237015	0.054792165756225586
11	7	0.7786111634618906	121.25460464526054	14702.67914767844	82.28822211589487	0.05418586730957031
11	7	0.7903285610789046	116.03410311514368	13463.913085735798	83.5059203344872	0.055258989334106445
11	7	0.7806058570211737	120.2451156493523	14458.88783752611	82.76520576723499	0.05595088005065918
11	7	0.7889884745770801	120.73297759841718	14576.451879779905	83.9306935614818	0.05547213554382324
11	7	0.7839321407661577	120.22845220710951	14454.880720117217	82.72913791858298	0.057739973068237305
11	7	0.7675524185054571	122.33314158959888	14965.397531180846	83.79684212598143	0.061216115951538086
11	7	0.7816751599019625	119.82964419347616	14359.143627535095	85.73502985725501	0.06010317802429199
11	7	0.7824450683886099	120.94357790755788	14627.349037081523	84.09783992095988	0.05894613265991211
11	7	0.78868235788623	117.9228387940954	13905.795909258211	81.60417663565055	0.05843305587768555
