numTrees	treeDepth	r2	rmse	mse	mae	buildTime
11	27	0.8192717737183391	110.06310927257347	12113.888022746447	73.75730538009097	0.1110830307006836
11	27	0.7947087096099559	115.25395917963873	13283.475106581831	75.23965619605545	0.11081194877624512
11	27	0.7940155427036322	115.87855163031807	13427.838727940292	76.25909828250543	0.1107029914855957
11	27	0.814335704067936	110.21880889640217	12148.18583454162	72.70103934775302	0.11214375495910645
11	27	0.7957748378505243	116.82563393839207	13648.228745107186	75.8321939789389	0.1150670051574707
11	27	0.7896622908427535	117.75241850498497	13865.632063773126	76.49430346739247	0.11134004592895508
11	27	0.8087758150096944	112.8593527173997	12737.233495790437	74.27568821877735	0.12365603446960449
11	27	0.7856848581070831	117.19141193262706	13733.827030762684	77.21435172377427	0.12479376792907715
11	27	0.7929182787716775	116.72413143780909	13624.522859910932	75.41043181733221	0.11677074432373047
11	27	0.8056696106846345	114.28066667909137	13060.070776617584	74.66904117525173	0.11688089370727539
