r2	rmse	mse	oob	mae
0.8387990078722467	106.8177021426164	11410.021491028716	0.1970530223587721	72.09348562715701
0.8128185874671353	114.2525491542104	13053.644988235264	0.18111392302187002	73.77919460671932
0.810083192439176	110.60066583995413	12232.507284241197	0.18056376065071245	71.7521418402092
0.8088345214788571	112.32671213378528	12617.290258786266	0.17813192741131523	72.06429853938218
0.8232184401116368	106.5578387412864	11354.572997213998	0.18690309654677062	70.2100252331446
0.8160689065716052	112.0864898141896	12563.381198866431	0.18435369841909566	73.43294280458302
0.8313317008774919	108.23060315799714	11713.86345994386	0.19162067338607658	71.67849611641378
0.8226532088846367	109.99217587044761	12098.278752715478	0.18610975581987232	73.16134470793125
0.83426749174842	106.21342813307193	11281.292315779236	0.19185652726053837	72.02690264464911
0.8189359425635879	108.42135908523382	11755.191105889215	0.18413909376814086	71.61832665955457
0.8279575531571057	108.097122358044	11684.987862089938	0.18983861733757623	71.70515574896035
0.8249376745723948	110.16872785405256	12137.148596980298	0.18556724641649536	71.35729594771537
0.8291910019124871	106.031112691684	11242.59685863659	0.1883970025505428	70.41570959266137
0.8279239757212646	107.2833833840761	11509.724350334656	0.18689296137105527	71.47207012497941
0.8059194454267695	112.84482863816451	12733.955350376713	0.17603888794493028	72.6039529613308
0.8116606185590305	110.8775732709782	12293.836254461141	0.18204301216942553	72.63595059079168
0.8161525890749015	111.31933001127952	12391.993234160158	0.18434659427891353	73.89321818158548
0.819997494607472	108.39894427526188	11750.331119991331	0.18308167810123321	70.58062217358267
0.8194057510299313	110.53890314995142	12218.849109594341	0.18419726084834642	71.95793986920943
0.8217887048604668	107.25242341380017	11503.08232813307	0.1841969659664736	71.32867783227441
0.8149951524985829	111.96807688139104	12536.850240517095	0.18295884615789348	73.659356876851
0.80650321633447	112.36246811361389	12625.324240582897	0.17617085887431871	72.23096212144905
0.8035009435864683	111.44618892926458	12420.253026857335	0.17944659825886122	73.73380283944209
0.8255238784538648	107.60315404863327	11578.438761213903	0.18866028325097473	71.26918228074489
0.8130010714949611	110.72281436877219	12259.541621741586	0.18054080265852246	72.00798540909815
