r2	rmse	mse	oob	mae
0.7029603008158035	140.47387786960087	19732.910363723542	0.27848427541461973	105.13808710100986
0.7140104685912649	136.99635448300083	18768.00114163202	0.2891055600541982	102.15341456564552
0.7103162858196694	136.0582878731645	18511.857698976903	0.2820736659594947	102.99124238172723
0.7210945779016493	134.50148519867832	18090.649520650284	0.2875370731262197	102.40440795583825
0.7126813797921274	135.7281607488721	18422.13362027167	0.28449732596053146	103.41891158643958
0.7194681845530682	137.4607563003097	18895.459522653135	0.28206858435854054	101.62940878117136
0.7195232419823137	134.70112711920376	18144.393647183893	0.2782361271566983	101.12856610950925
0.7114639008687509	139.2255555722627	19383.75532440521	0.28887341208017037	103.91974196242658
0.7055898342781936	139.1110998021864	19351.898088173868	0.2837665148046271	104.53636222627108
0.7135874415655215	134.08622057724352	17979.114548689202	0.2940162556748229	102.91764044877247
0.6971947169822126	143.13983256016155	20489.011665351085	0.2901548467369166	106.02670933667382
0.7016150770453626	140.86233592620795	19842.197682587856	0.2768134702992351	104.43925921845442
0.71762980990223	138.02510391369805	19050.929310387146	0.29321366441790375	104.93818875380823
0.7065907298192606	140.57774303385406	19762.101836492307	0.2949367598879966	104.94770939268048
0.701308610403354	136.80216526134643	18714.83242019274	0.29121665465418345	103.94913503565806
0.7205135093596629	138.02956881090765	19052.161866125087	0.28806762778542794	104.48126250771458
0.714971585474867	138.2079088588113	19101.42607112549	0.28877301838211666	103.08228470153169
0.7112545323374145	138.4030722373463	19155.4104047361	0.2862328688242364	104.52196685930863
0.7203018813544099	134.83274348573738	18179.868715890654	0.2871678482582358	101.81975139123507
0.7234127303644471	136.35549677517778	18592.821500805516	0.28963310323550984	101.93509912379817
0.7130163868893029	137.8364893899982	18998.89780735909	0.28579977832567693	103.68303682382329
0.7091801165191473	138.24264502103352	19111.028902411486	0.2828871305781343	103.14931393322708
0.7177221304229222	136.9077798617045	18743.740186660947	0.2910230459426073	105.33438309884336
0.7044726910097368	143.0778763750062	20471.278707981564	0.28206585235775106	106.41776194502013
0.6969838441884156	138.8241228939776	19272.137097282193	0.28777126797309704	104.22208447634827
