r2	rmse	mse	oob	mae
0.8163602471383768	110.45291335308913	12199.846068185014	0.17931195904018193	71.07159144061869
0.8181234936002924	111.69598699773746	12475.993511398738	0.18094738504032126	73.50777022845706
0.8229905680315347	106.62255487693731	11368.369208485508	0.1836497760977055	70.33278258796653
0.8255494168079969	106.27434139882301	11294.235639753588	0.18285158563231796	69.02772862767584
0.8312355641150047	105.61648380560376	11154.841651459363	0.18662562328371257	70.27119660750131
0.8065960610385325	112.44115719495404	12643.013831340366	0.17502178713222616	72.39840669358263
0.809473641726054	111.93688390542454	12529.865978456492	0.17529889649424513	70.6923020803756
0.8164348453778565	108.95211038529288	11870.562357409046	0.178435995806287	72.27776684581244
0.8114645385939445	109.77885640213002	12051.397312959481	0.17967388820738628	71.0860606464775
0.8278230455723399	107.2109825970112	11494.194789416637	0.19139103619027387	70.41511321584345
0.8188363526007737	110.44928677342843	12199.044948759032	0.18408550750231645	72.0235616332212
0.8211959294744444	107.65706563475462	11590.043781085864	0.17993178276775645	70.25173678429064
0.8325084794109213	108.29695503062077	11728.230468904296	0.19116443245059045	71.72066516267944
0.8212098817797917	108.97644150630342	11875.86480337677	0.1836609445450219	72.27722356365209
0.8399181256294099	104.04176528055041	10824.688922693143	0.19124278363586467	68.06038318768603
0.833114759740855	105.89156614220153	11213.023780048241	0.19003161604817775	70.61142389105363
0.8009860494489727	113.6487021392931	12916.027497945764	0.17526391121334428	73.34732401890105
0.793472820527694	115.40173892933934	13317.561347915396	0.16816780115296537	73.18963547082437
0.8268730594259057	108.14057392714388	11694.383729292069	0.187894804450225	72.09478980824728
0.8153896871815025	112.3487609480393	12622.244086559682	0.18207723514159635	72.20735956797633
0.8023623338565317	115.7376936550897	13395.21373259939	0.1727004109587006	72.76844242011255
0.8183166036879117	111.88533833940302	12518.328935322688	0.17945010983081966	71.12279983956695
0.8152913717245006	110.30901906140011	12168.079686288333	0.18169937712364514	71.2209101131548
0.8094736030584139	111.95975617046574	12534.98700175014	0.17436725888769278	71.67930049486736
0.8038146350094924	111.5786912158831	12449.804333449389	0.17697998325859954	71.73023605465568
