r2	rmse	mse	oob	mae
0.5657084410218602	170.4248012007764	29044.612864324154	0.4517783932848607	125.461664818333
0.5395805617083467	178.138556028584	31733.34514394896	0.4702325740014328	127.361336993105
0.5420967298263628	176.38216183752638	31110.66701447935	0.4524892867063628	127.36160028763507
0.5480186099598894	171.29420444575663	29341.70447670467	0.4609443104502071	125.0792920521604
0.564940603085942	166.98850902362176	27885.1621459322	0.4445897454578416	120.67847885111223
0.5427930754768722	179.83070796398212	32339.083526827024	0.45956317743162844	129.8630369557461
0.5253243933062258	174.3890622019059	30411.545015660202	0.45410145508329114	127.39398847276497
0.5569997361514175	171.4814053125559	29405.87236796907	0.46175237984579964	125.36397160462391
0.5319473450046572	172.51909650304694	29762.838658227625	0.46690443481097743	125.6852669969804
0.5512923839878886	165.2830004683542	27318.470243821972	0.4406026469951885	121.1168647097055
0.5591820392039897	168.85991465922046	28513.67077871922	0.4449256500026495	124.0641572226715
0.5263688569038089	176.99702202653313	31327.945806261057	0.4720990403098332	127.1461133844876
0.5355614604830097	178.2091405772939	31758.497785297703	0.46689058804161976	128.59892896103025
0.5442210992626759	173.7964352724064	30205.200913395744	0.44763464892067084	128.14061857430644
0.5555038847127352	171.03518130804807	29253.033245076873	0.44965634295609624	123.02774448368042
0.5615065043111533	172.10318008784202	29619.504596348183	0.45529265513532646	126.135341189153
0.5467551816605027	175.74562925329317	30886.52620163598	0.47337429251751795	126.57923350681057
0.5501480882122558	175.23761578877466	30708.221987334204	0.4493449203803366	128.66617440118557
0.5619276649560336	165.69146730575758	27453.662337934933	0.4594624053764884	123.77205689890592
0.5451995735411048	175.02533327135419	30633.867286748602	0.4520958195052791	128.08150680375425
0.5421611750738607	175.57640395899475	30827.073627172107	0.4583088616691068	129.18706816479255
0.5472273194185757	172.12013798063106	29625.341898471474	0.45888721195313087	125.04298171407441
0.5497800754887592	170.64600167318284	29120.05788704392	0.4573242588898142	124.53603081869343
0.5438926154749338	171.57401345343797	29437.642092520513	0.4691480633188295	124.53188368530445
0.530241083550711	180.45132173786914	32562.67951694396	0.46463429573385995	129.7219260775885
