r2	rmse	mse	oob	mae
0.7860535046306856	121.63926578753545	14796.110981330694	0.2253941774456394	87.85547509536273
0.7884800377851611	118.957073277607	14150.78528277396	0.2250631932778533	86.41202987483996
0.7876607058008305	119.67468616557422	14322.03050882868	0.22514993302857722	87.7966785559018
0.7710780996867185	121.91821584576778	14864.05135501522	0.21785955649981492	88.68396881272442
0.7947805282619397	115.86910042080349	13425.648432326243	0.22727544935315303	85.17053517893416
0.7924478406269031	117.47457977622744	13800.276893601225	0.22428042539378912	85.59324483792888
0.7850604501095212	119.14935756404174	14196.56940792387	0.2232212673234828	86.5405110831801
0.7835896567751156	118.47281454125543	14035.807785326706	0.2244583975661787	86.5838653081073
0.782278815498632	122.95408228270664	15117.706349982593	0.2244725844845621	89.40612911037209
0.7862336299798608	119.83669822349768	14360.834241109653	0.224175676761609	88.59827761958836
0.7890043174355289	119.26140488921905	14223.282696150243	0.22421192704871507	87.16958379240201
0.7757038185719498	119.58708704014485	14301.071386747182	0.2174203763959507	86.86234551945911
0.7806024312454805	121.30213570516834	14714.208126635076	0.22652375197042096	88.93154840693784
0.7810533318656865	119.43506427652586	14264.734578737864	0.2198484119730445	87.22307378346204
0.7920736177448623	115.79573209670932	13408.651571812876	0.22680729693173496	84.03613549000008
0.7732214935478396	121.40329198263201	14738.759304220202	0.22029921589979018	90.76791076787751
0.7777827561425348	122.36866909364579	14974.091175750182	0.21742474691894564	88.57726912509845
0.7850550723565468	120.67165353834686	14561.64796767882	0.22735835500598478	88.5917638889454
0.7694333805130118	120.28904784060288	14469.455030398847	0.21538256518752452	87.40423749216278
0.7797927165872393	120.75959938369894	14582.880843311463	0.22394809125319182	88.8107273518103
0.7672376890120125	122.43543343377522	14990.435360116402	0.2135654255582521	87.96208939475298
0.784743381834747	120.3511509019939	14484.399523434508	0.22248225359602314	86.98810776660522
0.7779878410744061	118.37907223107067	14013.604742289046	0.22149847363412734	86.69631671066492
0.7888683693709336	119.28486453971688	14228.878908258606	0.22645357904091734	86.80534096715218
0.7933857305120411	121.04547399552446	14652.006774801188	0.22802373748490257	88.68627639449652
