r2	rmse	mse	oob	mae
0.8275419695720905	106.1787678834696	11273.930749251716	0.18528487103125535	68.98313869387829
0.8280731059401435	106.66645761933525	11377.733181057443	0.18780111142980305	70.33210247707038
0.8197988076315814	107.92295855058558	11647.364982311414	0.18283490163645078	70.47309209741101
0.8154700165782647	108.96186817220648	11872.688715577302	0.18302655356502628	71.47537154218541
0.8181203707199409	106.4188360395199	11324.96866400622	0.18323934267761965	70.0086508425657
0.815876398992842	110.53640751858423	12218.297387114522	0.17885388491298104	71.57581360341074
0.83644214814446	106.1536560775417	11268.598698629006	0.19010407469998092	70.80138544162303
0.8291862465975204	105.67813490064417	11167.868196078747	0.18755119827886557	69.8044578032677
0.8168341958400143	111.66817349741919	12469.780972249715	0.17865707911734674	72.03385068618148
0.8326352625879458	106.17955811246736	11274.098560958833	0.18707637199632587	70.53437923678946
0.7999571214359025	116.83127625797489	13649.547112067248	0.17256689047245855	74.0920825713779
0.8385457783673761	105.2510273733441	11077.778763144428	0.19224110999823263	70.40575421725201
0.8113474617625647	113.77231957824516	12944.140702214347	0.17978254905111501	72.81176545168857
0.8098191705231076	112.12501970519016	12572.02004388928	0.18013333383948438	71.54822347986567
0.8286436346484656	107.11259989104974	11473.109055420107	0.18669346180043	71.26188892771536
0.8104279939833627	115.53294401150659	13347.861151965915	0.17564588405692216	72.7799865131546
0.8496463046310788	100.77309789764335	10155.217259888012	0.19588232061439337	68.26228938482724
0.8116025808952894	111.91723325651229	12525.46709979258	0.179506701663801	72.4360091778524
0.8241651940697677	108.0948910341525	11684.505467685301	0.18284326237132253	70.88631868895041
0.8145403294610052	107.58917741619672	11575.431097093855	0.179574078896513	69.17731874684905
0.8133414454525218	111.47243065734345	12426.102796656243	0.17801867669336868	71.3795728298128
0.8216700404365729	108.46094657033254	11763.77693093253	0.1831878824474511	71.09393253582486
0.8276750913406346	106.79975515023808	11406.187700150807	0.1842998474861698	69.29892692320574
0.8081989391891166	108.26346094749074	11720.976976328853	0.17941202347871876	68.7217961392945
0.8224377944021573	108.34415212742672	11738.455300210986	0.18548322668795458	71.61234225056792
