r2	rmse	mse	oob	mae
0.782327703512091	114.85367468624884	13191.366588934678	0.18575651563030982	78.51324995216451
0.8122455860618298	109.39452527759744	11967.162160710905	0.19964943085501508	77.19850400431125
0.8004167384813275	115.19864129282388	13270.726955712707	0.19153283419229494	78.92950336363721
0.8214820083051454	109.25776014547955	11937.25815200714	0.20072046386216025	76.8156696953602
0.8110880036477423	111.23260314740767	12372.692002948686	0.1975120118830962	77.93621839156746
0.8112802656346418	112.03461820908156	12551.755677254669	0.1980465593263081	77.84238402903836
0.8171102599002057	112.22273313343398	12593.94183193794	0.20075981015516464	78.49711914833794
0.7908966131223718	118.06995043582974	13940.513195919291	0.1896960897094926	79.80140986110214
0.8038754790911832	111.67886156305156	12472.168120019234	0.1946366676237098	78.14252850380107
0.8127914704430422	112.71529804210937	12704.738412721545	0.19862016330235555	77.75108467416453
0.8166626025722311	112.30650883849744	12612.751927491501	0.20128791549131586	78.26139767904519
0.8099026494846342	115.47821181854195	13335.217404808043	0.20060696007782086	80.48681133166035
0.8062518781504355	111.59255732262105	12452.898849802463	0.1969472566014725	77.7209011602087
0.7971354029456426	115.54641879748647	13350.974896924135	0.19140382860299165	78.52698551870189
0.7836407451549452	117.03055872867947	13696.151676346894	0.18705260992943262	79.38525335328073
0.8043380006725007	115.74602069427523	13397.141306559592	0.19556804296814445	78.7155411911121
0.8040885226585546	112.5760936267582	12673.376856260627	0.19403150793665858	78.16693309956744
0.78853544015741	115.36380184876711	13308.8067770016	0.18733967477068703	79.40646503649403
0.8098288755825158	113.46351317637931	12873.968822326402	0.19825641466842692	78.06526033619409
0.782634987858487	119.9119412717328	14378.873659555495	0.1808831064919192	79.55397560709609
0.8006106922428368	114.65055005051896	13144.748626886554	0.19250219617994857	78.65835780918395
0.8005301951491339	115.7283777156543	13393.057408697152	0.1922746747371541	78.66547184738855
0.7925011793617626	117.81149964301562	13879.54944813627	0.18929070872893272	80.85249940323351
0.7935089391385611	116.28604871014248	13522.445124617629	0.18670707753177773	77.6865143195883
0.8135260384703185	108.43147513550014	11757.384800060583	0.19798454764874018	76.68919078136335
