r2	rmse	mse	oob	mae
0.6487422209679788	154.95518308244118	24011.108764112865	0.36068466494780116	116.5962333308158
0.6651277123551205	150.78126592632591	22734.99015434541	0.3525439796653467	112.76072531045993
0.6687025625618805	147.92876346206955	21882.919059416923	0.3513281860121027	112.57697669608797
0.6376589424727812	154.53205413002468	23880.155753644874	0.34877996124976085	116.2933660533734
0.6463644820002736	155.79375647856972	24271.694557703882	0.3593470408913718	116.17030590560222
0.6512852635775879	147.59214840168738	21783.442269825715	0.34741783425919104	111.40852198304054
0.6480005763043711	149.23251374489143	22270.343158619213	0.35195303739596695	111.22950485704726
0.6446846322778823	151.6258055015368	22990.384893989867	0.35482546162368167	114.59674562789972
0.6572911912711934	153.5393566873881	23574.334051976988	0.3681552593200763	114.33974922499354
0.6401508754661256	154.42712930280226	23847.738264704407	0.35000905137561533	115.14872004923437
0.6586908882163183	148.6971493093954	22110.84221274063	0.36032278864750955	111.87450904037175
0.6460986413528089	151.4944124976379	22950.55701800447	0.34248008543815844	112.9083180271105
0.6631505652682959	149.33225049606926	22300.121038220776	0.3586275283672835	112.62492768062621
0.6399263719478441	156.87461132721432	24609.643679064557	0.34009351553414335	115.96984657022598
0.6500564801283728	154.17150362695543	23768.852530596327	0.3545892528222305	114.21767599758384
0.6583704395267974	152.4669556505611	23246.17256535016	0.3548201630385217	113.40227015421196
0.6584818707687882	152.88415296846856	23373.56422888609	0.35144945232918834	113.57231222457504
0.6610803799414545	150.6244729963966	22687.731865442212	0.3361986740879612	113.19312617324657
0.654844366018521	150.90804605508686	22773.23836416422	0.35579864356566027	113.50641177548135
0.6546867993023864	151.14713556248267	22845.456588743516	0.35705750275849324	111.82725748236814
0.6530633170724062	149.238942720066	22272.26202420314	0.3400746173426351	111.9480721023944
0.6638869688313667	147.00103712363685	21609.30491542486	0.3545337988037771	111.57213854316484
0.6388809170237122	154.79273295328554	23960.790175147173	0.35106117025694783	115.37353477624494
0.642388274327495	152.39138877078744	23223.13537148928	0.3532322219273757	113.7612641757356
0.6407812088944308	152.80786921858936	23350.244895125514	0.35917754892961584	114.54947031135383
