numTrees	treeDepth	r2	rmse	mse	mae	buildTime
1	13	0.6528996959621032	145.48666697499596	21166.370267493377	86.61235670833292	0.010679006576538086
1	13	0.6469850429370502	155.55779073977257	24198.22625983887	95.13301112250997	0.009921073913574219
1	13	0.6495187616459628	151.6444251216579	22996.031670478107	90.91481309689685	0.010532140731811523
1	13	0.5979464955127844	160.96789240187164	25910.66238430052	99.48577889036561	0.010144948959350586
1	13	0.6772488820060377	148.18712251135082	21959.423278194095	89.73034895798087	0.010026931762695312
1	13	0.621282858930601	159.7962284827973	25534.83463732636	99.73210249665813	0.010779857635498047
1	13	0.5285443254279832	174.81669999995896	30560.878598875654	100.03556659643259	0.010461807250976562
1	13	0.609100520347142	165.06851736177677	27247.615424015195	98.30863282074506	0.011452913284301758
1	13	0.6854233226026294	145.333778904707	21121.90729072226	88.57924792394861	0.010695934295654297
1	13	0.6846308986394812	144.82578650954812	20974.50843810921	89.03566202022608	0.010234832763671875
