numTrees	treeDepth	r2	rmse	mse	mae	buildTime
1	23	0.5916793423128792	163.48306991678592	26726.71414941671	98.00012636750816	0.01166224479675293
1	23	0.6392950163026908	154.09885935604646	23746.45845483459	95.01517531721996	0.01212620735168457
1	23	0.5781197506318718	164.6792541171616	27119.25673658469	95.1156816211164	0.011771917343139648
1	23	0.5929507642422938	163.5582206014881	26751.291526325043	98.50690369691272	0.012066841125488281
1	23	0.6366638921135579	154.00952504442472	23718.933804409287	90.0414233220741	0.01088094711303711
1	23	0.6102043917701763	159.66780054596896	25493.80653118732	93.71130247957173	0.012955188751220703
1	23	0.6393771585509889	153.932628532976	23695.254127071177	92.43849541560617	0.012926816940307617
1	23	0.6208287074171533	157.31481629196594	24747.951424974992	95.2070600883296	0.013415813446044922
1	23	0.5850010773769899	162.24369373257807	26323.016155990594	98.03159579617913	0.012546062469482422
1	23	0.637072606007871	151.21673343719664	22866.500471416188	92.30902431959427	0.012343883514404297
