numTrees	treeDepth	r2	rmse	mse	mae	buildTime
1	29	0.6194906019273263	160.0773049974728	25624.74357525393	98.08725876746712	0.012146949768066406
1	29	0.6112045399915924	155.5505514169011	24195.974046101994	91.62065894002326	0.010754108428955078
1	29	0.5991525456451954	167.50577021192436	28058.183054290002	100.98989032028248	0.011831998825073242
1	29	0.6238279627859784	159.86128855556532	25555.631578645723	96.85282528609734	0.011873006820678711
1	29	0.5849308779918247	173.22836242637382	30008.065548923125	104.48805524465246	0.01232290267944336
1	29	0.6373557496415778	154.78656682020352	23958.881267985325	92.68256961402795	0.028840065002441406
1	29	0.6475356590342936	155.3170288522973	24123.379451505352	92.92730833980833	0.035610198974609375
1	29	0.6014099486740698	161.72833338177819	26156.053818447584	97.18593195641806	0.015288114547729492
1	29	0.6159708676511904	155.65761717150534	24229.29378351091	93.51639165875277	0.012794017791748047
1	29	0.5831671310749797	163.2408416604792	26647.572386021642	97.4380993489504	0.013567924499511719
