r2	rmse	mse	oob	mae
0.5896817916787538	171.21153445924944	29313.389531890753	1.0762838631546063	129.10097329715526
0.5537710242934983	170.9058606132824	29208.813191966718	1.0623702451541719	133.56415046357037
0.6274791047273307	157.0792140542038	24673.879487886377	1.0380154302098237	115.28488970232273
0.36254258439834675	202.91263146239405	41173.536006993345	1.168049001366683	145.3092472328015
0.5346394658861942	173.74935732734775	30188.839171666375	1.0421672739646275	139.18873699920698
0.5516406234919258	172.69927710598682	29825.04031293042	1.0524519860186656	124.30235302889892
0.543800903768648	174.54852478796798	30467.18750565587	1.0805266170709749	128.74988849178072
0.6460521722000501	152.0600370504221	23122.254867775744	1.0467697236865134	111.508215744899
0.46209703879218156	186.70110683930324	34857.30329502092	1.1515240503948216	132.73461795282793
0.47759491880007177	180.12670302984216	32445.62914440095	1.0950424657278066	127.86581307903032
0.5646603513706285	171.33749260041836	29356.536370598416	1.0338811662429312	125.35134171089572
0.3880181189540376	199.10724549298297	39643.695207802986	1.1521106903278056	146.5111492316585
0.6195850008015948	157.35819220034747	24761.600652561494	1.0658490731614385	118.766890737818
0.6289548662137081	157.00248064028995	24649.77892720462	1.0513444324137193	118.0705126097796
0.4556103820562226	188.5724185223715	35559.55702737643	1.1256924205059766	138.8657550654009
0.5212587432650762	174.24637125601987	30361.797895890704	1.0879383842052	132.86309897206937
0.47209330434264485	187.63657186701116	35207.483102004044	1.067429277414297	138.32854904003403
0.4662168874097279	193.02243660508435	37257.661032963806	1.1078073300170193	144.26518082786316
0.5386399369145574	171.81227644145667	29519.458335995525	1.0688503148606314	128.89181917189228
0.5755641169096022	173.32096435674197	30040.156685551017	1.074308969418045	123.63482942243532
0.5269974908444398	178.83140261715974	31980.670562020685	1.0922090088324117	133.85108579571477
0.44948363712258166	191.33545465218018	36609.256206956496	1.0992504556255784	140.46970526416476
0.48463792013943463	185.47933795547635	34402.584808401814	1.1182100647417177	139.1199026154866
0.5712306179882218	164.74118183239975	27139.656991535794	1.0547118559979263	128.78709198105977
0.5529224840138309	171.0461307539467	29256.778845896228	1.0543558600803413	132.90842764811
