r2	rmse	mse	oob	mae
0.660926909436668	148.83736400281757	22152.560923307217	0.3456314062264806	111.02253214517847
0.6483659067768841	151.9448392416884	23087.234172182536	0.3328184205105025	112.6465612414291
0.6377604979481575	157.29198603007063	24740.768869283937	0.37717682156093246	116.47947709560142
0.6565145763885922	152.3729527833514	23217.516739917435	0.3602949171778451	112.83208838261856
0.6330744263881407	154.0306506560344	23725.44134152131	0.36717130619458305	115.61524447271734
0.6324891366876989	159.20215281504755	25345.325460945758	0.37223130698414253	117.4143862753743
0.642776566874793	155.76998930510524	24264.2895681126	0.3708039406033594	113.2927816017163
0.6468005681056086	157.35757620389148	24761.406788763517	0.36860318794770897	118.5333408386511
0.6256689410684104	161.1753673334283	25977.499035065546	0.37141437917734543	117.37537744943702
0.6250622589507696	159.29522500575925	25374.968709635465	0.37783760118615217	117.81629976282551
0.6528890780017653	151.7047418541925	23014.32870104718	0.36129338260721466	113.72490401299325
0.6039893991956542	162.2305500143882	26318.751357970912	0.39517184222456514	118.63585359773312
0.6725939622153299	146.37101356053583	21424.47361073856	0.33799166777864764	108.86411368258563
0.651236054302377	152.611606735588	23290.302510417765	0.37398923987168553	113.13923970541103
0.627593912123062	160.88360201698313	25883.53339795902	0.37767526260087825	117.47882320060637
0.6508828142367511	149.3428935130411	22303.299842847533	0.3600567393246692	111.96184783630362
0.6428635838297155	149.85364595093995	22456.115204789658	0.3511988891999418	113.61360734225634
0.664563543591445	146.94065920761992	21591.557328369894	0.3482666522314082	111.98232215690649
0.6563732150821344	148.9869755280271	22197.11887698895	0.35710825893111164	111.6866747504609
0.6299176967365756	156.50021519422438	24492.317355838542	0.38087260683104396	115.33403669712561
0.6502899524071533	156.47067979419919	24483.073635258814	0.3557132162006238	116.8617181932044
0.6279468328336875	158.36560761304113	25079.66567464771	0.3785727827930896	117.37913783156391
0.6512568734351754	157.22854614425415	24720.81572263586	0.3810652745599753	117.22235325741967
0.64210345483053	153.09392650087597	23437.75033145561	0.37684544599357994	114.53932920753327
0.6375341092351671	156.73925801792808	24567.19500401063	0.3681321218682725	117.7386939069757
