r2	rmse	mse	oob	mae
0.8264011781477691	106.41456550847514	11324.059752357545	0.19135419608716986	69.10310128694248
0.8106275849280744	111.5137957754748	12435.326648254302	0.18129788809741554	71.60771082475534
0.8152577155618745	107.97028375756314	11657.582174688703	0.18641556535022175	69.95364630021379
0.8198658624556988	110.3906730703937	12186.100700934547	0.18442779194320635	70.8202205575718
0.8189603500695193	108.97556197179703	11875.673107068975	0.19017521391259917	72.44626971361818
0.8226313240630747	107.84677704923014	11630.927319906352	0.18781326160969858	69.47632912968663
0.7912932164598683	115.59533227416858	13362.28084357544	0.17642058537642846	73.1975535158749
0.8224852680318332	109.5444769744437	11999.992435604427	0.1876741822122785	71.75319935014002
0.8176617920203544	110.92179862522492	12303.64541025495	0.1880750242363366	72.38348547282847
0.8265020388894644	106.91836179719886	11431.536089396712	0.19229527121704182	70.56063759247307
0.8438560435610175	103.04615865826031	10618.510814223357	0.2011510471732766	69.37672087171404
0.8239380122037329	109.00574447948851	11882.25232952754	0.19004441296390018	70.99476280704228
0.8234375054674571	111.04523349164538	12331.04388121404	0.18944763691516842	71.52161941650681
0.8303951418095463	105.37144893477135	11103.142250613126	0.1898936462031221	69.58807607135975
0.8035872293141947	116.10342359522147	13480.00497053143	0.17940918936848171	72.60549839195481
0.8108633852951967	114.21643822491585	13045.39476078602	0.18459696563247197	71.93109684629567
0.8030534135147003	114.53667022987244	13118.64882734655	0.17778364395052504	73.35228079373299
0.8010559662167376	113.7243744770059	12933.233350186269	0.17817309849908036	72.21012214349672
0.820019399189025	109.54026897493891	11999.070527101965	0.19112873632176708	70.93665459299173
0.8232545579994356	107.85548536156227	11632.805722578174	0.19065335592091093	69.33418490389661
0.8092242744815819	111.822572957942	12504.28782293426	0.1775049049327323	71.15227643186029
0.8136815626302156	111.88601180792347	12518.479638282788	0.18307891642205731	72.78811815908757
0.810801563284522	114.57999297997046	13128.574791290079	0.18177461767606395	71.79540597328345
0.8273313664799271	105.33085523062707	11094.589063615316	0.19103207769508135	69.14834776362854
0.8230162785396268	109.59215578662096	12010.440609959	0.18693168849041464	71.26936792850657
