r2	rmse	mse	oob	mae
0.7674649980136502	122.24488659436292	14943.81229846865	0.21608603567483542	88.10117122250804
0.7806210177514248	119.65110711850973	14316.387434685088	0.22068085321095388	87.98936197714701
0.7876419249857549	118.020462953656	13928.829675795287	0.22790315890956148	87.4499135018784
0.7817211786116319	121.15054787574805	14677.455250593921	0.22904136616852477	88.64226164193849
0.7908132215878689	118.28056234486397	13990.291428617253	0.2257175370944029	87.01285394905841
0.7842013972781454	119.90463401654664	14377.121258641993	0.22730057234842527	88.3665493795399
0.7818675185610777	120.80731933768186	14594.40840555664	0.22409623422571423	88.31388803079884
0.7947741906516879	114.12549302237011	13024.628157599047	0.22885217317553375	84.82478344548257
0.7774535680453166	122.92421891431744	15110.363595695037	0.21835192353323452	88.23904355906797
0.7940276517482731	118.82467957597162	14119.304476332325	0.22791677808312372	86.95179352686047
0.7855113626647058	118.34529017593131	14005.607706825384	0.22163856106240154	85.71270287938641
0.773321904003441	122.48782838786472	15003.268103174998	0.2189201297528498	89.35203850346352
0.7785651073758386	121.30172030028382	14714.107347808287	0.22466983172639365	87.42352614856487
0.7694587410139855	124.56043740601912	15515.302566778806	0.21768873819402457	89.05840923738049
0.7704362872830105	124.65658817250062	15539.26497480842	0.2158771652374224	89.03724959719602
0.7818680569784628	117.08914006731014	13709.866721702174	0.22842465774581944	87.2141112753326
0.7985581093481917	118.02960265937502	13930.987103929945	0.22927242525083957	86.0197489013004
0.7881438682752375	118.72492092501453	14095.606848650952	0.22724659713520157	87.47711773182338
0.7794525016295075	120.20467364247916	14449.163565494926	0.22642801771585686	88.03322958767743
0.783590490770826	119.04180613457213	14170.951607781053	0.22775290761623346	87.39572702701908
0.7829575251811991	121.81786237440294	14839.591593468973	0.22700361729803742	89.72431484050895
0.7598351610373705	123.47698215077726	15246.565121063368	0.21273169273870884	88.25515971193212
0.7727519402820676	119.87418376932361	14369.819934361569	0.215876380005392	85.71949722170702
0.7701237358574269	122.91247458475688	15107.476408548504	0.2194674219185998	88.98014409878584
0.764169566299113	125.55892652681173	15765.044030565306	0.2121122209443954	89.07133730459107
