130	16	0.7600000000000001	0.7562942544374289	0.7600000000000001	0.7562752542628566	0.24044692737430165
100	10	0.763982683982684	0.7631545780612586	0.763982683982684	0.7594965248703162	0.24715083798882678
100	9	0.7641558441558441	0.7611536319173322	0.7641558441558441	0.7589178178881825	0.24357541899441335
90	14	0.7558441558441558	0.7515073279674823	0.7558441558441558	0.7502416685912638	0.24491620111731838
20	9	0.7603463203463202	0.7561749492725621	0.7603463203463202	0.7537334833298338	0.2632402234636871
110	11	0.75982683982684	0.7567016648550643	0.75982683982684	0.7543228491517234	0.24461824953445055
120	17	0.7615584415584415	0.7580657152453689	0.7615584415584415	0.7556611829046954	0.2432029795158286
80	15	0.7586147186147185	0.7540660093530653	0.7586147186147185	0.7535405479641746	0.2496834264432029
170	20	0.7542857142857143	0.750605915511905	0.7542857142857143	0.7486022072317966	0.2397020484171322
90	11	0.7601731601731602	0.7569113323910956	0.7601731601731602	0.7546372178355429	0.24230912476722527
160	19	0.7653679653679655	0.7624969253086543	0.7653679653679655	0.7610717921035772	0.2449162011173184
100	15	0.7534199134199133	0.7507843093210405	0.7534199134199133	0.7473916083049574	0.244022346368715
130	13	0.7577489177489177	0.7538194741510003	0.7577489177489177	0.7509703267397592	0.2441713221601489
80	10	0.7584415584415585	0.754234224268852	0.7584415584415585	0.7522756837758487	0.24476722532588446
170	18	0.7657142857142857	0.7617823819671883	0.7657142857142857	0.7605989202986566	0.2457355679702048
120	12	0.7579220779220779	0.7540026942541646	0.7579220779220779	0.7523889186892877	0.23903165735567963
40	8	0.7565367965367966	0.7555115982073827	0.7565367965367966	0.7507684262846988	0.24811918063314706
110	14	0.7516883116883116	0.7475894739164226	0.7516883116883116	0.7454298027541465	0.24350093109869636
80	8	0.7541125541125541	0.7504963613603785	0.7541125541125541	0.748115023173307	0.23999999999999996
160	8	0.7553246753246754	0.7525262549829592	0.7553246753246754	0.7492486616854604	0.2381378026070763
170	17	0.7622510822510822	0.7594837257660731	0.7622510822510822	0.7564588277791473	0.24134078212290497
140	11	0.7589610389610391	0.7572962016419115	0.7589610389610391	0.7526361010169248	0.24253258845437614
40	7	0.7660606060606061	0.7617155034646784	0.7660606060606061	0.7598401578492386	0.24595903165735564
150	5	0.7653679653679653	0.7601971980972796	0.7653679653679653	0.7566901867012144	0.23515828677839842
190	5	0.770909090909091	0.7710050643384379	0.770909090909091	0.7619361450205676	0.24148975791433888
80	7	0.7625974025974025	0.7584162161275252	0.7625974025974025	0.756173884718112	0.24342644320297946
160	7	0.7584415584415584	0.7550414961015082	0.7584415584415584	0.7518583543184753	0.23411545623836122
70	5	0.7567099567099568	0.7550628343522932	0.7567099567099568	0.7477428042140813	0.2387337057728119
130	1	0.6898701298701299	0.7523420652199297	0.6898701298701299	0.5992090815776802	0.3220111731843575
1	5	0.6962770562770563	0.6945229247296577	0.6962770562770563	0.6872049207522605	0.33154562383612657
20	3	0.7556709956709956	0.7516432527518639	0.7556709956709956	0.7414339771908839	0.25869646182495337
10	1	0.6825974025974025	0.7152516405066554	0.6825974025974025	0.5929287043579227	0.3146368715083799
150	10	0.7610389610389611	0.7591296357266728	0.7610389610389611	0.755672795377455	0.24290502793296082
200	5	0.7615584415584415	0.7579998442982648	0.7615584415584415	0.751122299197945	0.2353817504655493
160	16	0.7579220779220779	0.7544565803641305	0.7579220779220779	0.7540156332416629	0.23925512104283045
100	3	0.763982683982684	0.763924624178718	0.763982683982684	0.7489451433832428	0.2435009310986964
160	2	0.7432034632034632	0.7491853581085698	0.7432034632034632	0.7150887923049176	0.2618249534450651
80	2	0.7333333333333333	0.7424898626631138	0.7333333333333333	0.7027765972663184	0.2586219739292364
120	18	0.7579220779220779	0.7546476291133929	0.7579220779220779	0.7507041596114961	0.24081936685288638
40	2	0.7503030303030305	0.7599086489074548	0.7503030303030305	0.7219887082735439	0.2668156424581005
140	14	0.7570562770562771	0.7545485539848574	0.7570562770562771	0.7531174761787365	0.24260707635009307
170	12	0.7631168831168832	0.7594294331874879	0.7631168831168832	0.7578951912198746	0.24446927374301672
130	19	0.7688311688311689	0.7651401595134513	0.7688311688311689	0.7650457982121659	0.24618249534450648
160	13	0.7574025974025973	0.7545191374421845	0.7574025974025973	0.7526194996687164	0.239925512104283
100	6	0.7634632034632034	0.7593469852630309	0.7634632034632034	0.7573583466535219	0.23806331471135933
150	15	0.7670995670995673	0.7637571347620864	0.7670995670995673	0.7623457561277384	0.2458100558659217
10	4	0.7494372294372293	0.7453799918044455	0.7494372294372293	0.7396698794952127	0.26793296089385465
120	20	0.754112554112554	0.749804407425226	0.754112554112554	0.7489768773720781	0.24089385474860334
20	6	0.7577489177489177	0.7541859442565055	0.7577489177489177	0.7515557984318139	0.2560148975791433
130	4	0.7653679653679653	0.7616498968996556	0.7653679653679653	0.7542497479093445	0.2423836126629422
170	6	0.7638095238095236	0.7613955889039681	0.7638095238095236	0.7557075998916514	0.23627560521415267
60	4	0.7696969696969697	0.7659067150854136	0.7696969696969697	0.7600635818628111	0.24216014897579138
180	12	0.7688311688311689	0.7662747210380185	0.7688311688311689	0.7646336414262105	0.24551210428305395
180	4	0.7598268398268399	0.755521578850829	0.7598268398268399	0.7499340391587498	0.23999999999999994
10	16	0.7307359307359307	0.7239391707580795	0.7307359307359307	0.7193095598193199	0.2816387337057728
20	10	0.7433766233766234	0.7391807715873455	0.7433766233766234	0.7379451316281789	0.2672625698324022
1	14	0.6794805194805196	0.6816660332390573	0.6794805194805196	0.6787636982276912	0.3355679702048417
90	6	0.765021645021645	0.7610544269189574	0.765021645021645	0.7582759935741664	0.239925512104283
50	6	0.7622510822510822	0.7581755737365167	0.7622510822510822	0.7559009941645004	0.24223463687150829
140	4	0.7596536796536797	0.7596008873363499	0.7596536796536797	0.7484044430776011	0.23776536312849156
110	2	0.7463203463203463	0.7530165649281361	0.7463203463203463	0.7173365086584532	0.2602607076350093
190	13	0.7624242424242423	0.7593060569290208	0.7624242424242423	0.75823920366842	0.23910614525139662
30	11	0.7620779220779221	0.759660389470494	0.7620779220779221	0.7580608652234244	0.2686033519553072
30	2	0.7341991341991342	0.7359476105233472	0.7341991341991342	0.7077049418165309	0.2658472998137802
140	1	0.6812121212121213	0.7329426462056402	0.6812121212121213	0.5897245799537385	0.31798882681564244
50	20	0.7501298701298701	0.7464103060902724	0.7501298701298701	0.7445641024819905	0.24841713221601483
50	3	0.7589610389610388	0.7572158322152943	0.7589610389610388	0.7434653352532478	0.2462569832402234
90	3	0.7546320346320345	0.7502059800663519	0.7546320346320345	0.73965657589458	0.24253258845437606
20	15	0.7447619047619046	0.7398918494277842	0.7447619047619046	0.7368902175788683	0.2664432029795158
1	11	0.6843290043290046	0.6905508741689584	0.6843290043290046	0.6856072108275977	0.3424208566108007
10	13	0.7461471861471861	0.7405315773989105	0.7461471861471861	0.7390708530795209	0.2858100558659218
180	1	0.6813852813852813	0.7319259717025992	0.6813852813852813	0.5896632446696581	0.31418994413407825
180	17	0.7629437229437229	0.7608643423105487	0.7629437229437229	0.7582304417470591	0.2431284916201117
60	1	0.6765367965367965	0.7264537859684407	0.6765367965367965	0.5842463726896076	0.3108379888268156
170	3	0.7544588744588745	0.7576198685333224	0.7544588744588745	0.7354203668518327	0.24119180633147105
40	19	0.7520346320346321	0.7490162750535858	0.7520346320346321	0.7450842515357443	0.257877094972067
30	7	0.7553246753246755	0.7531414281368717	0.7553246753246755	0.74831824737059	0.25013035381750454
120	5	0.7664069264069263	0.7618749714472627	0.7664069264069263	0.7588336888207371	0.23873370577281186
30	14	0.7464935064935065	0.7425737518712038	0.7464935064935065	0.7407720633311203	0.26331471135940404
50	18	0.7658874458874458	0.7622878892206276	0.7658874458874458	0.7611660436463668	0.25795158286778397
190	16	0.7658874458874458	0.7625235523190093	0.7658874458874458	0.7606852229202662	0.24111731843575415
110	7	0.7670995670995672	0.7645301915122754	0.7670995670995672	0.7605239356718151	0.2420111731843575
30	8	0.7511688311688312	0.7469736848134069	0.7511688311688312	0.7443486774606234	0.25087523277467405
50	17	0.7546320346320345	0.750544074352968	0.7546320346320345	0.7480426074734079	0.2521415270018621
60	11	0.753073593073593	0.7497188261255778	0.753073593073593	0.7496749517334851	0.25281191806331466
190	19	0.7709090909090908	0.7672823223270538	0.7709090909090908	0.7663010218323234	0.24283054003724389
110	8	0.7605194805194805	0.7565820231976503	0.7605194805194805	0.754021023244632	0.23985102420856605
180	20	0.7596536796536795	0.7564587693295408	0.7596536796536795	0.755212898225443	0.2402234636871508
200	10	0.7608658008658008	0.7579195592675273	0.7608658008658008	0.7558849870310159	0.23903165735567966
70	10	0.7577489177489177	0.7562273861614857	0.7577489177489177	0.7541807861611808	0.24223463687150834
180	18	0.7719480519480519	0.7707875561206825	0.7719480519480519	0.7683842867572898	0.24551210428305395
40	16	0.7587878787878788	0.7546759675028311	0.7587878787878788	0.7540459191941267	0.2538547486033519
60	14	0.7570562770562771	0.7543950234963898	0.7570562770562771	0.7523326160671767	0.2503538175046554
50	12	0.7546320346320345	0.752043498359619	0.7546320346320345	0.750159991356741	0.2475977653631284
170	9	0.7624242424242423	0.7588046409105165	0.7624242424242423	0.7563524482661343	0.23947858472998132
40	13	0.7645021645021646	0.7615124658438681	0.7645021645021646	0.7608411442344635	0.25720670391061445
70	15	0.7546320346320347	0.7510992588816986	0.7546320346320347	0.7494600900316192	0.24372439478584723
10	19	0.7499567099567099	0.7431746112410984	0.7499567099567099	0.7406280328159324	0.2875232774674115
90	9	0.7601731601731604	0.7563625818722818	0.7601731601731604	0.7551441358075002	0.24573556797020477
200	15	0.756017316017316	0.7518904005928654	0.756017316017316	0.7513314896841294	0.23910614525139662
50	9	0.7608658008658008	0.7575510875196798	0.7608658008658008	0.7541640328893512	0.24923649906890127
200	4	0.7696969696969697	0.7677407269609644	0.7696969696969697	0.7587090027031426	0.24037243947858467
150	11	0.7603463203463202	0.758350667722197	0.7603463203463202	0.7564640748980456	0.23910614525139656
100	2	0.7343722943722943	0.7474561144590036	0.7343722943722943	0.7020432209698256	0.25959031657355675
160	17	0.7594805194805195	0.7558603653545244	0.7594805194805195	0.7539753386997659	0.24208566108007443
20	2	0.7426839826839827	0.7504470300078178	0.7426839826839827	0.7167945855996618	0.2677839851024208
1	4	0.7033766233766233	0.6944167270337341	0.7033766233766233	0.6870030975138164	0.328268156424581
160	6	0.7672727272727273	0.7656141494250249	0.7672727272727273	0.7598322957788686	0.23746741154562376
70	4	0.7613852813852815	0.7619158091940098	0.7613852813852815	0.7491060390645826	0.2411173184357541
190	4	0.7577489177489177	0.7546338095922459	0.7577489177489177	0.7454362456867785	0.23411545623836122
80	6	0.7646753246753246	0.7639800738103061	0.7646753246753246	0.7545599342167943	0.23925512104283048
40	6	0.7572294372294373	0.7530449378957773	0.7572294372294373	0.7500417257604383	0.24193668528864054
150	4	0.759134199134199	0.7566201662781006	0.759134199134199	0.7478082410738054	0.23776536312849156
170	16	0.764155844155844	0.7602971870469287	0.764155844155844	0.7595790684118296	0.24290502793296084
140	10	0.7638095238095236	0.7593381339183858	0.7638095238095236	0.7575255778429194	0.24432029795158278
20	7	0.7544588744588745	0.7496332350052429	0.7544588744588745	0.7481236084909204	0.2552700186219739
1	1	0.672900432900433	0.5999125405804626	0.672900432900433	0.6105671583838219	0.34510242085661075
130	5	0.7662337662337662	0.7640713265536486	0.7662337662337662	0.7568544815071755	0.23620111731843568
100	7	0.7646753246753246	0.7610348667286051	0.7646753246753246	0.7570128076222814	0.24081936685288635
160	12	0.7468398268398267	0.7432970159614117	0.7468398268398267	0.7408462124909339	0.23858472998137795
200	1	0.6850216450216451	0.7245624125918857	0.6850216450216451	0.5983545299591337	0.3167970204841713
10	5	0.7570562770562771	0.7533773105199854	0.7570562770562771	0.7476475296666442	0.2720297951582868
150	14	0.7613852813852813	0.7568262695846102	0.7613852813852813	0.755694193143322	0.24469273743016756
130	18	0.7655411255411255	0.7622338753706943	0.7655411255411255	0.7603057271867282	0.24409683426443196
140	15	0.7591341991341991	0.7579215873270548	0.7591341991341991	0.7545652787184421	0.2411918063314711
170	13	0.7660606060606061	0.7615363637720607	0.7660606060606061	0.7604522717277312	0.24484171322160145
150	1	0.6912554112554112	0.7275517304189643	0.6912554112554112	0.6051808563682338	0.3187337057728119
120	19	0.7534199134199134	0.7492795764789993	0.7534199134199134	0.7475908902152751	0.24081936685288635
40	3	0.7522077922077922	0.7546744441575712	0.7522077922077922	0.7350601826737528	0.2464059590316573
80	3	0.7485714285714287	0.7463421391357447	0.7485714285714287	0.7324230107979071	0.24409683426443196
190	1	0.68	0.7181114566596346	0.68	0.5881634773669218	0.31515828677839847
70	1	0.667012987012987	0.7274066319423095	0.667012987012987	0.5670638360195914	0.318584729981378
160	3	0.7613852813852815	0.7605875135543998	0.7613852813852815	0.746720570771458	0.24551210428305392
130	20	0.7636363636363636	0.7606365616606571	0.7636363636363636	0.759963451008037	0.24752327746741148
80	14	0.7471861471861471	0.7422178700917378	0.7471861471861471	0.7414169241789825	0.24387337057728117
110	10	0.7594805194805194	0.7563503354037249	0.7594805194805194	0.7552015547324321	0.2420111731843575
120	16	0.7591341991341991	0.7559719573971709	0.7591341991341991	0.754603024264852	0.2470763500931098
20	8	0.749090909090909	0.7468567928093145	0.749090909090909	0.7436923731376502	0.25973929236499066
90	15	0.7667532467532467	0.7634367532870552	0.7667532467532467	0.7606791247105527	0.24648044692737425
100	8	0.7622510822510823	0.7593572487554726	0.7622510822510823	0.7563691820379728	0.24052141527001858
130	17	0.7605194805194806	0.7569579887428671	0.7605194805194806	0.7553016263393164	0.24305400372439473
100	11	0.7584415584415585	0.7556243581200889	0.7584415584415585	0.7541900682921425	0.24044692737430162
160	9	0.7615584415584415	0.7582470752628891	0.7615584415584415	0.7551403983661436	0.23851024208566102
160	20	0.7560173160173158	0.7528769474460674	0.7560173160173158	0.7500144504231485	0.238584729981378
80	9	0.76	0.7562919365757164	0.76	0.753671055451414	0.24856610800744874
120	13	0.7620779220779221	0.7575383445316589	0.7620779220779221	0.7565037590310812	0.2435009310986964
40	9	0.7575757575757577	0.7552156094208151	0.7575757575757577	0.7533587906218575	0.2516201117318435
110	15	0.7632900432900432	0.759146596139874	0.7632900432900432	0.7575905293756731	0.24439478584729976
170	19	0.7549783549783551	0.7523722004757906	0.7549783549783551	0.750569517651198	0.24096834264432027
80	11	0.7613852813852815	0.7592573292165884	0.7613852813852815	0.7557802163232716	0.2493109869646182
100	14	0.7561904761904762	0.752385537258118	0.7561904761904762	0.7498705913135842	0.2420111731843575
130	12	0.7579220779220778	0.7559056804634982	0.7579220779220778	0.7540233323380034	0.24297951582867777
160	18	0.7683116883116884	0.7654088489000905	0.7683116883116884	0.7641172440422969	0.24357541899441337
90	10	0.750995670995671	0.7474594872484266	0.750995670995671	0.7452107359119771	0.23858472998137795
180	19	0.7593073593073594	0.7558664514924602	0.7593073593073594	0.7549235112828353	0.2431284916201117
70	11	0.7574025974025974	0.755502366385619	0.7574025974025974	0.7523069763878785	0.24901303538175043
40	17	0.7653679653679653	0.7627189368499558	0.7653679653679653	0.7612570540978677	0.25340782122905026
200	11	0.7653679653679653	0.763309641577997	0.7653679653679653	0.7600889682677948	0.24387337057728115
190	20	0.7632900432900434	0.7599849035509366	0.7632900432900434	0.7588302942820937	0.244022346368715
110	9	0.7690043290043289	0.7656310420595095	0.7690043290043289	0.7642082691532959	0.24715083798882673
50	16	0.7577489177489177	0.7538372187125496	0.7577489177489177	0.7528438366680823	0.24797020484171317
190	18	0.7541125541125541	0.752931919351139	0.7541125541125541	0.7502123541395528	0.24029795158286768
60	10	0.767965367965368	0.763942897904744	0.767965367965368	0.7616238017646938	0.2559404096834264
30	9	0.7567099567099567	0.7530200726669604	0.7567099567099567	0.7525333114973971	0.2575791433891992
50	8	0.7627705627705628	0.7589275535264942	0.7627705627705628	0.7557977483347698	0.2462569832402234
10	18	0.7321212121212122	0.7274456670235491	0.7321212121212122	0.7236332689189773	0.28305400372439476
200	14	0.757922077922078	0.7562737589690738	0.757922077922078	0.7540615104320739	0.24208566108007443
90	8	0.7574025974025973	0.7546674405133854	0.7574025974025973	0.7521763946087465	0.2436499068901303
170	8	0.7584415584415585	0.7555785956887787	0.7584415584415585	0.7524743505944212	0.23947858472998135
40	12	0.749090909090909	0.7433743414510949	0.749090909090909	0.7423661301534403	0.25147113594040965
70	14	0.755844155844156	0.7526037879339553	0.755844155844156	0.7507097439333675	0.2449906890130353
60	15	0.756883116883117	0.7542184046726466	0.756883116883117	0.7506712469399222	0.2507262569832402
50	13	0.7541125541125541	0.749565038081943	0.7541125541125541	0.7474584744486217	0.2470763500931098
10	20	0.7374891774891775	0.7308737596882376	0.7374891774891775	0.7262267855521921	0.28767225325884543
30	10	0.761038961038961	0.7573281233611617	0.761038961038961	0.7556372661649776	0.25862197392923647
120	1	0.6876190476190476	0.7227074146019601	0.6876190476190476	0.600166566576794	0.31709497206703907
30	3	0.7548051948051948	0.7559051251490696	0.7548051948051948	0.7369433261185594	0.253780260707635
190	12	0.7627705627705628	0.7605329551606634	0.7627705627705628	0.7595983337413967	0.23940409683426433
110	3	0.7648484848484849	0.7647948497381917	0.7648484848484849	0.7491077813802894	0.24752327746741148
50	7	0.764155844155844	0.7606051705217921	0.764155844155844	0.7570431230011354	0.24178770949720665
140	5	0.7695238095238095	0.7661288836453548	0.7695238095238095	0.7615385169425438	0.23791433891992544
180	5	0.7629437229437228	0.7605251397289281	0.7629437229437228	0.7532164255824629	0.24022346368715078
10	17	0.731948051948052	0.7260814478536891	0.731948051948052	0.7194763992469971	0.28916201117318435
1	15	0.6860606060606059	0.6848340696874263	0.6860606060606059	0.6841862042950667	0.33690875232774675
20	11	0.7523809523809524	0.7484336769225653	0.7523809523809524	0.7455452761584956	0.2712849162011172
90	7	0.7593073593073594	0.7579854254031113	0.7593073593073594	0.7528623208580201	0.2418621973929236
170	7	0.7620779220779219	0.7584404597187536	0.7620779220779219	0.7551881942642201	0.2382867783985102
60	5	0.7605194805194805	0.7573989307419915	0.7605194805194805	0.7510572320499794	0.23828677839851017
180	13	0.7625974025974027	0.7595867616019751	0.7625974025974027	0.7590958946919728	0.24327746741154554
40	20	0.7587878787878789	0.7539629364531149	0.7587878787878789	0.7530896566711576	0.24953445065176905
110	6	0.7612121212121212	0.7564246761037982	0.7612121212121212	0.7538293941796023	0.23947858472998132
50	19	0.758961038961039	0.7547231613900504	0.758961038961039	0.7528921988658962	0.24998137802607065
190	17	0.7622510822510823	0.7589537257194381	0.7622510822510823	0.7566297390088814	0.24171322160148967
30	6	0.7554978354978354	0.7502284680736223	0.7554978354978354	0.7480972717692768	0.2470763500931098
30	15	0.7584415584415584	0.7544667639242539	0.7584415584415584	0.7521162804867403	0.2575046554934823
120	4	0.7593073593073592	0.7566061124186894	0.7593073593073592	0.7469466594793752	0.23865921787709488
180	16	0.7603463203463204	0.7573207028580291	0.7603463203463204	0.7558920839308308	0.2449906890130354
170	2	0.7494372294372295	0.761381194147538	0.7494372294372295	0.7214869724458032	0.2642085661080074
40	18	0.752900432900433	0.7499624924304494	0.752900432900433	0.7469983924455369	0.24916201117318426
90	2	0.7395670995670995	0.7436802476824681	0.7395670995670995	0.7109048639882579	0.2611545623836127
1	10	0.6742857142857143	0.6779326171007513	0.6742857142857143	0.6745172784460037	0.3425698324022346
20	14	0.7535930735930735	0.7495005936791849	0.7535930735930735	0.7469978049887359	0.2694972067039106
10	12	0.7392207792207793	0.7343929375765623	0.7392207792207793	0.7321105571220922	0.27865921787709497
50	2	0.7350649350649349	0.7454667205017731	0.7350649350649349	0.7027389195655123	0.26420856610800736
110	5	0.7638095238095238	0.7596096956456628	0.7638095238095238	0.7551352951325228	0.24148975791433888
30	5	0.758961038961039	0.7559211429632028	0.758961038961039	0.750432062668529	0.2501303538175046
30	16	0.7504761904761905	0.7468679330364458	0.7504761904761905	0.7439401763555469	0.25668528864059587
120	7	0.7596536796536797	0.7555288402319473	0.7596536796536797	0.7535153818277771	0.24171322160148964
190	14	0.7617316017316017	0.7585326009786574	0.7617316017316017	0.7572202774777628	0.24201117318435744
1	13	0.6761904761904762	0.679159367370415	0.6761904761904762	0.6763155995924923	0.33944134078212285
20	17	0.7563636363636363	0.7523586556754729	0.7563636363636363	0.750644996508942	0.26696461824953444
90	1	0.6850216450216451	0.7078380024307751	0.6850216450216451	0.5954260331782432	0.3156797020484171
180	3	0.7541125541125541	0.7548282733395935	0.7541125541125541	0.7356155599063579	0.24178770949720665
10	11	0.7392207792207792	0.7339899208606352	0.7392207792207792	0.7330585886334073	0.28335195530726254
60	3	0.7577489177489177	0.756640276839935	0.7577489177489177	0.7432762293448834	0.24648044692737425
180	15	0.7632900432900434	0.7610436922405307	0.7632900432900434	0.7597019954963321	0.24208566108007443
170	1	0.6850216450216451	0.7453623823294344	0.6850216450216451	0.5957709867074581	0.31769087523277467
140	3	0.760865800865801	0.7592907208806428	0.760865800865801	0.7471926134473691	0.24312849162011166
50	1	0.6928138528138529	0.719816976389732	0.6928138528138529	0.6096570583653467	0.3139664804469274
190	11	0.7560173160173158	0.7524103498839324	0.7560173160173158	0.7511765947014168	0.2397765363128491
60	19	0.7572294372294373	0.7523555366220152	0.7572294372294373	0.7519142130126449	0.246778398510242
30	13	0.7433766233766234	0.7401898611184589	0.7433766233766234	0.7351649598050032	0.256461824953445
120	2	0.7303896103896104	0.7434565782446159	0.7303896103896104	0.6967418579416008	0.2638361266294227
70	20	0.7574025974025974	0.7537146195193454	0.7574025974025974	0.7516096263770103	0.2436499068901303
200	20	0.760865800865801	0.7572469070469852	0.760865800865801	0.7569366571068705	0.24364990689013027
50	4	0.765021645021645	0.7623711328591773	0.765021645021645	0.7531103130007867	0.244096834264432
140	6	0.7615584415584415	0.75759497335113	0.7615584415584415	0.7552318733098473	0.23791433891992544
170	4	0.7624242424242424	0.7622251504159244	0.7624242424242424	0.7512349136057378	0.2384357541899441
180	10	0.7629437229437229	0.7602559963416685	0.7629437229437229	0.7584802717171066	0.24007448789571695
70	18	0.756017316017316	0.7520908627239374	0.756017316017316	0.7509815699981915	0.2466294227188081
60	6	0.7664069264069263	0.761981888666388	0.7664069264069263	0.7580789294014622	0.24603351955307257
10	14	0.7393939393939394	0.7336206582666434	0.7393939393939394	0.7310180160442221	0.28789571694599625
180	6	0.7641558441558441	0.7613068068477115	0.7641558441558441	0.7569510802966012	0.23754189944134071
90	4	0.7601731601731601	0.7581031538269886	0.7601731601731601	0.7488654391225734	0.2397765363128491
200	18	0.7575757575757573	0.7550010449886265	0.7575757575757573	0.7531601432293114	0.23776536312849156
1	16	0.6813852813852813	0.6829206954068425	0.6813852813852813	0.6801563931351555	0.3431657355679702
20	12	0.7437229437229438	0.7398029861522957	0.7437229437229438	0.7365201023816934	0.26659217877094965
140	9	0.76	0.755978802189465	0.76	0.7548584810573113	0.23985102420856605
40	11	0.7534199134199133	0.7509964323438884	0.7534199134199133	0.7490902403142105	0.253780260707635
60	9	0.7567099567099567	0.7543532446681954	0.7567099567099567	0.7510117833686192	0.24618249534450645
70	17	0.7683116883116884	0.7657212757398884	0.7683116883116884	0.7616497934153944	0.24648044692737428
180	9	0.7532467532467533	0.7504422069952205	0.7532467532467533	0.747231337942441	0.23575418994413405
1	19	0.6817316017316017	0.6852657572998639	0.6817316017316017	0.6816775131819333	0.34182495344506514
200	17	0.7601731601731602	0.7571719839878632	0.7601731601731602	0.7558410239607883	0.2458100558659217
60	16	0.7601731601731602	0.7582343796123326	0.7601731601731602	0.7565042388280214	0.24804469273743013
50	10	0.7561904761904762	0.7517734434353188	0.7561904761904762	0.7511512827393826	0.24789571694599621
200	12	0.754978354978355	0.7515600544422547	0.754978354978355	0.750078538013283	0.23620111731843568
20	18	0.7464935064935063	0.7420290173173447	0.7464935064935063	0.7386880632302806	0.2677839851024208
70	12	0.7691774891774892	0.7658951436549092	0.7691774891774892	0.764772507482633	0.2542271880819366
40	14	0.7482251082251082	0.743755827919016	0.7482251082251082	0.741456701867767	0.2512476722532588
20	20	0.7541125541125543	0.7505739574435263	0.7541125541125543	0.7475984062480566	0.26592178770949715
120	8	0.7601731601731602	0.7568596875950436	0.7601731601731602	0.7537480026167735	0.24014897579143382
30	19	0.7503030303030301	0.7476358400421979	0.7503030303030301	0.7441897261280161	0.2574301675977653
50	15	0.756883116883117	0.7537055345546818	0.756883116883117	0.7513143827651786	0.24648044692737425
60	13	0.76	0.7558298393479113	0.76	0.7552014455425339	0.24998137802607068
190	8	0.7568831168831168	0.7532220524178851	0.7568831168831168	0.7503319088291204	0.23910614525139653
70	8	0.7612121212121212	0.7608264589567277	0.7612121212121212	0.7569477012736152	0.23925512104283048
80	12	0.7575757575757575	0.7543708019597081	0.7575757575757575	0.752100560489222	0.24417132216014892
120	10	0.758961038961039	0.7545380653548758	0.758961038961039	0.7529584312085439	0.24201117318435744
110	16	0.7698701298701297	0.7655943937431485	0.7698701298701297	0.7640546258483308	0.24759776536312844
150	8	0.7542857142857143	0.7520274351476863	0.7542857142857143	0.7481899212195525	0.23664804469273737
200	8	0.7716017316017316	0.7692117127650877	0.7716017316017316	0.7655701240026822	0.24089385474860328
90	13	0.7582683982683983	0.7542096637933317	0.7582683982683983	0.752890009339437	0.2435009310986964
100	17	0.7593073593073594	0.7561322204011318	0.7593073593073594	0.7538804413942758	0.2415642458100558
130	11	0.7660606060606061	0.7629861507161638	0.7660606060606061	0.7622426459734277	0.24484171322160145
1	8	0.6796536796536797	0.6758453537086914	0.6796536796536797	0.6742235938336328	0.33348230912476723
110	13	0.7580952380952382	0.7559579085914057	0.7580952380952382	0.7539681589347321	0.24513966480446922
120	15	0.7664069264069263	0.7627028550917682	0.7664069264069263	0.7610246978195049	0.24417132216014892
140	19	0.7596536796536797	0.7564694832159237	0.7596536796536797	0.7535777795679285	0.24074487895716942
80	17	0.7624242424242423	0.7587642658531811	0.7624242424242423	0.7573436340841602	0.24603351955307254
150	20	0.7641558441558441	0.7610441915488657	0.7641558441558441	0.7596715626764418	0.24700186219739287
130	9	0.7690043290043291	0.7664598006952109	0.7690043290043291	0.7640900649964731	0.24432029795158278
130	14	0.7591341991341991	0.7570118591444133	0.7591341991341991	0.7538846632293636	0.24543761638733702
100	12	0.7527272727272728	0.7486302904194561	0.7527272727272728	0.7467891369914191	0.24342644320297946
90	16	0.7594805194805195	0.7586388992001624	0.7594805194805195	0.7553458338730111	0.2474487895716945
10	9	0.7381818181818182	0.7346994012289094	0.7381818181818182	0.7328113984855321	0.2763500931098696
150	18	0.756883116883117	0.7519895764019298	0.756883116883117	0.751205742859386	0.23977653631284912
80	20	0.7596536796536797	0.7566901024323789	0.7596536796536797	0.754732341113743	0.2391806331471135
20	4	0.756883116883117	0.7508071770786399	0.756883116883117	0.7458834197464057	0.2546741154562383
1	2	0.6967965367965366	0.6853147745017641	0.6967965367965366	0.6688159586863348	0.3322160148975792
130	6	0.7608658008658008	0.7574654399709475	0.7608658008658008	0.7530369121574495	0.2359031657355679
100	4	0.74995670995671	0.7443558553359622	0.74995670995671	0.7366942697840596	0.23128491620111727
160	11	0.7515151515151516	0.7494009057592822	0.7515151515151516	0.748365187669012	0.24111731843575412
90	19	0.7587878787878788	0.7552374408397996	0.7587878787878788	0.7544202812259393	0.24856610800744874
200	2	0.7464935064935065	0.7561985119253026	0.7464935064935065	0.7172360722877578	0.26242085661080067
10	6	0.745108225108225	0.7403792155310726	0.745108225108225	0.7370415653460892	0.27001862197392923
150	17	0.7565367965367965	0.7541465595219318	0.7565367965367965	0.7513996534982823	0.24260707635009304
150	2	0.7380086580086581	0.7474176774005294	0.7380086580086581	0.7095506399847078	0.25668528864059587
140	16	0.7655411255411255	0.7630493029697049	0.7655411255411255	0.760300115789673	0.2513966480446927
170	10	0.7525541125541124	0.7490808594819055	0.7525541125541124	0.7465906794744355	0.23687150837988816
80	18	0.7568831168831168	0.7556809946808363	0.7568831168831168	0.7513218762707681	0.24424581005586588
70	2	0.7407792207792209	0.7468935426812289	0.7407792207792209	0.7114399341314857	0.26569832402234633
190	2	0.739047619047619	0.7503795014088895	0.739047619047619	0.7095236769577572	0.25571694599627554
200	7	0.7658874458874458	0.7624348444475256	0.7658874458874458	0.7591922646514102	0.2406703910614525
150	12	0.7665800865800866	0.7637308928224428	0.7665800865800866	0.7609789787195718	0.24342644320297943
10	3	0.745974025974026	0.7428991680347621	0.745974025974026	0.7288278077271422	0.2719553072625698
100	1	0.6806926406926407	0.7230977665164788	0.6806926406926407	0.5890560959860911	0.3161266294227188
160	14	0.7625974025974027	0.7590167479864008	0.7625974025974027	0.7563367112133066	0.24044692737430165
100	18	0.76	0.7566972080289112	0.76	0.7553537476241332	0.24581005586592172
130	3	0.7542857142857143	0.7510033516677574	0.7542857142857143	0.738997004088484	0.24446927374301672
20	1	0.7012987012987014	0.7390252034215838	0.7012987012987014	0.6236128549147244	0.3115828677839851
1	7	0.6966233766233766	0.6979472940418272	0.6966233766233766	0.6929539588893128	0.33340782122905027
190	7	0.7643290043290043	0.761661050286794	0.7643290043290043	0.7565742355381434	0.24141527001862195
80	5	0.764848484848485	0.7609703934733314	0.764848484848485	0.756381918300029	0.244022346368715
160	5	0.7643290043290043	0.7614824697819184	0.7643290043290043	0.7541705248008881	0.2346368715083798
100	20	0.7558441558441558	0.7533922243861843	0.7558441558441558	0.7518204456528076	0.2448417132216014
70	7	0.7627705627705628	0.759273737630718	0.7627705627705628	0.7555581784093629	0.24618249534450645
170	15	0.7586147186147185	0.754637392621942	0.7586147186147185	0.7523911077930628	0.2394040968342644
140	13	0.7717748917748918	0.7701696737193495	0.7717748917748918	0.7680574384902618	0.24856610800744872
40	5	0.7638095238095238	0.7594276454077896	0.7638095238095238	0.7563251198047867	0.24864059590316567
150	7	0.7542857142857143	0.7518781274623065	0.7542857142857143	0.7465783209874859	0.23523277467411538
110	19	0.7612121212121211	0.7590046595697665	0.7612121212121211	0.7565249627244153	0.2449906890130353
1	20	0.673073593073593	0.67519295170506	0.673073593073593	0.6727816300290237	0.3381750465549348
60	17	0.7620779220779219	0.7594899298965129	0.7620779220779219	0.7566998868147629	0.2464059590316573
50	11	0.7556709956709956	0.753475886232652	0.7556709956709956	0.7519951699742397	0.24945996275605212
180	8	0.7707359307359308	0.7666264088311315	0.7707359307359308	0.7655169159101004	0.24320297951582862
1	18	0.6718614718614718	0.6742890989725295	0.6718614718614718	0.6716197835602915	0.3426443202979515
200	16	0.7603463203463202	0.758317972988208	0.7603463203463202	0.7554559966226317	0.24044692737430162
40	10	0.7567099567099568	0.7539682282286415	0.7567099567099568	0.7522639634894318	0.25459962756052135
60	8	0.7646753246753246	0.7627645517585079	0.7646753246753246	0.7591741976973964	0.24819366852886401
70	16	0.7574025974025973	0.7539566123337889	0.7574025974025973	0.7525527038199799	0.24223463687150834
140	8	0.7664069264069265	0.7629866389819041	0.7664069264069265	0.7622466091797742	0.24327746741154554
50	14	0.763116883116883	0.7597560478876213	0.763116883116883	0.7581921934935772	0.2518435754189943
60	12	0.7664069264069263	0.7636117389914319	0.7664069264069263	0.7610705600150787	0.25191806331471134
30	18	0.7523809523809524	0.7489041195789846	0.7523809523809524	0.7474184420911725	0.25765363128491614
120	9	0.7646753246753246	0.7604694833875085	0.7646753246753246	0.7588804074742037	0.24454376163873362
30	20	0.753073593073593	0.7499343954071245	0.753073593073593	0.7480656181061177	0.2598882681564246
70	13	0.753073593073593	0.7505684041060166	0.753073593073593	0.7467172864871303	0.24878957169459956
40	15	0.7523809523809523	0.7497019624816872	0.7523809523809523	0.7465199581900983	0.2517690875232774
200	13	0.7698701298701297	0.7676642928793718	0.7698701298701297	0.7651132137070376	0.24312849162011166
20	19	0.7503030303030304	0.7450391716765462	0.7503030303030304	0.7414212469934925	0.266145251396648
140	2	0.7385281385281385	0.754665980449421	0.7385281385281385	0.705951926288133	0.2589199255121042
60	2	0.7341991341991342	0.7481872459039886	0.7341991341991342	0.7015436857284036	0.26070763500931093
180	14	0.7615584415584417	0.7572613996186063	0.7615584415584417	0.7563029898318432	0.24223463687150829
20	16	0.7608658008658007	0.7559905300873706	0.7608658008658007	0.754448967752834	0.27471135940409686
1	12	0.6831168831168831	0.6814498053129344	0.6831168831168831	0.6807039810670545	0.33564245810055865
180	2	0.7411255411255411	0.7518778367434844	0.7411255411255411	0.710732028898914	0.2613035381750465
10	10	0.7444155844155844	0.7405439481788167	0.7444155844155844	0.7386816460472775	0.28662942271880815
190	15	0.7577489177489177	0.7556589762384991	0.7577489177489177	0.7541969836767596	0.2414152700186219
30	4	0.7613852813852813	0.7593741174780841	0.7613852813852813	0.7488430947622596	0.2502793296089385
120	6	0.7638095238095238	0.7602833810593527	0.7638095238095238	0.7566965558652586	0.23836126629422716
30	17	0.7593073593073592	0.7549614388290405	0.7593073593073592	0.7517683976869814	0.2529608938547485
110	4	0.7577489177489177	0.7561409129988691	0.7577489177489177	0.7456324568526802	0.2378398510242085
10	15	0.7494372294372295	0.7431465912249046	0.7494372294372295	0.7414307451147724	0.28595903165735564
180	7	0.7677922077922078	0.7659416577291617	0.7677922077922078	0.7601595864948315	0.24320297951582862
200	19	0.7575757575757575	0.7543141411214802	0.7575757575757575	0.7535366152236485	0.23754189944134071
90	5	0.7622510822510822	0.7601722683185244	0.7622510822510822	0.7523598156689508	0.23903165735567963
20	13	0.7452813852813853	0.7421971689898144	0.7452813852813853	0.7400234596423618	0.2681564245810055
1	17	0.6896969696969696	0.6885987388860889	0.6896969696969696	0.6877174814527653	0.33832402234636866
170	5	0.7712554112554113	0.767477556125309	0.7712554112554113	0.7625116952190578	0.23903165735567963
70	19	0.7610389610389611	0.7573989945935427	0.7610389610389611	0.7565273939907284	0.25541899441340776
180	11	0.7700432900432902	0.7675408874143307	0.7700432900432902	0.7659308512317993	0.24648044692737425
60	7	0.7577489177489176	0.7574175360060817	0.7577489177489176	0.7513302153315958	0.24283054003724389
50	5	0.7693506493506493	0.7648342157803039	0.7693506493506493	0.7615961353979718	0.24305400372439467
140	7	0.7670995670995672	0.7626863047309346	0.7670995670995672	0.7607189928544079	0.24029795158286774
60	20	0.7608658008658008	0.7569481879289458	0.7608658008658008	0.754447668378813	0.24864059590316565
110	1	0.6673593073593075	0.7246599013569799	0.6673593073593075	0.5671259441922579	0.31597765363128494
120	3	0.7537662337662339	0.7545150507823144	0.7537662337662339	0.7371384012228571	0.2435009310986964
30	12	0.7570562770562771	0.7540548792091848	0.7570562770562771	0.751088232644515	0.25966480446927365
30	1	0.6909090909090909	0.7259327073778955	0.6909090909090909	0.6068174585648183	0.31426443202979515
60	18	0.7554978354978356	0.752023052379758	0.7554978354978356	0.7498460035616589	0.24856610800744872
190	10	0.764155844155844	0.7617484144913417	0.764155844155844	0.7586310961284575	0.2459590316573556
80	1	0.6806926406926408	0.7187765307461568	0.6806926406926408	0.5881513089171408	0.3180633147113594
190	3	0.7568831168831168	0.7548631644278663	0.7568831168831168	0.7410411153950204	0.24029795158286774
90	20	0.7580952380952383	0.7537604665690245	0.7580952380952383	0.7531433647855523	0.24245810055865916
70	3	0.7570562770562771	0.7570965171031527	0.7570562770562771	0.7418967001136675	0.24461824953445055
160	1	0.6737662337662337	0.7242201994762277	0.6737662337662337	0.5775680104270006	0.3202979515828677
140	17	0.7612121212121211	0.758743312629909	0.7612121212121211	0.7561918225974064	0.24551210428305395
80	19	0.7496103896103895	0.7459234997921641	0.7496103896103895	0.7438804743442202	0.24797020484171312
170	11	0.7632900432900434	0.7588269353196726	0.7632900432900434	0.7578219365857083	0.244022346368715
150	3	0.7676190476190476	0.7687159187646325	0.7676190476190476	0.7524649425809008	0.2475977653631284
40	1	0.6893506493506493	0.724826575056069	0.6893506493506493	0.6035062796212928	0.31411545623836123
90	18	0.74995670995671	0.7465470630134131	0.74995670995671	0.7438492906242787	0.2414152700186219
160	10	0.7653679653679653	0.7621455957786932	0.7653679653679653	0.7591749412408817	0.2411173184357541
100	5	0.7651948051948052	0.7630039002356144	0.7651948051948052	0.7552126196418557	0.2397020484171322
150	16	0.765021645021645	0.7625269950503973	0.765021645021645	0.7604959673538448	0.24432029795158278
10	7	0.7454545454545454	0.7425190312190401	0.7454545454545454	0.7386636278858587	0.28089385474860334
200	3	0.751861471861472	0.7528189298388017	0.751861471861472	0.7333478293165524	0.2409683426443202
1	3	0.708051948051948	0.7126855593964244	0.708051948051948	0.6935499393825936	0.3347486033519552
20	5	0.7662337662337662	0.762189093812466	0.7662337662337662	0.7576355547985106	0.26137802607076344
130	7	0.760865800865801	0.7569217548483471	0.760865800865801	0.7537342985772857	0.23962756052141518
40	4	0.7587878787878788	0.7581544222700195	0.7587878787878788	0.7459896327652433	0.2402234636871508
150	6	0.7707359307359307	0.7685031628700125	0.7707359307359307	0.7637211501776819	0.23754189944134071
110	18	0.7619047619047619	0.7594925656423439	0.7619047619047619	0.7577006004362365	0.2449906890130353
170	14	0.7574025974025974	0.755166692531811	0.7574025974025974	0.7526920524569324	0.2409683426443202
140	12	0.7594805194805195	0.7561694832050564	0.7594805194805195	0.754464881900897	0.24052141527001855
160	4	0.7662337662337662	0.7635834889724242	0.7662337662337662	0.7556845289961592	0.23843575418994406
70	6	0.7691774891774891	0.766060308813981	0.7691774891774891	0.7624558952253274	0.24543761638733697
190	6	0.7636363636363636	0.7595472366917059	0.7636363636363636	0.7576917594399952	0.23769087523277463
80	4	0.7646753246753246	0.7647777198719297	0.7646753246753246	0.7530784559772755	0.23851024208566102
110	20	0.7653679653679655	0.7623351667297119	0.7653679653679655	0.7604199459203771	0.2437243947858472
130	2	0.7458008658008657	0.7505580369979782	0.7458008658008657	0.7181624350760414	0.2595158286778398
1	6	0.6862337662337663	0.6851985765428664	0.6862337662337663	0.6816800795005349	0.3258845437616387
100	19	0.7627705627705628	0.7600337279556625	0.7627705627705628	0.7574244381511899	0.24625698324022338
10	2	0.7477056277056278	0.7501007388660642	0.7477056277056278	0.7224383459767085	0.2776908752327747
150	13	0.7565367965367966	0.7548908218871156	0.7565367965367966	0.7525393978776629	0.24223463687150834
200	6	0.7667532467532466	0.7636070819066745	0.7667532467532466	0.7601213887471294	0.2400744878957169
160	15	0.7624242424242424	0.7596138685874511	0.7624242424242424	0.7557602914625094	0.24096834264432027
1	9	0.6819047619047618	0.6830597991441932	0.6819047619047618	0.6801839334051781	0.3398137802607076
100	16	0.758961038961039	0.7548826312468571	0.758961038961039	0.7530892618618437	0.24454376163873362
130	10	0.7565367965367965	0.7528353447829909	0.7565367965367965	0.7505779723692239	0.24700186219739284
200	9	0.7551515151515151	0.7537209572215857	0.7551515151515151	0.748180447745277	0.23746741154562379
90	12	0.7530735930735932	0.749131952982938	0.7530735930735932	0.7460077379444279	0.24014897579143388
120	11	0.7648484848484847	0.7630975208158017	0.7648484848484847	0.7613718401388181	0.24588454376163868
110	17	0.752900432900433	0.748327722341495	0.752900432900433	0.7469685990617984	0.24044692737430165
150	9	0.7735064935064935	0.7706365709511666	0.7735064935064935	0.7695631075672223	0.24432029795158278
80	13	0.7582683982683983	0.7571240322494791	0.7582683982683983	0.7534316600673402	0.244022346368715
70	9	0.7702164502164501	0.7678951000824195	0.7702164502164501	0.764756825518765	0.24864059590316565
190	9	0.7610389610389612	0.7571474697554567	0.7610389610389612	0.7562509636116233	0.24059590316573548
90	17	0.7580952380952383	0.7552387595032038	0.7580952380952383	0.7528516236185057	0.24148975791433883
150	19	0.7648484848484849	0.761022021468862	0.7648484848484849	0.7599312328018162	0.24469273743016756
10	8	0.7477056277056278	0.7434776046623537	0.7477056277056278	0.742410738251265	0.2836499068901303
130	15	0.7529004329004328	0.7501482067698988	0.7529004329004328	0.7493112563712611	0.238584729981378
100	13	0.76	0.7575015532141074	0.76	0.753943781427505	0.2462569832402234
140	20	0.756017316017316	0.7523065933942544	0.756017316017316	0.7511167659840163	0.24037243947858464
130	8	0.7620779220779221	0.7587842710522065	0.7620779220779221	0.75739784850409	0.24253258845437606
140	18	0.7567099567099567	0.7541953863337071	0.7567099567099567	0.7524048487474525	0.2458845437616387
80	16	0.7601731601731601	0.7558063467970264	0.7601731601731601	0.7547889703599512	0.24871508379888266
110	12	0.7603463203463204	0.757883638065966	0.7603463203463204	0.7553801629322421	0.2452886405959031
120	14	0.7591341991341991	0.7555785381496647	0.7591341991341991	0.753892156955477	0.24171322160148967
