accuracy	precision	recall	f1	oob	confMatrxVars
0.7316017316017316	0.7327588074576026	0.7316017316017316	0.7201800531247566	0.25512104283054005	121,17,45,48
0.7705627705627706	0.7693631147398893	0.7705627705627706	0.7628674502269122	0.24394785847299816	127,16,37,51
0.7835497835497836	0.7910234725354486	0.7835497835497836	0.7740277152041858	0.25325884543761634	128,11,39,53
0.6883116883116883	0.6872698729841588	0.6883116883116883	0.6877389110732871	0.22160148975791438	103,35,37,56
0.7359307359307359	0.7320471092183252	0.7359307359307359	0.7243231713073256	0.24208566108007445	126,18,43,44
0.7619047619047619	0.7625985080560297	0.7619047619047619	0.762236962823786	0.24022346368715086	122,28,27,54
0.7445887445887446	0.7421749967204513	0.7445887445887446	0.735206399848619	0.23463687150837986	124,18,41,48
0.7489177489177489	0.739149336245525	0.7489177489177489	0.7425076990833814	0.23277467411545627	140,24,34,33
0.7532467532467533	0.7478819869609823	0.7532467532467533	0.7461007296189681	0.25698324022346364	127,20,37,47
0.7316017316017316	0.726984126984127	0.7316017316017316	0.7220160791589363	0.23091247672253257	123,20,42,46
0.7835497835497836	0.7794722882751053	0.7835497835497836	0.7799208431636275	0.25698324022346364	130,20,30,51
0.7359307359307359	0.744829339626344	0.7359307359307359	0.7206821141715488	0.23649906890130357	124,13,48,46
0.7489177489177489	0.7461249861249861	0.7489177489177489	0.747287344689942	0.25512104283054005	125,27,31,48
0.7748917748917749	0.7704605953053157	0.7748917748917749	0.7716753895097843	0.23649906890130357	131,22,30,48
0.7705627705627706	0.7658904610366176	0.7705627705627706	0.7674645104112189	0.22905027932960897	133,23,30,45
0.7575757575757576	0.7560160044236477	0.7575757575757576	0.7567365967365968	0.23836126629422716	128,27,29,47
0.7748917748917749	0.7657575757575757	0.7748917748917749	0.7670755170755171	0.25698324022346364	142,19,33,37
0.7272727272727273	0.7197024375840688	0.7272727272727273	0.7210388942061219	0.23091247672253257	125,25,38,43
0.7705627705627706	0.7650582140456779	0.7705627705627706	0.7618944322066216	0.26256983240223464	134,17,36,44
0.7619047619047619	0.7591615095255431	0.7619047619047619	0.7603967808347372	0.25139664804469275	135,26,29,41
0.7402597402597403	0.7368866261788222	0.7402597402597403	0.7260151820010974	0.24767225325884545	130,16,44,41
0.7792207792207793	0.7784751829337816	0.7792207792207793	0.7788325918137012	0.24767225325884545	131,25,26,49
0.7229437229437229	0.716122261576807	0.7229437229437229	0.7136536355551636	0.24581005586592175	123,22,42,44
0.7662337662337663	0.7618469585268575	0.7662337662337663	0.7634866014267423	0.24953445065176905	133,24,30,44
0.7705627705627706	0.7725519602023211	0.7705627705627706	0.7714246023513548	0.24394785847299816	120,28,25,58
