accuracy	precision	recall	f1	oob	confMatrxVars
0.7489177489177489	0.7827845489834143	0.7489177489177489	0.7139696133586555	0.27560521415270023	143,4,54,30
0.70995670995671	0.7554709616565287	0.70995670995671	0.6718292047504936	0.25512104283054005	132,5,62,32
0.6926406926406926	0.6865530303030303	0.6926406926406926	0.6568163831276286	0.24208566108007445	134,13,58,26
0.7792207792207793	0.7873440285204991	0.7792207792207793	0.7633768881475304	0.26629422718808193	138,9,42,42
0.7532467532467533	0.73496506220804	0.7532467532467533	0.7291934955800502	0.24394785847299816	150,14,43,24
0.7662337662337663	0.7795041928546422	0.7662337662337663	0.741662387756891	0.26443202979515834	143,7,47,34
0.7445887445887446	0.7728658861663787	0.7445887445887446	0.7020661493742975	0.2849162011173184	148,4,55,24
0.7056277056277056	0.7150677279709539	0.7056277056277056	0.6604834971441143	0.24581005586592175	140,8,60,23
0.7229437229437229	0.7192050373868555	0.7229437229437229	0.6968322682608398	0.25512104283054005	136,13,51,31
0.7575757575757576	0.7543852152547804	0.7575757575757576	0.737770913949574	0.25884543761638734	141,12,44,34
0.7316017316017316	0.7519279296917488	0.7316017316017316	0.6920239470148726	0.25325884543761634	143,6,56,26
0.7532467532467533	0.7620494478783247	0.7532467532467533	0.7297226923975073	0.27001862197392923	139,9,48,35
0.7792207792207793	0.7725596983661499	0.7792207792207793	0.7623854406463102	0.25884543761638734	147,12,39,33
0.6926406926406926	0.737706888580675	0.6926406926406926	0.634702485096785	0.25139664804469275	139,4,67,21
0.6623376623376623	0.7497048406139315	0.6623376623376623	0.5927788214938392	0.27188081936685293	133,2,76,20
0.7402597402597403	0.7286428231454409	0.7402597402597403	0.7142150045961297	0.25325884543761634	144,13,47,27
0.7792207792207793	0.7681807987930437	0.7792207792207793	0.7673736891128196	0.25698324022346364	147,16,35,33
0.7272727272727273	0.7165200391006842	0.7272727272727273	0.7039616977022545	0.24767225325884545	138,15,48,30
0.7359307359307359	0.7275846017781501	0.7359307359307359	0.7133597390450401	0.25698324022346364	139,14,47,31
0.70995670995671	0.7339996826907821	0.70995670995671	0.6758426263511479	0.25325884543761634	132,8,59,32
0.70995670995671	0.7100895196068362	0.70995670995671	0.6751607940624202	0.24208566108007445	137,11,56,27
0.7229437229437229	0.7455898796104983	0.7229437229437229	0.6875779307541094	0.26629422718808193	137,7,57,30
0.7662337662337663	0.7913757097174183	0.7662337662337663	0.7326298701298701	0.26815642458100564	149,4,50,28
0.7316017316017316	0.7563106064301011	0.7316017316017316	0.687987012987013	0.292364990689013	145,5,57,24
0.7359307359307359	0.7460147041661805	0.7359307359307359	0.7073579714054492	0.25512104283054005	138,9,52,32
