accuracy	precision	recall	f1	oob	confMatrxVars
0.6320346320346321	0.7686156638121704	0.6320346320346321	0.49824718162218534	0.3091247672253259	144,0,85,2
0.7402597402597403	0.7127531147138991	0.7402597402597403	0.6999557434340042	0.2886405959031657	155,11,49,16
0.7402597402597403	0.7381301625204064	0.7402597402597403	0.6957124508144916	0.3091247672253259	152,7,53,19
0.683982683982684	0.7039414074297794	0.683982683982684	0.6062391217030393	0.3240223463687151	146,4,69,12
0.6623376623376623	0.7773492882663188	0.6623376623376623	0.5363969791440909	0.33147113594040967	151,0,78,2
0.7142857142857143	0.7807308970099668	0.7142857142857143	0.6440281030444964	0.2998137802607076	150,1,65,15
0.6147186147186147	0.6659896420170393	0.6147186147186147	0.5103269859884313	0.2998137802607076	133,3,86,9
0.658008658008658	0.6768514223871366	0.658008658008658	0.5482936900233645	0.3221601489757915	147,2,77,5
0.7012987012987013	0.7694598979002649	0.7012987012987013	0.6208198655090867	0.3184357541899442	150,1,68,12
0.696969696969697	0.720993720993721	0.696969696969697	0.6043771043771043	0.3258845437616388	154,2,68,7
0.670995670995671	0.6177970177970178	0.670995670995671	0.5608700242846585	0.32774674115456237	152,3,73,3
0.6883116883116883	0.6918023153317271	0.6883116883116883	0.5960659825083378	0.3184357541899442	152,3,69,7
0.6883116883116883	0.7444604777938112	0.6883116883116883	0.6092886705131604	0.3128491620111732	146,2,70,13
0.7359307359307359	0.8084903084903086	0.7359307359307359	0.6550089586081258	0.34636871508379885	161,0,61,9
0.6536796536796536	0.6865063187933143	0.6536796536796536	0.5462023288110245	0.297951582867784	145,2,78,6
0.670995670995671	0.7327587926666267	0.670995670995671	0.5852727751070294	0.2811918063314711	143,2,74,12
0.6190476190476191	0.3832199546485261	0.6190476190476191	0.47338935574229696	0.34636871508379885	143,0,88,0
0.6666666666666666	0.6941997063142438	0.6666666666666666	0.5490457873711203	0.33705772811918067	151,1,76,3
0.7056277056277056	0.7584801125207943	0.7056277056277056	0.635385023140125	0.3054003724394786	148,2,66,15
0.658008658008658	0.777027671300799	0.658008658008658	0.5387598148977459	0.3258845437616388	148,0,79,4
0.7489177489177489	0.7589798388705866	0.7489177489177489	0.7095209260013731	0.3035381750465549	150,6,52,23
0.7316017316017316	0.7617764349471666	0.7316017316017316	0.6835921833801842	0.2960893854748603	147,4,58,22
0.6320346320346321	0.7680218332392246	0.6320346320346321	0.49398417674279743	0.3296089385474861	145,0,85,1
0.6796536796536796	0.6699307822302475	0.6796536796536796	0.648168297565888	0.3016759776536313	129,16,58,28
0.670995670995671	0.7130242306712895	0.670995670995671	0.5742660786139047	0.3072625698324022	147,2,74,8
