accuracy	precision	recall	f1	oob	confMatrxVars
0.7662337662337663	0.7662337662337663	0.7662337662337663	0.7662337662337663	0.23463687150837986	131,27,27,46
0.7705627705627706	0.7655959177698308	0.7705627705627706	0.766816856612775	0.25325884543761634	131,22,31,47
0.7359307359307359	0.7398281990118725	0.7359307359307359	0.7146831648360701	0.24581005586592175	133,12,49,37
0.7662337662337663	0.7625417976430513	0.7662337662337663	0.7564628767458955	0.25698324022346364	132,16,38,45
0.7792207792207793	0.7758731951278536	0.7792207792207793	0.777155401978637	0.25325884543761634	133,23,28,47
0.7489177489177489	0.7406216612171946	0.7489177489177489	0.7408082600629184	0.22346368715083798	132,21,37,41
0.7445887445887446	0.7405420666290231	0.7445887445887446	0.742199386602737	0.24953445065176905	129,27,32,43
0.7662337662337663	0.7580770107085896	0.7662337662337663	0.7598583234946871	0.24953445065176905	138,21,33,39
0.7402597402597403	0.7449518356307405	0.7402597402597402	0.7421031254230933	0.23836126629422716	115,33,27,56
0.7705627705627706	0.7693774479488765	0.7705627705627706	0.7612843303818281	0.24022346368715086	130,15,38,48
0.7445887445887446	0.7414965986394557	0.7445887445887446	0.7426801979389314	0.23463687150837986	122,27,32,50
0.7662337662337663	0.7679712477675126	0.7662337662337663	0.7670429570429569	0.24767225325884545	129,28,26,48
0.7575757575757576	0.756553262688232	0.7575757575757576	0.7494700502695173	0.25512104283054005	124,17,39,51
0.7922077922077922	0.7922077922077922	0.7922077922077922	0.7922077922077922	0.26256983240223464	136,24,24,47
0.7229437229437229	0.7169355123230623	0.7229437229437229	0.7178908144930797	0.22346368715083798	120,26,38,47
0.7316017316017316	0.7332372434680504	0.7316017316017316	0.732363850141628	0.23649906890130357	119,32,30,50
0.7619047619047619	0.7559328791582159	0.7619047619047619	0.7562898175143072	0.22532588454376168	130,21,34,46
0.7878787878787878	0.7838936872753298	0.7878787878787878	0.7851006530001418	0.25512104283054005	134,21,28,48
0.7662337662337663	0.7604364446469709	0.7662337662337663	0.7567959990320239	0.26815642458100564	134,17,37,43
0.7445887445887446	0.7454067418257958	0.7445887445887446	0.7449834492540977	0.24394785847299816	123,30,29,49
0.7792207792207793	0.7790006603565925	0.7792207792207793	0.7662575956153936	0.24394785847299816	138,12,39,42
0.7922077922077922	0.7906072635412223	0.7922077922077922	0.7913433855462839	0.23836126629422716	138,23,25,45
0.8225108225108225	0.8193968608079037	0.8225108225108225	0.8201140552237731	0.2774674115456238	139,17,24,51
0.7445887445887446	0.7410301150944862	0.7445887445887446	0.7345813616548909	0.24208566108007445	126,18,41,46
0.7056277056277056	0.6993417439277311	0.7056277056277056	0.6997766019988241	0.23277467411545627	116,27,41,47
