accuracy	precision	recall	f1	oob	confMatrxVars
0.7705627705627706	0.786704614829615	0.7705627705627706	0.7447505904031371	0.26629422718808193	145,6,47,33
0.7489177489177489	0.7606082143395576	0.7489177489177489	0.7106592439431108	0.24394785847299816	149,6,52,24
0.7272727272727273	0.7424201105684608	0.7272727272727273	0.6940721700056903	0.2867783985102421	138,8,55,30
0.7662337662337663	0.7845117845117845	0.7662337662337663	0.734090909090909	0.27001862197392923	149,5,49,28
0.7316017316017316	0.7342241092241092	0.7316017316017316	0.7011126300599985	0.25139664804469275	140,10,52,29
0.7272727272727273	0.7177545134066874	0.7272727272727273	0.7046258429997303	0.25512104283054005	137,15,48,31
0.6926406926406926	0.6921253349824779	0.6926406926406926	0.6597990318920551	0.25325884543761634	131,13,58,29
0.7316017316017316	0.7636304175569628	0.7316017316017316	0.6938533201691096	0.27188081936685293	140,5,57,29
0.6926406926406926	0.7058276868059477	0.6926406926406926	0.6316854014333005	0.24953445065176905	143,6,65,17
0.7619047619047619	0.7703933747412008	0.7619047619047619	0.7409868340100898	0.26070763500931093	139,9,46,37
0.7445887445887446	0.7728658861663787	0.7445887445887446	0.7020661493742975	0.26629422718808193	148,4,55,24
0.7012987012987013	0.7193431568431569	0.7012987012987013	0.6651266186149907	0.26070763500931093	132,9,60,30
0.7056277056277056	0.73192048415929	0.7056277056277056	0.6583943596102256	0.25139664804469275	139,6,62,24
0.7489177489177489	0.7589701964701965	0.7489177489177489	0.7203956861851598	0.26815642458100564	142,8,50,31
0.7012987012987013	0.7607478728168383	0.7012987012987013	0.6496624623875524	0.26629422718808193	137,3,66,25
0.7056277056277056	0.6952154599213423	0.7056277056277056	0.6848383990721086	0.24022346368715086	130,18,50,33
0.658008658008658	0.6441033713760986	0.658008658008658	0.6082729937986326	0.24394785847299816	132,13,66,20
0.70995670995671	0.7359399859399859	0.70995670995671	0.6712750908833994	0.26256983240223464	135,7,60,29
0.7878787878787878	0.7824096580781074	0.7878787878787878	0.7712301564701013	0.26629422718808193	149,11,38,33
0.7532467532467533	0.7609426297727362	0.7532467532467533	0.7246743594569681	0.2811918063314711	144,8,49,30
0.7142857142857143	0.7914768158670599	0.7142857142857143	0.6618924229049802	0.2830540037243948	140,1,65,25
0.7186147186147186	0.7113341204250295	0.7186147186147186	0.6924166634552391	0.26256983240223464	136,14,51,30
0.7142857142857143	0.709246661627614	0.7142857142857143	0.6851089357292831	0.26256983240223464	136,13,53,29
0.7662337662337663	0.7709183443968204	0.7662337662337663	0.7441195256045786	0.2849162011173184	143,9,45,34
0.7792207792207793	0.7827796512879386	0.7792207792207793	0.76343665098537	0.2867783985102421	140,10,41,40
