accuracy	precision	recall	f1	oob	confMatrxVars
0.7619047619047619	0.7626701246787856	0.7619047619047619	0.762272706931786	0.25325884543761634	125,28,27,51
0.7316017316017316	0.7226765519918846	0.7316017316017316	0.7210878909822572	0.23091247672253257	129,21,41,40
0.7619047619047619	0.7640228694217412	0.7619047619047619	0.7628326881346266	0.24022346368715086	120,29,26,56
0.7186147186147186	0.7178291906768728	0.7186147186147186	0.7182082686921629	0.21973929236499068	118,32,33,48
0.7532467532467533	0.750170881749829	0.7532467532467533	0.7513401290158104	0.23836126629422716	124,26,31,50
0.7619047619047619	0.7548964570858282	0.7619047619047619	0.7557499834294426	0.23277467411545627	133,21,34,43
0.8008658008658008	0.7996153155388824	0.8008658008658008	0.8001764901764901	0.26815642458100564	133,22,24,52
0.7316017316017316	0.7249872280928182	0.7316017316017316	0.7262018683071314	0.23836126629422716	124,25,37,45
0.7705627705627706	0.7732527800439516	0.7705627705627706	0.7717730018907196	0.25512104283054005	130,28,25,48
0.7402597402597403	0.7509350060370469	0.7402597402597403	0.7442073249868054	0.25139664804469275	122,35,25,49
0.7835497835497836	0.7807230686687392	0.7835497835497836	0.781575991186251	0.25325884543761634	127,22,28,54
0.7532467532467533	0.7487586436631023	0.7532467532467533	0.7491902829096926	0.24022346368715086	123,23,34,51
0.70995670995671	0.707686578356132	0.70995670995671	0.7086998417346533	0.22905027932960897	117,32,35,47
0.8008658008658008	0.8037860082304527	0.8008658008658008	0.8020763935154341	0.25325884543761634	129,25,21,56
0.7489177489177489	0.7553580922001975	0.7489177489177489	0.7354471222043377	0.22718808193668527	126,13,45,47
0.7965367965367965	0.7919887341574089	0.7965367965367965	0.7914342710580956	0.26070763500931093	136,17,30,48
0.7402597402597403	0.7348395018911078	0.7402597402597403	0.7326699274751223	0.23091247672253257	124,21,39,47
0.7922077922077922	0.7883358877147698	0.7922077922077922	0.7892388210859549	0.23836126629422716	133,20,28,50
0.7619047619047619	0.758385093167702	0.7619047619047619	0.7556496964453527	0.2737430167597765	125,19,36,51
0.7489177489177489	0.7420104530865272	0.7489177489177489	0.7377672017423571	0.22346368715083798	132,18,40,41
0.8008658008658008	0.7990626299805045	0.8008658008658008	0.7956934840051724	0.27001862197392923	131,15,31,54
0.7489177489177489	0.7453942774825627	0.7489177489177489	0.7466281497760512	0.24208566108007445	123,26,32,50
0.7489177489177489	0.7430620908881779	0.7489177489177489	0.7430243497306317	0.24581005586592175	126,22,36,47
0.7272727272727273	0.7229665071770334	0.7272727272727273	0.7139146567717997	0.22718808193668527	126,18,45,42
0.7532467532467533	0.7542280396053981	0.7532467532467533	0.7537227662619511	0.23091247672253257	131,29,28,43
