accuracy	precision	recall	f1	oob	confMatrxVars
0.7922077922077922	0.7890241966675088	0.7922077922077922	0.7895960248901426	0.24208566108007445	129,20,28,54
0.7662337662337663	0.7593739726488381	0.7662337662337663	0.7562158159415467	0.23649906890130357	136,17,37,41
0.7835497835497836	0.7792994883903975	0.7835497835497836	0.7808485127325708	0.26443202979515834	137,22,28,44
0.8051948051948052	0.8016930287461689	0.8051948051948052	0.801427103890813	0.25698324022346364	134,17,28,52
0.7792207792207793	0.7753803339517625	0.7792207792207793	0.7681780672606361	0.24581005586592175	138,14,37,42
0.7662337662337663	0.7662337662337663	0.7662337662337663	0.7662337662337663	0.23649906890130357	136,27,27,41
0.7878787878787878	0.7849406009783368	0.7878787878787878	0.7860139660212565	0.23836126629422716	132,22,27,50
0.7662337662337663	0.7681299106650242	0.7662337662337663	0.7671220289144818	0.23463687150837986	132,28,26,45
0.8181818181818182	0.8198734527236943	0.8181818181818182	0.8189609920934353	0.24953445065176905	142,22,20,47
0.7878787878787878	0.784072983199303	0.7878787878787878	0.7822843223061933	0.25325884543761634	132,17,32,50
0.7489177489177489	0.7424824171812123	0.7489177489177489	0.7447397833871264	0.23836126629422716	133,25,33,40
0.7619047619047619	0.757338002566296	0.7619047619047619	0.7592385218365062	0.24581005586592175	137,25,30,39
0.7619047619047619	0.758385093167702	0.7619047619047619	0.7556496964453527	0.24953445065176905	125,19,36,51
0.7445887445887446	0.7353024667393038	0.7445887445887446	0.736500482485884	0.22905027932960897	133,22,37,39
0.8008658008658008	0.7960575419740574	0.8008658008658008	0.792719401810311	0.24394785847299816	142,14,32,43
0.7965367965367965	0.8002459116916949	0.7965367965367965	0.7980062693337285	0.24581005586592175	127,26,21,57
0.7835497835497836	0.7821755910927887	0.7835497835497836	0.7828005328005329	0.24953445065176905	131,24,26,50
0.7402597402597403	0.7328889299323431	0.7402597402597403	0.7316460200108544	0.21973929236499068	128,21,39,43
0.7705627705627706	0.7677482085927663	0.7705627705627706	0.7633705634847839	0.23463687150837986	128,17,36,50
0.7792207792207793	0.7893356643356643	0.7792207792207793	0.7824915824915825	0.24953445065176905	123,31,20,57
0.7142857142857143	0.7078946716539919	0.7142857142857143	0.7090749024459884	0.23091247672253257	119,27,39,46
0.7619047619047619	0.7587692823608316	0.7619047619047619	0.7558556394723032	0.23649906890130357	124,19,36,52
0.7748917748917749	0.7717549117549117	0.7748917748917749	0.7727697139461847	0.26256983240223464	127,23,29,52
0.7662337662337663	0.7616809837414132	0.7662337662337663	0.7634024360732435	0.24208566108007445	134,24,30,43
0.7792207792207793	0.7758328627893845	0.7792207792207793	0.7739315428713348	0.27188081936685293	128,18,33,52
