accuracy	precision	recall	f1	oob	confMatrxVars
0.7359307359307359	0.7306418219461698	0.7359307359307359	0.7325774754346184	0.23091247672253257	127,27,34,43
0.7575757575757576	0.7521667087932148	0.7575757575757576	0.7497822083809345	0.23277467411545627	129,19,37,46
0.7575757575757576	0.7512368583797154	0.7575757575757576	0.7492853058890794	0.24022346368715086	131,19,37,44
0.7792207792207793	0.7814718614718614	0.7792207792207793	0.7802106356188178	0.23277467411545627	126,27,24,54
0.7272727272727273	0.7213510055444375	0.7272727272727273	0.7189966280435967	0.25325884543761634	122,22,41,46
0.7445887445887446	0.7467138921684376	0.7445887445887446	0.7342825926797532	0.24208566108007445	122,16,43,50
0.7575757575757576	0.7497607655502393	0.7575757575757576	0.7484994876299222	0.23277467411545627	134,19,37,41
0.7445887445887446	0.7418038215139665	0.7445887445887446	0.7430651141130362	0.22160148975791438	131,28,31,41
0.7316017316017316	0.7250139418814118	0.7316017316017316	0.7223110223110223	0.23836126629422716	125,21,41,44
0.7359307359307359	0.728615396252819	0.7359307359307359	0.7304959589523933	0.22718808193668527	128,25,36,42
0.7316017316017316	0.7249095509965074	0.7316017316017316	0.7268080803112651	0.24767225325884545	126,26,36,43
0.7532467532467533	0.7511465614182082	0.7532467532467533	0.7520644533568773	0.23836126629422716	125,27,30,49
0.7792207792207793	0.7762691853600945	0.7792207792207793	0.7769884311845889	0.26443202979515834	125,22,29,55
0.7445887445887446	0.7454601675380896	0.7445887445887446	0.7450101350729564	0.23836126629422716	125,30,29,47
0.7575757575757576	0.7636546460075873	0.7575757575757576	0.7600932400932402	0.24022346368715086	128,31,25,47
0.7922077922077922	0.7888407888407889	0.7922077922077922	0.7902627492988938	0.26815642458100564	142,22,26,41
0.7532467532467533	0.7585858585858587	0.7532467532467533	0.7555551160467944	0.26070763500931093	130,31,26,44
0.7272727272727273	0.7378386514148103	0.7272727272727273	0.7314541466710287	0.22532588454376168	124,36,27,44
0.7575757575757576	0.7559626085722844	0.7575757575757576	0.7567098076652216	0.22905027932960897	129,27,29,46
0.7186147186147186	0.7252391019832881	0.7186147186147186	0.7212675091462971	0.23649906890130357	116,36,29,50
0.7748917748917749	0.7670024759106352	0.7748917748917749	0.7677292404565133	0.24953445065176905	139,19,33,40
0.7359307359307359	0.7288307226272488	0.7359307359307359	0.7316677234345186	0.22718808193668527	135,27,34,35
0.7229437229437229	0.7197913197913197	0.7229437229437229	0.7211446562095912	0.23091247672253257	122,30,34,45
0.7965367965367965	0.7914131153277859	0.7965367965367965	0.7919506379537117	0.27001862197392923	138,18,29,46
0.7705627705627706	0.7713018161052805	0.7705627705627706	0.7709173357706302	0.24953445065176905	126,27,26,52
