accuracy	precision	recall	f1	oob	confMatrxVars
0.7619047619047619	0.7539835606373696	0.7619047619047619	0.7543648565546376	0.25139664804469275	135,20,35,41
0.7445887445887446	0.7424414210128496	0.7445887445887446	0.7337111544432513	0.23649906890130357	126,17,42,46
0.7792207792207793	0.7784992784992786	0.7792207792207793	0.7788446727140537	0.25325884543761634	130,25,26,50
0.7142857142857143	0.7112497891718671	0.7142857142857143	0.7125487770058057	0.22905027932960897	119,31,35,46
0.7835497835497836	0.7835497835497836	0.7835497835497836	0.7835497835497836	0.26629422718808193	137,25,25,44
0.7272727272727273	0.7194542807029155	0.7272727272727273	0.7200798429651059	0.22718808193668527	125,24,39,43
0.7316017316017316	0.7273986700738294	0.7316017316017316	0.7289874627536964	0.24767225325884545	123,28,34,46
0.7532467532467533	0.7483069078161102	0.7532467532467533	0.7463259502094454	0.22718808193668527	126,20,37,48
0.7489177489177489	0.7419388692115965	0.7489177489177489	0.7424415073972902	0.22346368715083798	129,22,36,44
0.7445887445887446	0.7387156590055141	0.7445887445887446	0.7382678873255686	0.23649906890130357	125,22,37,47
0.7835497835497836	0.7770742276046038	0.7835497835497836	0.7770566676196413	0.25139664804469275	138,18,32,43
0.7489177489177489	0.7472961422006008	0.7489177489177489	0.748048618048618	0.23463687150837986	127,28,30,46
0.7705627705627706	0.7666103986858704	0.7705627705627706	0.7659534228605962	0.23649906890130357	126,20,33,52
0.7965367965367965	0.7951144094001237	0.7965367965367965	0.7863601796323509	0.25139664804469275	140,12,35,44
0.7272727272727273	0.7262800965631154	0.7272727272727273	0.7267624576011392	0.24581005586592175	127,31,32,41
0.7229437229437229	0.7199747857414204	0.7229437229437229	0.7095171495171496	0.22532588454376168	124,18,46,43
0.7619047619047619	0.7610973120527261	0.7619047619047619	0.7614861284265405	0.23277467411545627	129,27,28,47
0.7792207792207793	0.776370688135394	0.7792207792207793	0.7765446674537584	0.24208566108007445	123,21,30,57
0.7792207792207793	0.7888582006229067	0.7792207792207793	0.7828253379273785	0.26256983240223464	132,30,21,48
0.7575757575757576	0.7537767128542228	0.7575757575757576	0.7551371096362606	0.24953445065176905	127,25,31,48
0.7619047619047619	0.7688308104698833	0.7619047619047619	0.7646545133695335	0.24767225325884545	127,31,24,49
0.7662337662337663	0.764241893076249	0.7662337662337663	0.7588881706528765	0.23649906890130357	126,17,37,51
0.7532467532467533	0.748637278214743	0.7532467532467533	0.750209757650202	0.24953445065176905	128,25,32,46
0.7142857142857143	0.7088156288156289	0.7142857142857143	0.708802001730468	0.22532588454376168	116,26,40,49
0.7619047619047619	0.7607882077761595	0.7619047619047619	0.7528698642347986	0.23463687150837986	127,16,39,49
