accuracy	precision	recall	f1	oob	confMatrxVars
0.8008658008658008	0.7985272889731488	0.8008658008658008	0.7973545769903386	0.24022346368715086	128,17,29,57
0.7532467532467533	0.7607272901390549	0.7532467532467533	0.7562837488433046	0.22905027932960897	128,32,25,46
0.7056277056277056	0.7004475999382621	0.7056277056277056	0.7021673690547864	0.22718808193668527	117,30,38,46
0.7445887445887446	0.7409668535037011	0.7445887445887446	0.7424132265596459	0.23091247672253257	126,27,32,46
0.7619047619047619	0.7539835606373696	0.7619047619047619	0.7543648565546376	0.24581005586592175	135,20,35,41
0.7445887445887446	0.7418102988822591	0.7445887445887446	0.7333617558546265	0.24767225325884545	127,17,42,45
0.7272727272727273	0.726457638222344	0.7272727272727273	0.7268512629690452	0.2178770949720671	121,31,32,47
0.7748917748917749	0.7692247146792601	0.7748917748917749	0.7697595905143075	0.24022346368715086	133,20,32,46
0.7272727272727273	0.7233318095117991	0.7272727272727273	0.724949716495893	0.23091247672253257	124,29,34,44
0.7662337662337663	0.761106450388298	0.7662337662337663	0.7626807155109042	0.24022346368715086	132,23,31,45
0.7402597402597403	0.7373617703415196	0.7402597402597403	0.7281982950772761	0.24767225325884545	127,17,43,44
0.7705627705627706	0.7650876910978841	0.7705627705627706	0.7651520059683325	0.24767225325884545	131,20,33,47
0.7402597402597403	0.7348390739695088	0.7402597402597403	0.7337303219656162	0.22718808193668527	123,22,38,48
0.7532467532467533	0.7467721575839523	0.7532467532467533	0.7481683550866626	0.23091247672253257	130,23,34,44
0.7835497835497836	0.779909126189688	0.7835497835497836	0.7801490448549272	0.25325884543761634	128,20,30,53
0.7359307359307359	0.7392436557335302	0.7359307359307359	0.7224248138011702	0.22346368715083798	124,15,46,46
0.7792207792207793	0.778425540217993	0.7792207792207793	0.7788077037723508	0.24394785847299816	133,25,26,47
0.7705627705627706	0.7670973470973471	0.7705627705627706	0.7680808141077536	0.24767225325884545	126,23,30,52
0.7402597402597403	0.7355916591585381	0.7402597402597403	0.7369950311126783	0.22905027932960897	123,26,34,48
0.7445887445887446	0.7406735313356706	0.7445887445887446	0.7419167792790062	0.24767225325884545	122,26,33,50
0.7575757575757576	0.7564557986244733	0.7575757575757576	0.7569573283858999	0.22905027932960897	119,27,29,56
0.7748917748917749	0.7673957621326042	0.7748917748917749	0.767936528948542	0.25698324022346364	138,19,33,41
0.7662337662337663	0.7621171961383508	0.7662337662337663	0.7631978411199191	0.24581005586592175	127,23,31,50
0.7792207792207793	0.7750331534662521	0.7792207792207793	0.7752139985149693	0.23649906890130357	129,20,31,51
0.8484848484848485	0.8488822652757079	0.8484848484848485	0.8432067742934839	0.2886405959031657	144,9,26,52
