accuracy	precision	recall	f1	oob	confMatrxVars
0.7705627705627706	0.7630859811585078	0.7705627705627706	0.7620806874629503	0.25884543761638734	137,18,35,41
0.7489177489177489	0.739662287030708	0.7489177489177489	0.7403097323703604	0.24953445065176905	134,21,37,39
0.7705627705627706	0.7643577306227909	0.7705627705627706	0.7655442588828949	0.24208566108007445	134,21,32,44
0.7748917748917749	0.7702630166398283	0.7748917748917749	0.7715738974625744	0.25512104283054005	132,22,30,47
0.7272727272727273	0.724911251736379	0.7272727272727273	0.7259659747628645	0.2141527001862198	122,30,33,46
0.7359307359307359	0.7485410226374082	0.7359307359307359	0.7405700530424708	0.23091247672253257	123,36,25,47
0.7619047619047619	0.7571633054724842	0.7619047619047619	0.758786447245057	0.24394785847299816	131,24,31,45
0.7489177489177489	0.7437583380979608	0.7489177489177489	0.744183920654509	0.24581005586592175	124,23,35,49
0.7619047619047619	0.7726920270023718	0.7619047619047619	0.7655589720140266	0.24767225325884545	122,33,22,54
0.7402597402597403	0.7380361573909962	0.7402597402597403	0.7285714285714286	0.23091247672253257	126,17,43,45
0.8268398268398268	0.8235494495860938	0.8268398268398268	0.8216453340957129	0.2830540037243948	143,13,27,48
0.7489177489177489	0.7447430893950419	0.7489177489177489	0.7453530009085565	0.2178770949720671	121,24,34,52
0.7662337662337663	0.7604659628685839	0.7662337662337663	0.7617924528301887	0.26443202979515834	132,22,32,45
0.7575757575757576	0.7529259662493194	0.7575757575757576	0.7489162584703986	0.25512104283054005	129,18,38,46
0.7662337662337663	0.764241893076249	0.7662337662337663	0.7588881706528765	0.24022346368715086	126,17,37,51
0.7748917748917749	0.7695176252319109	0.7748917748917749	0.7639621026952661	0.24022346368715086	138,15,37,41
0.7792207792207793	0.7754858901564399	0.7792207792207793	0.7769587474244801	0.25325884543761634	136,23,28,44
0.7402597402597403	0.7340646930709043	0.7402597402597403	0.7350340661036757	0.23463687150837986	125,24,36,46
0.7575757575757576	0.7558525394793	0.7575757575757576	0.7566545962772377	0.23649906890130357	131,27,29,44
0.7575757575757576	0.752978020188008	0.7575757575757576	0.7537669302375185	0.24581005586592175	125,23,33,50
0.7445887445887446	0.7477130948468528	0.7445887445887446	0.7460223593803492	0.24208566108007445	129,31,28,43
0.7705627705627706	0.7673225764134854	0.7705627705627706	0.7631365107142879	0.25139664804469275	129,17,36,49
0.7445887445887446	0.7397604403973831	0.7445887445887446	0.7403899419591554	0.24581005586592175	122,24,35,50
0.7532467532467533	0.7493617493617493	0.7532467532467533	0.7505774793234332	0.25512104283054005	124,25,32,50
0.7792207792207793	0.772563463339971	0.7792207792207793	0.7710587747284995	0.24022346368715086	138,17,34,42
