accuracy	precision	recall	f1	oob	confMatrxVars
0.7878787878787878	0.7838267322739373	0.7878787878787878	0.783903858327316	0.25698324022346364	131,19,30,51
0.7532467532467533	0.7489799970688212	0.7532467532467533	0.7455117380874091	0.24022346368715086	126,19,38,48
0.7575757575757576	0.7624602075283712	0.7575757575757576	0.7594999161264222	0.23091247672253257	120,31,25,55
0.7619047619047619	0.7610973120527261	0.7619047619047619	0.7614861284265405	0.26070763500931093	129,27,28,47
0.7445887445887446	0.7418945443790165	0.7445887445887446	0.743110598909972	0.22160148975791438	130,28,31,42
0.7619047619047619	0.7601642996379838	0.7619047619047619	0.7507679238343875	0.24208566108007445	131,15,40,45
0.8051948051948052	0.8052846316406564	0.8051948051948052	0.7990882142795336	0.26815642458100564	132,13,32,54
0.7402597402597403	0.7411926102066948	0.7402597402597403	0.7320133464711777	0.25512104283054005	118,18,42,53
0.7792207792207793	0.7747922884568846	0.7792207792207793	0.7757270925570774	0.23463687150837986	131,21,30,49
0.7705627705627706	0.765530995059531	0.7705627705627706	0.7621532072942732	0.23649906890130357	133,17,36,45
0.7835497835497836	0.7801217546440476	0.7835497835497836	0.7802601296105627	0.25325884543761634	127,20,30,54
0.7575757575757576	0.7479591836734694	0.7575757575757576	0.751205400192864	0.22718808193668527	142,23,33,33
0.7316017316017316	0.7243403775341704	0.7316017316017316	0.7250982350982351	0.24022346368715086	125,24,38,44
0.7532467532467533	0.749185656828969	0.7532467532467533	0.7504880535037096	0.23463687150837986	125,25,32,49
0.7922077922077922	0.788512895555149	0.7922077922077922	0.7893306693306693	0.25698324022346364	132,20,28,51
0.7272727272727273	0.7221586938568071	0.7272727272727273	0.7240205121851594	0.2141527001862198	124,28,35,44
0.7662337662337663	0.764011340771904	0.7662337662337663	0.7600509589748	0.22346368715083798	124,18,36,53
0.7662337662337663	0.7614474606985446	0.7662337662337663	0.7558522223118497	0.24394785847299816	134,16,38,43
0.8138528138528138	0.8120613834522286	0.8138528138528138	0.8128079759538479	0.26256983240223464	137,20,23,51
0.7445887445887446	0.7415165599878977	0.7445887445887446	0.7387409448015508	0.24394785847299816	119,21,38,53
0.7748917748917749	0.7720687762941284	0.7748917748917749	0.7732328361771746	0.23649906890130357	132,24,28,47
0.7878787878787878	0.7867034990791897	0.7878787878787878	0.7738786383045404	0.23277467411545627	143,11,38,39
0.7489177489177489	0.739662287030708	0.7489177489177489	0.7403097323703604	0.23277467411545627	134,21,37,39
0.7619047619047619	0.7578876530671224	0.7619047619047619	0.7591550104399905	0.23091247672253257	127,24,31,49
0.7748917748917749	0.7702276671962706	0.7748917748917749	0.7694372294372294	0.24767225325884545	130,19,33,49
