accuracy	precision	recall	f1	oob	confMatrxVars
0.8095238095238095	0.8081604647847163	0.8095238095238095	0.8032070813412931	0.25698324022346364	136,13,31,51
0.7835497835497836	0.7854216206328882	0.7835497835497836	0.7844236508832783	0.26443202979515834	136,26,24,45
0.7878787878787878	0.7832572720910189	0.7878787878787878	0.7807082557529962	0.25698324022346364	136,16,33,46
0.7748917748917749	0.7700678189076392	0.7748917748917749	0.771910955201818	0.24208566108007445	138,23,29,41
0.8051948051948052	0.802721088435374	0.8051948051948052	0.8038071293885246	0.25884543761638734	144,21,24,42
0.8008658008658008	0.7982683982683982	0.8008658008658008	0.7989885931062403	0.25512104283054005	130,20,26,55
0.7748917748917749	0.770405352223534	0.7748917748917749	0.7720824532418736	0.23277467411545627	136,23,29,43
0.7878787878787878	0.7828039430449069	0.7878787878787878	0.7825591336563124	0.23277467411545627	135,18,31,47
0.7878787878787878	0.7814499868501797	0.7878787878787878	0.7826529573450066	0.23649906890130357	140,19,30,42
0.7662337662337663	0.7599990371074707	0.7662337662337663	0.7600159274687577	0.24394785847299816	132,20,34,45
0.7532467532467533	0.7553588352305273	0.7532467532467533	0.7541736289439098	0.23091247672253257	118,30,27,56
0.7705627705627706	0.7630356464493399	0.7705627705627706	0.7640764717217315	0.24767225325884545	137,20,33,41
0.7748917748917749	0.7719143601496543	0.7748917748917749	0.7724229172911445	0.23836126629422716	123,22,30,56
0.6796536796536796	0.6761765942907382	0.6796536796536796	0.66354778119484	0.21601489757914338	116,21,53,41
0.7489177489177489	0.7456356711939838	0.7489177489177489	0.7381552286010885	0.23091247672253257	128,17,41,45
0.8095238095238095	0.8109106037755475	0.8095238095238095	0.8033395176252318	0.25884543761638734	132,12,32,55
0.7792207792207793	0.7752774828246526	0.7792207792207793	0.7753420058978534	0.26256983240223464	128,20,31,52
0.7662337662337663	0.7639658816129404	0.7662337662337663	0.7648598090651072	0.23649906890130357	124,25,29,53
0.7662337662337663	0.7591218305504019	0.7662337662337663	0.7603990212685866	0.24953445065176905	135,21,33,42
0.7316017316017316	0.7268756328926261	0.7316017316017316	0.7255047832825611	0.24208566108007445	119,23,39,50
0.7662337662337663	0.7607080757567947	0.7662337662337663	0.7612236274656656	0.24208566108007445	130,21,33,47
0.7445887445887446	0.7393918974107654	0.7445887445887446	0.740796230230839	0.21601489757914338	125,25,34,47
0.7445887445887446	0.7401249984048666	0.7445887445887446	0.7416390111992625	0.23463687150837986	125,26,33,47
0.7532467532467533	0.7503888539563821	0.7532467532467533	0.7516839365014548	0.23463687150837986	134,27,30,40
0.8051948051948052	0.800616711330997	0.8051948051948052	0.8000054381327072	0.24953445065176905	139,16,29,47
