accuracy	precision	recall	f1	oob	confMatrxVars
0.7012987012987013	0.6908403161210048	0.7012987012987013	0.6910033277380216	0.33705772811918067	123,25,44,39
0.6883116883116883	0.6815152483942293	0.6883116883116883	0.6814748518791734	0.33705772811918067	113,28,44,46
0.6666666666666666	0.6599406009783367	0.6666666666666666	0.6626917371151948	0.3184357541899442	117,35,42,37
0.683982683982684	0.6862423628381075	0.683982683982684	0.6849975477986183	0.3184357541899442	106,38,35,52
0.6926406926406926	0.6967138456500159	0.6926406926406926	0.6943541940057618	0.34450651769087526	108,38,33,52
0.6190476190476191	0.6317049808429119	0.6190476190476191	0.6242702024335679	0.33891992551210426	105,49,39,38
0.7489177489177489	0.7426876474495522	0.7489177489177489	0.7251530167375654	0.3165735567970205	143,12,46,30
0.70995670995671	0.7031576431017773	0.70995670995671	0.6897497636183767	0.33333333333333337	129,17,50,35
0.7359307359307359	0.7347051027814501	0.7359307359307359	0.7353037120478981	0.35381750465549344	136,30,31,34
0.683982683982684	0.6743278192553556	0.683982683982684	0.6761619622841781	0.3296089385474861	118,29,44,40
0.7402597402597403	0.7350239495202213	0.7402597402597403	0.7361788538259126	0.33147113594040967	123,25,35,48
0.7229437229437229	0.7267489711934157	0.7229437229437229	0.7246280257606041	0.3147113594040968	120,34,30,47
0.658008658008658	0.6891275391275391	0.658008658008658	0.6683825106474247	0.34078212290502796	111,50,29,41
0.6926406926406926	0.7130602761738807	0.6926406926406926	0.6991830257779326	0.3202979515828678	111,44,27,49
0.7012987012987013	0.7163243984529795	0.7012987012987013	0.7072591807285685	0.36312849162011174	123,40,29,39
0.7056277056277056	0.7013033880590719	0.7056277056277056	0.7032507864806004	0.3780260707635009	127,32,36,36
0.6623376623376623	0.6757813614956472	0.6623376623376623	0.667316889395858	0.33705772811918067	107,45,33,46
0.696969696969697	0.689181586524142	0.696969696969697	0.6922215108834827	0.3258845437616388	125,31,39,36
0.7056277056277056	0.7038233413445638	0.7056277056277056	0.7046719514251981	0.3128491620111732	120,33,35,43
0.6883116883116883	0.68454681830478	0.6883116883116883	0.6862214186492624	0.3016759776536313	119,34,38,40
0.7272727272727273	0.7258519862875581	0.7272727272727273	0.7114543674534972	0.3258845437616388	127,16,47,41
0.7142857142857143	0.7176308855539008	0.7142857142857143	0.7157434402332362	0.33333333333333337	114,35,31,51
0.7575757575757576	0.7581811060071929	0.7575757575757576	0.7371332371332371	0.3240223463687151	140,11,45,35
0.6277056277056277	0.6121212121212122	0.6277056277056277	0.6161072261072261	0.35009310986964615	113,34,52,32
0.683982683982684	0.6981399634668324	0.683982683982684	0.688936232072423	0.34823091247672255	109,43,30,49
