accuracy	precision	recall	f1	oob	confMatrxVars
0.6536796536796536	0.691701424247074	0.6536796536796536	0.6647446026978662	0.36126629422718803	106,53,27,45
0.7142857142857143	0.7041965478690044	0.7142857142857143	0.7034291704103025	0.3296089385474861	126,23,43,39
0.6320346320346321	0.6199597558130492	0.6320346320346321	0.6155440049143713	0.3016759776536313	110,28,57,36
0.6926406926406926	0.6815778598911129	0.6926406926406926	0.6831620382640791	0.3258845437616388	122,27,44,38
0.6277056277056277	0.6228443161776496	0.6277056277056277	0.6248564360809258	0.33891992551210426	104,40,46,41
0.6753246753246753	0.6569758812615955	0.6753246753246753	0.6590853930303471	0.34823091247672255	126,26,49,30
0.6493506493506493	0.6430237808549067	0.6493506493506493	0.6446998470872589	0.3109869646182495	105,35,46,45
0.7056277056277056	0.7221790365350913	0.7056277056277056	0.7105657437988502	0.3128491620111732	108,42,26,55
0.6926406926406926	0.6978774485731435	0.6926406926406926	0.6949374182701289	0.35009310986964615	116,38,33,44
0.670995670995671	0.6776837078041897	0.670995670995671	0.673896247240618	0.3258845437616388	113,41,35,42
0.7186147186147186	0.7165149314840366	0.7186147186147186	0.7027907844234376	0.3165735567970205	125,17,48,41
0.7012987012987013	0.7129953827053719	0.7012987012987013	0.7049493194390074	0.3109869646182495	105,41,28,57
0.7445887445887446	0.7439776776511471	0.7445887445887446	0.744268945371597	0.34078212290502796	117,29,30,55
0.7445887445887446	0.7313297219714332	0.7445887445887446	0.7236698888872801	0.34823091247672255	143,15,44,29
0.6883116883116883	0.6805430767694919	0.6883116883116883	0.6809839167455061	0.3016759776536313	115,28,44,44
0.6796536796536796	0.6717313089777109	0.6796536796536796	0.6738112542576233	0.3147113594040968	115,31,43,42
0.670995670995671	0.659190608588199	0.670995670995671	0.663262910798122	0.3258845437616388	122,32,44,33
0.7012987012987013	0.6961549561549562	0.7012987012987013	0.6980674749704716	0.3147113594040968	118,31,38,44
0.7186147186147186	0.7130439735702895	0.7186147186147186	0.7048325823836028	0.3128491620111732	125,19,46,41
0.6493506493506493	0.6501566615202978	0.6493506493506493	0.6497416172677496	0.34264432029795155	103,41,40,47
0.6406926406926406	0.6318431095501159	0.6406926406926406	0.6318239154532669	0.2830540037243948	106,32,51,42
0.7186147186147186	0.7329129874779713	0.7186147186147186	0.7227640464108485	0.3091247672253259	108,40,25,58
0.6536796536796536	0.6696952255372884	0.6536796536796536	0.6599957892429578	0.34450651769087526	112,46,34,39
0.6753246753246753	0.6684532398818113	0.6753246753246753	0.6715808118912291	0.33333333333333337	128,35,40,28
0.7359307359307359	0.7334017927047232	0.7359307359307359	0.7345378281759267	0.34264432029795155	126,29,32,44
