accuracy	precision	recall	f1	oob	confMatrxVars
0.7748917748917749	0.7733557497708441	0.7748917748917749	0.7740623055344749	0.24208566108007445	132,25,27,47
0.7835497835497836	0.7774301794152911	0.7835497835497836	0.7772468183096203	0.23277467411545627	137,18,32,44
0.7965367965367965	0.7947507502722228	0.7965367965367965	0.7908301694709461	0.24208566108007445	131,15,32,53
0.7878787878787878	0.7887795434379287	0.7878787878787878	0.7883134528121944	0.25512104283054005	137,25,24,45
0.7662337662337663	0.7623585359434416	0.7662337662337663	0.7612598094776643	0.23463687150837986	125,20,34,52
0.7532467532467533	0.7533820085411215	0.7532467532467533	0.7415326273743411	0.22718808193668527	128,15,42,46
0.7792207792207793	0.7753803339517625	0.7792207792207793	0.7681780672606361	0.25139664804469275	138,14,37,42
0.7359307359307359	0.729667273145534	0.7359307359307359	0.7316194010071562	0.23649906890130357	127,26,35,43
0.7878787878787878	0.7857309838987756	0.7878787878787878	0.7792855002886351	0.24581005586592175	135,14,35,47
0.8008658008658008	0.7987923187923187	0.8008658008658008	0.7995727216506437	0.25512104283054005	131,21,25,54
0.7532467532467533	0.7487237221536738	0.7532467532467533	0.7465470538707902	0.22905027932960897	125,20,37,49
0.7748917748917749	0.7695061278970999	0.7748917748917749	0.7706149545772187	0.26256983240223464	133,21,31,46
0.7142857142857143	0.7105739031122109	0.7142857142857143	0.7119355517620373	0.21042830540037238	116,30,36,49
0.70995670995671	0.7031393554873715	0.70995670995671	0.7002286634943985	0.2178770949720671	120,23,44,44
0.7402597402597403	0.7464481475370768	0.7402597402597403	0.7244870811749793	0.21973929236499068	127,13,47,44
0.7575757575757576	0.7557900646193907	0.7575757575757576	0.7456006606950003	0.23277467411545627	131,15,41,44
0.7619047619047619	0.7556291098459773	0.7619047619047619	0.7575137590060637	0.23091247672253257	134,23,32,42
0.7792207792207793	0.7746273061202302	0.7792207792207793	0.769432611184436	0.26256983240223464	137,15,36,43
0.7835497835497836	0.7809729952587096	0.7835497835497836	0.7755741166526671	0.24767225325884545	133,15,35,48
0.7835497835497836	0.7777777777777779	0.7835497835497836	0.7774327122153208	0.23091247672253257	136,18,32,45
0.7792207792207793	0.7844381052473538	0.7792207792207793	0.7672415912163546	0.26256983240223464	133,11,40,47
0.7878787878787878	0.7824561403508771	0.7878787878787878	0.7802657682949654	0.24767225325884545	138,16,33,44
0.7359307359307359	0.7276610899439684	0.7359307359307359	0.7306079512126544	0.22346368715083798	134,26,35,36
0.7662337662337663	0.7613865826426214	0.7662337662337663	0.7607468083698984	0.24022346368715086	128,20,34,49
0.7748917748917749	0.7714189425032798	0.7748917748917749	0.772904561765137	0.26070763500931093	138,24,28,41
