accuracy	precision	recall	f1	oob	confMatrxVars
0.7792207792207793	0.7749835600077145	0.7792207792207793	0.7763292510817802	0.26815642458100564	133,22,29,47
0.7705627705627706	0.7664281141393817	0.7705627705627706	0.7677388974642227	0.26256983240223464	130,23,30,48
0.7445887445887446	0.7412365412365413	0.7445887445887446	0.7425491044278476	0.26815642458100564	124,27,32,48
0.7662337662337663	0.761106450388298	0.7662337662337663	0.7626807155109042	0.2737430167597765	132,23,31,45
0.7359307359307359	0.7351155338168325	0.7359307359307359	0.7355089798296691	0.24581005586592175	123,30,31,47
0.7489177489177489	0.742385632811552	0.7489177489177489	0.7441474493361285	0.25698324022346364	130,24,34,43
0.7402597402597403	0.7346340406581371	0.7402597402597403	0.7369204234956671	0.2737430167597765	133,27,33,38
0.7489177489177489	0.753078033078033	0.7489177489177489	0.7507681036378799	0.25698324022346364	129,31,27,44
0.6926406926406926	0.6791143282946562	0.6926406926406926	0.6819337421382101	0.25139664804469275	126,27,44,34
0.7012987012987013	0.6895474252794352	0.7012987012987013	0.6903504019491481	0.2830540037243948	125,25,44,37
0.7532467532467533	0.7480326902013649	0.7532467532467533	0.7450034794846855	0.27188081936685293	128,19,38,46
0.7272727272727273	0.7208448117539026	0.7272727272727273	0.7233607428720688	0.27188081936685293	130,28,35,38
0.7229437229437229	0.7147419380764849	0.7229437229437229	0.7160161236594358	0.26443202979515834	125,25,39,42
0.7229437229437229	0.7170782269373819	0.7229437229437229	0.7191075591075592	0.2774674115456238	124,28,36,43
0.7792207792207793	0.7756503077293783	0.7792207792207793	0.7766710096807184	0.2737430167597765	129,22,29,51
0.7402597402597403	0.7347100104864079	0.7402597402597403	0.7365485263574435	0.25698324022346364	127,26,34,44
0.7316017316017316	0.7247375991337344	0.7316017316017316	0.7253018910913648	0.26443202979515834	124,24,38,45
0.7792207792207793	0.7751310801000241	0.7792207792207793	0.7744854929320948	0.2737430167597765	129,19,32,51
0.7532467532467533	0.7636358678542301	0.7532467532467533	0.74066303332253	0.27560521415270023	124,12,45,50
0.7272727272727273	0.7177830940988836	0.7272727272727273	0.7158842350729405	0.26443202979515834	129,21,42,39
0.7489177489177489	0.7429639890506291	0.7489177489177489	0.7449835375891714	0.26443202979515834	131,25,33,42
0.7359307359307359	0.7286429575913108	0.7359307359307359	0.7268290288698452	0.292364990689013	127,21,40,43
0.7402597402597403	0.7338998450109561	0.7402597402597403	0.7341631204109981	0.26815642458100564	125,23,37,46
0.7532467532467533	0.761566478456506	0.7532467532467533	0.7393750603222293	0.27001862197392923	127,12,45,47
0.7402597402597403	0.7424707334918602	0.7402597402597403	0.7413083810599338	0.25139664804469275	131,31,29,40
