accuracy	precision	recall	f1	oob	confMatrxVars
0.7705627705627706	0.7619637937819755	0.7705627705627706	0.7602117369559229	0.2737430167597765	140,17,36,38
0.7272727272727273	0.7208466709346991	0.7272727272727273	0.7223231746361386	0.24394785847299816	123,26,37,45
0.7575757575757576	0.7866848228294011	0.7575757575757576	0.7665085045005282	0.2942271880819367	130,38,18,45
0.7445887445887446	0.7395445134575569	0.7445887445887446	0.7413454270597127	0.26815642458100564	128,26,33,44
0.7402597402597403	0.7323230985881589	0.7402597402597403	0.7333510305208418	0.25325884543761634	129,23,37,42
0.7662337662337663	0.773061224489796	0.7662337662337663	0.7520215633423182	0.25698324022346364	132,11,43,45
0.7792207792207793	0.773847740348981	0.7792207792207793	0.771757572314343	0.27001862197392923	135,17,34,45
0.7662337662337663	0.7718457039649093	0.7662337662337663	0.7685107100691516	0.25512104283054005	127,30,24,50
0.7619047619047619	0.7592113768584356	0.7619047619047618	0.7601851660785649	0.25698324022346364	123,25,30,53
0.7445887445887446	0.7390204865556977	0.7445887445887446	0.7392856801704129	0.2774674115456238	124,23,36,48
0.7359307359307359	0.7360931063290409	0.7359307359307359	0.7206145462644973	0.24767225325884545	128,15,46,42
0.7229437229437229	0.7229437229437229	0.7229437229437229	0.7229437229437229	0.23463687150837986	115,32,32,52
0.6883116883116883	0.6756102142794524	0.6883116883116883	0.6752838356611941	0.25139664804469275	123,25,47,36
0.7532467532467533	0.7478819869609823	0.7532467532467533	0.7461007296189681	0.24394785847299816	127,20,37,47
0.7792207792207793	0.7761180992313068	0.7792207792207793	0.7772798421853893	0.27560521415270023	131,23,28,49
0.7402597402597403	0.7384008597036766	0.7402597402597403	0.739272781725612	0.25139664804469275	129,29,31,42
0.7619047619047619	0.7559211933276303	0.7619047619047619	0.7543317120169072	0.2811918063314711	131,19,36,45
0.7792207792207793	0.7741361296148337	0.7792207792207793	0.775387621782606	0.2849162011173184	134,21,30,46
0.7532467532467533	0.7541712032157893	0.7532467532467533	0.7536943781841742	0.26443202979515834	129,29,28,45
0.7316017316017316	0.7245202871337173	0.7316017316017316	0.7175149901857977	0.26629422718808193	130,18,44,39
0.7359307359307359	0.7306283778333468	0.7359307359307359	0.7289932996939366	0.24208566108007445	122,22,39,48
0.7532467532467533	0.7555226449963292	0.7532467532467533	0.740664914346755	0.25139664804469275	128,14,43,46
0.7619047619047619	0.7587639986041051	0.7619047619047619	0.7591209832151676	0.27560521415270023	120,23,32,56
0.7532467532467533	0.7483079090221948	0.7532467532467533	0.7504014170373342	0.25325884543761634	137,26,31,37
0.7186147186147186	0.7140506552271259	0.7186147186147186	0.7152039879312607	0.21973929236499068	116,28,37,50
