accuracy	precision	recall	f1	oob	confMatrxVars
0.7229437229437229	0.7137387013317534	0.7229437229437229	0.7124161652463538	0.24953445065176905	127,22,42,40
0.7575757575757576	0.7524363187013788	0.7575757575757576	0.7544590619292891	0.27560521415270023	135,25,31,40
0.7748917748917749	0.7688753985535423	0.7748917748917749	0.7687191329796964	0.2737430167597765	134,19,33,45
0.7272727272727273	0.7229780801209372	0.7272727272727273	0.7156576733885565	0.25139664804469275	124,19,44,44
0.7619047619047619	0.7591870495096302	0.7619047619047619	0.75197062952165	0.25512104283054005	130,16,39,46
0.7575757575757576	0.7575757575757576	0.7575757575757576	0.7575757575757576	0.26629422718808193	131,28,28,44
0.7705627705627706	0.7649273854177183	0.7705627705627706	0.7603907527995118	0.25884543761638734	136,16,37,42
0.7532467532467533	0.7500444000444001	0.7532467532467533	0.7512762534302936	0.25325884543761634	125,26,31,49
0.7619047619047619	0.766438032166509	0.7619047619047619	0.7638061213767843	0.24208566108007445	126,30,25,50
0.7445887445887446	0.7412365412365413	0.7445887445887446	0.7425491044278476	0.27188081936685293	124,27,32,48
0.7748917748917749	0.7691197691197692	0.7748917748917749	0.7678373269922566	0.26443202979515834	134,18,34,45
0.7748917748917749	0.7713319175583327	0.7748917748917749	0.7725541125541125	0.27001862197392923	130,23,29,49
0.7186147186147186	0.7137602282110952	0.7186147186147186	0.7033471260600598	0.26815642458100564	126,18,47,40
0.7878787878787878	0.7872541401953166	0.7878787878787878	0.7875509823092572	0.23277467411545627	128,24,25,54
0.7575757575757576	0.7553546536176808	0.7575757575757576	0.7471843586493268	0.26256983240223464	129,16,40,46
0.7922077922077922	0.7873595341783964	0.7922077922077922	0.786509968904335	0.2830540037243948	136,17,31,47
0.7359307359307359	0.7292568542568543	0.7359307359307359	0.725870954442383	0.25884543761638734	127,20,41,43
0.7792207792207793	0.7730482916587135	0.7792207792207793	0.7724346838318819	0.2737430167597765	136,18,33,44
0.7142857142857143	0.7083732192127935	0.7142857142857143	0.6995466818598429	0.24208566108007445	125,19,47,40
0.7835497835497836	0.7821946169772257	0.7835497835497836	0.777628406459186	0.26815642458100564	127,16,34,54
0.7748917748917749	0.7711732516309981	0.7748917748917749	0.7699402993520641	0.26256983240223464	127,19,33,52
0.7792207792207793	0.775508710291319	0.7792207792207793	0.7737569873492203	0.25698324022346364	129,18,33,51
0.7316017316017316	0.7218800247371676	0.7316017316017316	0.717799222310229	0.24953445065176905	132,19,43,37
0.7532467532467533	0.7541165964765286	0.7532467532467533	0.7536671075777995	0.25325884543761634	127,29,28,47
0.7359307359307359	0.7542025074492607	0.7359307359307359	0.7427569447851808	0.24767225325884545	130,37,24,40
