accuracy	precision	recall	f1	oob	confMatrxVars
0.7012987012987013	0.691017316017316	0.7012987012987013	0.6899196042053186	0.2048417132216015	123,24,45,39
0.7575757575757576	0.7485780593125226	0.7575757575757576	0.7450950655769933	0.24208566108007445	138,17,39,37
0.7748917748917749	0.769512922207533	0.7748917748917749	0.7680488623884851	0.24767225325884545	133,18,34,46
0.7662337662337663	0.7801670096752066	0.7662337662337663	0.7466291444267418	0.26256983240223464	137,8,46,40
0.7922077922077922	0.7891744115083806	0.7922077922077922	0.7901175225453664	0.24208566108007445	131,21,27,52
0.7922077922077922	0.8018517795054109	0.7922077922077922	0.77796004068108	0.23649906890130357	139,8,40,44
0.7748917748917749	0.7663026367571821	0.7748917748917749	0.765129643310781	0.24953445065176905	141,17,35,38
0.7272727272727273	0.7203065459989113	0.7272727272727273	0.7172026892420571	0.22718808193668527	125,21,42,43
0.7705627705627706	0.7637514601800316	0.7705627705627706	0.7644508493562997	0.24581005586592175	135,20,33,43
0.7792207792207793	0.7957336586065867	0.7792207792207793	0.761974959347222	0.25884543761638734	137,7,44,43
0.7272727272727273	0.7309612702982322	0.7272727272727273	0.699939101913482	0.24022346368715086	136,11,52,32
0.7878787878787878	0.7838365506242094	0.7878787878787878	0.7781917029623451	0.25139664804469275	139,14,35,43
0.7532467532467533	0.7447357112161581	0.7532467532467533	0.7385990641804595	0.23836126629422716	138,16,41,36
0.7489177489177489	0.7500730561955051	0.7489177489177489	0.7295159386068477	0.22905027932960897	136,12,46,37
0.7575757575757576	0.7762923351158645	0.7575757575757576	0.7337489819417531	0.23277467411545627	138,7,49,37
0.7965367965367965	0.7919103313840156	0.7965367965367965	0.7892345124461914	0.24581005586592175	139,15,32,45
0.7575757575757576	0.7502644574968587	0.7575757575757576	0.7487671748541314	0.24208566108007445	133,19,37,42
0.7402597402597403	0.7353775061422018	0.7402597402597403	0.7368864901332434	0.22346368715083798	124,26,34,47
0.7878787878787878	0.7931338028169014	0.7878787878787878	0.7901179112857946	0.24208566108007445	138,27,22,44
0.7489177489177489	0.7509994977398291	0.7489177489177489	0.7300774398517391	0.23091247672253257	135,12,46,38
0.7316017316017316	0.7227755285109586	0.7316017316017316	0.7103002817288531	0.23091247672253257	137,15,47,32
0.7878787878787878	0.7933802109492718	0.7878787878787878	0.772713645064375	0.24581005586592175	141,9,40,41
0.7445887445887446	0.7462109732119375	0.7445887445887446	0.7319707400199722	0.24767225325884545	126,15,44,46
0.7012987012987013	0.7022918258212375	0.7012987012987013	0.6781343532188631	0.22346368715083798	126,15,54,36
0.7619047619047619	0.7552216994582264	0.7619047619047619	0.7550150998426861	0.26443202979515834	132,20,35,44
