accuracy	precision	recall	f1	oob	confMatrxVars
0.7835497835497836	0.7805337755709965	0.7835497835497836	0.7753251290987141	0.25325884543761634	134,15,35,47
0.7835497835497836	0.7791174912763003	0.7835497835497836	0.7759187701969392	0.23649906890130357	135,16,34,46
0.7575757575757576	0.7539026629935722	0.7575757575757576	0.7554979604781122	0.23836126629422716	135,26,30,40
0.7402597402597403	0.738198732051191	0.7402597402597403	0.7195936593526956	0.25512104283054005	136,13,47,35
0.7662337662337663	0.7588223432143577	0.7662337662337663	0.755915544230069	0.23277467411545627	137,17,37,40
0.7922077922077922	0.7892205260626314	0.7922077922077922	0.7838186658062434	0.24581005586592175	137,14,34,46
0.7402597402597403	0.7376504300961149	0.7402597402597403	0.7264423207819435	0.23463687150837986	129,16,44,42
0.7575757575757576	0.7537971552257265	0.7575757575757576	0.7444655898762178	0.23463687150837986	134,15,41,41
0.70995670995671	0.7230356789180318	0.70995670995671	0.6866219968798017	0.23091247672253257	125,12,55,39
0.7792207792207793	0.7736191519324049	0.7792207792207793	0.7736839962545291	0.25512104283054005	134,19,32,46
0.7878787878787878	0.7853469197967702	0.7878787878787878	0.7805675805675804	0.24953445065176905	133,15,34,49
0.7619047619047619	0.756374950350854	0.7619047619047619	0.7583861394080373	0.25139664804469275	135,24,31,41
0.8138528138528138	0.8109244173989683	0.8138528138528138	0.8084663507861001	0.27001862197392923	138,14,29,50
0.7532467532467533	0.7436847655206782	0.7532467532467533	0.739770879305763	0.24581005586592175	138,17,40,36
0.7835497835497836	0.7808726888282854	0.7835497835497836	0.7676238900925497	0.23649906890130357	145,11,39,36
0.7445887445887446	0.7485004102651162	0.7445887445887446	0.7257161330154032	0.26256983240223464	133,12,47,39
0.7445887445887446	0.7375712911427197	0.7445887445887446	0.7355091842419156	0.22346368715083798	129,20,39,43
0.7878787878787878	0.7811787839720801	0.7878787878787878	0.7766697239456883	0.25698324022346364	144,14,35,38
0.7792207792207793	0.7848112243914661	0.7792207792207793	0.7647715787861773	0.23649906890130357	137,10,41,43
0.7662337662337663	0.7571752946406046	0.7662337662337663	0.7497949419002051	0.24767225325884545	144,14,40,33
0.7489177489177489	0.7402597402597403	0.7489177489177489	0.7395173264738483	0.25139664804469275	133,20,38,40
0.7532467532467533	0.7556645482177398	0.7532467532467533	0.7327399885539421	0.23836126629422716	138,11,46,36
0.7532467532467533	0.7485110848747213	0.7532467532467533	0.7452600209568757	0.21973929236499068	127,19,38,47
0.7489177489177489	0.7588721438988818	0.7489177489177489	0.7247210125204137	0.23649906890130357	138,9,49,35
0.7878787878787878	0.781632110579479	0.7878787878787878	0.7809594415099003	0.25884543761638734	139,17,32,43
