accuracy	precision	recall	f1	oob	confMatrxVars
0.7748917748917749	0.7734557288697417	0.7748917748917749	0.7741125541125542	0.25884543761638734	130,25,27,49
0.7575757575757576	0.7559266130694702	0.7575757575757576	0.7475058275058275	0.23836126629422716	128,16,40,47
0.7878787878787878	0.7847059772525611	0.7878787878787878	0.785894405822612	0.25139664804469275	134,22,27,48
0.7402597402597403	0.73272989636626	0.7402597402597403	0.7335601800661623	0.26070763500931093	128,23,37,43
0.7922077922077922	0.7885294829394208	0.7922077922077922	0.7880272528829405	0.25884543761638734	131,18,30,52
0.7878787878787878	0.781632110579479	0.7878787878787878	0.7809594415099003	0.26443202979515834	139,17,32,43
0.7316017316017316	0.7247375991337344	0.7316017316017316	0.7253018910913648	0.24394785847299816	124,24,38,45
0.7792207792207793	0.775809145235897	0.7792207792207793	0.7767524689243718	0.24581005586592175	128,22,29,52
0.7229437229437229	0.7229437229437229	0.7229437229437229	0.7229437229437229	0.22905027932960897	114,32,32,53
0.7878787878787878	0.7828282828282829	0.7878787878787878	0.7845532593572908	0.26070763500931093	140,21,28,42
0.7748917748917749	0.770548828519843	0.7748917748917749	0.7696080376895318	0.2737430167597765	129,19,33,50
0.7922077922077922	0.7904541866972806	0.7922077922077922	0.7788084930942075	0.26443202979515834	144,11,37,39
0.7316017316017316	0.7316017316017316	0.7316017316017316	0.7316017316017317	0.24208566108007445	125,31,31,44
0.7748917748917749	0.772142989934401	0.7748917748917749	0.768313937145106	0.2737430167597765	128,17,35,51
0.7575757575757576	0.7511478420569329	0.7575757575757576	0.7513228347284182	0.26256983240223464	130,21,35,45
0.7792207792207793	0.78002775002775	0.7792207792207793	0.7796089666278572	0.26815642458100564	131,26,25,49
0.7445887445887446	0.7437194411716704	0.7445887445887446	0.7441396650393799	0.26070763500931093	127,29,30,45
0.7748917748917749	0.7748917748917749	0.7748917748917749	0.7748917748917749	0.2737430167597765	130,26,26,49
0.7489177489177489	0.746531172580473	0.7489177489177489	0.7474918497140719	0.25698324022346364	121,27,31,52
0.7575757575757576	0.7537787513691128	0.7575757575757576	0.7554356819009167	0.2849162011173184	136,26,30,39
0.7402597402597403	0.7338842975206612	0.7402597402597403	0.7321678321678321	0.22718808193668527	126,21,39,45
0.7272727272727273	0.7252199413489736	0.7272727272727273	0.7210246797875663	0.23649906890130357	114,22,41,54
0.7316017316017316	0.7179869722242604	0.7316017316017316	0.7186689931824664	0.23649906890130357	136,21,41,33
0.7662337662337663	0.7615831351746843	0.7662337662337663	0.7616798785629955	0.25698324022346364	127,21,33,50
0.7619047619047619	0.7581574905004447	0.7619047619047619	0.7588094894176073	0.25512104283054005	123,23,32,53
