accuracy	precision	recall	f1	oob	confMatrxVars
0.7316017316017316	0.7255322955806048	0.7316017316017316	0.7276458008207617	0.2737430167597765	127,27,35,42
0.7402597402597403	0.7402597402597403	0.7402597402597403	0.7402597402597402	0.2960893854748603	131,30,30,40
0.7748917748917749	0.7711805563374836	0.7748917748917749	0.7707862867756272	0.25884543761638734	126,20,32,53
0.7575757575757576	0.7497607655502393	0.7575757575757576	0.7484994876299222	0.2849162011173184	134,19,37,41
0.7748917748917749	0.7781069958847736	0.7748917748917749	0.7762602709304908	0.25698324022346364	126,28,24,53
0.7532467532467533	0.7524617996604414	0.7532467532467533	0.7528396471857353	0.27560521415270023	126,28,29,48
0.7445887445887446	0.7400895427833906	0.7445887445887446	0.7419718842753789	0.2905027932960894	132,27,32,40
0.7402597402597403	0.7328889299323431	0.7402597402597403	0.7316460200108544	0.27188081936685293	128,21,39,43
0.683982683982684	0.6783390433697183	0.683982683982684	0.6808407341316468	0.27560521415270023	124,34,39,34
0.7575757575757576	0.7552944501645368	0.7575757575757576	0.7561990273101385	0.2886405959031657	122,26,30,53
0.7532467532467533	0.7472162007154523	0.7532467532467533	0.7494905366465	0.27188081936685293	135,25,32,39
0.7575757575757576	0.7575757575757576	0.7575757575757576	0.7575757575757576	0.3035381750465549	128,28,28,47
0.8008658008658008	0.7997878835155864	0.8008658008658008	0.7948562755863267	0.2886405959031657	132,14,32,53
0.7359307359307359	0.7304121581230015	0.7359307359307359	0.726483825438277	0.25139664804469275	125,20,41,45
0.7402597402597403	0.7350124622851896	0.7402597402597402	0.7315502833329658	0.2737430167597765	125,20,40,46
0.7186147186147186	0.7141202445170409	0.7186147186147186	0.7086133037892461	0.2849162011173184	120,21,44,46
0.696969696969697	0.6876372020165249	0.696969696969697	0.6878247671965837	0.2737430167597765	120,26,44,41
0.7575757575757576	0.7582457225314367	0.7575757575757576	0.7470082831712713	0.3016759776536313	127,15,41,48
0.7878787878787878	0.7820052014844687	0.7878787878787878	0.781161417657768	0.3128491620111732	138,17,32,44
0.7532467532467533	0.7499156034187882	0.7532467532467533	0.7512112229416628	0.3109869646182495	126,26,31,48
0.7748917748917749	0.769565787747606	0.7748917748917749	0.769085489390674	0.3128491620111732	132,19,33,47
0.7662337662337663	0.7646769047735231	0.7662337662337663	0.7591281137250493	0.2886405959031657	125,17,37,52
0.7359307359307359	0.7263828763828765	0.7359307359307359	0.7256495796487332	0.2774674115456238	131,21,40,39
0.7402597402597403	0.7323230985881589	0.7402597402597403	0.7333510305208418	0.27001862197392923	129,23,37,42
0.7142857142857143	0.7081488933601611	0.7142857142857143	0.7103296703296703	0.2960893854748603	123,29,37,42
