accuracy	precision	recall	f1	oob	confMatrxVars
0.7402597402597403	0.7322109028695856	0.7402597402597403	0.7323640719867136	0.23649906890130357	129,22,38,42
0.7532467532467533	0.7483069078161102	0.7532467532467533	0.7463259502094454	0.24581005586592175	126,20,37,48
0.8138528138528138	0.8130357083760796	0.8138528138528138	0.8084619539230813	0.2737430167597765	134,13,30,54
0.7619047619047619	0.7594254230617867	0.7619047619047619	0.7536555075104475	0.24022346368715086	127,17,38,49
0.7532467532467533	0.7476566911349519	0.7532467532467533	0.7486228556052453	0.26070763500931093	127,23,34,47
0.7878787878787878	0.7848244771660265	0.7878787878787878	0.7859547859547857	0.25512104283054005	133,22,27,49
0.7922077922077922	0.7957686757686757	0.7922077922077922	0.7937391202520385	0.24581005586592175	134,26,22,49
0.7662337662337663	0.7603568149022695	0.7662337662337663	0.7602041620595461	0.24022346368715086	131,20,34,46
0.7445887445887446	0.7346535346141181	0.7445887445887446	0.7351464256663034	0.25325884543761634	134,21,38,38
0.8008658008658008	0.8008658008658008	0.8008658008658008	0.8008658008658008	0.25884543761638734	132,23,23,53
0.7532467532467533	0.7507168156518806	0.7532467532467533	0.7486123747609702	0.22718808193668527	118,21,36,56
0.7489177489177489	0.739662287030708	0.7489177489177489	0.7403097323703604	0.22905027932960897	134,21,37,39
0.7575757575757576	0.7540181691125089	0.7575757575757576	0.7518763796909492	0.25325884543761634	123,20,36,52
0.7142857142857143	0.7097870817677582	0.7142857142857143	0.7050496688741723	0.22532588454376168	118,22,44,47
0.7445887445887446	0.7424414210128496	0.7445887445887446	0.7337111544432513	0.24767225325884545	126,17,42,46
0.7619047619047619	0.7578876530671224	0.7619047619047619	0.7591550104399905	0.25139664804469275	127,24,31,49
0.7532467532467533	0.7511990978972112	0.7532467532467533	0.7467054151503338	0.21973929236499068	121,19,38,53
0.7965367965367965	0.7926388337016356	0.7965367965367965	0.7926016418415156	0.24953445065176905	133,18,29,51
0.8051948051948052	0.8014700023902478	0.8051948051948052	0.8013075360014136	0.25512104283054005	135,17,28,51
0.7272727272727273	0.7171256769518377	0.7272727272727273	0.7107808205232617	0.22718808193668527	133,18,45,35
0.7489177489177489	0.7428250761584095	0.7489177489177489	0.7437029637029637	0.24208566108007445	127,23,35,46
0.7792207792207793	0.7739341466614194	0.7792207792207793	0.7738507983912096	0.25698324022346364	133,19,32,47
0.7792207792207793	0.7768680594767552	0.7792207792207793	0.7779037427078788	0.24767225325884545	135,24,27,45
0.7532467532467533	0.7523808773158522	0.7532467532467533	0.7527991283093325	0.23463687150837986	129,28,29,45
0.7445887445887446	0.7386047687252506	0.7445887445887446	0.7360562331508147	0.23277467411545627	127,20,39,45
