accuracy	precision	recall	f1	oob	confMatrxVars
0.7619047619047619	0.7534209085933223	0.7619047619047619	0.75177304964539	0.25884543761638734	137,18,37,39
0.7532467532467533	0.7475442783264639	0.7532467532467533	0.7447418794357569	0.23091247672253257	129,19,38,45
0.7662337662337663	0.7612970880051625	0.7662337662337663	0.761530659493308	0.22718808193668527	128,21,33,49
0.7575757575757576	0.7543711699555855	0.7575757575757576	0.7554384908689543	0.23836126629422716	123,25,31,52
0.7878787878787878	0.7833377076430126	0.7878787878787878	0.7836459836459835	0.25139664804469275	133,19,30,49
0.7445887445887446	0.7386047687252506	0.7445887445887446	0.7360562331508147	0.23277467411545627	127,20,39,45
0.7402597402597403	0.7331279932299226	0.7402597402597403	0.733765115930721	0.22718808193668527	127,23,37,44
0.7748917748917749	0.7705246973585297	0.7748917748917749	0.7674265506760739	0.24394785847299816	132,17,35,47
0.7748917748917749	0.7720687762941284	0.7748917748917749	0.7732328361771746	0.24208566108007445	132,24,28,47
0.7878787878787878	0.7840642338881776	0.7878787878787878	0.7840291358281078	0.27001862197392923	130,19,30,52
0.7792207792207793	0.7761512255350284	0.7792207792207793	0.7741029983903535	0.23649906890130357	127,18,33,53
0.7619047619047619	0.7577118897873615	0.7619047619047619	0.7590655265108535	0.26256983240223464	128,24,31,48
0.7662337662337663	0.7597775718257644	0.7662337662337663	0.7607394366197184	0.24581005586592175	133,21,33,44
0.7748917748917749	0.7746031746031746	0.7748917748917749	0.7668521954236239	0.24581005586592175	128,15,37,51
0.7359307359307359	0.7237105751391466	0.7359307359307359	0.7272924582835563	0.24767225325884545	138,24,37,32
0.7402597402597403	0.7370614460166699	0.7402597402597403	0.7312817901053196	0.24953445065176905	123,19,41,48
0.7359307359307359	0.7312067070521177	0.7359307359307359	0.7281771307249014	0.23836126629422716	122,21,40,48
0.7186147186147186	0.7101078285263434	0.7186147186147186	0.7065059383127479	0.21973929236499068	126,21,44,40
0.7965367965367965	0.8033922783498335	0.7965367965367965	0.7992015381550899	0.26070763500931093	135,27,20,49
0.7532467532467533	0.7494518468544443	0.7532467532467533	0.750148224674765	0.23836126629422716	121,24,33,53
0.7922077922077922	0.7899274077618027	0.7922077922077922	0.7908142790995084	0.24767225325884545	131,22,26,52
0.7575757575757576	0.7530584328909775	0.7575757575757576	0.750259813757267	0.24767225325884545	127,19,37,48
0.7619047619047619	0.7555555555555555	0.7619047619047619	0.7568523430592397	0.23091247672253257	132,22,33,44
0.7619047619047619	0.7562638552353456	0.7619047619047619	0.7564625266878842	0.25325884543761634	129,21,34,47
0.7662337662337663	0.7621171961383508	0.7662337662337663	0.7631978411199191	0.24022346368715086	127,23,31,50
