accuracy	precision	recall	f1	oob	confMatrxVars
0.7445887445887446	0.7352870209186506	0.7445887445887446	0.7373681477657014	0.24953445065176905	134,23,36,38
0.7748917748917749	0.7700957121246976	0.7748917748917749	0.7702164502164502	0.24394785847299816	130,20,32,49
0.7532467532467533	0.7561938061938062	0.7532467532467533	0.7545896280590159	0.24767225325884545	129,30,27,45
0.7619047619047619	0.7572376959169412	0.7619047619047619	0.7577217710663124	0.23836126629422716	126,22,33,50
0.7056277056277056	0.695894004984914	0.7056277056277056	0.6980348707416507	0.23836126629422716	124,27,41,39
0.7402597402597403	0.7327036599763872	0.7402597402597403	0.7343379890549702	0.23091247672253257	129,24,36,42
0.7489177489177489	0.7434217955957088	0.7489177489177489	0.7432113341204251	0.23091247672253257	125,22,36,48
0.7965367965367965	0.7972395569798167	0.7965367965367965	0.7968724804818464	0.2774674115456238	131,24,23,53
0.7489177489177489	0.7446009389671362	0.7489177489177489	0.7462271188385838	0.23649906890130357	128,26,32,45
0.7878787878787878	0.7850439543694269	0.7878787878787878	0.7837576210451233	0.25139664804469275	127,18,31,55
0.7445887445887446	0.7406735313356706	0.7445887445887446	0.7419167792790062	0.26629422718808193	122,26,33,50
0.7272727272727273	0.7281716105245517	0.7272727272727273	0.7277083114426816	0.24953445065176905	122,32,31,46
0.7575757575757576	0.7517289568925359	0.7575757575757576	0.7468097120271033	0.24022346368715086	133,17,39,42
0.7878787878787878	0.7835846386571023	0.7878787878787878	0.7837761797922185	0.24394785847299816	132,19,30,50
0.7575757575757576	0.7543711699555855	0.7575757575757576	0.7554384908689543	0.24022346368715086	123,25,31,52
0.7792207792207793	0.7756090526791164	0.7792207792207793	0.7761501107225239	0.26443202979515834	127,21,30,53
0.7792207792207793	0.7990538872891814	0.7792207792207793	0.7858059617852817	0.24208566108007445	135,33,18,45
0.7662337662337663	0.760404502668791	0.7662337662337663	0.7610655340844348	0.23091247672253257	131,21,33,46
0.7662337662337663	0.7623079279130234	0.7662337662337663	0.7632955280014104	0.25139664804469275	126,23,31,51
0.7532467532467533	0.7511465614182082	0.7532467532467533	0.7520644533568773	0.27560521415270023	125,27,30,49
0.7532467532467533	0.7540164550090108	0.7532467532467533	0.7418971863085063	0.25139664804469275	127,15,42,47
0.7359307359307359	0.7320471092183252	0.7359307359307359	0.7243231713073256	0.23277467411545627	126,18,43,44
0.8051948051948052	0.8024055489964582	0.8051948051948052	0.7957602693425206	0.25325884543761634	143,12,33,43
0.7316017316017316	0.719749388874364	0.7316017316017316	0.7218417945690673	0.23277467411545627	134,23,39,35
0.7705627705627706	0.7663104474698677	0.7705627705627706	0.7648847123433073	0.25698324022346364	128,19,34,50
