accuracy	precision	recall	f1	oob	confMatrxVars
0.7748917748917749	0.7706300741979435	0.7748917748917749	0.7645909288421366	0.25325884543761634	136,15,37,43
0.7316017316017316	0.7320667107343755	0.7316017316017316	0.7197943668531904	0.24953445065176905	122,17,45,47
0.7359307359307359	0.7325645492029194	0.7359307359307359	0.7338903135081478	0.23277467411545627	122,28,33,48
0.7489177489177489	0.7447657164638296	0.7489177489177489	0.7463103563103562	0.24022346368715086	127,26,32,46
0.7965367965367965	0.792027417027417	0.7965367965367965	0.7904680988793139	0.2793296089385475	137,16,31,47
0.7445887445887446	0.7411177343551195	0.7445887445887446	0.7385306078290874	0.25512104283054005	120,21,38,52
0.7489177489177489	0.7472961422006008	0.7489177489177489	0.748048618048618	0.26443202979515834	127,28,30,46
0.7835497835497836	0.7804600861925702	0.7835497835497836	0.781441502220723	0.26629422718808193	129,22,28,52
0.7445887445887446	0.737066150224045	0.7445887445887446	0.7339233312587857	0.23277467411545627	131,19,40,41
0.7359307359307359	0.7286429575913108	0.7359307359307359	0.7268290288698452	0.22532588454376168	127,21,40,43
0.7619047619047619	0.7584730957372467	0.7619047619047619	0.7598115945136552	0.24953445065176905	129,25,30,47
0.7878787878787878	0.7846836413715395	0.7878787878787878	0.7855072740645926	0.25884543761638734	129,21,28,53
0.7402597402597403	0.7380361573909962	0.7402597402597403	0.7285714285714286	0.24022346368715086	126,17,43,45
0.7142857142857143	0.7083732192127935	0.7142857142857143	0.6995466818598429	0.23463687150837986	125,19,47,40
0.7489177489177489	0.7468277730253778	0.7489177489177489	0.7388147788826905	0.22346368715083798	126,17,41,47
0.7532467532467533	0.7513946089788227	0.7532467532467533	0.7403944018364081	0.22346368715083798	131,15,42,43
0.7835497835497836	0.7812365412365412	0.7835497835497836	0.7821442626637433	0.25512104283054005	129,23,27,52
0.7748917748917749	0.7707275883024711	0.7748917748917749	0.7722463569294555	0.24022346368715086	134,23,29,45
0.7619047619047619	0.7580601529646116	0.7619047619047619	0.7592428586439304	0.23649906890130357	126,24,31,50
0.7965367965367965	0.7933900867096976	0.7965367965367965	0.7900652811780843	0.26070763500931093	135,15,32,49
0.7402597402597403	0.7348390739695088	0.7402597402597403	0.7337303219656162	0.25698324022346364	123,22,38,48
0.7575757575757576	0.7575757575757576	0.7575757575757576	0.7575757575757576	0.26815642458100564	134,28,28,41
0.7229437229437229	0.7159541120893778	0.7229437229437229	0.7157474560071962	0.23463687150837986	122,24,40,45
0.7619047619047619	0.7552539829648264	0.7619047619047619	0.7566968724256455	0.23649906890130357	133,22,33,43
0.7619047619047619	0.7594202898550724	0.7619047619047619	0.7605268294923467	0.25698324022346364	132,26,29,44
