accuracy	precision	recall	f1	oob	confMatrxVars
0.7792207792207793	0.7772422103632294	0.7792207792207793	0.7780924597006026	0.24581005586592175	130,24,27,50
0.7532467532467533	0.7475347640450491	0.7532467532467533	0.7469414382810604	0.23463687150837986	127,21,36,47
0.7878787878787878	0.7857821169440888	0.7878787878787878	0.7866881586450825	0.27001862197392923	134,23,26,48
0.7532467532467533	0.7510689310689311	0.7532467532467533	0.7520254350636989	0.23463687150837986	126,27,30,48
0.7662337662337663	0.7619550555219015	0.7662337662337663	0.7625609684433213	0.24208566108007445	126,22,32,51
0.7792207792207793	0.7738696488696487	0.7792207792207793	0.7757595148412618	0.24208566108007445	139,22,29,41
0.7619047619047619	0.7578177397719651	0.7619047619047619	0.7563855864994007	0.23836126629422716	125,20,35,51
0.7532467532467533	0.752071932797199	0.7532467532467533	0.7407815941265304	0.23463687150837986	130,15,42,44
0.7359307359307359	0.7273703404878554	0.7359307359307359	0.728289474370979	0.27188081936685293	129,23,38,41
0.7705627705627706	0.7672643155734943	0.7705627705627706	0.7643332255289805	0.26443202979515834	127,18,35,51
0.7272727272727273	0.7224803210371972	0.7272727272727273	0.7237272333328956	0.22905027932960897	119,27,36,49
0.7532467532467533	0.7521730914588056	0.7532467532467533	0.7427378949705986	0.23277467411545627	127,16,41,47
0.7965367965367965	0.7936596736596736	0.7965367965367965	0.7938001347304542	0.24208566108007445	128,19,28,56
0.7705627705627706	0.7660734327400994	0.7705627705627706	0.7675578491634186	0.23463687150837986	132,23,30,46
0.7489177489177489	0.7525530370250867	0.7489177489177489	0.740281942089171	0.23649906890130357	119,16,42,54
0.8095238095238095	0.8095238095238095	0.8095238095238095	0.8095238095238095	0.26629422718808193	136,22,22,51
0.7489177489177489	0.7411873840445269	0.7489177489177489	0.7435377385756312	0.24208566108007445	134,24,34,39
0.7619047619047619	0.7575202094016036	0.7619047619047619	0.7584823148551213	0.24953445065176905	126,23,32,50
0.7445887445887446	0.7401249984048666	0.7445887445887446	0.7416390111992625	0.23463687150837986	125,26,33,47
0.7705627705627706	0.7644022020893279	0.7705627705627706	0.7662033343785167	0.26070763500931093	136,22,31,42
0.7705627705627706	0.7656104967717636	0.7705627705627706	0.7645116139230254	0.22532588454376168	130,19,34,48
0.7532467532467533	0.7518915866741954	0.7532467532467533	0.7457618215959976	0.24953445065176905	122,18,39,52
0.8095238095238095	0.80675351901767	0.8095238095238095	0.8075457875457877	0.24953445065176905	134,19,25,53
0.70995670995671	0.7038494134037744	0.70995670995671	0.7057875471871479	0.21973929236499068	120,29,38,44
0.7662337662337663	0.7698423580776522	0.7662337662337663	0.7678014684805855	0.24953445065176905	128,29,25,49
