accuracy	precision	recall	f1	oob	confMatrxVars
0.8051948051948052	0.801941937535158	0.8051948051948052	0.795481074550842	0.25512104283054005	144,12,33,42
0.7489177489177489	0.743217445080799	0.7489177489177489	0.7445720945720946	0.23836126629422716	127,24,34,46
0.7792207792207793	0.7756503077293783	0.7792207792207793	0.7766710096807184	0.24767225325884545	129,22,29,51
0.7575757575757576	0.7516988062442609	0.7575757575757576	0.7506481582914705	0.22160148975791438	129,20,36,46
0.7878787878787878	0.7853174937512288	0.7878787878787878	0.7864535613695748	0.24022346368715086	140,23,26,42
0.7532467532467533	0.7468713105076742	0.7532467532467533	0.7488308072917341	0.22718808193668527	132,24,33,42
0.7575757575757576	0.761293173057879	0.7575757575757576	0.7592015228687554	0.22905027932960897	127,30,26,48
0.7662337662337663	0.7610055001359349	0.7662337662337663	0.7613786213786213	0.24394785847299816	129,21,33,48
0.7835497835497836	0.7806637806637807	0.7835497835497836	0.7818540028047071	0.25512104283054005	135,23,27,46
0.7705627705627706	0.7678471087411484	0.7705627705627706	0.7679772751970179	0.24767225325884545	120,22,31,58
0.7445887445887446	0.7383202025930282	0.7445887445887446	0.7380621905014486	0.22905027932960897	126,22,37,46
0.7619047619047619	0.7541651896490605	0.7619047619047619	0.7553701772679874	0.23277467411545627	135,21,34,41
0.7272727272727273	0.7234776757069752	0.7272727272727273	0.7250229306197324	0.22905027932960897	123,29,34,45
0.7186147186147186	0.7108881017971928	0.7186147186147186	0.7095070414420513	0.2067039106145251	123,23,42,43
0.7748917748917749	0.7695061278970999	0.7748917748917749	0.7706149545772187	0.26443202979515834	133,21,31,46
0.7922077922077922	0.7899274077618027	0.7922077922077922	0.7908142790995084	0.23463687150837986	131,22,26,52
0.7575757575757576	0.7540181691125089	0.7575757575757576	0.7518763796909492	0.23463687150837986	123,20,36,52
0.7489177489177489	0.7457553550158481	0.7489177489177489	0.74521524674627	0.24394785847299816	117,23,35,56
0.7575757575757576	0.7548005446094619	0.7575757575757576	0.7559499922827596	0.22905027932960897	127,26,30,48
0.7186147186147186	0.711344142400043	0.7186147186147186	0.712579549815415	0.23649906890130357	122,26,39,44
0.7575757575757576	0.7508635942370881	0.7575757575757576	0.7526821005081875	0.25884543761638734	133,23,33,42
0.7575757575757576	0.7548073325851103	0.7575757575757576	0.754708269543875	0.24208566108007445	117,23,33,58
0.7532467532467533	0.7622693096377307	0.7532467532467533	0.7398122532331556	0.23463687150837986	126,12,45,48
0.7878787878787878	0.7984885112201792	0.7878787878787878	0.7913659290457348	0.24581005586592175	127,30,19,55
0.7922077922077922	0.788512895555149	0.7922077922077922	0.7893306693306693	0.24953445065176905	132,20,28,51
