accuracy	precision	recall	f1	oob	confMatrxVars
0.70995670995671	0.7063118041378912	0.70995670995671	0.6534928187820751	0.33333333333333337	148,7,60,16
0.6926406926406926	0.6974249226465181	0.6926406926406926	0.6947104522862099	0.292364990689013	113,38,33,47
0.7272727272727273	0.7270211178399765	0.7272727272727273	0.7142239066853573	0.2867783985102421	123,17,46,45
0.6926406926406926	0.6936165932668265	0.6926406926406926	0.6931156762210328	0.32774674115456237	117,36,35,43
0.7056277056277056	0.7177912936629584	0.7056277056277056	0.7104064766402428	0.3258845437616388	120,39,29,43
0.6320346320346321	0.6103012633624879	0.6320346320346321	0.6017379214459507	0.33519553072625696	120,23,62,26
0.7445887445887446	0.7421555093654971	0.7445887445887446	0.7432415059406503	0.33705772811918067	127,28,31,45
0.6926406926406926	0.6806892453951278	0.6926406926406926	0.6705835109504834	0.3165735567970205	128,19,52,32
0.7748917748917749	0.7700678189076392	0.7748917748917749	0.771910955201818	0.32774674115456237	138,23,29,41
0.6666666666666666	0.6556043786617329	0.6666666666666666	0.636946426548873	0.33147113594040967	125,18,59,29
0.70995670995671	0.688317245441764	0.70995670995671	0.6821334869449142	0.3743016759776536	140,17,50,24
0.7229437229437229	0.7090528519099948	0.7229437229437229	0.7037037037037037	0.3240223463687151	136,18,46,31
0.696969696969697	0.6903401360544217	0.696969696969697	0.678546470999301	0.3091247672253259	124,19,51,37
0.645021645021645	0.6196987501335328	0.645021645021645	0.6134552194793158	0.35009310986964615	125,22,60,24
0.7662337662337663	0.7580820738715476	0.7662337662337663	0.7590110108311783	0.33519553072625696	137,20,34,40
0.7359307359307359	0.734126925074707	0.7359307359307359	0.7349015813848859	0.3054003724394786	117,29,32,53
0.7186147186147186	0.7164118608084126	0.7186147186147186	0.7171704922854814	0.2886405959031657	109,30,35,57
0.6536796536796536	0.641168831168831	0.6536796536796536	0.6319858397194967	0.33705772811918067	118,23,57,33
0.7142857142857143	0.7015190305512886	0.7142857142857143	0.689485452512748	0.32774674115456237	136,16,50,29
0.6796536796536796	0.685828004925507	0.6796536796536796	0.6822887103620447	0.35754189944134074	112,40,34,45
0.7229437229437229	0.7128549416685009	0.7229437229437229	0.7106396708881182	0.32774674115456237	129,21,43,38
0.7142857142857143	0.701823316348456	0.7142857142857143	0.6961038961038961	0.3296089385474861	132,19,47,33
0.683982683982684	0.6490731490731491	0.683982683982684	0.6469085315149198	0.35567970204841715	140,18,55,18
0.7186147186147186	0.7164235387086819	0.7186147186147186	0.7173953688470517	0.3147113594040968	118,31,34,48
0.6623376623376623	0.6347135728579029	0.6623376623376623	0.6209783515656594	0.35567970204841715	133,17,61,20
