accuracy	precision	recall	f1	oob	confMatrxVars
0.7359307359307359	0.7318123020160372	0.7359307359307359	0.7331681955257521	0.25698324022346364	121,27,34,49
0.7662337662337663	0.7630596277939273	0.7662337662337663	0.7644023230290836	0.2811918063314711	133,25,29,44
0.7619047619047619	0.7578177397719651	0.7619047619047619	0.7563855864994007	0.24953445065176905	125,20,35,51
0.7662337662337663	0.7756682979612916	0.7662337662337663	0.7700088731144631	0.27188081936685293	134,31,23,43
0.7489177489177489	0.7425015739703578	0.7489177489177489	0.7435364887594187	0.26070763500931093	128,23,35,45
0.7575757575757576	0.7528912311521007	0.7575757575757576	0.7512790240062968	0.25325884543761634	126,20,36,49
0.7922077922077922	0.7908954817637451	0.7922077922077922	0.7847853644031988	0.26070763500931093	133,14,34,50
0.7705627705627706	0.7696808367615822	0.7705627705627706	0.7701065422282364	0.23836126629422716	134,26,27,44
0.7792207792207793	0.7763164546297078	0.7792207792207793	0.7718452184862975	0.2737430167597765	131,16,35,49
0.7965367965367965	0.7934230736163103	0.7965367965367965	0.7945742867372961	0.2793296089385475	136,21,26,48
0.7965367965367965	0.7925521269168885	0.7965367965367965	0.791738571330408	0.27188081936685293	134,17,30,50
0.7445887445887446	0.7472925697442686	0.7445887445887446	0.7458125286852827	0.25698324022346364	124,31,28,48
0.7316017316017316	0.7283394023466851	0.7316017316017316	0.7297435897435898	0.24767225325884545	125,29,33,44
0.7142857142857143	0.7065525596741765	0.7142857142857143	0.7090217741336174	0.23649906890130357	125,28,38,40
0.7705627705627706	0.7652054128957774	0.7705627705627706	0.7659844312905537	0.26256983240223464	131,21,32,47
0.7489177489177489	0.7418339236521055	0.7489177489177489	0.7431933894198044	0.22718808193668527	130,23,35,43
0.7229437229437229	0.7166873897853148	0.7229437229437229	0.7139483892730646	0.24581005586592175	122,22,42,45
0.7532467532467533	0.747130281440438	0.7532467532467533	0.7489626361099716	0.25512104283054005	131,24,33,43
0.7835497835497836	0.7783549783549784	0.7835497835497836	0.7786149908791418	0.26070763500931093	134,19,31,47
0.7186147186147186	0.7135166723340817	0.7186147186147186	0.7119405001506894	0.24581005586592175	117,24,41,49
0.7272727272727273	0.7228765023796079	0.7272727272727273	0.7247213789147869	0.26256983240223464	127,29,34,41
0.7489177489177489	0.7448989041518753	0.7489177489177489	0.7459662853702589	0.26070763500931093	122,25,33,51
0.7878787878787878	0.7858049089933148	0.7878787878787878	0.7821193971871706	0.26070763500931093	129,16,33,53
0.7142857142857143	0.705548910499766	0.7142857142857143	0.7071416275237932	0.25139664804469275	124,26,40,41
0.7792207792207793	0.7748406540677072	0.7792207792207793	0.7743313946333473	0.26815642458100564	130,19,32,50
