accuracy	precision	recall	f1	oob	confMatrxVars
0.7662337662337663	0.7610055001359349	0.7662337662337663	0.7613786213786213	0.24581005586592175	129,21,33,48
0.7792207792207793	0.7770971167197582	0.7792207792207793	0.7780192596519128	0.26443202979515834	132,24,27,48
0.8095238095238095	0.8061174961429785	0.8095238095238095	0.8072167997633837	0.2830540037243948	139,19,25,48
0.7445887445887446	0.7544038580514562	0.7445887445887446	0.729360118385054	0.23649906890130357	126,12,47,46
0.7402597402597403	0.7350239495202213	0.7402597402597403	0.7361788538259126	0.25325884543761634	123,25,35,48
0.7662337662337663	0.7635822603975471	0.7662337662337663	0.7646660639869469	0.24394785847299816	128,25,29,49
0.7662337662337663	0.7629786292206675	0.7662337662337663	0.7615873015873016	0.24767225325884545	123,20,34,54
0.7445887445887446	0.7383202025930282	0.7445887445887446	0.7380621905014486	0.24022346368715086	126,22,37,46
0.7445887445887446	0.7403189057688209	0.7445887445887446	0.7412683613752514	0.23836126629422716	121,25,34,51
0.7359307359307359	0.7504638218923934	0.7359307359307359	0.7415343277412242	0.25884543761638734	129,36,25,41
0.7835497835497836	0.781947030585869	0.7835497835497836	0.7727447002809321	0.25139664804469275	137,13,37,44
0.7489177489177489	0.7440805176654234	0.7489177489177489	0.7455500922393962	0.21973929236499068	126,25,33,47
0.7835497835497836	0.7810531183168602	0.7835497835497836	0.7820512820512819	0.24767225325884545	131,23,27,50
0.7402597402597403	0.7327588612504814	0.7402597402597403	0.7237308146399057	0.23836126629422716	135,16,44,36
0.7489177489177489	0.7468523260776783	0.7489177489177489	0.741788252899364	0.22905027932960897	121,19,39,52
0.7272727272727273	0.7523244911513067	0.7272727272727273	0.7056940743498625	0.26443202979515834	125,9,54,43
0.7056277056277056	0.6966086122712628	0.7056277056277056	0.6954378954378955	0.24767225325884545	122,24,44,41
0.70995670995671	0.7037612929332674	0.70995670995671	0.7045102809944641	0.25698324022346364	117,27,40,47
0.7748917748917749	0.7714755621813016	0.7748917748917749	0.7726273160908136	0.24394785847299816	129,23,29,50
0.7489177489177489	0.746531172580473	0.7489177489177489	0.7474918497140719	0.22718808193668527	121,27,31,52
0.7575757575757576	0.7541733120680489	0.7575757575757576	0.7465218219935202	0.25325884543761634	131,16,40,44
0.7489177489177489	0.7471843320899926	0.7489177489177489	0.7479925715576834	0.23649906890130357	129,28,30,44
0.7792207792207793	0.7820514841496288	0.7792207792207793	0.7804984983668369	0.24953445065176905	134,27,24,46
0.7445887445887446	0.7367169637641101	0.7445887445887446	0.7394404774024035	0.25325884543761634	135,25,34,37
0.8138528138528138	0.8209591376560523	0.8138528138528138	0.8038588309019806	0.27188081936685293	139,8,35,49
