accuracy	precision	recall	f1	oob	confMatrxVars
0.7316017316017316	0.7387958827827931	0.7316017316017316	0.6996607680818206	0.24767225325884545	140,9,53,29
0.7575757575757576	0.7480170332718576	0.7575757575757576	0.7367375166856929	0.26256983240223464	145,13,43,30
0.7489177489177489	0.7422233539880598	0.7489177489177489	0.7324659276466505	0.26443202979515834	137,15,43,36
0.70995670995671	0.7634609399315282	0.70995670995671	0.6585259037833904	0.2849162011173184	140,3,64,24
0.7575757575757576	0.764237670322046	0.7575757575757576	0.7409373235460192	0.25512104283054005	133,11,45,42
0.7489177489177489	0.7732621654087622	0.7489177489177489	0.7202724524153096	0.2737430167597765	139,6,52,34
0.7316017316017316	0.723979723979724	0.7316017316017316	0.6990105132962277	0.2849162011173184	144,11,51,25
0.7272727272727273	0.7267848643503093	0.7272727272727273	0.6974624948498582	0.2811918063314711	139,11,52,29
0.7142857142857143	0.7232591529073942	0.7142857142857143	0.6721545242416385	0.26256983240223464	141,8,58,24
0.7359307359307359	0.7590909090909091	0.7359307359307359	0.7004256247953728	0.26256983240223464	141,6,55,29
0.7489177489177489	0.7805967064761035	0.7489177489177489	0.7118933697881068	0.26815642458100564	145,4,54,28
0.7532467532467533	0.7640194118454988	0.7532467532467533	0.7310531308132838	0.25325884543761634	137,9,48,37
0.7619047619047619	0.7508920311880535	0.7619047619047619	0.7455716980669819	0.26070763500931093	144,15,40,32
0.7359307359307359	0.7438902560853781	0.7359307359307359	0.6897959285441801	0.2737430167597765	150,6,55,20
0.7532467532467533	0.7635038430956799	0.7532467532467533	0.7214992578990856	0.2998137802607076	146,7,50,28
0.7272727272727273	0.7510683760683761	0.7272727272727273	0.6946057115994829	0.25698324022346364	136,7,56,32
0.7489177489177489	0.7537414965986395	0.7489177489177489	0.7169047619047618	0.27560521415270023	146,8,50,27
0.6666666666666666	0.6694038021299891	0.6666666666666666	0.6191812360601482	0.23836126629422716	131,11,66,23
0.7056277056277056	0.7842333105491001	0.7056277056277056	0.64491341991342	0.26256983240223464	142,1,67,21
0.7532467532467533	0.7507287072504464	0.7532467532467533	0.732756715094994	0.25139664804469275	140,12,45,34
0.7575757575757576	0.7621581670362159	0.7575757575757576	0.7326599326599327	0.26070763500931093	143,9,47,32
0.7575757575757576	0.7454115741544157	0.7575757575757576	0.7326180829005688	0.24208566108007445	149,12,44,26
0.7186147186147186	0.7308070039413324	0.7186147186147186	0.6744146744146744	0.2737430167597765	143,7,58,23
0.7272727272727273	0.7364603481624759	0.7272727272727273	0.6994266994266994	0.25698324022346364	135,10,53,33
0.696969696969697	0.68664128192924	0.696969696969697	0.6635253207095059	0.25139664804469275	135,14,56,26
