r2	rmse	mse	oob	mae
0.7701255355190623	0.5470285420241808	0.29924022578910103	0.22689344584473614	0.3901122179700138
0.7749225734084688	0.5522454290315219	0.3049750138862096	0.22467865519787622	0.3882914524421269
0.7686889137048856	0.5447392476442469	0.2967408479240201	0.22430307122417603	0.3834822981416726
0.7714597945415704	0.5563770583321769	0.3095554310383666	0.22745173737446045	0.38907019284440825
0.7724525126423436	0.553725339604988	0.30661175172065935	0.22807787068863228	0.38894798223470295
0.777012968095623	0.5444006413690622	0.2963720583230463	0.22652366118052902	0.3873685020681751
0.7668976755631423	0.5526735909209786	0.30544809810148915	0.224869562239572	0.3874798697651619
0.7837201474889841	0.5377893186392424	0.2892173512424606	0.2316068729686811	0.377668414886716
0.7819071788942105	0.5426219769144645	0.29443860983056164	0.23710339235495215	0.38258075254427937
0.7684662608645333	0.5511460703674498	0.3037619908814819	0.22532702546810535	0.38551637184696896
0.7848775667746264	0.5360548477417332	0.2873547997874128	0.23621590037232665	0.37961010692417946
0.772697184452022	0.5504689968054667	0.3030161164440169	0.2292594492205019	0.39066498822310564
0.7802186167752614	0.5442812832964704	0.29624211534685263	0.232440163912489	0.3831838443444371
0.7763730673112401	0.5431280695707068	0.29498809995560255	0.23014507741757917	0.38327340340008065
0.7669612390116294	0.553482492171164	0.30634286914000264	0.22665846791733324	0.3876486377002675
0.77078611640929	0.5480867111801412	0.30039904297226355	0.22971559780011563	0.38469869532357986
0.7748564871582295	0.5474568700342555	0.29970902454770365	0.22520570046945	0.3871268759582092
0.7704065140501033	0.5513487421130514	0.303985435429644	0.2218845358657746	0.38202937012070737
0.7805370876362807	0.5476483643500719	0.2999187309753091	0.2322674299618377	0.3840732613200284
0.7724290936565592	0.5423475604766894	0.29414087635501623	0.2270927662230362	0.3888449308543847
0.7657751919803941	0.560504924798394	0.3141657707232533	0.22431123199050218	0.39543567975339305
0.7849798060560654	0.536984205764091	0.2883520372400917	0.23177472902999952	0.3832570106760624
0.7741788658600327	0.545419137564175	0.2974820356212485	0.22275379556580577	0.38077565819263137
0.7792845199039906	0.546394187480596	0.2985466081125807	0.23174963885296718	0.3842032759660185
0.7793585034323542	0.5400211679363222	0.29162286181930946	0.23077521203916795	0.37885811384643686
0.7763978304228867	0.5400140826709321	0.29161520948292824	0.2264429511158339	0.3857505025450142
0.7656065424202847	0.5534690466983777	0.30632798565321107	0.22328365374652626	0.3891444039608073
0.7671030489608842	0.5493387089173466	0.3017730171149772	0.22821504879173804	0.38871911638452683
0.7743097626520098	0.5526885806609688	0.3054646671930363	0.2295774330082878	0.3889505140341148
0.7690730859010154	0.5583808390512508	0.31178916141957885	0.22743915726603003	0.39092176936797907
0.7744222310523556	0.5515222446038156	0.30417678629283096	0.22932436264448275	0.39129914351448813
0.7710178426328657	0.5414897370715496	0.29321113535381593	0.2248941342708386	0.38429907318053946
0.7722438196386816	0.557391674150741	0.31068547841256583	0.22674643896283242	0.39131597240941884
0.7747717689939511	0.5450002338391305	0.297025254884707	0.22806100847827782	0.38243652427482794
0.7778829374130135	0.5496164267192136	0.30207821651959677	0.2305382935906517	0.3871464326677734
0.7707513448438031	0.5605841420001383	0.3142545802620312	0.22790870441838962	0.38898782103268925
0.7745823083867466	0.5385058637126201	0.2899885652528749	0.22328416404666596	0.3794463904129764
0.7721063208569324	0.5444154153297353	0.29638814444864814	0.2283374667779	0.3832320247019068
0.7748396687200835	0.5422675973398126	0.29405414712469313	0.22676920401259693	0.38362817433532514
0.7784563266469607	0.5485003811852005	0.30085266816031025	0.2302074280214118	0.3849188767816808
0.777550536094558	0.5463650306990399	0.29851474677076273	0.2293865774442726	0.38703906466077703
0.7844591036128782	0.5270321776825738	0.27776291631283606	0.23223729397819048	0.3802419276898782
0.7793545979780415	0.548037527911603	0.30034513199946106	0.2296531848564214	0.3863515712350408
0.7735577887841397	0.5433436527041594	0.29522232493389816	0.23116557358584844	0.3882495696331955
0.7705575793464898	0.5484834994609162	0.30083414918089285	0.22596170226464773	0.3880761811063512
0.7829851570227268	0.5416113171177461	0.2933428188300197	0.22994293270114707	0.38334775498095497
0.7744300729727772	0.5462138393302617	0.298349558275905	0.22797112343385195	0.38486208929349863
0.7804299685807989	0.5305156377355242	0.28144684188193	0.22724471671016178	0.37510069007605373
0.7785957471236766	0.5455121035190826	0.29758345508581435	0.22402624966172868	0.38262621130782687
0.7804996832081121	0.540700772894733	0.2923573258089616	0.22799849604535138	0.3835551182274014
