r2	rmse	mse	oob	mae
0.6398058021331929	0.6936227074260493	0.48111246025704274	0.3747688559688408	0.5222391037398105
0.6297327808263574	0.7056379762164208	0.497924953478806	0.37829671160994904	0.5276002328835094
0.6266043362428929	0.7023070895016721	0.4932352479643096	0.3799004045434282	0.5311721744754623
0.6244647742759595	0.7094520672846908	0.5033222357745214	0.3722773142362845	0.5329861707736402
0.6323271668713307	0.6901600685037383	0.4763209201570848	0.3698381886521711	0.5174024178180311
0.6225937093883362	0.7103799063088553	0.504639611287378	0.37752741122582745	0.5357048826846711
0.6291397689324096	0.7056093812162677	0.49788459886040415	0.37970490024925685	0.5300042380753339
0.6241202723027142	0.7185756073021619	0.5163509034096707	0.37238333092196463	0.53601064411617
0.6383640350886605	0.6963654927467237	0.4849248994883872	0.3818143662643614	0.5246325598271495
0.6327151499218339	0.6982733485504283	0.487585669295828	0.3687603151255725	0.5230030165378605
0.6320876780405781	0.7016564128779659	0.4923217217327745	0.371910159351325	0.5255396081850577
0.6337803547937482	0.6932127675817924	0.4805439411384082	0.38093539536227916	0.5238071812740909
0.628791174033986	0.6982955280685283	0.4876166445205049	0.3788034321390935	0.523802192541805
0.6307525736825579	0.7029562312718852	0.4941474630839722	0.3679966782891768	0.5265798093131693
0.6216565000373755	0.7066556652541326	0.49936222923576074	0.3872947379948868	0.5315396174666762
0.6232757701650432	0.712826289306677	0.5081213187267264	0.36795028576758493	0.5310883465146501
0.6390494938638853	0.6900807695188431	0.4762114684597186	0.3798805455748917	0.522619633707117
0.6326758419772884	0.697444507667237	0.48642884127519453	0.3686669341885388	0.5252291998044376
0.6142272820352862	0.7066434701412193	0.49934499389322423	0.3662022988612632	0.5276142443744046
0.6163676862957339	0.7198378496605681	0.5181665298039506	0.37708989025347806	0.5365805016114339
0.6256380927446882	0.7052491407112811	0.49737635047400036	0.36743085555430555	0.5307321292994441
0.6155470874114002	0.7149414430230073	0.51114126695182	0.37541587417133604	0.5298836817294512
0.6256708496080067	0.7057546789674586	0.49808966688446055	0.37626844938303505	0.5281718547520148
0.6254176707598517	0.7152182583988981	0.5115371571471529	0.375957444648488	0.539039016603421
0.6288067576704777	0.7013911212216457	0.4919495049285574	0.3754301844822372	0.5257563665289376
0.6256577659423688	0.7024450568932168	0.4934290579537146	0.3734395693614452	0.5261923616773196
0.6392188448277702	0.7038914586110487	0.4954631855055897	0.37385859637104835	0.526264072089142
0.6268948195768899	0.6952830334699105	0.4834184966311207	0.37224655092110615	0.5226060504550443
0.6225506853805769	0.7061869056658453	0.49869994573390153	0.3647452355588745	0.5290172860233963
0.6190639512033858	0.7162801844764983	0.5130573026736864	0.3749574042517597	0.5341844466805494
0.6314529221064987	0.6950427548479199	0.4830844310665857	0.3857510221557625	0.523667252824658
0.646365652628956	0.6865727217578347	0.47138210226196114	0.3808028024343919	0.5197324151380036
0.6224658539392326	0.6930431371711457	0.48030878998002347	0.3691015079037747	0.5185443087797149
0.6195650162433057	0.7137094206896519	0.5093811371811586	0.37660679414858955	0.5305238903436397
0.6260011864234927	0.7065116285527627	0.499158681280277	0.3766778994510933	0.5262503180570945
0.6310293624975829	0.7092923075928037	0.5030955776103245	0.36304116979242096	0.5284907464045296
0.6302660360111303	0.6994541697401957	0.48923613556694656	0.37511788020991665	0.5268835363302313
0.6339618912288032	0.6830208386951703	0.46651746609185374	0.3710557085963724	0.5157768086850839
0.6281391740496545	0.7072895402959191	0.5002584938120125	0.37243816019804155	0.5255645923474546
0.6298367710452024	0.7016220417030004	0.49227348940348675	0.3765833794494722	0.5304687381506394
0.6227381464021341	0.7129196453045242	0.5082544206611286	0.38942234578418766	0.5361565256661723
0.6199696869091884	0.7201097377504382	0.5185580344030049	0.37874426258480476	0.5407959005300362
0.6230017836293107	0.7095900455634235	0.5035180327627015	0.37244056325158015	0.534923220240301
0.6249896619070916	0.6914869710112971	0.4781542310783784	0.3759544563159647	0.5186215039472123
0.6151573109746948	0.7132914340522764	0.5087846698923528	0.37679748292112847	0.5325994236266884
0.6238443155015685	0.6972935821300792	0.48621833967979755	0.3713478382762886	0.5209938954615047
0.6263908697144183	0.7005910382956265	0.49082780294014405	0.3719027726573715	0.5255712367700266
0.6259736949082153	0.7036842861859779	0.4951715746250692	0.37423314129286445	0.52821980031946
0.6382062799524234	0.6930544246528013	0.48032443553082543	0.37016529920967434	0.5216163140024596
0.6360239961024889	0.7009600181373931	0.49134494702717435	0.36872778115202753	0.5278514796266167
