r2	rmse	mse	oob	mae
0.6985188717246924	0.6309875817642385	0.3981453283406816	0.3840590289984598	0.46394640363171796
0.6981755067736355	0.6295655764175995	0.39635281501002434	0.36411607259638457	0.4568211792005914
0.7060828744829362	0.6197163965971827	0.38404841221139663	0.3772079746758379	0.4528599844361924
0.6800061838692694	0.6563127715105731	0.4307464540478898	0.38444417372211603	0.48090542715093676
0.6811325344547376	0.6466148449782857	0.4181107577462924	0.3846522841477287	0.477211132575414
0.7120433106632815	0.6217020718139517	0.38651346609775994	0.36755433098667667	0.4561017627234869
0.7125105230691355	0.6216843305087951	0.38649140680016875	0.3641745273575844	0.45385063032465106
0.7079035238592747	0.6248286334981636	0.39041082123918247	0.37935403446276394	0.45985035075434394
0.7059938657240716	0.6284288747520574	0.3949228506221371	0.3725865215653199	0.46209544415553094
0.6978412000876772	0.6371335747756801	0.40593919210643714	0.3656286821076111	0.4675456851345989
0.6920928857860937	0.6425711120379727	0.4128976340257168	0.3738131379771945	0.4645663988231464
0.690361929266587	0.6406985704326371	0.41049465815442493	0.36644339979643026	0.46918917637305546
0.7054669113578396	0.6260023829346202	0.3918789834398229	0.37806821198295215	0.45987912577720036
0.703253081513413	0.6297043155612005	0.39652752503640004	0.373726119654307	0.46176805038643265
0.6819046827833092	0.6414089048659624	0.4114053832413532	0.3886239804659686	0.4743081952276848
0.6880659525852565	0.6462674042522252	0.41766155779890907	0.36960664482619987	0.471964526468433
0.6962115132281821	0.6359976085605357	0.4044929580947203	0.3810820577368792	0.46814479201114734
0.6855684631339791	0.6470477353310028	0.4186707717969794	0.37881237667172607	0.4673316004776991
0.6951295029924418	0.6404811824798248	0.41021614511075455	0.38210430149243135	0.4745098971541192
0.7029534513459088	0.6373779140805608	0.40625060535768664	0.374976310032233	0.46587015608564547
0.7062520911073125	0.6206119284876167	0.3851591657811187	0.3941678162237303	0.45677054941559625
0.7053806068625437	0.6272599455984547	0.3934550393521763	0.36710334798831434	0.4535144634906875
0.6981628640369197	0.6431473478905696	0.4136385110986734	0.39213308887913434	0.47411392014888587
0.6847442627086058	0.6392671878624135	0.4086625374775183	0.3758519851957336	0.46497218417228126
0.6989285476393952	0.6242177079848154	0.38964774696181625	0.3722430538748559	0.45565601729956345
0.7033791578220854	0.630826715382977	0.3979423448408755	0.35765240483821037	0.46091678903259303
0.7055879278951964	0.6330366716325373	0.40073542763160086	0.36300176413948904	0.4592087066936458
0.6887674291472765	0.6434896213546455	0.41407889279114507	0.3833603640457668	0.47161495348276966
0.6995412267465897	0.6299146775731366	0.3967925010220686	0.37898858368725374	0.45625292954037316
0.7004571518208903	0.6388868174456841	0.40817636550587494	0.38678681589133324	0.469934032337678
0.6966858358751054	0.6399448587086194	0.40952942218759486	0.36838756506319803	0.4649719429684414
0.6930644482647521	0.6386426773608764	0.4078644693466685	0.37925374216183294	0.4642122109947664
0.6991851014631013	0.6354324725166448	0.4037744271286165	0.3751108700120609	0.46344000531494595
0.7133539325367894	0.6173159976913254	0.3810790410056364	0.36294520453400314	0.44871574920446666
0.6966602278099596	0.6349713549509998	0.4031886216083085	0.3814275742705693	0.46868918693101963
0.7007730860957793	0.6324935529288502	0.4000480944965602	0.3748408856254748	0.463753856791506
0.7063928479455664	0.621316957164824	0.38603476126055575	0.37382192960418514	0.4541424385764033
0.7098841973150942	0.6344257706243521	0.40249605843230307	0.38329863822117305	0.4658811249471958
0.6917758058594923	0.6362795680450803	0.4048516887116341	0.36182537509787016	0.4580432045502334
0.7060891999428754	0.620366322928063	0.38485437462328576	0.3757230434011025	0.45737306949781237
0.705410611725698	0.6185485233957944	0.3826022757951175	0.3718660464996971	0.4516905114112553
0.6975829707088839	0.6405104895473789	0.410253687220223	0.3688563948332646	0.467772908228007
0.6834706856790793	0.6443201184158803	0.4151484149954541	0.3820408814640528	0.47011446914987803
0.6965594922942159	0.6358640722980594	0.4043231184394718	0.3822063528714956	0.46496306425262895
0.6902472869195143	0.6407048886085017	0.41050275428683264	0.3742862323471319	0.4700772147940523
0.6879630721046989	0.6463411269279732	0.41775685235852233	0.37681242467659404	0.47331568214774145
0.7136768755715073	0.617958745561705	0.3818730112161961	0.3789990298777387	0.45387132416215037
0.6854724041310645	0.6402491304228979	0.40991894900727693	0.4058724798906268	0.4757721558170187
0.696674779747994	0.6393045018342832	0.40871024606558104	0.3918497177471816	0.46647780201297173
0.6847754579640897	0.6420739399173251	0.4122589443209568	0.3957627020900669	0.4769002452793091
