r2	rmse	mse	oob	mae
0.7414038598118209	0.5818089809424054	0.3385016903052403	0.2694724848080503	0.42387679754087443
0.7314715244077891	0.5974049193782883	0.3568926376973791	0.2673170962647714	0.4320297281824105
0.7408456375042709	0.5898757729517836	0.3479534275154642	0.2660203856831005	0.425721515635737
0.7307800103285874	0.5968734768222935	0.3562579473339329	0.25768916735095937	0.4320325135145254
0.7463653253804612	0.5888008041929863	0.34668638701830745	0.2653533563585836	0.4273503468644811
0.7424698259084628	0.5876284525274263	0.3453071982197778	0.2602666510407514	0.4250317763376247
0.7321372387664171	0.5989066131412416	0.35868913126431284	0.2603682626923751	0.4287924640708761
0.7364647289894215	0.5847958908654011	0.34198623397305805	0.2686442654575827	0.4280979749709113
0.7392691276047829	0.5858490097686854	0.34321906224694915	0.26571512724744006	0.4257245899040659
0.7442461200961688	0.5849771207102815	0.34219823175449127	0.2666254142121992	0.4269754894821702
0.7477703408099288	0.5840215206318456	0.3410811365611333	0.2661486061319194	0.4220801221958532
0.7361548214005907	0.5996220386795602	0.35954658927023203	0.26568118696586107	0.43164443530434804
0.7395119540942063	0.5876322310862588	0.3453116390114144	0.26607945655768694	0.4271350493197942
0.7345498468021361	0.592329877314389	0.3508546835592792	0.2642416879077508	0.42956175526549256
0.7376862201675161	0.5882524347809076	0.3460409270256659	0.2669789515122277	0.4277946819827302
0.7399345158525777	0.5847123022513463	0.3418884764040698	0.2644498832796215	0.42288587456902565
0.7406140648543125	0.5898097275454661	0.34787551470725697	0.26172995548898603	0.42652485306914695
0.7480801827216862	0.5790604296549295	0.3353109811921516	0.26497785716330413	0.4232879208193213
0.7335566830608727	0.5888831312355794	0.3467833422538206	0.26247084102496243	0.42566443271453835
0.7530153177716654	0.5752966549508066	0.3309662411975875	0.2663925885379792	0.4213156376784535
0.7355324543858821	0.5922418332811396	0.3507503890882051	0.26404088064610254	0.42906282647199806
0.7468619669394382	0.5900605354226864	0.3481714354633074	0.26843318700983176	0.42574936849782896
0.7590788097801162	0.5715533689672289	0.32667325357778926	0.26384712629711604	0.41761326915404134
0.7422916438412599	0.5863517934974792	0.3438084257377106	0.264133133113975	0.4284359199504433
0.7297583047102447	0.597150807871307	0.3565890873413546	0.2648159972786692	0.42767470350049624
