r2	rmse	mse	oob	mae
0.3589085556531928	0.9331710497751564	0.8708082081384674	0.6373271218256168	0.7177699779925407
0.3624311976905924	0.9280528991008229	0.8612821835294421	0.6392404915847951	0.7140627512502311
0.34854576614725663	0.9261836474564519	0.8578161488157371	0.6502508287076708	0.7155991153187178
0.3849294974661077	0.9019319641157395	0.8134812678936756	0.6262087044267952	0.6927239968560495
0.37676762838356936	0.9058757053521787	0.8206107935473073	0.6265849715011778	0.6982509091119676
0.37229936316930545	0.9227974164363377	0.8515550717815796	0.6357488077675025	0.7087254547356451
0.37199817996202467	0.9231543694376472	0.85221398981182	0.6303497315864073	0.7141538837652135
0.370318886986583	0.9238901919464089	0.8535730867747722	0.6355861542312591	0.7124480731970292
0.37429789973017646	0.9058667663423574	0.8205945983635592	0.6112733800796359	0.6971421536030217
0.38720170985447855	0.9136934171626696	0.8348356605663962	0.6288797008470488	0.704683744980976
0.37417931716548614	0.9237965174605672	0.853400005672272	0.6432422661117574	0.7123086595141875
0.3873295919865013	0.8920637061274918	0.795777655789916	0.620741609359215	0.6918331337424162
0.38156952790552057	0.909823822253467	0.8277793875399084	0.6232777997841383	0.7019627494052115
0.37689226600955905	0.9020286239114993	0.8136556383556731	0.6071540197450136	0.6959802941994918
0.3785920079971461	0.9092083595462882	0.8266598410688525	0.6285431720390968	0.6988015566268627
0.3685190573948671	0.9176874066328137	0.8421501762924591	0.6295218962838273	0.708922428863507
0.3717996975514243	0.9091481191369252	0.8265503025302088	0.6309646270541984	0.699308745842087
0.3820330855377202	0.9128327191338665	0.8332635731213285	0.6371703825918907	0.7037832856093865
0.3780365014815794	0.9125151448629115	0.8326838896041805	0.6250888295561338	0.7002265293296659
0.3609161091347659	0.9246204858081836	0.8549230427761614	0.635138211943091	0.7068621600107294
0.3744928106935803	0.9097725233367561	0.8276860442185284	0.6215428688662648	0.6968697854002345
0.3675330231838496	0.9270104480526316	0.8593483707987406	0.6285605807304511	0.7146623201074238
0.3739293873771993	0.9152859073230899	0.837748292144252	0.6257040473076588	0.7021097963201948
0.36770851502477864	0.9216012597486078	0.849348881970221	0.6400953167372173	0.7150626808797952
0.3577655158976485	0.9298018984168213	0.8645315702995248	0.6511206415069242	0.7137088912389691
