r2	rmse	mse	oob	mae
0.6571137084711736	0.6726036676849673	0.45239569378326994	0.3254177101264527	0.4920604897159954
0.6729575695137828	0.6616752586152839	0.4378141478636028	0.319210040532387	0.4886921693331975
0.6755106829565793	0.6554345356826831	0.42959443056557434	0.32809005571979266	0.48671219857561354
0.6795259995436944	0.6461647198183579	0.4175288451379369	0.32093344241203836	0.4767799863722143
0.6760929217676772	0.6476274506466829	0.4194213148311217	0.3205337592828875	0.48053105184957595
0.6799200743451268	0.646368144573722	0.417791778319676	0.33114973713627904	0.4868046631860611
0.6889336449423058	0.6532164076457082	0.42669167521756407	0.33339620926659486	0.4876876613012893
0.6843712463260814	0.6450995410644407	0.4161534178815519	0.32496524781873204	0.4803294982696718
0.6756210319278936	0.6542789540122502	0.4280809496633642	0.32577812686349383	0.490829382152496
0.6715958680413179	0.668673193941411	0.4471238402958079	0.32834252876281467	0.4945839267018823
0.6761739630099903	0.6550683026477562	0.42911448113381223	0.33912599416756684	0.4872920331789989
0.6819897353269746	0.6458492084019627	0.4171211999934419	0.32804439339865743	0.48382145656728287
0.6674356563176697	0.668129620815283	0.4463971902107739	0.3265224282308352	0.493387841247984
0.6778461453384421	0.6581498673439234	0.43316124788482396	0.3262589315549961	0.4857920945965463
0.679266173482866	0.6441504426179115	0.4149297927248513	0.3275873528451878	0.48419505995214135
0.6748819105493629	0.6615933933855895	0.43770581817145937	0.3299098999361032	0.49228790134615913
0.6775777509017177	0.6575200655908238	0.43233263665456123	0.33152189613726857	0.487763279810801
0.672289598161086	0.6589243585690354	0.4341813103156147	0.3287791846273165	0.49084616092764555
0.6823280481121154	0.6484132310742159	0.42043971823210446	0.33141588391181	0.48022934788648336
0.6797045469548644	0.65708837985576	0.43176513894146756	0.32838580839689935	0.4886372413669279
0.6780574807802366	0.6493696441500098	0.42168093474351026	0.332072879705395	0.4825194542879545
0.6746371494585753	0.6538094336563138	0.4274667755379899	0.327899387025676	0.4841839223243214
0.6775711393949508	0.6572791967665896	0.4320159425021333	0.3289636745029805	0.4856879630065207
0.6837258007955607	0.6529557164536596	0.42635116764951186	0.3280634679603023	0.4856401498375123
0.6858225595364897	0.6518048060133665	0.42484950514212233	0.32928864304006544	0.487605140505434
