r2	rmse	mse	oob	mae
0.8144654723820606	0.5061847064960564	0.2562229570904988	0.1886618399357678	0.3369165504399136
0.8143393535439885	0.499171526840407	0.24917221320818317	0.18773130366916402	0.33612488174347394
0.8077175755904074	0.5103052278950778	0.2604114256170473	0.18491321911099678	0.34051047254612316
0.8091168516983296	0.500835588350406	0.2508362865582973	0.18324547952641967	0.3348949283904844
0.8176537118969125	0.4952532768280291	0.24527580820890044	0.1904927825185001	0.334054303451527
0.8148935076702694	0.5020690736125692	0.2520733546781835	0.1884302998778553	0.33436647219755444
0.8151260090179823	0.4949845303141229	0.24500968525029282	0.18992984382927636	0.33187712952402143
0.8110500521109452	0.5058399902327385	0.255874095718657	0.1901927240837864	0.3405454843113628
0.8115694014074439	0.5056225786973723	0.25565419208858037	0.1886337191528925	0.33677259816047106
0.8154609873464316	0.4955350847734787	0.2455550202414587	0.18729535072253345	0.33351369079268356
0.8181125200678054	0.4889834431548822	0.2391048076796039	0.18956969528776102	0.33066226830336176
0.8172579285932966	0.4980081469994456	0.24801211447782143	0.18829736345827053	0.3367751555929903
0.8153721163562145	0.4969004966430193	0.24691010356407922	0.19205942862173908	0.3358314288005526
0.8064379877054282	0.5060601334989228	0.2560968587169475	0.18497654561773003	0.33878467172371013
0.8216207430359379	0.49398434151369175	0.24402052966071566	0.1945541309368629	0.33088566806102787
0.8084622133015145	0.4956007889602217	0.2456201420179942	0.18760685963529067	0.3305455774190623
0.8186251007371352	0.48443189122280966	0.23467425723370808	0.18971953734541425	0.32817492199176335
0.8069614932335991	0.5105913423631256	0.26070351889617854	0.18566441251097576	0.3410275778861919
0.8045410907997803	0.5145464609876952	0.2647580605149617	0.186065349518991	0.3392593860359311
0.8086749961190287	0.5042748404309931	0.25429311469170357	0.18755324562545195	0.33936735625825853
0.8057417532193771	0.5082478395544485	0.25831586641176446	0.18523117413021262	0.3419994552682488
0.8037117472699624	0.5106412212291697	0.26075445681841775	0.1852831055650429	0.3437935813550914
0.8197455004686417	0.49734508407099165	0.24735213264958178	0.19241009746498194	0.33495303353654204
0.8115052426042538	0.5068488514720827	0.25689575823856936	0.1841578515645429	0.33956653770607204
0.809020403841565	0.5054143193250827	0.25544363417883675	0.18767400353375485	0.3395454400809078
