r2	rmse	mse	oob	mae
0.2175778590197638	1.0188128223122719	1.0379795669078968	0.7803379750272077	0.7902671484366339
0.21917572585198652	1.0200463604465249	1.040494577460202	0.7747985037331544	0.7955289341661977
0.19385143191280174	1.039492159181198	1.0805439489991895	0.7897345341609752	0.8035776248025372
0.21565805261445692	1.0323282718649458	1.0657016608916654	0.7845849693215827	0.8029825008872432
0.221266016571816	1.014600234357092	1.029413635557466	0.7738345255321563	0.7911786795640842
0.22001143582478488	1.0096043090759792	1.0193008609047856	0.782982540836309	0.7853977669999931
0.2303599085451048	1.0202647335600368	1.0409401265463327	0.7697243609153084	0.7913343075765916
0.2006067829357816	1.0245556108596925	1.0497141997440775	0.7977458941128662	0.7972130978578139
0.2235626278876266	1.016864597331815	1.0340136093067942	0.7820577562443761	0.7891676628630934
0.20311691485541106	1.029942796574443	1.0607821642155844	0.7949330568093748	0.8079436997411527
0.20005415787502712	1.0168216547489335	1.0339262775663594	0.7932175251744135	0.7952969637582241
0.21002823244475177	1.0319806240088745	1.064984008329746	0.7899526541753265	0.8046150038206883
0.2269144691557502	1.0188238251952533	1.038001986785488	0.7789952175619543	0.7957291657615541
0.22156848150121322	1.032769099600621	1.0666120130898773	0.7778543129878864	0.8065545862040723
0.1984278347758367	1.0247283195232035	1.0500681288328486	0.8048310301133862	0.8015720447142939
0.2117352400301632	1.0248267707140533	1.0502699099721946	0.7896137528226016	0.7968291045817306
0.22277001073889646	1.0179336495710642	1.0361889149290662	0.7737555213646529	0.7948516481486894
0.2156427150841459	1.0265596216661559	1.053824656835361	0.7828825272019706	0.7986014155785809
0.20905202938158396	1.0215417667411695	1.0435475811966701	0.7982284362062319	0.7962502993832196
0.22875863653015105	1.0375826101672796	1.076577672921545	0.7781641453177952	0.8057395723597482
0.20878336659424124	1.0255642791038595	1.0517820905738189	0.7956229688285684	0.8019025363418681
0.21852903267890067	1.0358823663105636	1.0730522768331725	0.7810758266640072	0.8057664288888262
0.21641231598679134	1.0160610433274886	1.0323800437677446	0.781671497408522	0.7950972371378162
0.20002260150678297	1.0289981890605746	1.058837273089942	0.8055631372802807	0.8031244008138488
0.22636079285014132	1.007537038854514	1.0151308846637221	0.7863752509681818	0.7898027080721383
0.20086562268090014	1.0300226790682379	1.0609467193949103	0.7893714625938149	0.8050437819215182
0.2095677286344727	1.0356865624666776	1.072646655674043	0.7862920038919212	0.8031663281323266
0.2197250494913795	1.01779276886537	1.0359021203546366	0.7760666947929669	0.7915648797070635
0.20635177659706505	1.0439578364778537	1.089847964343521	0.7944444799578528	0.8164229127911813
0.2295411591037113	1.0135071797517328	1.0271968034083112	0.771664877596679	0.79061036854227
0.21089543944160505	1.0278203164511568	1.0564146029097559	0.7909882034231428	0.798240215622941
0.1848941693985322	1.0407195090295145	1.0830970964746336	0.8135378000969364	0.8137058128919142
0.2085771410222892	1.0343958782869904	1.0699748330171144	0.7989455484878809	0.8049117620873667
0.2144498111880686	1.0245435046107114	1.0496893928399986	0.785426885750598	0.798769775110664
0.20298683048853428	1.0270476958473833	1.0548269695454193	0.8025137210011579	0.7983858013422205
0.2175627195163552	1.0206672520141014	1.0417616393340172	0.7895795528420517	0.7955374772885783
0.20121381828229423	1.0454819844839323	1.0930325798804612	0.802445764723902	0.8192215157882495
0.1930359559847803	1.0432820681615007	1.0884374737473381	0.8096959613621687	0.8120882329904716
0.20378469499130614	1.0164942713169225	1.033260603620121	0.7988117067676997	0.7959608170633937
0.2030132890818903	1.0242566011654162	1.0491015850309302	0.8022887837689281	0.7973804763779464
0.22763211122987692	1.0183307196656608	1.0369974546147827	0.7759205757917128	0.7896410042370495
0.21619665798189924	1.023454836319847	1.0474598019864847	0.7840490145817613	0.7954401512200161
0.22659770976087734	1.019674723160746	1.0397365410529438	0.7697632130215819	0.7961832739260767
0.2339908670541032	1.0051007209491807	1.0102274592525629	0.7649749218175825	0.7818064911382593
0.22392516718143463	1.0260237238394856	1.0527246818814449	0.7739242735672284	0.7921503290758659
0.22323205039156246	1.0181913864273848	1.03671369939492	0.7733343625238213	0.7939905806449161
0.21594794913084936	1.0056682214048565	1.0113685715436074	0.787515646005648	0.7863141226512256
0.21952824918031955	1.0118196718610855	1.0237790483650748	0.7827362739516721	0.7895541900842473
0.21226234565138102	1.0205098538926844	1.041440361892068	0.7942922128994659	0.7917599352123188
0.24283363631161892	1.0081808228304967	1.0164285715231776	0.7509312814784292	0.7810656574316363
