r2	rmse	mse	oob	mae
0.8183995828337953	0.49310256851840695	0.2431501430794502	0.18959008843845515	0.3336605799664626
0.8199935472216738	0.49021998182585713	0.2403156305813437	0.18952582148684827	0.3296922972379222
0.8147463549730378	0.49339986681558023	0.2434434285736323	0.18929447382160114	0.3302009147483902
0.8159285088304249	0.4871207411574332	0.23728661646576701	0.18633115767243047	0.32655802607710044
0.8089802330823387	0.5081518700028538	0.2582183229873972	0.1843204994470019	0.33860848360877954
0.8228968146767522	0.483932602939573	0.23419076418787044	0.18989502218463883	0.3257325519531773
0.8070974144526504	0.5055515039479183	0.255582323144002	0.1884125420323991	0.3422784838246882
0.8241588309442299	0.48506196268008905	0.23528510763906013	0.19065120846396488	0.3278410601420448
0.8177277547883307	0.48373379068817096	0.23399838025354722	0.19188806848400874	0.32934239655122943
0.8182961558240351	0.49507540219421503	0.24509965385776375	0.1937946715509351	0.33513448324179734
0.8252512026107596	0.4822568527955345	0.23257167206825383	0.19074469062696342	0.32577865650960397
0.8069390368524811	0.5016601655205896	0.2516629216701453	0.18521710798333824	0.33678758494832073
0.8113683715320167	0.4932487745961274	0.24329435364058133	0.1876421724851841	0.3329871956087995
0.8132315204571284	0.49768045077195416	0.2476858310805755	0.18903644960597166	0.332214479118983
0.8181109447980115	0.489969924394527	0.24007052681117852	0.18841186502588148	0.33066272595468393
0.8101352431820629	0.5006823795051472	0.25068284514693623	0.1855736245345716	0.33503249091289417
0.8119331602344415	0.5020566135445634	0.2520608432038351	0.18591042417526205	0.3330382634480222
0.8147869581719515	0.495069132268723	0.24509344572530634	0.1860829033555924	0.3346678379185746
0.8091578535202858	0.49725150002765955	0.2472590542797575	0.18565153844865978	0.33303287797795944
0.8091256555142698	0.5031467169328278	0.25315661876028306	0.18962474235151294	0.3405318858366639
0.8182385796219593	0.49113765258321435	0.24121619378495016	0.18828137571970427	0.33193456530851195
0.8106999833124827	0.5048023784529098	0.2548254412917147	0.18699089884145137	0.33951228207038164
0.8199670418627504	0.4867747554218127	0.23694966251596558	0.19023770863110057	0.3317204193737907
0.811393916751683	0.4945088292745621	0.24453898223049797	0.18234129928994158	0.33152417595174777
0.8196803796762591	0.4905133092736195	0.24060330657455753	0.1877848085196825	0.33205261847149126
