r2	rmse	mse	oob	mae
0.8110562434085105	0.5078832640229655	0.2579454098746212	0.18536596276172546	0.34173138825442356
0.8226211702660973	0.4863111639395854	0.23649854817227428	0.1920017041932064	0.32834783972652853
0.8216777410219727	0.4810013346041135	0.23136228389093833	0.1893869074399277	0.32273144240134816
0.8144158944157975	0.4982746983350944	0.24827767500092932	0.18356892297328842	0.33351857795355544
0.8242965181670171	0.4851042329048063	0.2353261167821606	0.1904763993678461	0.33141348810717525
0.8144389341338247	0.4999221240722084	0.2499221301368685	0.18250006572440947	0.3342339472469237
0.8143477639042052	0.49809974432533816	0.24810335529696725	0.1867845865932729	0.33545700343885315
0.8199837554691995	0.48534269307969496	0.23555752972585098	0.1874336499346826	0.3277221710934851
0.816011635618664	0.4951430504920413	0.24516664045056416	0.18720206056110156	0.3319955603517723
0.8116248404210034	0.5084110368618849	0.2584817824029769	0.1844561077495096	0.33796068095879567
0.8177625261773535	0.4859205711228704	0.23611880144037653	0.18544115100001624	0.32827592669314487
0.8142900652517832	0.4927276511477429	0.24278053820557186	0.1844202351516342	0.33191014376096445
0.8238755939356657	0.4823920047633857	0.2327020462596383	0.19256986888912642	0.32623071219149286
0.8198764575819804	0.49241128977358417	0.2424688782964847	0.18485964696482615	0.3300057599812066
0.8234765459751767	0.4926642240641831	0.2427180376727636	0.18667968584740113	0.3307534480131389
0.8149721972597666	0.4972256731244638	0.24723337001407614	0.18691109972979225	0.33119216320729444
0.8278169603277219	0.481500091463626	0.23184233807948018	0.19235755386023978	0.3223453280082852
0.8143924309382271	0.495473636253538	0.24549412422230332	0.183597032958971	0.33257316607133197
0.8211389473457489	0.48941951125908606	0.2395314580010827	0.1872913435282253	0.3299906176465878
0.8093449875379409	0.5021928989836529	0.25219770778960543	0.18553404954840735	0.33342345307681714
0.8131391471991017	0.4898985293255799	0.24000056903536607	0.18421939531761156	0.3273573752859554
0.8097364195468459	0.49738861027675113	0.24739542963303782	0.18340603128826616	0.3308129522313063
0.8209491290889643	0.4850658403474101	0.23528886947193917	0.18795385972403134	0.3285995070982999
0.811018984938739	0.5076822739968918	0.2577412913306551	0.18646237427630696	0.33855823657138334
0.8204680782471173	0.4952356209572132	0.2452583202648765	0.1873855061506876	0.33178480928904713
