r2	rmse	mse	oob	mae
0.8094760569010189	0.4995604121893344	0.24956060542677766	0.18572790084653135	0.3350793572773282
0.8158051957848518	0.4949460289180065	0.2449715715417041	0.18848607087865843	0.33540254070511494
0.8184712616054235	0.48736459190228243	0.2375242454400783	0.18737880971006304	0.32799958668925483
0.8191762596748835	0.4872141554465597	0.23737763326750447	0.1827864969866796	0.32791080441406806
0.8123111638619469	0.4981889543137909	0.24819223420026842	0.1879395264867899	0.33328757366216205
0.810863652831981	0.5031299625891115	0.25313975925492066	0.18589660455347834	0.33718191986416474
0.8120771431789409	0.4976476153661746	0.24765314907964003	0.18205269247324374	0.3325288960729435
0.8215321939587785	0.479604347590011	0.23002033022724014	0.18576927482806793	0.32784310063573363
0.8117980871421855	0.49887579755634376	0.2488770613874781	0.1901776177576957	0.33700728274873043
0.8145714275957874	0.4973928524253621	0.24739964964383804	0.18458544563453638	0.335328365621743
0.8163258072605764	0.4882993474227773	0.23843625269351015	0.18625218938420796	0.32760278360510214
0.8194554478676515	0.4897864897213079	0.23989080551352085	0.19047418913996805	0.3319838570690309
0.8190395697262463	0.4861579692188505	0.2363495710349968	0.18654228503633297	0.3300551186815547
0.8127512046321584	0.5008585785712261	0.25085931572838904	0.18582676630018957	0.33568773230161814
0.8078963067840623	0.5033599022124269	0.25337119115530393	0.18501157748803743	0.33358566493709985
0.8171271325401266	0.4939067633071082	0.24394389084050377	0.1832459723798725	0.3307555664226845
0.8092735640006217	0.5067662128721824	0.25681199450881403	0.18585834628724018	0.3389936933862272
0.8250839584333753	0.4817498596191676	0.2320829272430877	0.1875204956922505	0.3259751728296148
0.8112677135370859	0.5010626018202906	0.2510637309429191	0.18289763048079744	0.33321715317747425
0.8129590210552013	0.4921329725298274	0.24219486265104387	0.18351941928803472	0.3279816107196796
0.811191121088901	0.4974464175676254	0.24745293835086435	0.1829771934595983	0.3313165946530572
0.8239843813416875	0.48637401164610855	0.23655967920472895	0.18941391689941833	0.32571056757838496
0.8247261051882631	0.48766367269354677	0.2378158576649587	0.18924942581653015	0.32776889886753274
0.8130734656639924	0.501049372103382	0.25105047328519337	0.18793187768248454	0.33619475991486025
0.8254908006369401	0.47951452985855986	0.2299341843454757	0.19224796067388272	0.32476020647570053
