r2	rmse	mse	oob	mae
0.5665586465299882	0.7591596702237507	0.576323404894234	0.4387571762232694	0.5799052420952504
0.5674742979009779	0.7657169497819017	0.5863224471832995	0.4364829258073386	0.577714263711032
0.5629500921038619	0.7721822551922709	0.5962654352338214	0.43890910782311354	0.5832776903313538
0.5736552684366627	0.7498311811792873	0.5622468002687251	0.4292659341593602	0.5705420201340498
0.5658647240346175	0.765161309509181	0.5854718295698047	0.43854930614071774	0.5796096635326544
0.5605574136017748	0.7726620404415326	0.5970066287392727	0.443210882440241	0.5841944428534662
0.572292706570235	0.7590681128307584	0.576184399916449	0.4252245685031637	0.5690778923165584
0.5792805087950395	0.7391723247646557	0.5463757256979855	0.4315903013424347	0.5628623128993565
0.5595880485283011	0.7631768492295752	0.5824389031999817	0.43435648738498656	0.5782470493802622
0.5741080999161252	0.7551909056231683	0.570313303935941	0.4257589944355469	0.5713415544390887
0.5703833078191742	0.7620958684213489	0.5807901126648899	0.4331455558034134	0.5771153931769861
0.5682064684700401	0.7636445585011342	0.5831530117283922	0.4349306569460505	0.5789822133684023
0.5723308754542975	0.7432675285387418	0.5524466189800893	0.4365540731524762	0.5646651720766871
0.575183871793672	0.7568167709257902	0.5727716247545401	0.44293370374493657	0.5771734163941968
0.5548682170032926	0.7670663727522314	0.5883908202072652	0.4341444675618211	0.5772363723937438
0.5601077330470766	0.7704987460809395	0.5936683177123	0.4390676577467121	0.5800916592375387
0.5691945994366086	0.7566448568629833	0.5725114394172045	0.43019096139732516	0.5737949873353656
0.5739394693509052	0.7584681515509847	0.5752739369171675	0.4337019928732666	0.5764433555187494
0.564150593525606	0.7750187122926981	0.6006540044038321	0.4364138556287206	0.5849104813825918
0.5626201564423619	0.7620617321025103	0.580738083535078	0.43314942975693504	0.5697585330216299
0.5617209251721471	0.7695819015785978	0.5922563032373306	0.43750034737273413	0.5793756872948883
0.5580744242166029	0.7743973502324598	0.599691256047055	0.44382634733644666	0.5847548927915818
0.5701696204273001	0.7614094471902842	0.5797443462706143	0.4382147699598118	0.5779235078194412
0.5551299347225338	0.7644466082008741	0.5843786167898206	0.4378804170330113	0.5816010812538169
0.5619955464758168	0.7657658262187108	0.5863973006044249	0.4350255670531116	0.5786517995484081
