r2	rmse	mse	oob	mae
0.8076455112355057	0.5048592538240424	0.2548828661717689	0.19505754198464342	0.34323456653068046
0.8050179451831161	0.5196495940594446	0.27003570060614557	0.19828402546687118	0.3516483426466163
0.812200280272406	0.5032943800520231	0.2533052329919503	0.19414879313105093	0.34312720062332136
0.8130299111755108	0.49512406861399516	0.24514784332087616	0.19354441596027827	0.33633926376820955
0.8135331753782712	0.4992010882672202	0.24920172652717698	0.1968618525941166	0.3414583210589523
0.8063848426908008	0.5062424285026603	0.2562813964162712	0.19305694312769184	0.34572566927532505
0.8002922224085576	0.52116357027184	0.2716114669784911	0.194488637117478	0.35655858530478596
0.8066732398096179	0.5013173892702274	0.2513191247847167	0.1966332090811137	0.34017388030556783
0.804845491018225	0.5071820465175078	0.2572336283096874	0.19465607034287458	0.3478132666004463
0.8122075448581776	0.49323432528344147	0.24328009963781175	0.19299821425965447	0.33576923893799376
0.8113959578796054	0.5050022644533873	0.2550272871030489	0.1971626150405963	0.34436436011538507
0.813058150528139	0.4963950890384959	0.24640808442153628	0.19720045800831498	0.34219477732272974
0.8039961371141852	0.5108389031214816	0.2609563849423585	0.19252925443759428	0.3468809561171624
0.8043015041654492	0.5136257810579595	0.26381144296739895	0.19381341951682474	0.35301920601217895
0.8050754589162192	0.5167641950576719	0.2670452332936036	0.19341508560569687	0.34773510668828495
0.802661651010858	0.512001278187182	0.2621453088653081	0.18974693221593464	0.34580576501041693
0.8101606688698937	0.49127106392169323	0.24134725824675238	0.19561157257082784	0.3356095176881407
0.8095759815676489	0.5015832362945838	0.25158574293174824	0.1956092211338718	0.3420023703620841
0.8041492521083333	0.5033699674014144	0.253381324081701	0.1922690741440113	0.34725759147493324
0.8006556244494687	0.5157268562963332	0.2659741903052987	0.1916547252987456	0.3464355651141309
0.8085854606129439	0.5097791007770289	0.2598747315890362	0.1954646764139193	0.3473994531126348
0.8156302838329861	0.49730140709963677	0.24730868950327867	0.19981146689547258	0.3437166161600717
0.8146143293807093	0.495832040789504	0.24584941267348434	0.19826222084417278	0.3391562170218569
0.8148230626361217	0.502165574447146	0.2521702641598322	0.19628344611533277	0.3438256834544552
0.8011079206862781	0.5167805050243512	0.2670620903732235	0.1905883835622929	0.3526534838151327
