r2	rmse	mse	oob	mae
0.8151294444933231	0.5005063888015753	0.25050664523119365	0.18526012783518975	0.33681216026510236
0.8175978989171819	0.49290799718306105	0.24295829368701655	0.1842065919627589	0.3330508626399598
0.8212332002312339	0.48579395903565203	0.23599577063553276	0.18541746444746843	0.3277241462064814
0.8054701450616824	0.5040198808505422	0.25403604029259474	0.18246514256563162	0.33783854514338046
0.8210580200299352	0.49147421823892784	0.24154690719356528	0.18622975135467512	0.3328268104454478
0.8232970811782239	0.488922907891776	0.23904560986135007	0.19206390369940163	0.3292433572891909
0.8128382304442759	0.4998227526663892	0.24982278408300648	0.18610816143411912	0.3323253302045719
0.8212475439308253	0.49116709599240205	0.2412451161856095	0.18686074655416007	0.32943886473004685
0.8216085680058246	0.4862775660465856	0.23646587124019142	0.18927916937192646	0.3285553043786498
0.8145321785183083	0.4949803470175017	0.2450055439335664	0.18407537734795132	0.33170408399931606
0.827986102029808	0.4820142264707825	0.2323377145202268	0.19214054871681807	0.3289738074300598
0.8119899284529005	0.4983687801319111	0.24837144101016914	0.18325531693864727	0.3304304791607262
0.822082393497243	0.4954171943747418	0.24543819648214069	0.1925147478122442	0.3315849058824413
0.8192192331457664	0.49255150614670645	0.242606986207389	0.18700028648929945	0.33081316413680095
0.8162076240858849	0.49920966287622276	0.249210287508992	0.1871463646280458	0.33400299005523815
0.8056560044468368	0.5111301990843946	0.2612540804160529	0.18251096346939044	0.338364614884251
0.8179847681082272	0.4843586293517779	0.23460328182753298	0.18498926796082416	0.3227183565547897
0.8171731831858186	0.49525299826134556	0.24527553228685237	0.19011574469922954	0.33343536957055087
0.8194930437391716	0.49250141406100173	0.24255764285208625	0.18603413933993718	0.32963884581463065
0.8118972301495829	0.5017553374615202	0.25175841867112403	0.18709220076572075	0.33880188130244604
0.816017435265828	0.4880544789149964	0.2381971743889887	0.1857529061223715	0.33040998813258277
0.809313702905988	0.507975290136228	0.258038895388985	0.18576930785958745	0.33835754649170446
0.8224390287032332	0.49018732919052066	0.2402836176989359	0.1898039754903238	0.3323529905995281
0.8113596911509887	0.49427895963957746	0.24431168994238306	0.18165565348796353	0.3336672150774141
0.8109068792678059	0.4999313547784869	0.24993135949065334	0.18086555592383324	0.3336687107376131
