r2	rmse	mse	oob	mae
0.8173396210579695	0.49981822817717825	0.2498182612181738	0.18849327412068284	0.33123578642941326
0.8153258827231897	0.4939693537908636	0.24400572248456334	0.18645351919454245	0.32806946738918047
0.8221752505423783	0.4823403893879022	0.2326522512348731	0.1851090362749499	0.32704796197103775
0.8232254073421768	0.4889279482475499	0.23905053857755884	0.19020176938034228	0.32848128447585834
0.8146818886563983	0.49901557856242734	0.2490165476479941	0.18386839140220013	0.3352495328580059
0.8177527219153203	0.4958522343435224	0.24586943830346344	0.18643788501112213	0.3358948641214176
0.8209615280330398	0.48878930448674973	0.23891498418064053	0.18770806913017057	0.3291535439544832
0.8158265700577875	0.4936538022130332	0.24369407643938448	0.18476928738431553	0.3305728383716518
0.8152105601866726	0.4998217347134725	0.24982176649198493	0.185389247280497	0.33208334795748307
0.8218898365693854	0.48610405347070335	0.23629715080064842	0.18778553843815904	0.32557524714462005
0.8147884169648705	0.4996309565062157	0.249631092699316	0.1836906735169186	0.336511022517661
0.8247356639341368	0.4803663298770944	0.23075181087958943	0.18770196615855772	0.32481939213717903
0.8206970919898391	0.4937092094368223	0.24374878348273207	0.18838233182124664	0.3292468085372775
0.8126969196902731	0.49839739803863886	0.2483999663716854	0.18610652001020422	0.33674796696948867
0.8225228856183864	0.48900994185174324	0.23913072322984533	0.18619567270758364	0.3284831222150485
0.8177617100737277	0.4955138989751454	0.2455340240775506	0.18462460696420946	0.3302696231706122
0.8092716696268815	0.5077712381929861	0.25783163033603823	0.1854435245423014	0.33804725049660644
0.8240153604262234	0.4838340193756163	0.23409535830516429	0.18635719313158505	0.3234526388042553
0.8148568203991297	0.49124021763219455	0.24131695141932585	0.18175380102684935	0.3275648946105344
0.8178111295110844	0.4872848436543772	0.23744651885527082	0.18527558904214847	0.3304101362197345
0.8204679428510765	0.4871340677738776	0.23729959998592473	0.18764938472589443	0.3277268494115952
0.8178462767664547	0.4884091489658489	0.2385434967935448	0.1876825454796902	0.3292221469869848
0.8117229442384849	0.4980869537922524	0.24809061353804535	0.18241178231342248	0.332210882351825
0.8148342061390332	0.4930061321008169	0.24305504628900812	0.18388283064778665	0.3306398475833785
0.8092315477913524	0.5055874178890303	0.25561863712769695	0.18662981097014286	0.3371500581282789
