r2	rmse	mse	oob	mae
0.7137967111018638	0.6200078938763001	0.3844097884689253	0.2953949633441061	0.4578672303768469
0.7204176151431487	0.60724953718297	0.36875200040893125	0.2868345660633991	0.4456621804411656
0.7214040675051643	0.6080636248537632	0.36974137187029804	0.2944568661084004	0.447428991578774
0.7211886691690937	0.6090147381339637	0.3708989512643804	0.2916522772677905	0.45114798273675794
0.7058589263631221	0.6295412611579012	0.39632219950028075	0.29043653034819217	0.4591006679304324
0.7153426281015862	0.6122046610599335	0.3747945470235081	0.2983654818917043	0.45327742072903204
0.7176622412195243	0.6160206812172712	0.3794814796873908	0.29962879432660605	0.4552862696287859
0.7034052618993121	0.6214463855140167	0.3861956100684358	0.2906946350827113	0.45661289368116964
0.7069541288016599	0.6276299686819251	0.3939193775876743	0.2899221398532532	0.4600538536404901
0.7265576493964647	0.6027548244898733	0.36331337844581796	0.29496545243729133	0.4427567179489993
0.7095054748560887	0.6242138580715064	0.38964294060851473	0.2861825900750379	0.4510987922036727
0.7165453262893777	0.6172575653947662	0.38100690203707405	0.2910310952092052	0.45555115600599205
0.7165446855850149	0.6082839524593278	0.3700093668195418	0.28938795857660593	0.44991751286192316
0.7026349316145301	0.6241434075738085	0.38955499321784515	0.28894620114085523	0.45341295788973573
0.7140008235183741	0.6057052677323799	0.366878871358754	0.28703822687828806	0.444886215961813
0.7140457088646366	0.6260084809509563	0.39188661822252385	0.2920086793008463	0.457214063659902
0.7100451040011145	0.6218159169393803	0.3866550345591623	0.2871808690318083	0.4540509365196414
0.7152960938711996	0.6197457204899526	0.3840847580656105	0.2896907733646218	0.4510814536814064
0.6977279755490704	0.6301783346573764	0.39712473347154426	0.28516371279306196	0.4580524575738198
0.7253615361491874	0.6056886295823765	0.3668587160053773	0.28809884103402683	0.44212040438398714
0.7227172994228337	0.6101018467637968	0.37222426342459536	0.28940759376317216	0.4481648153856813
0.7179736658249309	0.6122665844228141	0.374870370400779	0.29286035289595835	0.448613927805076
0.7174631503969247	0.6166844072842107	0.3802996581874783	0.29348669979530406	0.4524314428177412
0.712364418359969	0.6203209638083637	0.3847980981401372	0.29018005150559056	0.4528769729814674
0.7122563789068359	0.6146937613674994	0.37784842026412435	0.28388555309440233	0.44869974801858387
