r2	rmse	mse	oob	mae
0.47670894195279123	0.8226975203749091	0.676831210031024	0.520078440568595	0.6296823726309022
0.48656044461650805	0.82736315407272	0.6845297887171593	0.5272403265330211	0.6366389012081954
0.47479116779148656	0.8265128964496318	0.6831235679975598	0.526283256067252	0.6334343227264645
0.48742594914009185	0.8223538499035841	0.6762658544512465	0.5112494882430915	0.6310674025109756
0.4793524612204737	0.8352476070564894	0.6976385650935917	0.5183638312431036	0.6358248233836505
0.4923318818439567	0.8306883136751279	0.6900430744764275	0.5230179819934826	0.6331570500630743
0.4853816332472074	0.8125408457316206	0.6602226259822571	0.5028245417913265	0.6167215513744196
0.4842503789743695	0.8305337235762247	0.6897862659973888	0.518233814472974	0.634929630560741
0.4786921157287418	0.8241253512196246	0.6791825945228697	0.5163617002965983	0.6319431272520406
0.48674071214728587	0.8252060376158623	0.680965004517672	0.525822853493816	0.6259499470857485
0.48363465559521746	0.8329619512207017	0.6938256121813987	0.527727788026131	0.6335231487651819
0.4826029479030213	0.8299797808535658	0.6888664366257332	0.5190088959611652	0.6339120382447568
0.4897097575608719	0.8203589017256587	0.672988727640529	0.5149453159415402	0.6224316136271973
0.48284434872880266	0.8357690959716865	0.6985099817813301	0.5116294100742073	0.6396024524867537
0.49495492199424873	0.8289321840496765	0.6871285657533668	0.5073528476571647	0.6337935679442812
0.4865114205598008	0.8373606512164986	0.7011728602057187	0.5190983839206578	0.6369017542953525
0.4837854096267382	0.8254127193890115	0.6813061573291631	0.5143594083888406	0.6298150062813392
0.4768979463786235	0.8351102302390953	0.6974090966499947	0.5231117334896382	0.6378363393596689
0.4841406704553217	0.8330420219175214	0.6939590102804322	0.5134627066016247	0.6346967722399212
0.48435564647307106	0.8259630887807826	0.6822150240282909	0.5128471863140688	0.6308146286786331
0.4886063920552809	0.8360515194249786	0.6989821431328154	0.514043756623843	0.6419362005965
0.49131131726164834	0.8228358861906037	0.6770588956030761	0.5190415353343026	0.6311072605391577
0.477347527038286	0.8299659724249807	0.6888435153833439	0.5172858547290398	0.6344927574424093
0.4938749187202307	0.811018238491195	0.6577505831653608	0.5097800487582655	0.6237328817252061
0.4764629988200365	0.8328420099572595	0.6936258135496479	0.5204629817998867	0.6326576148866936
