r2	rmse	mse	oob	mae
0.5466769934564193	0.7803255264309753	0.6089079271997788	2.8038945886512683	0.5761536061650304
0.5010349358182586	0.8193710076245214	0.6713688481356235	2.833529117890758	0.6041051225450565
0.4295194819713909	0.8677697948752822	0.7530244168978893	2.8656454835852085	0.6460338364420463
0.43272580697312224	0.8815747585454462	0.7771740549044618	2.8543690243262096	0.6537248782222506
0.5400817295809183	0.7722898150345368	0.596431558406079	2.846568614852342	0.5636122540901528
0.48465155328807286	0.8287511926605877	0.6868285393363466	2.868848461630865	0.6183595873928283
0.4740348192888224	0.8290273098946972	0.6872862805512383	2.8219779234407656	0.6158158755706139
0.42955181512868656	0.8764472744846113	0.7681598249515036	2.8881142981971846	0.6574948769954397
0.37903773231260884	0.9129431024884099	0.8334651083811633	2.9008361480074814	0.6830144913463538
0.5071687668338161	0.8123330966559851	0.659885059922702	2.8399260476153056	0.6099037617700852
0.5133635490238028	0.8114693936518621	0.6584825768337208	2.864158347378926	0.5945087545764931
0.3263975159951644	0.9415996483485406	0.8866098977700954	2.884760791946473	0.7124308934759993
0.4697427203999207	0.8312760862961448	0.6910199316478356	2.829137401789925	0.6265418107057645
0.44535536634472217	0.8585541854353457	0.73711528932855	2.8366235709368	0.6308038328265726
0.3694620104324581	0.9246649113431221	0.855005198269184	2.915256225815945	0.689542454728527
0.4839238317488246	0.8325932000949462	0.693211436844343	2.8491162979022597	0.6298479422817346
0.5238177214225387	0.8013832828954508	0.6422151661042901	2.8097968172974173	0.5922443793664521
0.5431780076616994	0.7747424304557675	0.6002258335485098	2.8109369443727252	0.5812217001130027
0.4226598866741811	0.8770010832569736	0.769130900033905	2.889338790279817	0.6459745571370755
0.4353863940121995	0.87082558841783	0.7583372054432599	2.885906385898019	0.658782448560664
0.5362986803978995	0.786691517822994	0.6188835442146461	2.841994019096915	0.5723637603168423
0.49198472293338424	0.8203975406930386	0.673052124775186	2.8478930250094745	0.6170241751710887
0.5639082525604829	0.7603110699581969	0.5780729231009781	2.832611183834721	0.5615613223468299
0.397347532902542	0.8904656421481963	0.7929290598463996	2.871986532243817	0.6779776156395797
0.4690162640546397	0.8270980881252206	0.6840912473803952	2.816741872316209	0.6269519971878841
0.49112674648039245	0.8147798380125051	0.663866184431684	2.868633496857966	0.609428715690437
0.5032145188648602	0.8109789579760871	0.6576868702799801	2.874966957042231	0.6063165754971427
0.459179417258476	0.8509593405752248	0.7241317993122215	2.8368581213186923	0.6412911674617767
0.5591961108338335	0.7677574379549631	0.5894514835351691	2.8087553049568776	0.5709658007349149
0.47231445762113944	0.8358513150467435	0.6986474208653705	2.8543356361959082	0.6083705060520159
0.551299004498552	0.7789517372946277	0.6067658090343188	2.8300101586925535	0.5685647593876306
0.48694435815163084	0.8303154825846903	0.6894238006198472	2.8305055446972007	0.6202742971139432
0.3345045754046232	0.9520596122576197	0.9064175052921293	2.900897666809135	0.7282014045393758
0.45540838707136877	0.8466161534385174	0.7167589112630313	2.873327171271905	0.6456313456529877
0.46770767772861754	0.8270493160384295	0.6840105711596339	2.8374856121573138	0.6096590960466793
0.421465130773337	0.8619446379810644	0.742948558944308	2.8284075328721796	0.6490555554337166
0.5206498556603771	0.804145349446174	0.6466497430359093	2.865432904584164	0.5855879443255169
0.5096377202907325	0.8070695968182477	0.651361334108369	2.8360441920419546	0.6019463517053896
0.4597364106042915	0.8488146577259499	0.7204863231704215	2.88825364345408	0.6305315532842096
0.39617991278646236	0.9093788206576275	0.8269698394606575	2.8547124365760537	0.6773984971379177
0.5415857079468933	0.7790925876992792	0.6069852602079592	2.822385410622262	0.5821430833556819
0.5248829750748942	0.7942190985591624	0.6307839765161285	2.8461668591482945	0.5971589310546599
0.3128054795730961	0.9580970490908246	0.917949955476546	2.846337236207424	0.7184233170243864
0.5599143374930665	0.7722054696160945	0.596301287305013	2.8605271341765244	0.5754847647286896
0.30068385318160074	0.9761216057885739	0.9528133892872641	2.895154019412703	0.7300645264990347
0.5248638906028702	0.8015037360278952	0.6424082388666739	2.870941674089318	0.5877225875122591
0.4685984321646315	0.8489405640250318	0.7207000812471391	2.87868907668305	0.6523426714007254
0.4888278818633376	0.8337255900083236	0.6950983594347273	2.8343364177241694	0.6303188016807453
0.37263415544752776	0.9190904928552057	0.8447273340568249	2.9454605216103427	0.7031107986999382
0.49008503912859014	0.831988746153	0.6922052737252411	2.8880101541808214	0.6267290628382497
