r2	rmse	mse	oob	mae
0.5291904215041467	0.7931490801982533	0.6290854634193351	2.8323620478562717	0.51958410491292
0.5907170010343131	0.7479330436812309	0.55940383783027	2.8863946517852126	0.49247370526976825
0.5594210773513142	0.7649619436469717	0.5851667752281526	2.843827363153211	0.48933410204859684
0.5182596499486319	0.8052538268804135	0.6484337257055509	2.8470537544432775	0.536959929958471
0.5297328690624646	0.7932915349583024	0.6293114594364996	2.8284195225980087	0.5257959139610993
0.5368839732732537	0.7872338293995663	0.6197371021511054	2.8568184894511663	0.5117281184057733
0.5026247347789534	0.8215279733026081	0.6749082109186907	2.8397421730987062	0.5436365714682001
0.5590840561636545	0.7658437313779056	0.5865166208908337	2.8510635536110547	0.5125069178441709
0.5337256050425497	0.7886788076157853	0.6220142615822569	2.850376613887074	0.513406771468554
0.5984362864579926	0.7376293228318062	0.5440970179013089	2.8228080906282016	0.4770065041045368
0.5385652494583899	0.7734232878204981	0.598183582143069	2.8306165693178182	0.5127424467780476
0.534606952623584	0.786743005467185	0.618964556651539	2.8289925678262473	0.5191559096018983
0.5240717836962925	0.7956397234954276	0.6330425696038804	2.7792533531759798	0.5256812897270048
0.5581123122672553	0.7683920047482956	0.5904262729611047	2.8317200268912353	0.499906223874171
0.5272478228329716	0.7835255274712191	0.613912252199052	2.8478588331021166	0.5203737847506862
0.5807477643170976	0.7488776426662606	0.5608177236853754	2.840476264790477	0.48726286261415297
0.5838296945792103	0.7425132339486692	0.5513259025889111	2.7812897373682812	0.4754747242810941
0.5460669085574568	0.7795769151373335	0.6077401666150414	2.833829084055922	0.5173743217184218
0.5643623309757577	0.7589376688400434	0.5759863851843594	2.803313397315581	0.49875659122315047
0.5701541826950518	0.7563545468869006	0.5720722005964888	2.828377727095071	0.4934766412975421
0.5655872867052012	0.7511160409750479	0.5641753070100299	2.7943806604837613	0.4881348323284619
0.5009320215454823	0.8190764250377023	0.6708861900525427	2.8495902846745307	0.5430975127488215
0.540388743407358	0.7938745332168738	0.6302367744903093	2.8338153500179133	0.512144763201437
0.5420098008086902	0.7879070486351949	0.6207975172890233	2.8294306221253813	0.5247584444527742
0.5568672036398582	0.7666986939662733	0.5878268873295893	2.7947845179906463	0.5088239192693954
0.5199868630938143	0.8119695936829162	0.6592946210656	2.8284082384352325	0.5321882354441269
0.580502570244086	0.7563837509657788	0.5721163787250614	2.8188617945454104	0.4983715440886369
0.5379492731240229	0.7772482863425126	0.6041148986223726	2.8687578085877194	0.5158213096205096
0.5472737073417675	0.7738544180551326	0.5988506603434478	2.8291549061283323	0.5063384461750327
0.626672848448304	0.699590745831724	0.4894272116533878	2.8240717866981524	0.4609780963309249
0.5643231200455441	0.7671840695766893	0.5885713966122504	2.822418764497855	0.4997745883561857
0.5702202662224481	0.7623781342365463	0.5812204195619974	2.8242635108084038	0.5041201370328472
0.49821728579934343	0.8055294677396445	0.648877723396915	2.802162236912844	0.5332951163142443
0.6089821801184868	0.7194479068724855	0.5176052907032006	2.7749911350766885	0.47751015716766115
0.5457377673071915	0.7693545846312895	0.591906476893184	2.825851648980448	0.5003305412441943
0.5924597971594447	0.7390066189826162	0.5461307829001176	2.8061464629624764	0.4814628225928938
0.6226971497048532	0.7135803861468331	0.5091969674934633	2.7954587360924776	0.4684234979805753
0.5292369777734189	0.7972640680972571	0.6356299942789878	2.823213145735764	0.5314928395513104
0.572068409885975	0.7507615057153026	0.5636428384639084	2.818242578809709	0.48770086969931314
0.558775272304491	0.766913512466315	0.5881563356034206	2.8528204405825948	0.49962431323684425
0.5814744495249015	0.7474547090559676	0.5586885420899411	2.798162785796865	0.48712831386928085
0.525544997817088	0.7928526620394214	0.628615343702997	2.8541853870371994	0.5146096503945627
0.532347875963207	0.8024883454176293	0.6439875445311243	2.863674378598277	0.5341235167252132
0.6060988751202036	0.7281705297475779	0.5302323203928682	2.824948022427473	0.46750741335635637
0.6533884657114657	0.6745168335567323	0.4549729587514005	2.795615092404076	0.44243688778018175
0.5643541802727938	0.7676584422911387	0.5892994840208575	2.8137972448134643	0.5042794890805304
0.6250482765399861	0.7162875653783055	0.5130678763155803	2.786702124516257	0.4643754051108649
0.5547332890203632	0.7566038715857649	0.5724494184985687	2.8206237348610412	0.49551727883358565
0.5433689931629884	0.777148500341454	0.603959791582971	2.81438102661687	0.5011320248047966
0.581336761188568	0.7588330904181744	0.5758276591135971	2.844728479539566	0.49755759669794536
