r2	rmse	mse	oob	mae
0.5865550258422068	0.7375139235774564	0.5439267874706142	2.8553157184071813	0.5398654206044593
0.5254631983389053	0.8059774377348815	0.6495996301376848	2.829156527173964	0.592566997878851
0.5816702434323044	0.7504968149503367	0.5632454692505999	2.812571540554807	0.5434012595983105
0.5977542023690963	0.7325517718335468	0.5366320984164689	2.847918142426235	0.5244521563167819
0.5369006025126499	0.7811638943492729	0.610217029834922	2.8289697877056508	0.5740056613221867
0.5606626743714411	0.7675124109036592	0.5890753008911475	2.841631680431687	0.5628236333509704
0.5197354158399801	0.7907639010527464	0.6253075472081577	2.8480077495581027	0.5812076510825029
0.5732391844141688	0.7551302881447104	0.5702217520735133	2.834335271879491	0.544506423089167
0.52801882128118	0.7882411987958828	0.6213241874791705	2.8157265901208275	0.5778629745207425
0.4824009362959527	0.8164879688864249	0.6666526033362796	2.8609150473156717	0.5996517714106286
0.5824875726474634	0.7357248054096428	0.5412909892950567	2.8004800019406906	0.5199053138651593
0.5959431864815892	0.7278215894499005	0.5297242660693795	2.817121333972425	0.5267092021007879
0.5819249033630662	0.7459986152061666	0.5565139338895182	2.8017427634426793	0.544999462112287
0.6191960365321152	0.7145722315651181	0.5106134741239526	2.7845856077458153	0.5143312109855392
0.5814922352376797	0.740654276531495	0.5485687573443921	2.832428764535272	0.5407999540403001
0.5492191082639679	0.778997518131999	0.6068371332558141	2.8469769776938696	0.5705175221992465
0.6123438519030906	0.7206767593515749	0.5193749914694878	2.8392635341079266	0.5267480571800403
0.6064175839747876	0.7258182071479211	0.5268120698274226	2.788065667400688	0.5092344133099429
0.5352995326726799	0.7908952212741731	0.6255152510343233	2.845811239362914	0.5833426868164314
0.5754760971291251	0.7467314433338813	0.5576078484635016	2.8501270428760024	0.5374093417576022
0.5645328929695307	0.767191166995344	0.5885822867156777	2.8310124505379393	0.5526288956311868
0.5373505424051842	0.7813369575207411	0.6104874411877683	2.8124475880681685	0.5667705751511221
0.5478753374958039	0.7871621728967155	0.6196242864394786	2.8742161242761513	0.5724821956728078
0.6093564863983374	0.7233848039709574	0.5232855746161005	2.8023360181175088	0.521917979845333
0.5492692709720017	0.7680668299205811	0.5899266552242508	2.842289208334518	0.5551750839463404
0.5618576493728954	0.7749012224622419	0.600471904573477	2.8262358773334513	0.5528076596672918
0.5821172458067388	0.7602507998247883	0.5779812786342302	2.8375400827199453	0.5498492999127115
0.5939893062352384	0.7367965878212696	0.5428692118250658	2.8036553944092293	0.531253698233011
0.5619556300075869	0.7619526618826649	0.5805718589500787	2.8518749622916006	0.5589467927578257
0.5966218062323856	0.7389761479878861	0.5460857472950141	2.8594784341456663	0.5301925593956117
0.6106955115648429	0.7221150144064462	0.521450094031222	2.783020438739678	0.5168151681953869
0.5912289720551444	0.7316538099846421	0.5353172976650428	2.7788173416667457	0.5315077616235764
0.5780907040788192	0.7419830554298013	0.5505388545449436	2.84526599754464	0.543386529757198
0.5965184419769787	0.730486904737153	0.5336111179924665	2.7805279752797776	0.5293424959694052
0.5714892241376975	0.759699920466692	0.5771439691570982	2.8001701394809766	0.5507242364680639
0.6059435254885978	0.7269579923963455	0.5284679227089251	2.8354812140571264	0.5282002950102984
0.5562114830381419	0.778298511446459	0.6057485729197738	2.863148367958249	0.5646639206439796
0.5868853743602934	0.739660321968614	0.5470973918947136	2.785827908270571	0.5453746194737437
0.5488465764401326	0.7811010568641737	0.6101188610343291	2.840469913692205	0.5665679997344418
0.5697731768723073	0.7602808326179271	0.5780269444462085	2.8572255078164064	0.5465774831965301
0.5438779261089897	0.785362693944229	0.6167945610393367	2.8329978923914627	0.5721470367057582
0.5423627890157423	0.776834369402705	0.6034716374852984	2.7883166698155977	0.5557159007861133
0.5560841181646825	0.7699048938517835	0.592753545576926	2.8388175354015925	0.5591767416426565
0.5605787919722651	0.7607578228760603	0.5787524650671232	2.8012703502331604	0.5514086417879477
0.5179398569261178	0.7930979355485895	0.6290043353714346	2.8351143243762893	0.5789499463965161
0.5143407092252325	0.8053609997571368	0.6486063399298149	2.8480601044571787	0.5824020075715998
0.5557259095427372	0.7651172519273879	0.5854044091969179	2.803769521046135	0.5610672271053696
0.6173872654400168	0.7085671037939502	0.5020673405789465	2.7684758438426735	0.496747266949839
0.5461963763156941	0.7741621489922359	0.5993270329322768	2.795180461640106	0.5577278540517062
0.515670590319926	0.8002683563227675	0.640429442131544	2.8435932009812896	0.5827725356288068
