r2	rmse	mse	oob	mae
0.7675129983531934	0.5495800388899845	0.30203821914631696	0.22257730199870118	0.38608633567666273
0.7818790272140705	0.5373429487413359	0.288737444562034	0.22853496539747153	0.38093811033920155
0.7803013672591337	0.5427447667044402	0.2945718817850572	0.2283621052631909	0.38377682362957216
0.7667917304915937	0.5536200555303359	0.3064951658854122	0.2234545256645143	0.38258677481695397
0.7702416440918454	0.5542244060947925	0.30716469231112553	0.22328771565102012	0.3910720906048653
0.7870152906893553	0.5272778881660668	0.27802197134886725	0.22676419898224687	0.37728692153306315
0.7698202497207625	0.5542244749099723	0.30716476858923447	0.2218658605880257	0.3874856872421802
0.7803683390592209	0.5413048526981595	0.2930109435545762	0.22734225597626256	0.3889789273891882
0.775071417116725	0.5443391235450088	0.29630508142174833	0.2235404535648453	0.3857073259310724
0.7754887361810614	0.547455954376047	0.2997080219817885	0.22386442571734477	0.3850609969588138
0.7797950141295616	0.546593989902976	0.2987649897980546	0.22619805509609137	0.38394369631239306
0.7745070400149853	0.5498761732529979	0.3023638059113609	0.2245316219289447	0.3881464208548505
0.7732139921116228	0.5575794159204454	0.31089480505818495	0.2241799532276486	0.3871114666774817
0.7761651034478195	0.5457023929343215	0.29779110165424466	0.229462084540908	0.3899258560445732
0.7782116322036726	0.5432057691450926	0.2950725076325115	0.2258564777071752	0.386295270109033
0.7827344808652379	0.5341067060803126	0.28526997347996147	0.22711082097392787	0.3801951869109898
0.7740641295462484	0.5547341858080991	0.30773001690417456	0.2248232352596935	0.38819911858434897
0.774189771788194	0.5520626639637657	0.3047731849427696	0.22837742479051637	0.3911745953473278
0.7729143578846012	0.5561144007319035	0.3092632267014042	0.22472920426005938	0.3898018566530325
0.7701807073574521	0.5522260177793413	0.30495357471242945	0.22531050180163215	0.38901768280430404
0.7778548791705756	0.5405548798451009	0.2921995781243515	0.22860948734603426	0.38389217485343413
0.7681216507906354	0.5536516129641594	0.3065301085378154	0.22352401534698163	0.3892016254110416
0.7811602860027762	0.5361888267978919	0.2874984579828997	0.22480505997776723	0.3818233350360237
0.7706300090239542	0.5527616733957343	0.3055454675752525	0.22296985611538067	0.38887839066149565
0.7782176396826777	0.5425007562277859	0.2943070705077196	0.22224641008140844	0.38318039346204175
