r2	rmse	mse	oob	mae
0.8103214361103492	0.5012389788378794	0.2512405139064401	0.18100898538293453	0.3298992823948725
0.8188240665455743	0.4851647459578217	0.23538483072031768	0.18774272718745166	0.32628898845403403
0.8184994414176305	0.4925354559290545	0.24259117534724162	0.18732313688486824	0.32831597681265895
0.8097445187755246	0.5098383581156378	0.25993515140604934	0.18412525053307083	0.3394521926615479
0.81769384476097	0.49939372486677763	0.24939409243631477	0.18791097669971435	0.33517672594952963
0.8221084763024606	0.4868162366719788	0.2369900482874681	0.18751143613051946	0.3295170092267262
0.8243225323922913	0.4881751913855549	0.23831501748432313	0.18831866111003048	0.3287422470613971
0.811301832767398	0.5099321443256969	0.2600307918166034	0.18995571697128044	0.3424044602799352
0.8114819277168611	0.4879248144088129	0.23807062451587455	0.17956069406165387	0.3284285518725495
0.8277638559278107	0.4770076391142623	0.22753628777336232	0.19037791117461333	0.3257377330146984
0.8195673568171593	0.48141762750306527	0.2317629320706801	0.18859313807331057	0.3257077017443989
0.8216107182755158	0.48735088111375574	0.23751088132235407	0.18566787979282762	0.32759802607313754
0.8112791615946571	0.4919811092192775	0.24204541182863065	0.1815158269619106	0.3291228411687328
0.8125822759390338	0.49745787472966757	0.24746433713055765	0.18651965862388686	0.3321068068605075
0.8231899778018228	0.4798213902177204	0.23022856651046592	0.18671082217539148	0.3268579748715519
0.8172502975299265	0.49389409864448447	0.24393138067584774	0.18287255183850903	0.3302186147078172
0.8156610473772744	0.48982217333060374	0.239925761486316	0.18764917439520112	0.3334762929933531
0.8047628566696068	0.5050167298881995	0.25504189746697065	0.180402681995931	0.33712487040329264
0.8201880862503128	0.4863814190364557	0.2365668847839163	0.18399515720574655	0.32864970795819143
0.812264902087477	0.5014278549193748	0.2514298936890456	0.18359730543357755	0.3358539557618338
0.8099066156826462	0.5088161916884731	0.25889391692436103	0.18276731285409342	0.33832502940044923
0.813413952949716	0.4941613981617572	0.2441954874331827	0.18267943455073654	0.32860324028676813
0.8115531959668104	0.5048226740726962	0.25484593225790764	0.18277995540339198	0.33504397263474417
0.8233492165317363	0.4831548215789811	0.23343858161501707	0.18858576858865816	0.32663700791365435
0.8129698509553855	0.4968867767111746	0.24689646887042066	0.18658832712672746	0.3328836597408076
0.8149680862634696	0.48803616063449945	0.23817929408686295	0.1865632956733867	0.3274382824957498
0.820482337104776	0.4881377231630217	0.23827843677477878	0.186192452096957	0.3251352829620479
0.816303600834709	0.49200704378733257	0.24207093113635017	0.1855223203760361	0.32912783866057416
0.8183916387572645	0.485975198619639	0.23617189367339755	0.18149152325919293	0.3239260000672699
0.8164992412419867	0.5026140210980011	0.2526208542043019	0.18558370111570643	0.33941335166822745
0.8233912860584639	0.4859778034664035	0.2361744254620303	0.189907536949934	0.32951652502319395
0.8103783692260278	0.49942397399845184	0.2494243058044063	0.18307722620358757	0.33468237180808663
0.8254595815898609	0.4844286781681978	0.23467114423178737	0.19087613376492785	0.3265900297894625
0.8159319220428347	0.49321728006260396	0.24326328535235311	0.18340100072626964	0.3284485208671205
0.8074919045375226	0.5084377437192407	0.2585089392383122	0.1837529082209548	0.33899521516279585
0.8180620826196645	0.488206238738785	0.23834533154347154	0.18189515478397844	0.3248031286931609
0.8179188505496631	0.4950180651079495	0.24504288478321812	0.18585522000494004	0.33115301749674886
0.8222395209781994	0.4917852061069137	0.24185268894561956	0.18837143353557995	0.32820390919694953
0.80256840626894	0.5175379250628761	0.2678455038783872	0.1778665963715561	0.33960418723887414
0.8107696658245941	0.49825652377347324	0.2482595634828257	0.18090766761426313	0.3308790899007936
0.8148469401217602	0.49208522801321614	0.24214787162881893	0.18555736627009012	0.3296645839292205
0.8230185551117573	0.48894868104558914	0.23907081269622127	0.19157421775997563	0.33030448926857964
0.8188686917925798	0.49353301013325257	0.24357483209118916	0.18616948234179942	0.33039208250110785
0.8305428506420877	0.4708234796354889	0.22167474897606962	0.18717843017913172	0.3188697844964144
0.8220742187672049	0.49291296741167756	0.24296319344258552	0.1886174157310868	0.33273285865278807
0.8213859135567418	0.48458360443852466	0.23482126969063252	0.18404088962797238	0.32744815056627813
0.8283919806696921	0.4740725807461064	0.2247448118152736	0.18806679892297729	0.31828232569297216
0.8246830621147756	0.4801918731984744	0.2305842350858597	0.1881693518162808	0.323576231151001
0.8068337918626078	0.5088664463930624	0.25894506026470354	0.18248460700146474	0.33554519665726573
0.8202263826573846	0.485409344595843	0.23562223182096587	0.18179805178757635	0.3267371515871585
