r2	rmse	mse	oob	mae
0.7620444493768617	0.5576345669959402	0.31095631030874965	0.26059803711642515	0.3996813818852486
0.7465322546710278	0.5750691585774407	0.3307045371469656	0.25496296691109865	0.4062420972933642
0.7428506109530246	0.5811353662422546	0.3377183138975194	0.26156656346708806	0.4181809839906363
0.7610757289341201	0.5638509016965645	0.31792783934402885	0.2635533142116576	0.4016605007347275
0.7534563008737722	0.5668425198958794	0.3213104423619105	0.2571786078152589	0.4016671181366573
0.7604546487027279	0.5598457370379513	0.3134272492795669	0.26135241215113814	0.4002984417292093
0.7554926308590496	0.5681875937335169	0.32283714167268407	0.26673122777141356	0.4101080923154206
0.761047779483276	0.5654383766423121	0.3197205577798932	0.2592315268890022	0.39997204170855033
0.7651688564669699	0.5605800497061164	0.3142499921285119	0.2608741749824772	0.3999247937882119
0.7500997735975602	0.5752457863915081	0.33090771476118463	0.2664414467315781	0.40935232865572285
0.7602300782086193	0.5621779521936189	0.3160440499326108	0.2592591963189981	0.4073626470424314
0.7382457653110749	0.5870758632756343	0.34465806924083126	0.26560233809674405	0.4182189589473109
0.7476870467818073	0.5807817524648526	0.33730744399614543	0.2703283429584171	0.42031952217690216
0.7643090521348532	0.5638524773735666	0.31792961624030847	0.2577439374377215	0.4010595836917839
0.7567486970976368	0.5710685966184272	0.32611934204374	0.2742811265065217	0.409948647093769
0.7574551750160083	0.5659611753038181	0.3203120519512791	0.2580718049859405	0.4025331214335319
0.7530369535582842	0.5770099676680773	0.3329405027883156	0.25927097013303746	0.4107732746633275
0.749899069274118	0.5745078078628735	0.3300592212954044	0.26373330683604235	0.4127669134953423
0.7667646936907688	0.5626357049702386	0.3165589365073574	0.25936757413311806	0.3982923320087243
0.742361279233782	0.5881293590078761	0.3458961429270152	0.2711097233177897	0.418642519304386
0.7672092685545425	0.5595649344476471	0.31311291586339957	0.25520110663811957	0.3977769593191493
0.7460867097417541	0.580252879999287	0.33669340474746695	0.26520293558252495	0.4140262190853325
0.753848453823218	0.5733513139728927	0.32873172923444266	0.2610905434217141	0.4107208233119157
0.755358901367972	0.5774187184124995	0.3334123763731333	0.26287892680943825	0.4091208189456307
0.7628181549152091	0.5643589610424122	0.31850103690887094	0.26739337995876444	0.4038902896032973
