r2	rmse	mse	oob	mae
0.808522262743312	0.5125980768408065	0.26275678838089334	0.22008415266502657	0.3470219725702693
0.7982653801321521	0.5195438339398283	0.2699257953848959	0.2181565822439253	0.35363080896211296
0.7954836179760709	0.5218396896656237	0.2723166617103144	0.2234310884799805	0.3571475122348479
0.7864847068876721	0.5353378519972471	0.28658661578102645	0.230009685868517	0.36533629003730606
0.7984893306538634	0.5240629957516171	0.2746420235161594	0.21838516254264895	0.35264229762417226
0.800134852339207	0.5248173501323596	0.2754332509999518	0.22766114938182203	0.3562561909074634
0.7934499540432927	0.5178355885928858	0.26815369681334045	0.21854616162414986	0.35077521161461955
0.8064899067536417	0.5129347621010574	0.26310207017166837	0.231391414780306	0.35137659539670657
0.7969058587286321	0.525312396821038	0.2759531142538637	0.21963628982423455	0.35666690245288235
0.7952148272089838	0.5281993249661657	0.27899452689471316	0.2300367041327156	0.35808696831986025
0.7796216725783571	0.5509139629967185	0.3035061946247497	0.22997550297688485	0.3697996275944443
0.7996353226978747	0.5159994980163766	0.2662554819531526	0.22043150153501	0.3516954050292479
0.7934129834964513	0.5302063372742575	0.2811187600857837	0.22957187506759613	0.36244026028952403
0.7977418791769024	0.5200634950876639	0.2704660389227966	0.2264701132686402	0.35880850518736385
0.7866209891197493	0.5419679370636373	0.2937292448050148	0.2308144322763821	0.3692606910277114
0.803538578869647	0.5120152457423179	0.26215961187256626	0.2268068797295245	0.3523663570218855
0.7929963342469818	0.5217492545141726	0.27222228458609493	0.2273288499819146	0.35756329327502884
0.7935414545323523	0.528368495397125	0.2791732669282217	0.2361931529853194	0.3652751888740094
0.800039452713064	0.5180239371387358	0.268348799448717	0.22542337714694538	0.35472336955494055
0.7943409052758168	0.5237113501442225	0.2742735782698844	0.22831552070371386	0.35535161795672615
0.7935024457396114	0.5245055759584775	0.2751060992115342	0.23463488526572518	0.3592532844613527
0.7951159702900401	0.5212292748443743	0.2716799569547923	0.21896586610732016	0.35217289352512277
0.8000980386195715	0.508885670366525	0.25896462550438754	0.22825091917923446	0.3484596061286844
0.7912107628907521	0.5296018936553942	0.28047816576337953	0.23112977172575333	0.3606757410196634
0.7972262785042188	0.5210993862606913	0.27154457036126917	0.23038462211152178	0.3557735815615795
