r2	rmse	mse	oob	mae
0.7803013091855064	0.5354653198426914	0.28672310875423584	0.23583940599088105	0.38053421429247414
0.769118693736897	0.5565219059979334	0.3097166318555726	0.24032752710160687	0.39464559905945135
0.7741147622461646	0.543671387166403	0.2955785772234408	0.240403891975013	0.3823449128300881
0.7685394778690391	0.5509627396256167	0.30355994045576506	0.23681943996846966	0.38734884229739647
0.7659307572819084	0.5579408518204447	0.3112979941301235	0.23857076303634805	0.39227555614746445
0.7798806219220031	0.5341298590549416	0.2852947063340518	0.2337636117188442	0.3759337981879216
0.7684991743409667	0.5517669196758634	0.3044467336485907	0.23645269446491224	0.389213850590344
0.7650424072335679	0.5583462587172604	0.31175054462356183	0.2385952891910511	0.3914709393927579
0.7754026158201807	0.5480527035988587	0.30036176592201846	0.23664759363199217	0.38346538520700274
0.7764871132148499	0.5458359140311945	0.29793684504626955	0.23946848843881374	0.38443699533063586
0.7695238803766371	0.550187273758877	0.3027060362062255	0.2294547089585277	0.38594677216476725
0.7653384230198919	0.561703098712425	0.31551037110314023	0.24219172241933629	0.39657470104725984
0.7692770132458571	0.5577616464061197	0.3110980542016653	0.24045763175364	0.3964436813691432
0.7812115576466215	0.5374298707829299	0.28883086600975677	0.23753670041826014	0.38398982951519317
0.7617953206262512	0.553396881232734	0.30624810815811665	0.235036324667369	0.38873960101693117
0.7640413009930695	0.5642839795558886	0.3184164095834305	0.23912365357726062	0.3974105494960583
0.7618254681153015	0.5632584748624478	0.31726010950437084	0.2414419496312954	0.39839883917336616
0.7832785712677663	0.5388461002237263	0.29035511972631806	0.23625185973858054	0.37853097355342386
0.7677766142930851	0.553444237626171	0.3063005241616137	0.23565453295750427	0.388556763363581
0.7730038817732814	0.5562057369330103	0.3093648217971931	0.24104252377881097	0.3887082409459758
0.7668936326748912	0.5509720566016442	0.3035702071558454	0.24555755702566595	0.394152341060985
0.7695976298945152	0.5502208406299258	0.30274297346350226	0.239984353316259	0.38906384433258906
0.7642162092350026	0.5572611912023706	0.31054003522028506	0.23776372609143448	0.39342257416675946
0.7823710735105487	0.5371622164459324	0.2885432467771068	0.2457061466700342	0.3818815681784447
0.77337207676674	0.5517638374430021	0.30444333230982756	0.23903745619931116	0.38748826315618634
