r2	rmse	mse	oob	mae
0.21118568304544383	1.018960543313989	1.0382805888307396	0.7861094946218702	0.7945301584731664
0.1963157935625589	1.0266700745058825	1.0540514418859146	0.810882371660287	0.8008519507957699
0.20887510493696793	1.024606138615872	1.0498177392893278	0.7901790399403787	0.8026795768445631
0.22506719084758764	1.0064549613078089	1.0129515891411032	0.7816921976820282	0.7851790492034607
0.20792328505009006	1.0297173031062603	1.06031772431643	0.7980780108946051	0.799303933789155
0.23530997979907453	1.0055743010432232	1.0111796749185669	0.7736594872317404	0.7854506786667069
0.1951444566863021	1.0335508011481085	1.0682272585538968	0.8107167545322618	0.8038694912134976
0.23930943990421194	1.0211281743047633	1.0427027483589792	0.7599455490260102	0.7920741167610521
0.216380086077537	1.0220227559585078	1.0445305136970235	0.7957407291545477	0.7977831778245859
0.23150487655018315	1.0087615506995857	1.0175998661698327	0.7712471393349393	0.7826461868190896
0.1937777634942789	1.0351583249884098	1.0715527577928103	0.8062215416027811	0.8109556450277902
0.2702538968357424	0.9857350838632339	0.9716736555588568	0.7366703778048096	0.7663895564269076
0.21024234211729853	1.0242122279850836	1.049010687954169	0.7920171856774463	0.7939043717542057
0.23719719861472188	1.0134067796518955	1.0269933010444254	0.7641146402196146	0.7832963539365172
0.21627210377557993	1.0198811894603963	1.040157640615153	0.7941147958015927	0.7969786344148283
0.2342989569747187	1.0014200216355913	1.0028420597326282	0.775276832173685	0.779360175939093
0.244345991981766	1.0075616502335762	1.0151804790214074	0.762242642278431	0.7834454655047038
0.18381023202203217	1.0509815819316235	1.1045622855594979	0.8208901302057109	0.8202384044689383
0.18116026414117814	1.0245774812654591	1.0497590151162723	0.8194318828863718	0.8056293600745192
0.22141577881731878	1.0134461866136906	1.0270731731618314	0.791264522140773	0.7920516636678423
0.234729978442064	1.007335618729483	1.0147250487611104	0.7615941673241976	0.7810684575114349
0.2378419716256115	1.0171248219564906	1.0345429034400226	0.7744400133161286	0.7898837018908227
0.21056849165908342	1.0321481464295041	1.065329796177861	0.7925532607264238	0.8032886723347947
0.21206767853741537	1.0299826639630292	1.0608642880643782	0.7885844370314947	0.8035488224690385
0.2016935034392111	1.01791531530386	1.0361515891301567	0.7986762672109358	0.790631244552135
