r2	rmse	mse	oob	mae
0.3736375654834756	0.9142153820941032	0.8357897648574673	0.6214902378503998	0.7014912345743087
0.36920728866262664	0.9180872449498991	0.8428841893396961	0.6325271067489858	0.7044879658314575
0.37722524531175006	0.9168643328840883	0.8406402049149844	0.6371972915421543	0.7088709036272423
0.37349942533464064	0.9021528296196316	0.8138797279907081	0.6414914900780219	0.6975781833432223
0.36589061172933157	0.9202023354834767	0.8467723382292451	0.6315900850488395	0.7110787562660331
0.40874237689522386	0.8814226641228275	0.7769059128293829	0.6007221255708293	0.6784636877799642
0.35893801271720227	0.9277769802477631	0.8607701250776583	0.6505181115141818	0.7047480003884203
0.38354000162873403	0.9075859269872726	0.823712214865347	0.6226780857040314	0.6979634535675291
0.3245768126651487	0.9360492832552019	0.876188260682577	0.6790043718856313	0.7267052917249907
0.3681871201187158	0.9151395351930941	0.8374803688734322	0.6459568120385837	0.7060440699247057
0.3753655380473394	0.9053637715888161	0.8196835589055259	0.6279665664923934	0.6957212771530739
0.3658103975886621	0.9277249391209346	0.8606735626669418	0.6369003425995976	0.7145320039174463
0.34669119527328274	0.9268960954061801	0.8591363716792225	0.6582897623525903	0.7187270999698682
0.42347683840342776	0.8735418521685508	0.7630753674900623	0.5873847210238659	0.6741697852250877
0.3855882336527465	0.9062368010430197	0.8212651395646857	0.6197188466692407	0.6990851406469177
0.33368420125925913	0.9404837102036699	0.8845096091584607	0.6753880714110687	0.7284526879661065
0.3585009493061867	0.91778241087384	0.8423245537093981	0.6504923568442459	0.70609040787702
0.3527840148680902	0.9313492888300262	0.8674114978041957	0.6427759483518446	0.7173766015662489
0.32836056275636827	0.9384302685254531	0.880651368884754	0.6716324388550248	0.7232599144994788
0.3828069368512036	0.904968234590737	0.8189675056182754	0.6152016748635488	0.6996620207401403
0.3678849351242014	0.9282055029122747	0.8615654556366288	0.6274006829337913	0.7054048024184896
0.3961505783354098	0.8895855614143331	0.7913624710768542	0.606904449041498	0.6780073643238996
0.3900197773135914	0.900662410789628	0.8111927782093847	0.6251904061409013	0.6958428746531402
0.36713276376870174	0.9155883980209463	0.8383021145905628	0.6416713134635035	0.6994709033409763
0.3867947155256952	0.9165021502684422	0.8399761914466781	0.6248608714288763	0.7072786546748745
