r2	rmse	mse	oob	mae
0.7547413808410747	0.5709895840865127	0.32602910513528877	0.24894636139426818	0.4109287869240616
0.753484898990898	0.5769950266510253	0.33292326078001744	0.25102755898479656	0.4100140165549971
0.7374750623098765	0.5843188827492496	0.3414285567373313	0.24653054056881718	0.4107955743878129
0.7583351672872569	0.5625376669402593	0.31644862672659013	0.2504479615250328	0.40284187228812496
0.7469230815079786	0.5816178452585373	0.3382793179231839	0.25334213812267903	0.4159503562879749
0.7544899321845069	0.5755212571422376	0.3312247174225815	0.24961699909512125	0.40876873980051387
0.7469847266990126	0.5832276038599203	0.34015443790418415	0.24726868689046133	0.41348527835459703
0.7630807721476024	0.5688941150289967	0.3236405141146253	0.25596256410713725	0.40712962235315014
0.7586605683211877	0.5706072021153927	0.3255925791059567	0.24469950382594385	0.40465292118695534
0.7467958885786173	0.5809427876565134	0.3374945225301208	0.24959599940075328	0.41289226022087344
0.752886517499312	0.5653290483135296	0.31959693286708113	0.24879478491791585	0.4033597614432678
0.7627600805299382	0.5573971408578102	0.3106915726364615	0.2515756079683411	0.40279166739633027
0.7548435653671514	0.5765702694511229	0.33243327561494046	0.2617871827046623	0.41484800866376365
0.766590261725778	0.5533486790783407	0.30619476063774453	0.25738117817694484	0.3975678082610136
0.749067192091684	0.5798022511209545	0.3361706504049264	0.2528973062823663	0.41132217818653877
0.7678373789464551	0.5585360963055861	0.311962570876283	0.24619756474261023	0.3972523629894936
0.7580419971486035	0.565446552711185	0.319729803972963	0.24779689205804323	0.4042714043359172
0.7625157711229948	0.567749590667981	0.32233959770366005	0.24982353960762804	0.4077328834330655
0.757524956030605	0.571439457626735	0.32654305373273707	0.2575976616590401	0.4076280638895466
0.750251680549698	0.5780404205556395	0.33413072779614067	0.25137986786771815	0.41190473325621824
0.7610266525083171	0.5685078078889385	0.32320112763068626	0.2528802816271517	0.4002597440426544
0.7501080768777759	0.5808549845479981	0.33739251307425516	0.2544900326988593	0.41458620640795857
0.7540627357429134	0.5694032150535497	0.32422002131331906	0.24582940195491187	0.4061649337157365
0.7482827123521105	0.5793060333006732	0.33559548021856067	0.25023657018641887	0.41183794345760066
0.7620276743787244	0.5683603428517908	0.32303347932660526	0.24926368186839987	0.4054057797982206
