r2	rmse	mse	oob	mae
0.6834008416709871	0.6476830994293237	0.41949339728637514	0.3301413432656918	0.4832445709821632
0.6725524640860441	0.6554657713268018	0.42963537738103924	0.336597275021961	0.48597677921576615
0.6694904462769122	0.6667995835222658	0.4446216845854671	0.33335469065990697	0.496523612304585
0.6643904640322952	0.6641697170696652	0.4411214130723991	0.3385663522874558	0.4922515703169972
0.6768538086810965	0.6557600304383803	0.4300212175205454	0.3343298959092518	0.48814714324989605
0.6842342183146853	0.6393268852202983	0.4087388661654886	0.3363710449911217	0.47516055961256454
0.6652527104591909	0.6721087506819506	0.45173017274325244	0.3330903034346271	0.4979385386567586
0.665559654298576	0.6650488572484134	0.4422899825274206	0.3353330171963764	0.49424207107916823
0.672916383683696	0.6706042105310595	0.44971000718198556	0.3435688862461914	0.49860124761804064
0.6717486691220267	0.6655143188459689	0.44290930858901395	0.3361709322112799	0.4912930759677405
0.6654132010638254	0.6702281540101296	0.44920577842782605	0.3346949913106969	0.4961965841758738
0.6714498404298905	0.6551997780393016	0.42928674914275006	0.3327659907916334	0.4830010895434753
0.6584423061937839	0.670510194191757	0.44958392051506757	0.33371472476416286	0.496229319069257
0.6794291110981596	0.6560772326951406	0.43043733526091366	0.32711677752428003	0.48558123405385234
0.6703650062362619	0.6668553830355413	0.4446961018834785	0.3442558069428785	0.4957334311378804
0.6708208131557696	0.6557547767715753	0.43001432725873867	0.33497638439450605	0.48633290447938743
0.6857497806845445	0.6392673434029424	0.4086627363414555	0.3283969310160695	0.47810853026443767
0.6695027931163043	0.6653934427882365	0.44274843370558215	0.3273007178534384	0.49055059568402926
0.6618059072609515	0.6642267029181013	0.44119711286945157	0.32760179334461803	0.49218160843989406
0.6744568681518597	0.6558597925210965	0.4301520674458158	0.3332688244612071	0.48809696137920255
0.6816785082569974	0.6534483296675231	0.4269947195452759	0.3319988054320937	0.48490560072880257
0.6681117254528656	0.6724907126538444	0.4522437586056755	0.3354271553123388	0.49547626096397057
0.6511333601170792	0.6811236745375442	0.46392946001552643	0.3397047772399425	0.5014958353111919
0.6714778480325817	0.6660025673854718	0.4435594197640399	0.3344678032130983	0.4957651825952832
0.6675762594221977	0.6670535864658613	0.44496048721696835	0.3387428547509349	0.49554990836796375
