r2	rmse	mse	oob	mae
0.71150442840367	0.6307293503989048	0.3978195134546244	0.29607488437805496	0.46261512084778034
0.7050882494874104	0.6307167570236896	0.3978036275904798	0.3008271499003956	0.45828121204725564
0.7188553566165348	0.6119459896805322	0.37447789428608597	0.29064946329122554	0.4478748663914126
0.7089297010941702	0.6222006576745668	0.38713365841066344	0.2992181076052024	0.4558922158899531
0.7186230221919612	0.6116418259778332	0.374105723285498	0.31003642900422623	0.45458029068204353
0.7227384825847118	0.6004224213826481	0.3605070840990023	0.29690625802024484	0.4416078411992905
0.7085811423766422	0.6233947489719521	0.3886210130458032	0.2892878956447703	0.4510770296073715
0.7151952925608378	0.6191993192704159	0.3834077969849464	0.29670980566301886	0.4556316045726955
0.7039281830272208	0.6327764547136334	0.400406041639955	0.2978405433230331	0.4658438339702433
0.7174488179580457	0.6171358198317045	0.38085662011935006	0.3009826404584667	0.45673930298155935
0.7007738133028514	0.6366050981773056	0.4052660510253369	0.30064969218166404	0.465460366410847
0.7157281269440161	0.6192975192803399	0.383529417386783	0.2944032925200535	0.4532838203143649
0.7090171088828002	0.6236398465237242	0.3889266581721343	0.29885473506066673	0.4553271333886906
0.7055189522177194	0.6244923390958455	0.38999068158940037	0.29469892415668264	0.45689294724170504
0.727086906862618	0.5991200384841918	0.35894482051329946	0.29667453769926566	0.4458993689924183
0.7124457085087852	0.6226061622030805	0.3876384332132486	0.2974285927389171	0.4508992782612735
0.7058175785467383	0.6191615071512613	0.38336097193782137	0.29569851503813493	0.45833477057198346
0.7157301033887964	0.6133231407539007	0.37616527498422914	0.29415427086219803	0.44887648613283615
0.7119376514039255	0.6207539283486161	0.38533543956023875	0.2944612015967547	0.4581689741665804
0.7073872855084451	0.62961455466562	0.396414487446787	0.2965035753010825	0.4612198878760969
0.7069474022453521	0.626234547674354	0.39216970870090284	0.3000307769535514	0.4600498776338655
0.6973856408039987	0.6426390325064968	0.4129849261008863	0.3005067235170502	0.47385884492947233
0.7040154718790113	0.6247695397779506	0.3903369778343522	0.2944680276106443	0.45635922759494335
0.7075685600625472	0.6291650284679434	0.395848633047068	0.29808074069530455	0.4575964547102224
0.7074531043842756	0.6266921643422753	0.3927430688480053	0.29483319730185154	0.46034521344024737
0.7124153924823873	0.617610045763838	0.3814421686284102	0.29450123919829474	0.4518633100403585
0.7223312511508053	0.614857956670252	0.3780503068807175	0.29025784871124927	0.45152826230402116
0.7054398220685859	0.6309647173259968	0.39811647451027504	0.29282207072093125	0.4612189133956278
0.7137128386358697	0.6068259908335973	0.3682377831511771	0.29169682013607123	0.4466252935174121
0.711444501559165	0.6255402569046741	0.3913006130083656	0.29092030945292335	0.4569452008667724
0.7198706912287294	0.6062417354596266	0.36752904181309987	0.29498925599841197	0.4434490967742262
0.7065143107594571	0.6273300738617372	0.39354302157137266	0.3008874985493727	0.46011411496042337
0.7085899863994466	0.6118522468019936	0.3743631719166477	0.2993471777602985	0.45072352407028116
0.722182436587945	0.6140473853498156	0.37705419145494495	0.30319437367306445	0.4509483679947592
0.7104633249682548	0.6207293710078178	0.3853049520317611	0.2969479262005824	0.46136063420698586
0.7185097699249832	0.6085606825726773	0.3703461043733228	0.291918408736075	0.4443754440248842
0.7136347370354734	0.613835994393315	0.37679462801282987	0.29298949788877526	0.45236570560386596
0.7113404168964723	0.6292767178097743	0.3959891875774424	0.3002410311420224	0.46224100538777096
0.7073705906601191	0.6234542474567416	0.388695198671852	0.30292903819931416	0.45782517858583155
0.71608452334524	0.6163337255847711	0.3798672612932039	0.2928861471036136	0.44574992961202653
0.7071821603768724	0.6268276738350713	0.3929129326854865	0.29354426695890434	0.45914275859131704
0.7087992724868089	0.613788831498827	0.3767367296726955	0.3010568157610838	0.45122872829412813
0.7314289839628982	0.5961993343759424	0.35545364631031673	0.29209705994185664	0.438673000278212
0.7208984088881456	0.6020036510670027	0.3624083958980016	0.29153444521663174	0.4393606683876956
0.7124168609021038	0.6267554336734457	0.3928223736391889	0.2966192725916639	0.456424481595666
0.69939657373171	0.6334159816452568	0.40121580580362437	0.3008530110634584	0.461870360020567
0.7190138525635338	0.6056043960965936	0.36675668457151983	0.3016266986846732	0.44745786611619887
0.7133739878006913	0.6123731063802956	0.37500082141785285	0.287837286579543	0.4516738523060876
0.7101162498830416	0.6210022391335684	0.3856437810089058	0.3042300012452672	0.459820608612862
0.7092714310132378	0.6158304416798703	0.37924713289962414	0.2864562089574615	0.44768081477095284
