r2	rmse	mse	oob	mae
0.8157290417073562	0.4984385502455617	0.24844098837089734	0.19739505114037237	0.33402789699985913
0.8179877740263456	0.48938810971420665	0.23950072192964436	0.1920746910819432	0.32694055015106865
0.811886730976855	0.49895338255530225	0.2489544779633778	0.19173795737924437	0.3331355197091048
0.8126314818744502	0.5015037270124424	0.25150598820737036	0.19850569312488087	0.33558655425815165
0.8149898074676185	0.5018049422306377	0.2518082000470936	0.20599437912767726	0.3365146404643092
0.8134623992021688	0.5002293541344409	0.2502294067377599	0.20124400628918937	0.3377336262320715
0.8178406635676327	0.49626746634181074	0.24628139814932026	0.19877611327626177	0.3348265538981006
0.8173118127326912	0.4971845307630608	0.24719245763008493	0.1981269393603068	0.33535548356965394
0.8123426801349947	0.49872932992258695	0.24873094452503258	0.19543139067542903	0.33663992444218577
0.8058653525475336	0.5060078823064437	0.25604397695625175	0.19828827106165692	0.33683952930516897
0.8114909094964016	0.508290756615407	0.25835949326066293	0.19461627298160722	0.33672573941957695
0.8186148424121136	0.4941983952754255	0.2442320538928057	0.20191292151440332	0.33462436877224655
0.8130797860014736	0.4945272752994905	0.24455722601513802	0.19272928502882747	0.3337156856674933
0.815532549058734	0.4978164313500879	0.24782119932213678	0.19498621785401427	0.33148176694862036
0.8150712512439036	0.4924476632970521	0.24250470108672675	0.2010442202744812	0.3300520749615332
0.8098457154440628	0.5006454390003551	0.25064585559185826	0.1940736935264975	0.3338174587201174
0.8141311935209604	0.49600375443078754	0.24601972440943698	0.19688273670050593	0.3327600813924167
0.8110220602684617	0.5031049192559067	0.2531145597794924	0.19630497479983477	0.33458669985594014
0.8073554675657814	0.5139741338089158	0.2641694102246252	0.2025391676708158	0.3455660215556795
0.8050725181426132	0.5043217913129202	0.2543404691930726	0.19667419877675552	0.3372152342368106
0.8226487579660404	0.47808503135713154	0.22856529720774946	0.1950216989772292	0.32397246139140173
0.804657731986234	0.509758044306602	0.2598532637352916	0.19601715538362996	0.3407073781394651
0.810439342790682	0.5034233478046974	0.2534350671148894	0.20196009651871616	0.3399506047265092
0.8131571825436453	0.49934987754727095	0.24935030020647447	0.1958044827576515	0.33352747313441095
0.8092263440885424	0.5017587733628315	0.2517618666465733	0.1952414549840703	0.337544231630151
0.8133380223416706	0.5004598206438201	0.2504600320788446	0.19712412157213122	0.3367461637735275
0.8028986305900718	0.5052172771900719	0.25524449717134995	0.19171577529428496	0.3388424021898194
0.8243388691282364	0.4863926004647599	0.23657776178687154	0.20155851605922392	0.3277790454722991
0.8199343591134887	0.48769613281893176	0.2378475179665411	0.19971286344240846	0.3296926970485087
0.8148512721401007	0.49274492113746676	0.24279755730676833	0.19889563634991114	0.33375836877183696
0.8112571494171135	0.49829889396068233	0.24830178772243935	0.19994519032816604	0.3394243996605299
0.8240395928445191	0.4889567574703961	0.23907871067596373	0.19927564752351012	0.33355231682113
0.8193213044659263	0.4923965358723468	0.24245434853908726	0.19976896774601982	0.33325884792819666
0.8124862592759179	0.4993031162256337	0.2493036018726287	0.1960921201119754	0.33489112287137573
0.7999514740855395	0.5137885502437923	0.2639786743616179	0.1978717270783119	0.34052063306019664
0.8205172563504477	0.4821834642649102	0.23250089321050993	0.19492321688828107	0.3246840596688935
0.8052378820475522	0.5081621152419729	0.2582287353671961	0.19992280070369306	0.34345467772684496
0.8183709003541622	0.49530302798705195	0.24532508953314236	0.20046165162239427	0.33448226443546564
0.8158697598389204	0.49407007314076723	0.24410523717332308	0.19222488422788242	0.3306510995241907
0.8070995434895332	0.5062539230477959	0.25629303460128366	0.19815381586045455	0.3438045233746982
0.8144423297006114	0.5002967094867902	0.25029679752330974	0.1961585884821141	0.3377809255306021
0.8109418575038501	0.49802888195743644	0.24803276726377416	0.19165171126700065	0.33518773425329407
0.8147256960434397	0.4982319812602616	0.24823510715052566	0.20205323320418378	0.3375036340764782
0.8032339564072232	0.5108914742088774	0.26101009841932	0.1995840938573773	0.3419596040327947
0.8240134081188754	0.4852705644721459	0.23548752074311513	0.20003689592623441	0.32472159736946427
0.8107476718675639	0.5025471141786216	0.2525536019692605	0.2038159529325838	0.3376389858894222
0.8181814287113198	0.48418659055907176	0.2344366544772182	0.19987131253858437	0.3275847925324803
0.8217747500717407	0.4892101576728826	0.2393265783703267	0.19913236228300413	0.3309737893905165
0.8142746168377993	0.5037148574438294	0.2537286576096574	0.1982338503243395	0.33844189258301755
0.8095410176961048	0.5067139073204018	0.2567589838719087	0.19368707812623742	0.33621517576058274
