r2	rmse	mse	oob	mae
0.8055614265485285	0.5009964044548487	0.2509973972766864	0.194752589156844	0.33768006428305675
0.8017257217226434	0.5186181213113219	0.268964755752485	0.2028421468630912	0.3505158837408114
0.8144262493631483	0.5002799536846868	0.2502800320587523	0.19724771592411994	0.3371840076778801
0.8055556942135524	0.5175532346554512	0.26786135070232053	0.19855490415610655	0.3499699511183289
0.8091040649397903	0.5011975234593418	0.25119895752177746	0.2018272212143889	0.3398292115288091
0.7949329857452895	0.5194518272503993	0.2698302008337786	0.1944236627346776	0.3480843949299039
0.8108561984288397	0.49887662282046863	0.24887788479675613	0.20180353130512863	0.3384446674521755
0.8067161030866967	0.5098521014221136	0.25994916532454515	0.20117560485237962	0.3448524407185234
0.8108622092032712	0.5071749721016088	0.2572264523262676	0.19794753213245775	0.33820986403891673
0.8123386277593809	0.4940105320606853	0.24404640578688136	0.19775111537550127	0.3311054539360037
0.8181563014579785	0.49869669789514226	0.2486983964915188	0.21015181734892363	0.33965080183501756
0.8069889896619324	0.5084341643833158	0.25850529951216056	0.20146922125693545	0.3428722724553004
0.8050862881691756	0.5106149362669846	0.2607276131389368	0.1926278788969379	0.34176100205202026
0.8004459979308367	0.5118894771771195	0.2620308368446647	0.1994465050062194	0.3410117394284104
0.813110660097907	0.5001454824408479	0.2501455036059885	0.19462074884075675	0.33370988866338447
0.810133049262402	0.49210842333681587	0.2421707003190468	0.19708004287228054	0.33567360620430403
0.8149513283569976	0.4963849616989453	0.24639803020086337	0.2039546621088888	0.3368453865205383
0.8110564126364009	0.4957182616328632	0.24573659491630784	0.19919321621708996	0.33535444167669637
0.8146132627583788	0.4981135330700071	0.24811709182748506	0.1980015780118961	0.3360141826993302
0.8140215684433458	0.49995474417118246	0.2499547462192725	0.20208005257260553	0.3387756498012696
0.7955045377161064	0.5142888507551077	0.2644930220110094	0.1966859710828177	0.3453498283237417
0.8152013594920963	0.4966506320498913	0.2466618503155565	0.20324140862976425	0.3358263487270513
0.8066375835777451	0.516372798983818	0.2666408675303826	0.20073831429290112	0.34758724166049565
0.811162427439873	0.5033628806511782	0.2533741896174523	0.19941718257416174	0.336428278405268
0.8126832043264063	0.5059544086166848	0.2559898635986593	0.19358711880458535	0.3420413228376342
