r2	rmse	mse	oob	mae
0.7863245383456428	0.5269653959922035	0.2776925285732198	0.21890400612348082	0.36875134264186005
0.776252815374021	0.549233818635493	0.3016577875329256	0.21397701961596838	0.3805724891989569
0.78315596586883	0.5321110691549015	0.2831421899171724	0.21729702141967944	0.3710806793938337
0.7824029775800235	0.5367414710040254	0.28809140669556504	0.22236635575196428	0.3764613772727758
0.7809277643419501	0.5341956213200865	0.2853649618375532	0.2254252487789984	0.37211462924189526
0.7837260353758885	0.5360548746337603	0.2873548286186165	0.22459327662792605	0.3765710557150956
0.7761364507651405	0.5452871007346191	0.2973380222275666	0.2190856839744051	0.379697592841523
0.7930485816709663	0.5225776730097924	0.2730874243283295	0.22510252624783944	0.36641579777852173
0.7837234386292263	0.5311777084845356	0.28214975799088227	0.22211425111775907	0.37129127512645
0.7864241948550881	0.5358102615331276	0.2870926363641986	0.22489158279647636	0.3742776818204377
0.7906655333577055	0.5286476530571788	0.2794683410828632	0.22526465951596342	0.3715585365000461
0.7932089604354968	0.52125164910522	0.2717032816949114	0.22513685430742192	0.3685194133553323
0.7850168786599793	0.534074793840856	0.28523588541615286	0.2269542777914484	0.37365632075908933
0.7800546257476064	0.5493661400957808	0.3018031558837371	0.22670444313314164	0.38407500866923616
0.7726167630693237	0.545505051601137	0.29757576132235924	0.21909089285826489	0.37705952138510584
0.7921939156740329	0.5309560205472814	0.2819142957554051	0.22047905143540436	0.37359549906785144
0.801836001957314	0.5135093097808313	0.26369181123158575	0.22672091363424585	0.36276085812922915
0.7717860592621183	0.544090236814772	0.2960341857971546	0.2203321257590145	0.38073810059825125
0.7860414770450576	0.5348692162600269	0.28608507850261544	0.22397379029979914	0.37383148163758023
0.7799547263848844	0.5348681286148884	0.28608391500799285	0.21951829562095804	0.3743727579520592
0.7919323108605182	0.5304608891777944	0.28138875494729626	0.22356793723079926	0.3713949139070428
0.7751690354525916	0.5437001243869719	0.29560982525840873	0.2229870380522968	0.38025529884548875
0.7908936307029986	0.526848601675617	0.2775694490875529	0.2217786907391488	0.370327190573132
0.7885374220003345	0.5292106363701418	0.28006389764729045	0.2213145064721651	0.371717779152389
0.7784963278860462	0.53976682211056	0.29134822225133294	0.21922794694184722	0.37637007153397534
