r2	rmse	mse	oob	mae
0.6813061031790208	0.6610937647541097	0.4370449657967622	0.3269027296090643	0.48616782066393566
0.6610388318773972	0.6773036757316518	0.4587402691596066	0.3332795939458988	0.493932659540806
0.6676176580292668	0.6677564182334926	0.44589863409202307	0.3303492238938526	0.4959102856917968
0.6754897468349492	0.6576770969961804	0.4325391639133232	0.32974990785872915	0.4902411837206737
0.6677672797727136	0.6632458775642931	0.43989509410602934	0.3391103531677446	0.4941721828569518
0.6740433869057436	0.6575593666065971	0.4323843206120691	0.3287983401556639	0.4881071713552162
0.6864203857339717	0.647719993395894	0.41954118984477695	0.3297370616139481	0.4865553572699735
0.6745860049099122	0.6579270339585207	0.43286798201345644	0.3202477506896788	0.48680643623808606
0.6606839789905945	0.6745960763589322	0.45507986623886626	0.3362487688384779	0.5008887540568504
0.6842532004556998	0.6548296708836697	0.4288018978696152	0.33775539742678995	0.4896058119032307
0.6816431251176536	0.648342219831838	0.4203476340164754	0.32980617970264037	0.48381646512455867
0.690691862711492	0.6516987764422641	0.42471129521634415	0.3361386325109126	0.4840408452537684
0.6749708181792662	0.6514037335179554	0.4243268240411315	0.3411320408575458	0.4867843094363889
0.6729445037299093	0.6555233578522713	0.4297108726899169	0.33076379881291085	0.4845334286585683
0.6736683660402345	0.661462762318765	0.43753298593437107	0.3229713326322905	0.49159163263767436
0.6793855098348318	0.6451524299343464	0.4162216578501918	0.33600293737765563	0.4800620787610667
0.6801469839548626	0.6563754728628047	0.4308287613758705	0.3276886609553027	0.48961190726294374
0.6752864314909601	0.6554272600680512	0.42958489324031285	0.32153453267719523	0.48546606831552364
0.6705411821842796	0.6663713986641173	0.444050840957572	0.33384101995353577	0.4955487229003103
0.6716370197510653	0.6605446524437131	0.43631923787198573	0.32978036415497214	0.48688351113996836
0.6701448279547086	0.6702604092419251	0.4492490161971529	0.33857760934319514	0.4953961196871903
0.676297817159355	0.6573926939796615	0.43216515409783685	0.32101646713931054	0.4853149261339738
0.675540452138114	0.6544764895314671	0.4283394753494326	0.3299365663498477	0.48865403909510247
0.6818467765637926	0.6514676893110746	0.42441015021631073	0.3331209600697903	0.4863340848011542
0.6734256827266206	0.6585597522761032	0.4337009473179624	0.3355030502884442	0.49142854171825684
