r2	rmse	mse	oob	mae
0.623814263011552	0.7011764281119538	0.49164838333983796	0.3780059974896026	0.5250930036377335
0.6339538151245151	0.6932062627390836	0.48053492270068743	0.37729012567757714	0.5219402182375532
0.6292971750447511	0.7053838210547844	0.497566335005848	0.37912230968874183	0.529915733325141
0.6245562801938445	0.703503268194832	0.4949168483608098	0.3848051375583592	0.5302464403785078
0.6206487624431969	0.7140603125640849	0.5098821299791185	0.37955581202553734	0.5305121301992809
0.6101923950994277	0.7189229412475497	0.5168501954520279	0.3778337706842527	0.540335594804843
0.6324498505530849	0.7005175849576921	0.4907248868349574	0.3660220417519898	0.5218869472947077
0.62910986985182	0.6927339082811981	0.47988026768254327	0.36927678324908764	0.520803077735889
0.6325932343523186	0.7013042701409903	0.4918276793179871	0.3763897023867442	0.5274154504962068
0.6258401001993215	0.6985869953562458	0.4880237900808674	0.36708202706402804	0.5206548051301062
0.6285386782644526	0.7071327991898096	0.5000367956900156	0.38810100775637624	0.5347358315450434
0.633344271791336	0.7073372802224065	0.5003260279924312	0.3690377077215673	0.5291793242249238
0.6378692382775205	0.686145472458977	0.47079560937595266	0.37188569376384806	0.5175408695213901
0.6346923180933404	0.687267494483061	0.4723366089730243	0.3664454494555901	0.5165925423753391
0.6327522279788782	0.7022230209994041	0.49311717122152965	0.36818902350949456	0.5239444271567054
0.6229839651535403	0.7042520377545357	0.49597093268141607	0.3774139846189879	0.5332474536596891
0.6369995408225155	0.6822269228058194	0.46543357420109754	0.3673441665532232	0.518090115079579
0.6259354218642379	0.6963778848328899	0.48494215848432964	0.3810780966705827	0.524369847104119
0.6279546791800517	0.7064965731726908	0.49913740790475525	0.37737356588022863	0.5347041862999721
0.6228567661996876	0.7035134603271703	0.49493118886150905	0.38027404148447497	0.5283403733265176
0.6180007150149351	0.714545301947882	0.5105749885357899	0.3887943744159714	0.5369408854490826
0.625229067328189	0.704821920960543	0.49677394026650995	0.3815291984322864	0.5292962223542528
0.6076618799675233	0.7318742985407326	0.5356399888644894	0.38309269504358057	0.5492420118441879
0.6276638774134269	0.7059097525488999	0.498308578743649	0.376121177985433	0.5299396564342842
0.624544654535518	0.7012255241982124	0.49171723578705767	0.37250087417984545	0.5203046918543097
