r2	rmse	mse	oob	mae
0.7946165402691122	0.5229364531479442	0.2734625340309521	0.21091932866479035	0.3603961037432621
0.7975172697343437	0.5172030739570627	0.26749901971063483	0.21477656231963405	0.36006885580769243
0.8014678502092354	0.5120085964633179	0.26215280285233666	0.20677413519914267	0.35518587700978393
0.799602273696132	0.5116656193768958	0.2618017060523424	0.20995008540532345	0.35507990603071554
0.7927793642285484	0.5296592970087272	0.2805389709077791	0.21133080515474978	0.3655506014394341
0.8067324171107894	0.5001061419557464	0.25010615322186125	0.2066104408971643	0.34841151401582277
0.7903571570648347	0.525377366309819	0.2760213770306417	0.20426910644849738	0.3619043785533097
0.7940531131759982	0.5288053654876148	0.2796351145684899	0.2178439877457613	0.36511034899160283
0.7931724971908674	0.5210123141120243	0.2714538314563667	0.2070728922579569	0.35455025951837266
0.7991350179074033	0.5189503241161532	0.26930943890026043	0.21560263719285944	0.36128072896034374
0.7922010826184576	0.5260853454090902	0.2767657906542018	0.21247842996044997	0.36593487829797633
0.7875294742472883	0.5324282852076765	0.2834798788891869	0.20689361051168365	0.3702318367972348
0.805559600605407	0.5039872254906538	0.2540031234577671	0.21098001269056543	0.3533775278630805
0.7868041287218633	0.5297471043971873	0.2806319946172045	0.21345103459523163	0.36323568706278114
0.7889770324322924	0.5294095428517136	0.28027446406246037	0.2120517513416178	0.36814890470746287
0.8000288093678879	0.5165595205944441	0.2668337383167619	0.20874837964638926	0.3572662988724746
0.792987310560942	0.5334260389106014	0.28454333898785444	0.21542551588331305	0.3681168052145586
0.7880144921901902	0.5308105797776542	0.2817598716038894	0.20599135921333922	0.3677698530682148
0.7871952275841432	0.5296229955692655	0.28050051743576226	0.2055193834830219	0.3630950163074026
0.7906597186561528	0.533290652075314	0.2843989195909136	0.2070275050660334	0.36590820574371036
0.7971878079357092	0.5145065273054992	0.26471696663996436	0.21564325342562074	0.3576203011980504
0.797190077218834	0.5248452799421852	0.27546256787759077	0.21255017610859595	0.3621765301916105
0.792692818779593	0.5227030191689669	0.27321844624835334	0.20734442404672626	0.3543559587894783
0.7910681361218335	0.5261115763942306	0.2767933908160223	0.2048790859172267	0.36317361637591533
0.7903634190010999	0.5235359625384233	0.2740899040710333	0.20279982972854282	0.3563282740442512
