r2	rmse	mse	oob	mae
0.8087278494214409	0.5106047644647018	0.2607172254940536	0.2030748919776849	0.35082089420548407
0.8037841742858007	0.5047076015807331	0.2547297630933761	0.19593205639253408	0.34346399651125264
0.80132729689633	0.5279031722140952	0.27868175923370464	0.20334618677564342	0.3576554723458244
0.817973088311136	0.4925257420669748	0.24258160659862418	0.19938103333869606	0.34044821763090116
0.8053763055359477	0.5089139903534224	0.2589934495774433	0.19432799414466273	0.3428944083907359
0.8122538111459183	0.5007527374212561	0.2507533040348815	0.2025363980308289	0.34372545671323435
0.8045087087638221	0.5080396643842473	0.25810430058765865	0.1975109830963402	0.34694023502035587
0.8043923719131698	0.5126618671974859	0.2628221900784127	0.19853756672228717	0.345471066210965
0.8103542885334563	0.5011244317694404	0.2511256961162446	0.1996478959291934	0.34270906052068145
0.7992613292593689	0.5174617998234036	0.2677667142764762	0.19776014354428562	0.35142353529059217
0.8093852393150129	0.49779515817798087	0.24780001950544098	0.19874423527231444	0.3396791657527662
0.8071962109217918	0.5065940057704225	0.25663748668252284	0.1979860139378501	0.34451238664916733
0.8048854073826543	0.5095018555419926	0.2595921408007335	0.19842090518178468	0.34779009815467044
0.8028030383839968	0.5177385152866487	0.26805317021122343	0.20039525504074074	0.3511687023216332
0.7933695280098152	0.5239765677341416	0.27455144353445143	0.19706600052178036	0.3528384051607952
0.8102573208678897	0.5009536668267945	0.2509545763072111	0.19977053113379262	0.34414644603920425
0.8251933988470281	0.4800703809009357	0.23046757061836945	0.20306129919831095	0.3338166496551612
0.8033606986971469	0.5080064668272876	0.258070570338344	0.19441110307514065	0.34536698161234397
0.8061740944663678	0.5101189341260608	0.26022132695390837	0.19600772200908123	0.34175450496176457
0.7965449410477722	0.5178882957851177	0.26820828691121357	0.19306500522401615	0.35060758620285815
0.8057574913360258	0.5120918273711298	0.26223803966030296	0.19637813637290757	0.3464084106741389
0.8116584562864355	0.49955346079685153	0.24955366019411146	0.19669583319619732	0.3435339751746437
0.8094816291596059	0.5040627467862959	0.2540792526977455	0.20105778201979385	0.3462274409550189
0.8115127997122003	0.497046488062056	0.24705521129482358	0.20042081461012362	0.34156630565495016
0.8061750179078737	0.5064696543812438	0.25651151080905654	0.1998781812857573	0.3462104291897156
