r2	rmse	mse	oob	mae
0.6195736810447585	0.7017413759363764	0.49244095870107873	0.3770501821722423	0.526556005289597
0.6265083641610326	0.7108444849049113	0.5052998817197286	0.3745592004790126	0.5311632509973762
0.6271674119264883	0.7063403058648768	0.49891662768928774	0.37831897218326904	0.5322797709407486
0.6185064478229171	0.7113355662167584	0.5059982877649163	0.3920642077255234	0.5338931371429354
0.6213923323903834	0.7052872233992987	0.4974300674902923	0.3751358535948902	0.5281672301903618
0.6302425672654424	0.697648494810725	0.48671342231167025	0.37718418724920766	0.5242977250293598
0.6184529296350706	0.7138666549383617	0.5096056010328859	0.373488465199469	0.5312353174290956
0.6293419534070679	0.7093881301251301	0.5032315191624286	0.3778604620475594	0.5340868810479987
0.6185744357162325	0.717082214710565	0.5142069026542089	0.3703743291419035	0.5345264720622537
0.6179886281486819	0.7021293891230257	0.4929856790702733	0.37893743715936146	0.5288576186361799
0.6356138011685335	0.6933709137881792	0.48076322408745453	0.376292603202519	0.5224299610314734
0.6386523978224543	0.6923766985409929	0.47938549268252495	0.3758313569501266	0.5159423188818699
0.625958910417	0.701946204903835	0.49272847457889674	0.37441610316762763	0.5247639642108338
0.6364913799271334	0.6908440625850496	0.4772655188090159	0.3833947905888394	0.5211620245193255
0.6254697813235588	0.7152815637442508	0.5116277154324207	0.3836019137155404	0.5337087711866998
0.6268359145608853	0.7018530997176274	0.4925977735832419	0.3722340122126129	0.5297054169763059
0.6298017949445947	0.7007062480698012	0.4909892460840578	0.3706928158348115	0.5254949803586351
0.623729667781295	0.7029581485055919	0.4941501585504098	0.37132867039626505	0.5220518370104968
0.6275055362343547	0.7121348987092577	0.5071361139596448	0.37690467179811815	0.5358620531492968
0.6333506613968691	0.6968149488041124	0.4855510728768779	0.38085164588423304	0.5217892651144876
0.6169382370905928	0.7164130682745385	0.5132476843945386	0.37941162453394295	0.5363954670621509
0.6167275883970738	0.7098565883327991	0.503896375999481	0.3740529503275841	0.5326649995214912
0.6273598834889824	0.6984673067819794	0.4878565786432718	0.3737426342489909	0.523377122600771
0.6265340334665408	0.7007780274425551	0.49108984374627856	0.3708527857870556	0.5261066278689931
0.6041086531096838	0.7300294740256148	0.5329430329461158	0.3835049225985927	0.5435028551023912
