r2	rmse	mse	oob	mae
0.8067800517750602	0.5054762192484853	0.25550620822574277	0.18881099376043742	0.33599543817291777
0.8060592066411316	0.5097063941749733	0.2598006082628533	0.18877805023394745	0.3439536941710521
0.8144786253414833	0.4978608148325196	0.24786539094570034	0.19111012095942337	0.33402149332428527
0.8127570470225054	0.5020787555464744	0.25208307677109637	0.19095635884765738	0.3354857784498538
0.8098428843469302	0.5022128367758868	0.2522177334224835	0.1879041687307701	0.33922663964508815
0.8113641392974439	0.5014086726221132	0.25141065698066944	0.19074821356548355	0.33814906751503243
0.8101487051250322	0.5005118775432159	0.25051213956183516	0.1913696644553522	0.3389461459468521
0.8150042935861607	0.49725299335710016	0.24726053940259632	0.19310046084154198	0.33693343222653566
0.8129910370112152	0.5014022508199466	0.2514042171273086	0.19016493130839363	0.3396789545184793
0.8072622896594746	0.5053109222239339	0.25533912811880255	0.19030515086439714	0.3393521147851638
0.8178830215800375	0.4902451521041696	0.24034030916164034	0.19104402510851348	0.3352807275221971
0.8084384560369643	0.5047392083219681	0.2547616684174871	0.19276312924574235	0.341743883784728
0.8111562640136664	0.501115839030903	0.2511170841276459	0.19422375906397205	0.338833694200019
0.823070972005845	0.4858077761897542	0.2360091954064343	0.19540038287975492	0.33178201079487457
0.8180548019170928	0.4947231781701376	0.2447510230187617	0.19396493495117395	0.3372838477588566
0.815045791710079	0.4949826078328843	0.24500778205704293	0.1880817676719686	0.3358750196533645
0.8163460190430636	0.4941560973169115	0.24419024851548093	0.19423252370179422	0.3342541312047201
0.8033231603878732	0.5106943071395504	0.2608086753447455	0.18713563551659274	0.3418080537355656
0.8177949815150777	0.49450758550961615	0.24453775212655035	0.1945942354453718	0.3365459126576191
0.8217852554346328	0.4852860836185409	0.23550258295382148	0.19630326461115066	0.3307358212294176
0.8146217195658133	0.4912858514131429	0.2413617877987367	0.1947366210711583	0.33218077394078643
0.8099253318617059	0.5053473502574992	0.2553759444122756	0.18789516280859087	0.33902317567482154
0.8125388805556325	0.4977199558788738	0.2477251544800681	0.19378749096834358	0.3354993057677685
0.809639082597434	0.4996627813724277	0.2496628950888305	0.1910706167458428	0.3373922789892961
0.8132508003786043	0.4999333787388504	0.24993338317724284	0.19964346548368173	0.3429672651922925
