r2	rmse	mse	oob	mae
0.38699320502647827	0.9131015685892575	0.8337544745601626	0.6228340574094512	0.7089442156921463
0.3618029968057802	0.9107344043521638	0.8294371552706906	0.6428076795176869	0.7041972411315681
0.36896804002055283	0.9111933922235596	0.8302733980318776	0.6313898928749693	0.7074682315718613
0.37542782783124207	0.9129742693170553	0.8335220164350109	0.6230981038660334	0.7021121805545877
0.38329910155202873	0.9013695397480714	0.8124670471856502	0.6199865618731214	0.6933887813319769
0.36848119800524315	0.9116105062133802	0.8310337150386155	0.6347660922379207	0.7029385362944826
0.3734665852277671	0.9199208142251656	0.8462543044446916	0.6255346549159824	0.7096435534790835
0.36288154617418633	0.9235359741268497	0.8529186955064292	0.6314143547487371	0.7082248920472806
0.3706413564164699	0.9119382591129295	0.8316313884339206	0.6219114023256979	0.7046408627033669
0.3866878820249078	0.9100723045116476	0.8282315994391409	0.6239309108474641	0.7028744494145299
0.3874387992918207	0.9069310642437318	0.822523955290268	0.6245143663173783	0.6986137329046763
0.37101569238613974	0.9127453076049132	0.8331039965547876	0.6322728594875895	0.7086171530759506
0.38593230081008334	0.9043636926347935	0.8178736885560394	0.6193654890006309	0.7047648437644392
0.36734488679231503	0.9039768013563065	0.8171740573903793	0.6410349085531784	0.6964616637555215
0.3584600338510012	0.9271686463134367	0.8596416987066905	0.6347086720675377	0.709346813243886
0.3696366122593244	0.9173858765006289	0.8415968464028271	0.6204049888709796	0.7032406970185785
0.38627733917344975	0.9001955115761312	0.8103519590618126	0.6300833068220366	0.6935804568390931
0.36345846566654016	0.9175873765487624	0.8419665936016404	0.6446240276825682	0.7078700756513842
0.39498554179615264	0.8939986206825494	0.7992335337823009	0.6128481084366694	0.6878235606688573
0.36378825741484744	0.9172078586934713	0.8412702560490629	0.6424566325556429	0.7019373612839869
0.3733862639650649	0.9088074309389564	0.8259309465298661	0.6331347929915112	0.6998117096886254
0.36360700767218224	0.9214492446182895	0.8490687104076163	0.6467122105114989	0.7121853607889265
0.3875936243019391	0.8921712346776645	0.7959695119862682	0.6254699369540432	0.6912295407576771
0.3701079493938294	0.934449599241473	0.8731960535225495	0.6290064188657569	0.7216047522198327
0.3603742347545881	0.9280821482344563	0.8613364738714835	0.6395091364503056	0.7157724705466376
