r2	rmse	mse	oob	mae
0.8164356595356259	0.4943960947077081	0.24442749846223308	0.19022920860139603	0.3343182340984226
0.8215441846259905	0.48963795681354433	0.23974532875254229	0.1943664522173456	0.3316499027452497
0.8112683266746592	0.5023446234132882	0.25235012067223833	0.19475691256906402	0.3395733892655457
0.8076533870290188	0.5109268886616838	0.2610462855575086	0.18997642779487756	0.34044137124533624
0.8038610035465104	0.5139413981093889	0.2641357606906333	0.18957661965140882	0.3442248947745548
0.8044725449457373	0.5039151325662735	0.25393046082928505	0.1901771352142162	0.3380000544848846
0.8157770255887354	0.4951868288841872	0.2452099955003773	0.18620189356031192	0.33286003390471414
0.8098777058959771	0.500450074760006	0.25045027732729563	0.189649328345454	0.33619867596604985
0.8033278261160102	0.5061741209916586	0.25621224076167826	0.18827429948813068	0.3418236063932611
0.8157371292367537	0.4984399041391651	0.24844233803826013	0.19146607866511167	0.33509699711820046
0.8157537328632967	0.4955111917785822	0.24553134117783088	0.19689811201983842	0.33721229873801717
0.8118519214040938	0.501007374004136	0.25100838880652016	0.19298571030178313	0.33701913635040437
0.8101574104036607	0.5056024947854766	0.25563388273329785	0.1900145596547479	0.3371373693346743
0.8064799579266367	0.5106338573411432	0.26074693626309503	0.1852430124248361	0.3415189306233706
0.8100352577072842	0.5034955372091958	0.25350775598957664	0.18854719226011918	0.33909355432055804
0.8125729623502966	0.5030838287252544	0.2530933387248611	0.19114552286465847	0.3361432218973741
0.8189678623872303	0.4920796445715391	0.24214237660165225	0.1921976154119448	0.33589003704620607
0.8048233201152923	0.509789767110382	0.2598856066504575	0.18542541290937964	0.34005663962496707
0.8134047846245691	0.4892675977631623	0.2393827822209356	0.1901893883443515	0.3283133095243974
0.8080782994311212	0.4997336710379313	0.24973374196904738	0.18816735598076728	0.33602020879132277
0.8163753117083244	0.4975116928017889	0.2475178844745016	0.19157482762731115	0.3373200544286633
0.8125220709944753	0.4993334895074512	0.24933393374368787	0.19201624630665015	0.33606664308886297
0.8160563220059708	0.49074424653768334	0.24082991550983854	0.1901232514565967	0.3307862350417438
0.8080685990218779	0.5102882744968571	0.26039412308897975	0.189362492401276	0.3427958841432167
0.8153567803135751	0.49830955069278093	0.24831240831164123	0.19407994192165523	0.3359150882105235
