r2	rmse	mse	oob	mae
0.6914423253850522	0.6427389768817513	0.4131133924030005	0.37923868613303646	0.46713701597348023
0.7074067358310046	0.6189999383351035	0.3831609236588619	0.38121160852809766	0.45842223379728436
0.6994881640163564	0.633524719637946	0.4013535703923381	0.3813990069118498	0.45954534021490434
0.6902871032915808	0.6474041346617843	0.41913211357717367	0.3895832188270476	0.47589188488772693
0.716781636787376	0.6140393009645484	0.3770442631290312	0.3527627244194729	0.4468223183607811
0.6852997533234673	0.651982929682031	0.4250817405967641	0.39702466769878875	0.4801058080469677
0.702649521755438	0.6224245638138997	0.3874123376389232	0.3746389984063423	0.4600315782651822
0.7050630754205186	0.625110131473692	0.39076267647105645	0.3635078353508774	0.459772909157133
0.6752337117730789	0.6624353495998534	0.43882059239947996	0.39482169696693714	0.4863186168126849
0.6829280082893989	0.6550726852805543	0.4291202230006761	0.39331078557300425	0.4767913533277425
0.6898969481116777	0.6397940528104007	0.40933643001155784	0.3671787314865782	0.46832484690296045
0.7058007719830275	0.6307303138421783	0.39782072879945274	0.3786865364742791	0.46455199027017846
0.6935033406977933	0.6355948337458239	0.4039807926843816	0.3735484355703198	0.4624973610492113
0.695375605033935	0.6376487164849315	0.40659588563488047	0.3999881014095712	0.4678897071413237
0.7015377583878151	0.6269182107504876	0.3930264429705928	0.37707315617237935	0.45810066308007213
0.7057411286970452	0.6315714225051475	0.39888246172517555	0.36720927723048136	0.45873970009407566
0.6963138629455805	0.643133165197009	0.41362026817632336	0.4001057552821857	0.4701569783177832
0.697443212770172	0.6197328275493397	0.3840687775422996	0.3755726375916443	0.4566214154131836
0.6964948381531841	0.6302177872245577	0.3971744593342178	0.375168839647155	0.4646137125687074
0.6912158641292372	0.6408825253920054	0.41073041135283445	0.36089331981411865	0.47107949080882705
0.6875035322394595	0.6357980375091872	0.4042391445005337	0.3757450335427198	0.4653468651656806
0.7149337981672707	0.6121743986964512	0.37475749441936157	0.36952393003017603	0.4481365937878407
0.6981189763845939	0.629389398095823	0.3961310144354223	0.3966678165958417	0.46728626810897617
0.7119190734226234	0.6220514588965402	0.3869480175153141	0.36865892041099135	0.45384341742510204
0.6838789218779742	0.6541846794759674	0.42795759486107415	0.3914862458453321	0.47818619241350513
