r2	rmse	mse	oob	mae
0.8045551032275107	0.5055952515404394	0.2556265583802402	0.20982547941265195	0.3513975649828769
0.7828849494839045	0.5342754421459801	0.2854502480802825	0.20683846580390275	0.366219797926064
0.7952631364603806	0.5200510707184329	0.2704531161553885	0.20482228695938587	0.35723425247324464
0.7926348160356022	0.5235600048170426	0.2741150786440216	0.2035661202679978	0.36062364607304714
0.7980005147505591	0.5122708918541312	0.26242146664102706	0.21369188391816207	0.35823020895425994
0.8023733564789122	0.5093732392130219	0.2594610968263665	0.20950722160794044	0.35252938146569335
0.7953096223715883	0.5251051171650924	0.27573538407296544	0.21141826775908545	0.36583671544027174
0.797516441950667	0.5185096032687538	0.26885220868192045	0.20357530681484215	0.35459865285600795
0.789596870391235	0.5293107847286931	0.2801699068301049	0.20345166316594532	0.3642427429838261
0.7944395848430686	0.5295833226302133	0.28045849560805663	0.20552820996271404	0.3669766395477979
0.7999419564960505	0.5137946264497034	0.26398491816859027	0.20965059884723813	0.35692362936720656
0.7945279598737585	0.522905492880905	0.2734301544850222	0.20523148315086048	0.3626063734725631
0.7953839524527831	0.5182167793806484	0.2685486304316516	0.2110534754064075	0.36167322501664945
0.7965568112586853	0.5209867763465246	0.2714272211279436	0.20732775266613135	0.35682489899018266
0.7981405897292462	0.5239258860985493	0.2744983341241501	0.21153869757922505	0.3649634977480727
0.7919235409160326	0.5233058204292118	0.2738489816950905	0.2077648793110739	0.3639521119333994
0.7998500129471964	0.515275507428079	0.26550884855526435	0.2062174854732357	0.35609579404578134
0.7907046846530843	0.5189839078147849	0.26934429657070513	0.2041336633678117	0.3585168683665966
0.8025476585942182	0.5087911531055449	0.25886843747847005	0.21204290561513028	0.3553310132466013
0.7967207795394863	0.5216378141836544	0.2721060091863008	0.2070425779842726	0.3575996223447285
0.7950050048767537	0.5182757156752464	0.26860971745868883	0.20529930764894866	0.3629797982442792
0.7948773347719084	0.5305792574021844	0.2815143483854535	0.21302121584244382	0.369198726711646
0.7947376476646535	0.5263704829163345	0.2770658852855752	0.20566805907013963	0.36005877327110786
0.7996349938606439	0.5138709234204536	0.2640633259369897	0.20623163593940785	0.35516488103933236
0.7973720085307296	0.5111980558706604	0.26132345232594284	0.20881897602346278	0.35842911155238183
