r2	rmse	mse	oob	mae
0.6827637293929614	0.6429367658233753	0.41336768484742176	0.33177246340452893	0.4766632375794196
0.6822496852745557	0.6546056554399128	0.4285085641339178	0.3288543223059148	0.48939858742072195
0.6757353109151811	0.6596629040527762	0.4351551469833422	0.3296758554720731	0.486204265762829
0.666159534199679	0.6728576113359838	0.45273736513276575	0.32744543611604515	0.4984878385676018
0.6623200952285853	0.6638856885800708	0.4407442075014348	0.32346949570185823	0.49011449631937265
0.677877214678199	0.6538584584138322	0.427530883639313	0.3338221674766243	0.48881507178170863
0.6699137753606224	0.660000500468498	0.43560066061866787	0.3319183610309029	0.48990605096947926
0.6834983074011977	0.6610709648400633	0.43701482055457225	0.33100108035435416	0.49120924948252714
0.6862085187105198	0.6611840451630926	0.4371643415782305	0.3388831847662148	0.4964963454575861
0.6765831576281944	0.6576014653927302	0.4324396872866662	0.3309066108357184	0.48283984213801595
0.6908187450674315	0.6408515469075017	0.41069070517373785	0.32999545397486574	0.47602467326260556
0.6689279442239754	0.6593503511941049	0.4347428856197895	0.31963182237985366	0.48523002688128913
0.6664528084909943	0.6762160122161167	0.45726809517746736	0.3349127285551572	0.4997009382339092
0.6634873729081225	0.6625796482041155	0.4390117902142895	0.33341500873858165	0.49042788825254113
0.6871771197403476	0.6401497467992489	0.40979169832714246	0.3251213053113847	0.476698521912127
0.6769656138897889	0.6574403737587657	0.4322278450480656	0.3322113660377508	0.48869091086534516
0.6801777755948482	0.6504998751738491	0.4231500876011932	0.3241602455904582	0.4818716917221705
0.6777526038711419	0.6581745185940935	0.43319369692656673	0.3296066181198072	0.4898842857542545
0.667776587923304	0.6717942824551282	0.4513075579394006	0.3248316254588758	0.4934828917455207
0.6818609512986502	0.6522840296832583	0.4254744553798298	0.3304248357327899	0.48534013255092684
0.6758454051495393	0.658238357177226	0.4332777348593733	0.332780075705731	0.48957848657354663
0.6762765253640404	0.6596499511644552	0.4351380580712682	0.3301844887526566	0.4899458722596691
0.6712933921158415	0.671848938380734	0.4513809960033193	0.338240427073335	0.49741627633275853
0.6833299850635783	0.6465089379915518	0.41797380690296426	0.3301970231429796	0.48141117690812596
0.6649711436847783	0.6636347747761796	0.4404111142922307	0.323265150381159	0.4923533787236238
