r2	rmse	mse	oob	mae
0.7899220914924381	0.5334678490761615	0.2845879459979463	0.2155635352588542	0.3733986236372866
0.7999463851376634	0.5144226123030691	0.26463062404871374	0.2213255580306681	0.36281058049782844
0.7693917505142955	0.5575790104593827	0.31089435290486445	0.214700355956157	0.3868371935355912
0.7873828090493298	0.5409399366740772	0.2926160150889547	0.22085507814079652	0.37894206051422274
0.7844561568997518	0.5320763571244651	0.2831052498108413	0.21580246849513518	0.37189119355574457
0.7978741951481776	0.5240239156759067	0.2746010642003098	0.2166482178433634	0.36715808255905136
0.790341344599446	0.5236666338722975	0.2742267434311429	0.21560344294620803	0.36612920377659275
0.7904065270161158	0.5257679517766856	0.2764319391154511	0.22014004299583012	0.3724988307547902
0.7885768449439122	0.5161691765285732	0.2664306187981853	0.21485664877257782	0.36589966966069454
0.781565342609904	0.5324253967776531	0.2834768031338413	0.21276624126777788	0.37026735604413663
0.785222605988848	0.5289209093858479	0.2797573283855523	0.21585637587074902	0.372078703265726
0.7924862705522309	0.5200415017397527	0.2704431635317372	0.21431274675027379	0.36777835869971887
0.7779768760629396	0.5448346936005222	0.2968448433507749	0.21363752499389466	0.3752515891572634
0.7823729055418767	0.5320978671062928	0.28312814017906607	0.21067792632309823	0.37177810052611965
0.7921377500342001	0.5320936071643441	0.28312360678516324	0.2192671581289256	0.3702577030624818
0.7803242039877847	0.5444350021296376	0.29640947154389846	0.2154722615819935	0.38102859206888684
0.7942767893464979	0.5212797247493616	0.27173255143477015	0.2172718478124498	0.3635195368428227
0.7800306864125666	0.5513287806562672	0.3039634243799264	0.22241375626441806	0.3819828634662951
0.782139423924961	0.5392755376574013	0.29081810551567927	0.21486692329652102	0.3758808000680963
0.7907538623847669	0.5206960978258705	0.27112442629108846	0.21553076921774172	0.36476259307214376
0.7938083389939141	0.520320766082878	0.2707336996170731	0.21675294809074985	0.3653368221763256
0.7914005257708199	0.5248905122989694	0.27551004990147454	0.21663405870713381	0.3649036986865888
0.7791701020168544	0.5493477250599506	0.301782923028543	0.21893082680903464	0.3819217216168991
0.7840423189791582	0.5353131307399976	0.28656014794265783	0.21283415770749803	0.3691024887321917
0.7837185120145832	0.5336731181157311	0.2848069969993672	0.21448781997284172	0.37294708954891237
