r2	rmse	mse	oob	mae
0.8046694617763022	0.511594438135979	0.26172886913166804	0.20382328078712297	0.35337120717475073
0.8078264749358768	0.5128311154732625	0.26299575299755074	0.2055359144887342	0.3536931082564108
0.7990338689225156	0.516600533101869	0.2668761108011353	0.20074920648047057	0.35344726659781206
0.8030256943301395	0.5083347880128068	0.2584042567040252	0.20283903413185667	0.3486225652575033
0.8052020384967148	0.5221976802945193	0.27269041730497695	0.2005180480884463	0.3553588223422575
0.8071820078111553	0.5058082135239647	0.25584194886830464	0.19583182680667033	0.3452479057153966
0.7981548096978083	0.5256297676952256	0.2762866526873368	0.19857572830368353	0.3622332240191865
0.8055153183638829	0.5019421676817373	0.25194593969704127	0.1966538316608668	0.34925251571163113
0.7960515548695866	0.5231905948831369	0.2737283985741707	0.19687871939478374	0.3527369365766393
0.8084921572272414	0.5060783156705637	0.25611526159195475	0.20236575411650115	0.3515585138177928
0.8152830254138598	0.501898839613212	0.2519024452050887	0.20138965085109795	0.347039886278932
0.8077095346348412	0.5085608682128546	0.2586341566774125	0.20154515193737355	0.3496254985775781
0.8031948697538152	0.5180255803319104	0.2683505018782126	0.2078869795785684	0.3572944207979786
0.807326144631822	0.5078360312484507	0.2578974346341774	0.20646959895844075	0.35048411464941
0.7917322161855023	0.5253442735721564	0.27598660577505674	0.19693492082810238	0.35547737568335647
0.8013284617782614	0.5170812912972719	0.2673730618096541	0.19888026868347675	0.35493909068016
0.8079369368164226	0.5015091096535388	0.25151138706548515	0.20057352315035493	0.34364760704120295
0.8069399216884008	0.5075965812122311	0.25765428925834505	0.20116536324349832	0.3505265436332812
0.8006787078197828	0.5066952480545239	0.2567400744010356	0.20144823776379595	0.34845818808135387
0.7911931139438527	0.5274250304529648	0.27817716274831095	0.19428266843709097	0.3565728743718444
0.8060213038085763	0.5157604086330861	0.266008799113368	0.204444679451945	0.3525929357100092
0.8114313230224053	0.5007431429876196	0.25074369524911966	0.201391976671222	0.34276476891627156
0.8061188561026519	0.5135749238602181	0.2637592024180288	0.20469418530462047	0.35286416393186854
0.8067452893768436	0.5065722108964523	0.25661540485251977	0.20149272618007197	0.34902196229386545
0.7990196410050642	0.5158458781558214	0.2660969700103505	0.20287373073912063	0.35665097897416914
