r2	rmse	mse	oob	mae
0.773867240554268	0.5486521083349323	0.3010191359803662	0.229515923034449	0.38805308500906616
0.7807824738700174	0.5433219300871726	0.29519871971365047	0.22631969535522745	0.38338852805819434
0.7643473370218181	0.5525878811126308	0.305353366352547	0.2205371982352946	0.3844459734219029
0.77793185989632	0.5437421567888908	0.29565553306943476	0.22709074137774077	0.3847445047641755
0.778828496940961	0.5397504382441077	0.2913305355847064	0.22559139388866123	0.3825516152230234
0.7730658079191811	0.5483727743047874	0.3007126995987293	0.2263671236930762	0.3847389752907159
0.7817750039470639	0.545049256197987	0.29707869168197887	0.23218334622186387	0.3883292926048049
0.763615918172216	0.5620313049451737	0.31587918773837487	0.2253498246571386	0.39089635164768766
0.7731389978078622	0.5495142662746302	0.30196592883934514	0.22605865918049095	0.384313164541466
0.7688939945540809	0.5515895180887218	0.30425099646534837	0.2278964054171726	0.3869233699913372
0.7729393231542897	0.5516769475559187	0.30434745446461586	0.22783945332484812	0.3872604666188449
0.7752635760373006	0.5449105277111792	0.29692748321047574	0.22548471667164494	0.3845112177783284
0.7672890664397473	0.5552196174688204	0.30826882362222324	0.22554263175057498	0.38777651616932596
0.781927171232872	0.5455149005735379	0.297586506747757	0.22763018383482425	0.3852519151182562
0.7695871014870161	0.5599480280164078	0.3135417940794638	0.22496173342182912	0.393808960474896
0.7881413563871567	0.5322167495335639	0.28325466848407227	0.23086294034218668	0.3783581622507517
0.7758352528601259	0.5363713805097595	0.28769425782994523	0.22132288712292114	0.37961830049874273
0.7761024818131729	0.5514736707108743	0.30412320948732585	0.22786322311117746	0.3882639033039659
0.757501749380852	0.5660198307663139	0.3203784488207266	0.22118223921831714	0.397374825611144
0.7839821495979902	0.5343507418138818	0.28553071527704577	0.23057816326436265	0.3822889269960213
0.7801255272651193	0.537857733186645	0.28929094114867615	0.22734731079205361	0.38125335630710655
0.7812896276136894	0.547653329413062	0.29992416921721177	0.2348868741452389	0.38765754729967333
0.7813546960944231	0.5353316645820179	0.2865799911041541	0.2295667056177716	0.3797991991089522
0.7739600541292442	0.5507815324773445	0.30336029651809215	0.228636456125475	0.38819273944103455
0.7762925134923944	0.5395863424493332	0.2911534209578491	0.2251315784578175	0.38386057247022887
