r2	rmse	mse	oob	mae
0.8111015102009222	0.5047504486679387	0.2547730154304854	0.18537611342866678	0.3353298244332998
0.8120860530977883	0.4970947726990987	0.2471032130447686	0.18692305146578536	0.3373698333912887
0.8085417138592635	0.4975284821234623	0.2475345905240763	0.18271221170231144	0.3316679419219801
0.8191854300076297	0.48893582498013444	0.23905824094900466	0.1831731781807523	0.32425038670635853
0.808355151969178	0.4948834106325224	0.2449095901192778	0.18426785874802132	0.32982402865539573
0.8237650282431204	0.48759642413771803	0.23775027283188943	0.1905220590547677	0.3282209376291133
0.8139281058498279	0.49270302941208916	0.24275627519185	0.1895430812358686	0.33338940401566963
0.8115571036621292	0.4966960850210924	0.24670700087528027	0.18495255501536745	0.3334145154386738
0.8175387544593776	0.49976178520126774	0.2497618419475581	0.18604732127881862	0.3322199050245405
0.8183217543950388	0.500051244920379	0.25005124754642083	0.19270489783237021	0.3322197281832625
0.8185428061738698	0.48262864810629924	0.23293041197291403	0.18457732787950043	0.3224201430191222
0.8113982203289025	0.5025463217513628	0.2525528055058243	0.1883737856744545	0.3398556287863562
0.8142768401863072	0.49026792857689805	0.24036264179108238	0.1853993850944735	0.33219013950076526
0.8103489204858327	0.4971857633642486	0.24719368329209057	0.18658895956024935	0.3351191306629169
0.810216017834064	0.5005514931846965	0.2505517973294293	0.18681029976755603	0.3355631803170099
0.8132025950053002	0.49845897715848364	0.2484613519098817	0.1841746095329222	0.33439344182203073
0.8170565351021866	0.4954398521593124	0.24546064710764134	0.18732014029490263	0.3310874326563919
0.8176118108559599	0.4913898854449885	0.24146401951763893	0.1902818785846715	0.33426119027158113
0.8227552005419412	0.4770587698788008	0.2275850699182746	0.1894210747347259	0.3220448764353312
0.8129031887177631	0.4980808461370443	0.24808452928859398	0.18462664854003175	0.3311780689969994
0.8118679973133356	0.4983693933389642	0.24837205221704722	0.18679854207615199	0.33644699748405393
0.8147922303043245	0.5022736884849998	0.25227885814432655	0.18828700170890467	0.3345568498686404
0.8211276247447971	0.4846838501546892	0.23491843460077322	0.19057599867267672	0.32646968223281503
0.8163444305658047	0.4923714337191163	0.24242962874261811	0.18451867631601326	0.32991085410051
0.8241083462626434	0.48292950768748305	0.23322090939527473	0.18688111400934748	0.3266267004594686
