r2	rmse	mse	oob	mae
0.7219490455536463	0.608899344797214	0.3707584120944764	0.29132934494560914	0.44639240119513357
0.7186439123686384	0.6179026832731053	0.3818037259961034	0.292908291194936	0.45430682196372796
0.7055379087339917	0.620465425577193	0.3849773443366872	0.28172866692644505	0.4515854719770785
0.7154285406618484	0.6164262143637081	0.3799812777547723	0.28938691560565055	0.45358595244304684
0.7025796724691347	0.6314774381604454	0.39876375490567917	0.28770182373666997	0.4591432738605318
0.7062042833711886	0.6240360648369742	0.3894210102172162	0.2882687580947315	0.4581323431398774
0.7102001583059732	0.6324533745620335	0.39999727099490384	0.29127565124754695	0.4581422558017321
0.7159306669093555	0.6177106742772088	0.381566477116004	0.2908417472107254	0.45616832863708645
0.7071460511682963	0.6242373146098695	0.3896722249513412	0.2970011986747223	0.4570637933214061
0.7054288600206347	0.634141745954869	0.40213575396268963	0.2977121946247191	0.46606544700915536
0.7064236221718556	0.6291332193650152	0.39580860770858833	0.2901974391229901	0.4588468231875084
0.7069729587769884	0.6222601594744476	0.3872077060691649	0.28714498090765617	0.4550220325407737
0.7137101746107516	0.6168648351641625	0.38052222486210935	0.29204047337884753	0.45191198003016203
0.7117665578163257	0.6235539830646085	0.3888195697957381	0.2948637954316069	0.4569783988053386
0.7080453674563738	0.6221917384355381	0.38712255937743706	0.2882878866362665	0.4545464667328554
0.7098515784219281	0.6292397776449821	0.3959426977707065	0.2963979673872068	0.46082566319286256
0.7136715398932638	0.6195843945310618	0.3838848219464225	0.29154743952608286	0.45493378117299743
0.7100172811788543	0.6185726999413212	0.3826321851126958	0.2932564740241299	0.4546856680763221
0.7114360473172145	0.6181670002878509	0.3821304402448798	0.2865344280648138	0.45120915473641415
0.7166031863023812	0.6111646479017958	0.3735222268449261	0.28812606805953245	0.45008322505718
0.7141020068117732	0.6175080974524916	0.3813162504193959	0.2868718977887288	0.4503405941837751
0.7102004490776967	0.6222596628179005	0.3872070879702471	0.2858450043474128	0.45456618429230616
0.7124300201045088	0.6200631694380162	0.38447833409351806	0.28676414578013687	0.45169654677499765
0.7061681388249998	0.6147841629613935	0.3779595670281412	0.28393027277389815	0.4510765826084468
0.7139610828054745	0.6168113520143531	0.38045624397377426	0.29225502428984573	0.4512774825421427
