r2	rmse	mse	oob	mae
0.7676700007434867	0.5608176035425056	0.3145163844431591	0.22389081948085787	0.39446286300552225
0.7720191752307842	0.553832876769987	0.30673085539131967	0.22472817025378844	0.39376298310481744
0.7768202652144532	0.5401971100166354	0.2918129176703249	0.22503941481836343	0.38288548411205897
0.7710565307276573	0.547649859207163	0.29992036828962554	0.22667348994373138	0.38432812553561185
0.7762037005418543	0.5443924269092824	0.2963631144761783	0.22425276410136774	0.3843910247293252
0.7662152541915327	0.5575302095343769	0.3108399345434463	0.2255137706950977	0.39185636338777524
0.7782056800928033	0.5427532015085699	0.2945810377478023	0.22781957662514396	0.3811162413123545
0.7806187394474092	0.5446738598534616	0.2966696136076683	0.22416731358687225	0.3848075267549529
0.7685502868915264	0.5587430139979408	0.3121937556915031	0.22108051159412279	0.38978654846246474
0.7756237513700351	0.5521143858396657	0.30483029505111126	0.22727986631438624	0.38870323236238347
0.7738026975614422	0.5479370563678282	0.3002350177410405	0.22784665325857079	0.38467742659321635
0.7767936613983311	0.5529581699131816	0.30576273767373496	0.22452414791630293	0.38623746220824257
0.7691662726285886	0.5525274411069476	0.3052865731761915	0.2245622762402677	0.390321865187512
0.7733188361037291	0.5497672189611126	0.30224399504423594	0.22249465104101385	0.38835779036335194
0.7693864113381809	0.5541114650848787	0.30703951573851074	0.2265860865574879	0.3851413406813997
0.7640200110999937	0.5547195120975772	0.3077137371017741	0.21943963927634713	0.3910690748093072
0.7738017965200822	0.5535426884618772	0.30640950794960276	0.2261143187746808	0.390573273113255
0.7852681212290897	0.53756524837311	0.28897639625844346	0.22770780163273052	0.3824232066427649
0.7771308451908145	0.5502340161187514	0.30275747249417045	0.2288170707266537	0.3908144627765702
0.7899186051411902	0.5326991138764144	0.2837683459247171	0.22700885519845782	0.37827290949299525
0.7733160311751108	0.5518318461950611	0.3045183864750496	0.22244217370999464	0.38610651424559256
0.7661341063095198	0.5584079740878418	0.31181946552488776	0.22627805582978044	0.39446527849623547
0.7809093153507715	0.5430042716611325	0.29485363904223705	0.2288958029517183	0.38375049196955485
0.7751654083560238	0.5399770911408518	0.2915752589569358	0.22573248951733516	0.3834308846914073
0.7774847521919278	0.5492297263890941	0.30165329234943916	0.22811077615758968	0.3874557492116915
