r2	rmse	mse	oob	mae
0.7843380676271181	0.535723041783722	0.2869991774980035	0.21257779214538342	0.36966259382973915
0.7918252058412898	0.5293178853793533	0.2801774237824702	0.21739585920499283	0.3688086810766478
0.7859727251434137	0.5335382168067336	0.2846630287933091	0.21531348771148662	0.37398128647439505
0.7871849352911668	0.5298165572862077	0.28070558437460935	0.2181240037176687	0.3727091836350845
0.7919056422823141	0.5216498150934987	0.2721185295870814	0.21525969327642025	0.3683349354487571
0.7928234275866621	0.5261159874314082	0.27679803223092564	0.2128683730684593	0.3667700276351532
0.777803403249871	0.5421942065744676	0.2939745576429164	0.2084101515682395	0.37564330035505694
0.7805172371116765	0.5377134844662241	0.2891357913768083	0.2115643812510113	0.3738653489420426
0.7894125827337364	0.5362822470996104	0.2875986485542075	0.21934537241551366	0.37831574227266895
0.7884858667533337	0.5324998407468147	0.283556080395383	0.21726785252164027	0.36866610006061207
0.7799569408368389	0.5413382855668902	0.29304713942050004	0.2136519580447096	0.3762823740988021
0.7835935445697467	0.5429457002417654	0.2947900334110209	0.2134884669522834	0.37823889033664676
0.795601099275416	0.5235044857564033	0.2740569466070763	0.2204311683156681	0.36947012971514637
0.7792373967895725	0.541112679254399	0.2928029316498741	0.21332780303032017	0.37418235653597665
0.785701933230005	0.5424143470809395	0.2942133239192419	0.21157291795424416	0.37662813163122844
0.7913986851344497	0.527637133385799	0.27840094452758346	0.2161581952239865	0.3704043622883844
0.7843928067366506	0.5305371045332246	0.2814696192864976	0.2134586969267852	0.37367174703061684
0.7847020063085224	0.5310392984299748	0.28200273647699986	0.21371324310346151	0.3715342386069205
0.7852370918813709	0.5368179285712921	0.2881734884355729	0.21721175365260958	0.3726305905120391
0.7832032760509848	0.544055807386856	0.2959967215513638	0.21444382289811004	0.37923839453572195
0.7799590405117209	0.5422677900629351	0.29405435613973946	0.20883717961841541	0.3765898065314011
0.797584515168452	0.5181803255473362	0.26851084978434325	0.21649058870759763	0.3660658647398509
0.7894460775309864	0.5250334007849488	0.2756600719398087	0.21327598653131408	0.3669906128322125
0.7857893738745255	0.5339547816653061	0.28510770886324466	0.21407536872517263	0.3730753825724508
0.7811445037845293	0.5417304888837874	0.2934719225862673	0.21564983494707957	0.3813483464628658
