r2	rmse	mse	oob	mae
0.8156244592154165	0.49381306143074033	0.24385133963960012	0.18652082073127663	0.3299566074942566
0.8171628196953197	0.49114386187644865	0.24122229305891207	0.18796155596186326	0.32974393102301375
0.819458019790962	0.492548867417431	0.24260438679419402	0.18808497727817386	0.32962077428857295
0.8095832119539212	0.5013437243379554	0.2513455299330518	0.18119736762389127	0.33405983432874525
0.8211327759100162	0.4921966077435943	0.24225750067430166	0.1849577531728025	0.3296097093831184
0.8196868347928545	0.4827569516006881	0.2330542743187891	0.18400818185249712	0.32488553670443304
0.8232249081344291	0.47833140518525064	0.2288009331864964	0.18973743758265482	0.3301496870399606
0.8167495792781103	0.4898055884723859	0.23990951449878029	0.18966162397587716	0.33227775431787765
0.8113446500381605	0.5022288818754803	0.25223384978989516	0.18633032126649007	0.3363367555329765
0.8208453118059333	0.49418707558351954	0.24422086567379128	0.18973572404519512	0.3305005294551045
0.8078463265370188	0.5027195170184582	0.2527269127912719	0.1878350385742964	0.3367470831424851
0.8202848040491648	0.492434940908792	0.24249217102784545	0.18699714940352608	0.3318460631456346
0.8081515412668577	0.5026020372845191	0.2526088078825492	0.1870819371942184	0.3391686824390783
0.8117966283133744	0.5030131902062138	0.2530222695214327	0.1859217252819778	0.33645339562962256
0.8111311814028253	0.5022275161563975	0.25223247798462445	0.18541183781314885	0.3323925967712299
0.8156714422127058	0.49062578553428166	0.24071366143113093	0.1854352380111408	0.3301579521488246
0.8156330332295519	0.4930767231271016	0.24312465488976043	0.18449880821424203	0.33282320023393397
0.8191742222952362	0.48138980532430325	0.2317361446701706	0.18380817961540052	0.32473596839722196
0.816673022301307	0.49221080976622567	0.24227148125072356	0.18773786090502886	0.33186410108149966
0.8210762910767235	0.48284059048358413	0.23313503581853617	0.18811809064134166	0.3283511242769969
0.8144927977417015	0.4952892567695802	0.24531144787136314	0.18430868048441562	0.3321084834535339
0.8197159812810615	0.49220893170949476	0.2422696324546021	0.18833308796811643	0.3302997531124129
0.8173620667577468	0.49242620481285637	0.2424835671863932	0.18856897904403291	0.33064159804482895
0.8204983562836881	0.4869121899839638	0.23708348075497965	0.18871226193048518	0.32923458841293196
0.8125516525431606	0.5027976287822644	0.2528054555090678	0.1864172544210685	0.3351036074892749
