r2	rmse	mse	oob	mae
0.23121058610813594	1.0141132788541976	1.0284257423484113	0.7719103562807829	0.7850621730690028
0.21342816998388203	1.0381431611999143	1.0777412231461514	0.7819488236837425	0.8017662556404015
0.2170545011119318	1.0332847073893778	1.0676772865247521	0.7875337703638842	0.8086741580687661
0.2200369226155241	1.02059115482809	1.0416063053133342	0.7721973694812322	0.7959675051236818
0.23727158717529606	1.0183949951917	1.0371283662315027	0.7643543802271939	0.7925302033731305
0.20172749425778913	1.0294492211985466	1.0597656990262943	0.7882374757436255	0.7996924314506497
0.2285635586592074	1.0156224005433863	1.0314888604855104	0.7768910386800054	0.7905957266842901
0.23643691633639918	1.000038961725933	1.0000779249698823	0.7605201521029181	0.780376081768576
0.21239701873048267	1.0189057183513708	1.038168862889123	0.7891492173358534	0.7957688194903167
0.22302974111968588	1.0188995216459973	1.0381562352104419	0.7796825802549209	0.7913735243308152
0.2141218697016788	1.023594932831072	1.047746586517447	0.7901559017808372	0.7930442915932413
0.2267380867794213	1.0084040280001603	1.016878683686948	0.7711638097093754	0.7871291211833032
0.2346399656224335	1.0177006807726692	1.0357146756451545	0.7664256321588916	0.7926780382307949
0.2186434145479168	1.050672441335098	1.1039125789810553	0.7873836361305592	0.8257677372150912
0.2355958056394445	1.0205904569774786	1.0416048808734988	0.7704253436973462	0.7969353476282444
0.19318971686408026	1.0532926544410468	1.1094254158994665	0.8104070306390271	0.8201319614901207
0.23316580693350086	1.0158423173604922	1.0319356137403348	0.775661566219648	0.7927923993265213
0.19459240634316122	1.0402300411198067	1.0820785384481149	0.7966756501497386	0.8164707051640584
0.2202688418942652	1.0136083346281577	1.0274018560276674	0.7903742996518852	0.7910010485665122
0.20607622866356867	1.02816191246969	1.0571169182533302	0.7942334251283133	0.7997374071273642
0.2003186474871017	1.0292606863609362	1.0593775604881852	0.7985603600791585	0.8058430442980307
0.2272077486282289	1.0069803053631916	1.0140093353893465	0.7688178661547004	0.7836520695521696
0.2334495466037838	0.9988335267393178	0.9976684141385034	0.7581109160530729	0.7770715235047359
0.2225308462305985	1.0116761745683847	1.0234886821893205	0.779200602042942	0.7934291697781614
0.23995279993730056	1.0030826677509694	1.0061748383424016	0.7625271545356517	0.7822954841778975
