r2	rmse	mse	oob	mae
0.8048757969139488	0.5116476509362481	0.2617833187085808	0.19643393240103957	0.34907239520517547
0.8026747008818945	0.519079120577007	0.269443133418999	0.19060713837723497	0.3471176197022716
0.8056430790295315	0.5107501207741482	0.2608656858708069	0.1949178921073338	0.35015923616808386
0.8170473389528032	0.49990285320067035	0.24990286263817096	0.19659530064051423	0.3461025378133262
0.7989346529516979	0.5186569470879765	0.26900502876262006	0.19387782612805915	0.3523731884467817
0.804144110615471	0.5101560518804376	0.26025919727023566	0.1938261162257009	0.3484427016128472
0.8128243423756267	0.49840130097291724	0.24840385681149643	0.1936619682524673	0.33964351466818987
0.8083736090460499	0.5021371892091842	0.2521417567869	0.19665203793051333	0.34449868504633463
0.7957913073448036	0.5225493968947059	0.27305787219502087	0.18830972223502063	0.3507407869697399
0.8046495772383555	0.50862737673487	0.25870180836419543	0.1912204363338027	0.3433178159505256
0.8082863902800181	0.5039991381289255	0.2540151312346997	0.19648866528713538	0.34379769559242646
0.8100658136371088	0.4952915339629154	0.24531370361533777	0.19380543211629442	0.34086053898510404
0.7982127334095651	0.5188689276918813	0.2692249641241228	0.19276038899484071	0.349759167313826
0.8007053933369543	0.5094962347097377	0.2595864131834001	0.19503076644354855	0.35039678247135003
0.8054057677855335	0.5037702440901667	0.25378445883066614	0.1940661623423241	0.34129255168914324
0.8011543833140777	0.5201074527907794	0.2705117624485129	0.1943134063035291	0.35003550382128784
0.7917203501094949	0.5294129302834053	0.2802780507512617	0.190312197849258	0.35445168210438355
0.8150321025114811	0.495748400266949	0.24576647636723906	0.19770407613084384	0.3393880982805963
0.8062554082056403	0.5126844755936635	0.26284537151474974	0.193017371749731	0.344521793590262
0.8202075165007052	0.49165452566880163	0.24172417261061432	0.20027132387001267	0.33625013742626114
0.8024837369696444	0.5082528691300741	0.2583209789789522	0.19387295935329307	0.34620420646107536
0.8176045523675126	0.4861727317751401	0.23636392512170232	0.19786159209568055	0.33725076187257735
0.8134389605538231	0.500152924064481	0.25015294745025046	0.19896970447622042	0.3425325570311758
0.8096554985377963	0.5028998010022244	0.2529082098480769	0.19689514568963307	0.3457729910608462
0.7998220036745685	0.5116010487376674	0.26173563306948117	0.18898026021234948	0.3419571543246748
