r2	rmse	mse	oob	mae
0.8126717234419499	0.49348437366035275	0.24352682704695067	0.18941295876168363	0.33346821992990244
0.8096475507289796	0.5055776264971029	0.25560873641444415	0.19111944160566252	0.3381803816647353
0.8154424671716483	0.4944127689753487	0.24444398612587154	0.19185921398175676	0.3365386109972869
0.8134909384233423	0.5011588931769183	0.25116023621031386	0.1908606230087302	0.33632299000256655
0.8076868153510368	0.5004046145997236	0.2504047783126979	0.1874884868215958	0.3375506025276822
0.8149526370667927	0.4988303472608711	0.24883171534840126	0.19055774448616403	0.33673491509960585
0.8120824221237031	0.5013834219236607	0.25138533577987954	0.1923120713126475	0.33599609127232766
0.8054580443400589	0.5040308369076587	0.2540470845538349	0.18782859563072485	0.3404186270403493
0.8150582004409307	0.4983095920582554	0.24831244953726495	0.1878626768598589	0.3370428708926215
0.8153243964345692	0.49975188585846986	0.24975194741909706	0.18811893340881203	0.33730256532246217
0.8098622202210678	0.5010662451862568	0.25106738206505397	0.18564000334019792	0.339181031782023
0.8097649310638082	0.5096816383265085	0.25977537244719384	0.19060089925319934	0.3417415324235819
0.8072326502706919	0.5045760718194258	0.25459701225272235	0.1855153801314341	0.34076710700368806
0.8171719222513758	0.48916519463709884	0.23928258764435079	0.19402941267374307	0.3333932212102007
0.8116006879193743	0.4994188034815323	0.24941914127092538	0.18858652913698115	0.3367528522186928
0.8184996389530262	0.4958248493607786	0.24584228124363877	0.19068897290695075	0.3347973856341166
0.8164519256598117	0.4962260313177807	0.24624027415739508	0.19056497816021367	0.33515091151867327
0.8155209454034387	0.4952683413164114	0.2452907299103094	0.1880286023295299	0.3349898828161152
0.816284767227279	0.49415604401248586	0.24419019583406984	0.1848289678453573	0.3358772698327248
0.8123374129545244	0.4950763750643532	0.24510061714686013	0.18795361588987702	0.3343712373744666
0.814657184504308	0.4992700384441114	0.24927057128798444	0.1909093860143547	0.33643302414695136
0.8231115770190575	0.4890900009351277	0.23920902901472324	0.1942628121277683	0.33527216820662936
0.8127694923462172	0.49686215865789907	0.24687200470618725	0.19069249382593823	0.33614488867151393
0.8087377453952914	0.5113331634417883	0.2614616040353865	0.19026408237539183	0.34029939810648163
0.8219512179743311	0.4869124645442076	0.2370837481285142	0.19038112130494456	0.33176541863663034
