r2	rmse	mse	oob	mae
0.7817464326666024	0.5311308568957777	0.28209998714684303	0.2142671201028422	0.3713610762943169
0.7832109117767152	0.5402830493233641	0.29190577338615276	0.21517304620399702	0.3753166116298758
0.7673849403968402	0.55495704108691	0.30797731745193835	0.21057839960999047	0.3774882684635824
0.792762412681715	0.5248826962147568	0.27550184478567263	0.21590783656008017	0.36606584775510465
0.7958043451471947	0.522932865425611	0.27345878174224025	0.21761710387032485	0.3655317312673956
0.7879741737006403	0.5439091816056225	0.2958371978348981	0.21410857680787876	0.3736275247491736
0.7881036619827936	0.5406953853638111	0.29235149975372016	0.217913522621633	0.37870336221584583
0.7874392060636917	0.5241725687182542	0.274756881796693	0.2154192114240283	0.3659937459683388
0.7893214523494223	0.5305098406668192	0.28144069104433383	0.2146167937885587	0.3721731631838477
0.7966900653163798	0.5169890899522774	0.26727771912968395	0.2156590658469768	0.3627380237865738
0.7881601320519072	0.5356028968307502	0.28687046309349135	0.21447210742996325	0.3719175189420459
0.7765966139328329	0.5413227582833073	0.2930303286354479	0.21142434535735322	0.37554375718898836
0.7792788673688555	0.5415669943511474	0.29329480937053576	0.21533874726584468	0.3749212462124397
0.7777755538999607	0.545011938902642	0.2970380135464172	0.21007752529589419	0.3766091208716878
0.7798208838993652	0.5411580334328234	0.2928520171488808	0.21045638462697758	0.37721742204549424
0.7831453263357542	0.5330889406136063	0.28418381860453706	0.21588872439550244	0.371275761514827
0.7935438791619236	0.5186779790827609	0.26902684598537696	0.21421295112960936	0.3655304702764702
0.7866237548021149	0.5351579690194167	0.28639405180498695	0.21186456850015967	0.3713723373527171
0.7859094397849675	0.5339747904010811	0.2851290767838785	0.21611272657514546	0.36909137662143254
0.7911147414308469	0.5289906617467423	0.27983112021525625	0.21729013844810097	0.3714159958341056
0.784051424431889	0.5450561921037579	0.29708625255064863	0.21433798075428245	0.3782602929967138
0.7840755665232618	0.5406847021238832	0.29233994711079225	0.21148179908374942	0.3749534239900755
0.7829976493764841	0.5377671368878489	0.28919349351655443	0.2109275075045891	0.3733054703544397
0.792808588040348	0.5243342918383361	0.2749264495976095	0.21503398465052137	0.3649574055683624
0.7869405563967369	0.5325067155464902	0.2835634021021106	0.21285189680571015	0.3692924546372879
