r2	rmse	mse	oob	mae
0.570372284623021	0.7611675506921153	0.5793760402266338	2.8144028027469523	0.4940874646130182
0.5684541274880002	0.7630282184253291	0.5822120621133318	2.8544299693619872	0.504819690585722
0.5424357675581739	0.7865380602000189	0.6186421201432085	2.879497787720262	0.5119774878206075
0.5176594245606929	0.8061424869906761	0.6498657093315124	2.870139087229447	0.5323135716611991
0.5224074006067482	0.7895568046235164	0.6233999477272977	2.7872781919400373	0.5126205959424188
0.5778899397769759	0.7495440536502908	0.56181628836251	2.8268599624946287	0.4951759256171704
0.6051719180011896	0.7316370477539499	0.5352927696461156	2.8385539399106214	0.47661716096695905
0.5201471953793606	0.8004678406468259	0.6407487639097922	2.7839343278054227	0.5203921201677084
0.5424165709954905	0.7726137646531337	0.5969320293314878	2.8160331602876014	0.5106106394472995
0.5450956507515472	0.7717445135624863	0.5955895942137985	2.8425100322334855	0.5043678321781361
0.5791370332458173	0.7412305443947219	0.5494227199436957	2.7903678238708314	0.4898435735355076
0.5471129607642482	0.7794177374796909	0.6074920094979603	2.8413679926979687	0.5055298125339885
0.5217407129519012	0.8071739880317333	0.6515298469550529	2.879552473076223	0.5273284178517191
0.507638215745681	0.8088842485749825	0.6542937275927142	2.8954254433365656	0.5254389103081172
0.5218362114428129	0.7980919093973017	0.6369506958454308	2.801846848671696	0.5202884129513117
0.6114777194934695	0.7269735998168324	0.528490614830644	2.8391357531516617	0.46549119358025887
0.5624886906655534	0.7607062865457407	0.5786740543902106	2.8230641473810842	0.5005795849749669
0.5366661541085496	0.7863421474698438	0.6183339728874856	2.816380135841213	0.5108299619447483
0.5642803269876586	0.7512444243113988	0.564368185058965	2.8069979915199235	0.48374937078083446
0.5964782372570842	0.7449146773326151	0.554897876505554	2.824647634155148	0.4839897200503682
0.5619017299024347	0.758269558089647	0.5749727227254685	2.8365066562673507	0.48787577779685026
0.5748095825252295	0.7499938046521272	0.5624907070165731	2.792398181337672	0.487794539022645
0.5889339592513019	0.7342427173436077	0.539112367972125	2.8098439706067926	0.4730711161816439
0.49303361931336054	0.8206422402171175	0.6734536864285692	2.834658583165493	0.5504151746975146
0.5756296617734596	0.7604014994390196	0.5782104403491093	2.8121258267541163	0.4841162147670107
