r2	rmse	mse	oob	mae
0.6048338740370688	0.7218774810674893	0.5211070976723434	2.8560650294202734	0.4725708300650014
0.5495096164798288	0.7648532179584374	0.5850004450213769	2.810877192145092	0.4997068420292672
0.5557767723899545	0.7703086260094103	0.5933753793045056	2.80732596001441	0.5001064074512708
0.5971985994002408	0.7314446200889065	0.5350112322570049	2.789484569298071	0.4745607148071792
0.5222908506246046	0.789841641503408	0.623849818652798	2.809967047319051	0.5193858578975385
0.5423748318573651	0.7739427922006767	0.5989874455993799	2.7930558027703336	0.5123324623363738
0.5309173357848123	0.7886853912401836	0.6220246463556814	2.847289675754735	0.5283439475157871
0.583668431661182	0.7494194664954265	0.5616295367622897	2.8180257869891108	0.49600643232879293
0.5474185408886925	0.768769774013754	0.5910069654371584	2.8257877657730646	0.5080490184151167
0.5638726759633826	0.76582598452368	0.5864894385716638	2.810723539460527	0.49402495332694496
0.5511412575686316	0.7848218669472219	0.6159453628385229	2.8541930078852484	0.5072668888272824
0.5556290111913986	0.7623508886835629	0.5811788774766181	2.8022750277572834	0.5030999974186758
0.6106073056920549	0.7218135409097539	0.521014787840677	2.8189922162167544	0.4772678026204963
0.5630044524635114	0.7565103463425245	0.5723079041232862	2.8381466099454657	0.4925019714758943
0.4783598963013129	0.8324817951814188	0.6930259393084779	2.868658746656148	0.5523541050216463
0.545355148581144	0.7737354749465136	0.598666585190707	2.827030824452942	0.5026323648381723
0.5958477460049902	0.7353180026885296	0.5406925650778485	2.7809717483414107	0.47849072209780746
0.505399738506828	0.8174758236154374	0.6682667221957376	2.8535361887579	0.5356030875263478
0.5365076376809564	0.7773442443593719	0.6042640742386429	2.778047035610142	0.5086488053989768
0.5650217816316638	0.7594535275369944	0.5767696604883843	2.824455417145724	0.5008921180439022
0.5535117535616694	0.7767499081288111	0.6033404197781164	2.8285032140885003	0.5069444850769819
0.5607352759277027	0.7601673495618017	0.5778543993398143	2.8065896070656176	0.4881560831949094
0.609930944983968	0.722058537582891	0.5213685316963432	2.830303430007006	0.47275548170157006
0.6114437622704805	0.7099226768141726	0.5039902070550003	2.8144791078503473	0.46634321593732125
0.5757963466132783	0.7501088392368581	0.5626632707012666	2.8403955539746377	0.4947269899110432
