r2	rmse	mse	oob	mae
0.5855689142737375	0.7424344133367654	0.5512088581067071	2.7898568130775563	0.4772781702287521
0.5030594600223737	0.8110693693057788	0.6578335218260737	2.861476491819514	0.5299143395654319
0.5626944573619983	0.7724525847417586	0.5966829956742237	2.8643234627035934	0.4991502808284543
0.5678261681577674	0.7717817126616199	0.5956470119989031	2.8706769284933937	0.5085943321422829
0.5552819005994742	0.7735285687773771	0.5983464467147773	2.8452376775633095	0.4949685967538453
0.5649374578147537	0.7762304793663674	0.6025337570973405	2.8360114339744555	0.504279058393875
0.5149502646324821	0.7995999764562679	0.6393601223488642	2.7948337172103606	0.5235705086955368
0.5370538270523117	0.7964317450917492	0.634303524589889	2.8831812825940966	0.5191176142367262
0.5532909291414984	0.7749879033438778	0.6006062503293397	2.8446407174013433	0.5052791995388871
0.5861456943525243	0.7444090240772117	0.5541447951275867	2.824557174258648	0.4844601009327594
0.5467613277351073	0.7838053602970158	0.6143508428303347	2.828450479658918	0.5095573229362894
0.5798010856501075	0.758774202483821	0.5757382903549586	2.864746026335127	0.49245416298349637
0.5735404930769092	0.7515873829759246	0.5648835942485992	2.810008644450593	0.48977715673740313
0.5891060900551808	0.7301457471324035	0.5331128120555358	2.8067439401090453	0.4725280811371858
0.4966050130569841	0.8219914057548006	0.6756698711347532	2.8771197852196413	0.538162717235743
0.5405384638727633	0.7780088144058157	0.6052977152931429	2.833349693110211	0.5101086186960926
0.5750391211646853	0.7581873368869261	0.5748480378156892	2.8389891628916635	0.49775136215039895
0.5817766071780295	0.7466889013193411	0.5575443153534846	2.813679861999584	0.4794033059498986
0.5520598364720828	0.7730825979941297	0.5976567033213532	2.8143852468121136	0.5115258450843851
0.5110213963260308	0.8008595621433784	0.6413760382764837	2.824986406524179	0.5423964061644746
0.5620166776768174	0.7569558528221974	0.5729821631217801	2.860558868426329	0.4911729552419462
0.6288977085278117	0.7106093927510984	0.5049657090660847	2.7856121782072427	0.4566038468152797
0.4801027970928434	0.8254938803232131	0.6814401464510753	2.868657187505116	0.5476221910204491
0.5873765968457081	0.7320051594217322	0.5358315534200355	2.8285828695543676	0.4751889038399127
0.5708747048787027	0.7497519879666641	0.5621280434599648	2.8347985720801505	0.4833592366642159
