r2	rmse	mse	oob	mae
0.8182459245862437	0.4945283372177239	0.24455827631132682	0.18818036791860393	0.33436960777766517
0.8137819993252375	0.4938031807849491	0.24384158135333311	0.1817211791164055	0.33053574046013023
0.8116777783275984	0.5018142092394844	0.25181750059464897	0.18739120377112095	0.33173068866361316
0.8159938203743735	0.507846610272314	0.2579081795650796	0.18636359599200014	0.3398397257096465
0.8101791618360343	0.4944114112774245	0.2444426436013346	0.18342046605286078	0.33117262110929985
0.8153802936744972	0.4918231115032213	0.24188997300871004	0.18764628198231215	0.3264918399167868
0.8132495947440791	0.4967201647179081	0.24673092203738572	0.18580106885829883	0.3319811172893661
0.8158892543903191	0.5029308226562713	0.25293941237771383	0.18803982696712374	0.3361043051251308
0.8222023025356697	0.49353589472379567	0.2435776793808175	0.19150030080511504	0.336476947474188
0.816588667978885	0.4967638504357308	0.2467743230997331	0.18670807937733946	0.3353282125787892
0.8257813105114746	0.4856671584018937	0.2358725887501701	0.1925049243703476	0.3264640997012197
0.8139174560965265	0.49876084532961784	0.248762380833915	0.18850548834821268	0.33486945280308833
0.8187594605833568	0.48839961738249826	0.2385341862593707	0.18953981995227787	0.33023313433903895
0.8102292981792193	0.5042639980744789	0.254282179754058	0.18759676602380548	0.33617298143197766
0.8219042337732652	0.4848993687461855	0.2351273978104492	0.18553771691774545	0.3290833570965258
0.8236561148130569	0.48091359184457005	0.23127788282084574	0.1876760000504818	0.32344442773684334
0.8071135639889717	0.513313717525272	0.26349097259961474	0.18516723290153303	0.3425334421411067
0.8164055114193087	0.4978733205802969	0.24787784334565108	0.18667522768106726	0.3323483185351486
0.8119444052939494	0.49508699028771974	0.2451111279521527	0.18393627356346087	0.33351866886945086
0.8165061439570522	0.4931501603496259	0.24319708065286172	0.18542875352026666	0.3320972655478083
0.8112779946945436	0.5037336276421844	0.2537475676175549	0.18746840296795364	0.3353917458778763
0.8121263382656908	0.5032659297138591	0.253276596010755	0.18338802516969976	0.33672295399942354
0.808404601785396	0.5023225527449475	0.25232794699620054	0.18356011422181673	0.33686044859730696
0.8194784267427659	0.5019560578004085	0.2519598839625271	0.19172546691924697	0.339187806936738
0.8136059952837589	0.49951462716556105	0.24951486275234946	0.18581999948673433	0.3370773710099882
