r2	rmse	mse	oob	mae
0.44500977435009537	0.8691108538131774	0.7553536762158702	0.5633391862571249	0.6643673482921836
0.49162344132129177	0.8146042405690298	0.6635800687530458	0.5368424857781505	0.6254972206297511
0.47709954370988206	0.8318438373398397	0.6919641697202696	0.5412353447783816	0.6338615779173857
0.5168848735503853	0.7939512597280992	0.6303586028238357	0.505722574936298	0.6048736698862193
0.4633763767181053	0.8444727609930769	0.7131342440592703	0.5405742330077088	0.6447230783439719
0.4440890676307859	0.8727399450282971	0.7616750116479951	0.5664878374181901	0.6665330689888014
0.4663912044951348	0.8426174087506834	0.7100040975297162	0.5400253258619253	0.6458123367942157
0.44523668673417693	0.8691625874393112	0.7554436034041982	0.56763888126469	0.6658630686045416
0.5016575191780267	0.8112428303158784	0.658114929738917	0.5190626720725442	0.623881823496704
0.46216166302412953	0.854073966316653	0.7294423399398593	0.5467183462719112	0.6560371451719184
0.48980103977904477	0.8300200714337622	0.6889333189829078	0.5253984704900446	0.6334120573470262
0.4881339667762279	0.8244470106721135	0.679712873406184	0.5172376240217768	0.6230653854114365
0.48820621739764636	0.8234916659495269	0.6781385238883273	0.5395505507420786	0.6325957466587939
0.47862607903602217	0.8402488968695151	0.706018208690437	0.5488673078456832	0.6430336487890465
0.4775266305681959	0.8363668273921608	0.6995094699620286	0.545079530581609	0.6398815187763062
0.4511138311582821	0.8588851823036773	0.737683756380821	0.5645089446149686	0.6528198433104624
0.4709677042081418	0.838790316695767	0.703569195382585	0.5270934881555525	0.6355833166582705
0.48955761369908346	0.8140029268449236	0.662600764912102	0.5403354635197815	0.6292861154139934
0.47222209071949495	0.830927118405812	0.6904398761021863	0.5264154132570701	0.6336986751878286
0.5050188324322269	0.8094958002979247	0.6552834506999776	0.5142798747812906	0.6210757532278411
0.4856656134560734	0.8283544106211971	0.6861710295955907	0.5294875297905697	0.6387653105740172
0.4953725508017849	0.8111657337149014	0.6579898475532344	0.5229192163045228	0.6207776494360525
0.48976464242267415	0.8158549147810731	0.6656192419724319	0.5164019750059926	0.6209124597089134
0.4815633631164875	0.8137151616332785	0.6621323642718726	0.5324002202628709	0.6255765314514471
0.47449048018968487	0.8501815761688479	0.7228087124569467	0.5529210713317615	0.6528218128772234
