r2	rmse	mse	oob	mae
0.8030372250319445	0.5147240545238309	0.26494085230545156	0.22933412172369305	0.3513554807095253
0.8078862127677024	0.5046052492739069	0.25462645759478175	0.21872158470452774	0.34240176347703344
0.7961082037120663	0.5167459169547799	0.2670263426894363	0.2256046019867619	0.3480763539709613
0.8097196128751526	0.499343809267006	0.24934423985328405	0.23148972504025744	0.33931370355809254
0.797809746092342	0.5122083630614791	0.26235740719011996	0.21519520458232322	0.34072112016469985
0.8076713177216315	0.511528178895617	0.26166107780426634	0.22447977179518575	0.3455376877073044
0.8022847361468002	0.517720988492936	0.26803502192610273	0.2238881861921369	0.3459290396446486
0.8127396579187836	0.5024631737826974	0.25246924100778123	0.21710733954804529	0.33695681586773646
0.798212093560786	0.5198435292704716	0.2702372949243797	0.23214553844650854	0.3551457118428252
0.8047877152448779	0.5128719525407297	0.2630376397029405	0.22005934643316183	0.34469269238574923
0.8067282693159123	0.5068423577151913	0.2568891755742939	0.22812156717493426	0.34339011560313853
0.7885860031971295	0.525346068150519	0.27598849132120973	0.2125478959002134	0.34868702144938607
0.8075922043394551	0.5075845691486452	0.25764209483781586	0.2239374118430265	0.3424943199035725
0.801340619793856	0.5174612911805487	0.26776618787024065	0.2324311100367945	0.3532842738956014
0.7952893304004408	0.5279125351462406	0.27869164476453073	0.2329708500512766	0.35656456539577
0.8096310416520227	0.5061793192327602	0.2562175032189405	0.22250865005456277	0.3454548792711389
0.7985941383243687	0.5182124325739158	0.26854412527417526	0.22126058002555893	0.3542910369596296
0.7962481780160798	0.5258520576769172	0.2765203865630479	0.2311968848998024	0.3567537002626959
0.7986258910896823	0.5164793814783465	0.26675095149225536	0.215298707042211	0.3516238767472067
0.7999774053387719	0.5151756335048077	0.26540593335707996	0.22726331855261306	0.3471774211636888
0.8110264600085196	0.5017378702726266	0.25174089046571113	0.22541045066434606	0.34209755962065586
0.8097999106536051	0.5054246347823638	0.2554540614448858	0.21971865170262006	0.3428388608311555
0.8083762101481837	0.5088879302710195	0.25896692557552203	0.21809618036626943	0.3443613059754098
0.8029230591664778	0.5184166312372512	0.2687558035433802	0.22551029658842148	0.34553801712191257
0.8039955059911656	0.5158910255697018	0.26614355026335873	0.21579831255438364	0.3459852561861535
