r2	rmse	mse	oob	mae
0.8039155875939512	0.5137051175528791	0.2638929478000173	0.21052080019671915	0.3430250670600696
0.8133853915208116	0.497097846849013	0.24710626934192478	0.21780957392639066	0.3458844054390088
0.8122531773727626	0.4952293599507614	0.24525211895724078	0.2066810276465123	0.3390310357950578
0.8149313923716299	0.49815317353481037	0.2481565843028029	0.21126424179624403	0.3369729915602732
0.804863613495208	0.5156905519306978	0.2659367453505877	0.21340738492600475	0.34660403048413924
0.8015737400525704	0.5082399769019008	0.2583078741212447	0.2106622735208198	0.3430350235531939
0.80316741753152	0.515275741086198	0.26550908935193057	0.21130238439752003	0.34657953845330686
0.7953344710672978	0.5292094115704854	0.28006260129477945	0.20556799618114585	0.352292990819125
0.8133392413397561	0.5001965671896831	0.25019660582834313	0.21600453062806846	0.34363595929911633
0.7960017583770808	0.5203342227093026	0.2707477033224941	0.2067087196594689	0.3513129707661412
0.8118176445860221	0.4944080179173487	0.24443928818096136	0.2032206211663259	0.3364270730979208
0.8223396037908014	0.48974564897770384	0.23985080069259232	0.21135925056536087	0.33329186577460923
0.8066882735616127	0.5072917418783305	0.25734491137795074	0.21070269165391387	0.34534387608817596
0.8139904019829628	0.4975233506321394	0.24752948442423073	0.21543594915187236	0.3391614162744893
0.7980131781199034	0.5173209070037458	0.26762092082317823	0.2123381551337603	0.3489571885243518
0.803628938608508	0.5163820315606324	0.266650402518686	0.2091370049293826	0.34814986697578065
0.8132996436011224	0.4970396230701383	0.2470483869017052	0.20560307342092798	0.3420622262415024
0.8012911337388062	0.5181347727755138	0.26846364275913326	0.20340218389776643	0.3465040971485869
0.8060825361468351	0.5135307861196056	0.2637138682926201	0.20950659596457766	0.3429857193407278
0.8081457980016318	0.5088171194793235	0.2588948610752362	0.20993608825853982	0.34236262011724344
0.8136378545921572	0.5003393755635412	0.2503394907393144	0.21054098606317107	0.3394883967843674
0.8053819656354412	0.515088115091133	0.26531576630813625	0.21669141894557542	0.3469156676464283
0.8093123856481443	0.4999178853301561	0.2499178920729751	0.20760959405954738	0.34359544901559735
0.8017456787324644	0.5154987418127205	0.26573895281049786	0.21059061311293026	0.34611347187701946
0.8092324535499418	0.5011882117903234	0.25118962363758207	0.20818225579729754	0.34105869251301674
