r2	rmse	mse	oob	mae
0.8016321772592747	0.518237902789564	0.2685705238877256	0.21580972425900258	0.35658307795815153
0.8086077060865982	0.49885667360913194	0.248857980804368	0.20879794190320733	0.34083337956512305
0.7989288056328532	0.513688285084716	0.26387565423327647	0.20999987811687637	0.3504858938183816
0.8056228803322807	0.5066848970019082	0.2567295848498343	0.21590019741848177	0.34577712623004986
0.8129254017926635	0.4945650460507261	0.24459458477515683	0.2074109277836772	0.3383224114301831
0.7941021063995082	0.5246005011534283	0.2752056858104281	0.215214265808648	0.35655179554611455
0.8049718184586458	0.5154711356892672	0.2657104917287829	0.20716173003072136	0.34746121846450895
0.7982462197590393	0.5187022039005795	0.2690519763313184	0.2152207417143891	0.35180801782689475
0.8093599291704398	0.5065105612302337	0.25655294863776634	0.21032085008948997	0.34722582983723277
0.815641048107025	0.49058127354390096	0.2406699859519558	0.21787916234331006	0.3383324633543966
0.8055790783163943	0.5124205035446229	0.2625747724529249	0.21623722398753364	0.3522341241816871
0.7986041173346388	0.5171263472688407	0.26741965903961357	0.21312964507937615	0.3536381001652733
0.7998566964048928	0.5122494209699464	0.26239946928404534	0.21738550121403588	0.3484395919779668
0.7976581885718115	0.5151152244996748	0.2653436945113504	0.21250258599498395	0.3499916138407647
0.8012562821818202	0.5126686194828137	0.26282911340241405	0.2125221829549544	0.3510836498553824
0.7955384108040805	0.5201890814328262	0.2705966804419275	0.20599837878726157	0.35046969859043414
0.7999837154110145	0.5121518441227169	0.26229951143829966	0.21070055868105775	0.3499689771800013
0.80813403084502	0.5135869519189169	0.2637715571813639	0.21102148847845004	0.3488068396619824
0.8108669006593994	0.4993852200992689	0.24938559805359525	0.2172248648234847	0.3440589826685013
0.7961531261840326	0.522917102798581	0.2734422963992617	0.21485902914046628	0.35472011430425726
0.8055558748319052	0.5020077487358103	0.2520117797907965	0.21663466865982872	0.33955749658795364
0.7987084127020486	0.5139094922129416	0.2641029661865635	0.2107369990342809	0.34936676305448944
0.7999307819719899	0.512624328825421	0.26278370250371336	0.20455573275797145	0.3466242607992593
0.8100826692131015	0.5032330284854286	0.2532434809586162	0.21252292310324594	0.34731069733873665
0.8060011438529574	0.5066690333606039	0.25671350936656867	0.2148279505939943	0.3473892819306395
