r2	rmse	mse	oob	mae
0.8052877760998128	0.5183637466409757	0.2687009738316697	0.2089794507591589	0.3483952250857016
0.8031217162428376	0.5131448816422783	0.2633176695556678	0.20923550507420485	0.342237471727239
0.8149262065230374	0.49405680942192914	0.2440921309361764	0.2032078308632128	0.33445762718662014
0.8116412496065627	0.5009294283945099	0.2509302922316505	0.2089999838526695	0.3395428275937714
0.8133940202304409	0.4949486015698737	0.24497411819597356	0.2067973018887248	0.3362170575861331
0.8125820568766057	0.49588945766315795	0.24590635422146093	0.2111307207554527	0.3381602543503048
0.805244035957608	0.5056431137598861	0.2556749584927932	0.20107415986297505	0.3390655745224823
0.8098180408699196	0.5039846051564898	0.254000482234743	0.21291111876263125	0.3427010974505742
0.8148462124382967	0.49668015555476897	0.24669117692190948	0.21284182109551542	0.3391910929807923
0.8093169594410432	0.5035356881965558	0.25354818928757905	0.2147541710238654	0.3383359565820174
0.7936231192932011	0.5218911432523237	0.2723703654052175	0.2006779369369397	0.3463599033418372
0.8116954220726721	0.5043787575997914	0.2543979311179092	0.20740492661253318	0.3377721745808263
0.8123133662828561	0.5035345143293678	0.25354700712091227	0.20934573651396848	0.33907035259901774
0.8042925516871097	0.5144092561435901	0.26461688280620166	0.20496916887574057	0.34413922238103845
0.8047972922728992	0.51444342510863	0.26465203763749856	0.20764843888844553	0.34448757044966305
0.802565759925483	0.5134166524710361	0.26359665903456464	0.21829094628667522	0.34720497926401045
0.8073984778341949	0.5051145038618354	0.2551406620115882	0.2058786416518933	0.3389326052714313
0.809867033544486	0.5003234222080326	0.25032352680995723	0.20953062890941387	0.3348985704232794
0.807475756204945	0.5045856181381915	0.25460664603190075	0.21903219757286163	0.3425169168529797
0.8118729765646693	0.5012087655072142	0.2512102266212656	0.2074904896643086	0.3359530656470815
0.8132263659284547	0.4935194201312583	0.24356141804669348	0.2079883900395545	0.33456786300566393
0.8110300849464347	0.503163301717015	0.2531733081947678	0.2049133789263592	0.34107578166800745
0.8021994130997727	0.5145084893135351	0.264718985575696	0.20971651144792047	0.34553462381686934
0.8081015151044626	0.5100634698263753	0.2601647432513216	0.2114859013659125	0.3395322666414776
0.8083922349183024	0.5090735164210763	0.25915584512131984	0.20696399154570444	0.34382133217496885
