r2	rmse	mse	oob	mae
0.7153445199997402	0.6118704928974623	0.37438550007858346	0.29225928590369965	0.44799468191406117
0.7088727960075688	0.6285009494844654	0.39501344350287465	0.3217202660700288	0.46651468964303994
0.7012647047090612	0.6194539744527094	0.383723226465258	0.3030144543854002	0.4552577451839554
0.690055995431939	0.6342522367019434	0.4022758997614181	0.3008174053675359	0.46038051546353537
0.7066752649053637	0.6311803530351213	0.39838863805754043	0.3057569049665938	0.46201591155268373
0.7251145634576159	0.6091771444546744	0.37109679332595125	0.2982972937916948	0.44200093126851114
0.7132764969179588	0.623070453779683	0.38821679037322004	0.3034644402767239	0.4566725592143348
0.6987995837732639	0.6359841311399201	0.4044758150617991	0.3072935427148046	0.4641990868498233
0.7096839915626121	0.6187402917789654	0.3828395486707193	0.29893330958229036	0.45110957583893974
0.7110269788882297	0.6219023120272474	0.38676248570483585	0.307808512928073	0.45520636822642563
0.701624845199899	0.6261871378601481	0.3921103316214842	0.29240297179586316	0.4546093489454165
0.6935166032453692	0.6446467709568359	0.4155694593050753	0.3018269125898292	0.46583050840713114
0.7088100996624664	0.6232238680607738	0.38840798972063273	0.31875005507381715	0.457804077660805
0.7084673846115415	0.6130558985047587	0.375837534691477	0.30247782908973986	0.45476763669872
0.7083273812211763	0.6220525918966504	0.38694942708534064	0.302696936742584	0.4594386769063108
0.704184373680641	0.6292109072964837	0.3959063658608641	0.3061695772483537	0.4637592271326059
0.7175800169007163	0.6140185728296013	0.37701880777970037	0.2983332211687575	0.4515813817145454
0.7016883649905169	0.6275706010247178	0.39384485927052565	0.29256919728151154	0.45913788705266784
0.7088412085387332	0.6189944904932606	0.3831541792610113	0.2972941013936843	0.4473379481410746
0.7122326309263327	0.6144553884827222	0.377555424435453	0.3084898598599799	0.4520707001786405
0.7094193619870355	0.6209807323372148	0.3856170699340637	0.30077705614796835	0.4546806820380746
0.6981320615379988	0.6281221804086338	0.39453747352129626	0.30424887728021055	0.45938925204964404
0.70572277798658	0.6228856172979135	0.38798649223660275	0.30030027803457804	0.4538903124297644
0.7068386051339492	0.6276732821793771	0.39397374916183203	0.2996366021430761	0.4601593293425813
0.7091496166335658	0.6219609101200207	0.3868353737173245	0.3063174231389618	0.45835779960116824
