r2	rmse	mse	oob	mae
0.7984998956214724	0.521180952328456	0.27162958506999624	0.2137357999336883	0.34640858860540313
0.8101938369845381	0.5025330042076364	0.2525394203179523	0.20922865255098955	0.33930346190551364
0.8083127213441301	0.5121296348718363	0.2622767629139603	0.21396464141966687	0.3481262452576168
0.8087912438775737	0.5013114561333678	0.25131317605055753	0.2066456038616339	0.33896603097545397
0.810104022153462	0.503463116216183	0.2534751093901098	0.21322462201392267	0.3392901360844474
0.8015459333269707	0.5104787906222088	0.26058859567511294	0.21530685204887612	0.34980350345269545
0.8137569877933488	0.4955351934270414	0.24555512792477532	0.21327124575514467	0.33897720335067383
0.8166905383610715	0.4926825095356742	0.24273605520236974	0.20357806611134166	0.3321058819671952
0.8082808257532393	0.5053128179628392	0.25534104399754554	0.20567714881455834	0.33957828482991065
0.7992996915436266	0.5167858214798108	0.2670675852825629	0.20986653830478474	0.34756176052284954
0.8055514153191621	0.5076774486898203	0.25773639190820513	0.20781483052926353	0.3426325578649544
0.7996974089590221	0.5188062389087221	0.2691599135306141	0.20206709744817664	0.34787905895372745
0.8023901815532608	0.5084342954979322	0.2585054328384786	0.2106199471040967	0.3481080543131127
0.8028512980787992	0.5165968584753725	0.2668723141866241	0.2104832281191944	0.3476275715391748
0.8076091813675579	0.5056553561384292	0.2556873391914816	0.20820369931274496	0.34388602019897196
0.8004617297843879	0.507872503091095	0.25793447939601427	0.21268976164622044	0.3456728826558599
0.8029428738357711	0.513275605335519	0.2634518470325434	0.20618440327276333	0.3447777390260401
0.8184880978027202	0.4915334236167145	0.2416051065323685	0.21615078976061675	0.3347351517111857
0.7955266589660371	0.5199062170680024	0.27030247454596085	0.20506122395475934	0.34733691328451094
0.8058233320422349	0.5133108001419365	0.26348797754235515	0.20219594808975216	0.3438938803404688
0.8052605540052358	0.5076864856471591	0.25774556770876306	0.20975426594771607	0.34298756553434956
0.7979988762906675	0.5103032277152699	0.2604093842166227	0.2027895010679419	0.3400195376179208
0.803979625539004	0.5118595096441757	0.262000157613176	0.21175926455967176	0.34247747265145745
0.7933297764049794	0.5301455997127539	0.2810543568947955	0.2135661840848443	0.35164870782361146
0.8177041810088376	0.48587743446404585	0.23607688132136317	0.2060128241425987	0.33238214677840006
