r2	rmse	mse	oob	mae
0.8186557568644147	0.4883050585523922	0.2384418302078552	0.19950359685094976	0.33247795508351563
0.8152699483851443	0.49215514337139227	0.24221668514691566	0.20699091885019294	0.33328102821870487
0.8093430542177465	0.499627200601311	0.24962733958070268	0.20266035065256705	0.3366246838464926
0.8045052374647977	0.5169594315902225	0.2672470539100859	0.20940040950584848	0.34641141293471145
0.8058699569229734	0.508286210561428	0.25835487184689626	0.2037161654329679	0.34220812200996875
0.8040266945571134	0.5070865096855898	0.25713672830511375	0.19418184225753587	0.33634702511699477
0.8216792105983942	0.48772995267282987	0.23788050673424085	0.20471987504823252	0.3308257407411439
0.8162585530112411	0.4911931034055481	0.24127066483317347	0.2036557858089626	0.3311569955093209
0.8058556299782523	0.5071644606804598	0.2572157901773017	0.19772182437151997	0.3376830834848387
0.8008533995761078	0.5154860153920912	0.26572583206481526	0.19449310195877523	0.33826509298115026
0.806745478475871	0.5010384634575982	0.2510395418639509	0.20206745811722882	0.34127795873276473
0.7992279949458057	0.5168743814540432	0.26715912620349974	0.20274790978095947	0.3452961178526894
0.8079377299903944	0.5047039786791124	0.254726106094526	0.20597282764205416	0.3376217329527165
0.818622817908792	0.4904354453608721	0.24052692606631693	0.19947567221784168	0.3270696905717597
0.8143150292647733	0.4991839216187755	0.2491845876026998	0.19951813552982467	0.3348174916291182
0.8035194791244147	0.5188740296663288	0.26923025866217426	0.20547590443146846	0.35173775449383904
0.8043132425095453	0.5094729467311999	0.2595626834509721	0.20517227359070755	0.3430775297475206
0.8098194170098618	0.506825885393838	0.2568724781052478	0.20205968195920976	0.34160953729622356
0.8171713055924335	0.49610264328769765	0.2461178326770406	0.20704765029351002	0.3352071952127978
0.8126243496379215	0.49567854225203317	0.24569721724910062	0.19971500863909786	0.33599217453162866
0.8106442023223588	0.49996384133467386	0.24996384264212296	0.1959813119503112	0.33837845091389923
0.8067118126948547	0.516464841700579	0.26673593271280416	0.19810140347386973	0.34121528972788023
0.8147150894881819	0.49935917671512453	0.24935958736960698	0.20183298528984617	0.33290334092158536
0.8172689444613368	0.4991830310375642	0.24918369847584976	0.20241684610182786	0.33621509520798115
0.8198690993950579	0.4915469491355583	0.24161840320447514	0.20777886145843283	0.33693200494936126
