r2	rmse	mse	oob	mae
0.813510050696064	0.4982038350396742	0.24820706124823888	0.21316233614660052	0.3390810376201459
0.8123567861207797	0.5039560153658128	0.25397166542338734	0.20343543534351116	0.33748524012212583
0.8071718795560886	0.5070786819564527	0.25712878969469327	0.19720115160068685	0.33476369542853335
0.8247946463860356	0.47808605487488537	0.22856627586583192	0.20220562302426148	0.3263538829694714
0.8133002642064232	0.4971212300842067	0.2471295174004348	0.2001991861307978	0.334691690014864
0.7961695393208266	0.5094847223158506	0.25957468227325947	0.20329904850939218	0.3463287027370011
0.8147158884361053	0.4959757732766926	0.24599196767741321	0.1986999366220853	0.3336640691656542
0.809114689363013	0.5003385154234246	0.25033863001611645	0.19702566665037957	0.34274057738451014
0.8097841755394755	0.5063506335390978	0.2563909640854457	0.20545798922385905	0.3400795923878707
0.7999596824675552	0.5212322385944959	0.2716830465502294	0.20143852258725214	0.33990506074522153
0.8073589626771889	0.5104352679865147	0.2605441628044651	0.19151104459765433	0.34142536181475547
0.8003112540891417	0.5128669660966435	0.26303252491317564	0.19796521281452728	0.3386658758912742
0.8068513200474868	0.5028401988876687	0.25284826561739027	0.20636818875769714	0.34190120733331747
0.80997256926163	0.500311008727236	0.2503111054536644	0.20147465815923993	0.33844402999540346
0.7984415736032946	0.5171354280685264	0.267429050963618	0.19562022213154184	0.3432205438786844
0.8103901612278809	0.5074136710814021	0.2574686336003053	0.19840737378674977	0.3373546801578291
0.8110470962323422	0.49651261990090545	0.246524781720861	0.1994267121743727	0.3364339012455976
0.8136207407570153	0.4930648197350432	0.2431129164603506	0.2082144223153839	0.33601809713126324
0.8165013903862908	0.49328782831216056	0.2433328815609276	0.19853517537424115	0.33169366918761767
0.8081269426557744	0.5012819648032202	0.25128360823697693	0.1974142857569865	0.3374790692150839
0.8014146303740056	0.5120622150695382	0.262207712101922	0.1971273994387499	0.3421523889286827
0.8142680165602103	0.48967585762669485	0.2397824455424391	0.1995167855643447	0.33246453485951427
0.8072166966637886	0.5074870059968486	0.2575430612556454	0.20636040715614656	0.3412981564974978
0.803224086337866	0.5136737640618882	0.2638607358855084	0.20112457460801592	0.3411589791266274
0.812911839465654	0.4971993222856207	0.24720716608128052	0.20724448696439124	0.336635506600428
