r2	rmse	mse	oob	mae
0.5713412549431016	0.7555890300292295	0.5709147823005118	0.42663775260176884	0.5737621304477296
0.5431263408005711	0.7735883530172303	0.5984389399239108	0.4653743776963222	0.5893708205922841
0.5929264904738942	0.7340646034651667	0.5388508420604724	0.42156408987009464	0.553644885973559
0.5684014156993271	0.7588613343070524	0.57587052470628	0.4294255027011894	0.5761637107716974
0.5474344836980214	0.7747338558185906	0.6002125473515407	0.46196839643798415	0.5876663370499382
0.5738893288349673	0.750998368884635	0.5639985500673823	0.4321884507404721	0.5689004777346384
0.5511396237414936	0.7812734516173062	0.6103882062020193	0.44467594466675175	0.588920627242052
0.5644071495712477	0.7581529688907013	0.5747959242377847	0.4516479625598302	0.5793296816974883
0.5726304524672345	0.7487606076228538	0.5606424475277453	0.4420982659815622	0.5701164784710523
0.5540292329619845	0.7674176764004823	0.5889298900519153	0.4390435134292787	0.5797299214019762
0.550134574947287	0.7707024315398588	0.5939822379814508	0.452959540456745	0.5843810835325653
0.5694640045642575	0.7649728287009853	0.5851834286507869	0.43357741645136205	0.5776077901206155
0.5495405285610195	0.7694554169763772	0.5920616387142905	0.45691910077264186	0.5829304838711793
0.5530963060077685	0.7652307271731408	0.5855780658099338	0.4384892872924919	0.5805489569271444
0.5600339265960035	0.7796722508300368	0.6078888187143758	0.4624862668763099	0.5883074320273676
0.5417478882631276	0.7722953813539087	0.5964401560605793	0.4605351046738876	0.5864918709721367
0.564097966105248	0.7563746285387333	0.5721025786971067	0.43311339486550515	0.5718991210311141
0.559940643554366	0.7714394741287081	0.5951188622439776	0.4488882620582324	0.5833241761592768
0.5383715069437955	0.782481553371989	0.6122773813674408	0.44557277729794964	0.5908699822627906
0.5527299154353273	0.76596557150473	0.5867032567305676	0.4469955201847299	0.579732432866184
0.5764719064068071	0.7442729319238232	0.5539421971944839	0.43205121148496173	0.5648823794011845
0.57088931904266	0.755228206162731	0.5703696433837766	0.4453275138407784	0.5684484378435928
0.5561274515681691	0.76319756232598	0.5824705191403181	0.4448911479418437	0.5785704844191599
0.5695704958103786	0.7607218250357408	0.5786976950857083	0.44147333704208713	0.5787958496731178
0.5507965215859311	0.7782018469626755	0.6055981146161193	0.45292648066242513	0.5837068299887661
