r2	rmse	mse	oob	mae
0.7919968249836546	0.5291975779003402	0.28005007645558655	0.21561138353280374	0.36543591403873943
0.7928463055302863	0.5271228259411327	0.2778584736281657	0.20925581000420812	0.362136134331224
0.7954184538284568	0.5204564383644888	0.270874904235049	0.2227282385190903	0.3664327826180648
0.7890559404313892	0.5240817234016782	0.27466165280367316	0.21512005072840013	0.3641192353961418
0.8061034293612346	0.5122437847196547	0.26239369498391596	0.2203593588760523	0.3581102460815425
0.7815208207756076	0.5358636483426477	0.2871498496150927	0.21175413927383357	0.3701390647799074
0.8020007975710244	0.5128836259066958	0.2630496137231995	0.21313689557284543	0.35483832418989647
0.7933339837395491	0.531274761385289	0.28225287208499567	0.21485266829220673	0.3644866414574974
0.7895268435472259	0.5322354428480464	0.28327456662365597	0.21832425038417436	0.3672754416069299
0.7882647757128937	0.5291394070499276	0.27998851209314896	0.20814972099312778	0.3643254603283626
0.7915730056150763	0.5223163595038334	0.27281437940533765	0.21428865214133141	0.3617988737338015
0.7956898758527283	0.51380388639501	0.26399443367461634	0.21907275819703242	0.3601602545383546
0.7776345892548855	0.5405147976252108	0.29215624645182264	0.20944386188602881	0.36785537357973586
0.7900947096083916	0.5304379728067873	0.281364442995374	0.21006885010718435	0.3674549412718305
0.7915779599054531	0.523673560021246	0.27423399746532556	0.21214189585332566	0.3635020765481031
0.7905552056271663	0.529980649935948	0.28087948930652984	0.21342492918512868	0.36197240864496255
0.7904399673662609	0.5232544710336317	0.2737952414566857	0.21308300340141817	0.36071327696677596
0.7888841151519684	0.5225855802205936	0.27309568865449446	0.21338982043864807	0.363830284654239
0.801095546876841	0.5135517918457632	0.263735442907994	0.2095377537994907	0.3521387430929058
0.7885147574280217	0.5267385442645985	0.2774534940139884	0.21396413920678437	0.36555853198263916
0.7902111523781181	0.531734437832109	0.2827415123766291	0.21636696972446956	0.36837047287831054
0.7969233776022412	0.5132869353303653	0.2634634779808386	0.2216627069454178	0.3605848622464512
0.7991332765490633	0.5183547811045438	0.26869167909393954	0.21186053427373897	0.36056159013555633
0.7930084957109234	0.5229507229769711	0.27347745866213674	0.21346647692758136	0.3596508435755006
0.8033191696712518	0.5110480647311811	0.26117012446548554	0.22078081730207288	0.35508988752613574
