r2	rmse	mse	oob	mae
0.772353595853924	0.5482713637790507	0.3006014883401402	0.2343073612538238	0.3890041494893945
0.7535749488931125	0.5654331751187385	0.31971467552485794	0.2316519095789744	0.4005343632105976
0.779233311832124	0.5491428217800906	0.30155783871260033	0.23703295466224272	0.3862611579625718
0.7825332246978796	0.5426746038825407	0.29449572569907245	0.2358247746256391	0.38452137189399477
0.7727509666839073	0.5468886305393114	0.29908717421316344	0.23385771852478499	0.38718375969026086
0.7724165746413041	0.5476210864934261	0.2998888543722405	0.2276856413167675	0.3852286753062419
0.7733145865290793	0.5473416485636217	0.2995828802523431	0.23367438060039458	0.3886716402835801
0.7604551257227259	0.5678146079233488	0.3224134289711463	0.22830087779800445	0.39522398862612246
0.77295009854721	0.544107700486178	0.29605318972835637	0.23259239504220108	0.3849378946474621
0.77239147560319	0.5464396687548791	0.298596311588942	0.23793307412710996	0.3918404524342222
0.7711214844575747	0.5604554389504459	0.31411029904913707	0.2359759873114473	0.3902298858010945
0.7631151201501892	0.5630181300411744	0.3169894147550608	0.23154198690993266	0.3963909936985976
0.7705813392918546	0.5476462793107589	0.2999164472429178	0.2324977599054986	0.3870533098052254
0.7675929116321057	0.5556876261535554	0.3087887378601735	0.23396692637434102	0.3917875491927267
0.7615222320373651	0.5670355191697483	0.321529280000106	0.23478973425579697	0.3976823510104274
0.7731071445237334	0.5511889750194647	0.30380928618300806	0.22819560896795432	0.38806787657625297
0.7813504380400593	0.5452033794697736	0.297246724985262	0.23447449424151168	0.3875535608553515
0.7730446754139948	0.5493044452677777	0.301735373590941	0.23240157178435883	0.38344583247860586
0.7760596394572231	0.5423646660490168	0.29415943097846153	0.23037784485606028	0.38343258157772336
0.7717329151983158	0.5586205225655103	0.31205688823136385	0.23157422250812354	0.3941428882629903
0.767875867506689	0.5558234064561434	0.30893965916451116	0.22875298721244453	0.3889910742398456
0.774038526574722	0.5427898762321453	0.29462084974010755	0.23713981790669902	0.38647439040852904
0.7661883428034677	0.5581404147844776	0.3115207226157887	0.2294317711277103	0.3900470379261244
0.7724724115527524	0.5452904033263121	0.29734162395977204	0.23037629405133986	0.38128419896094423
0.7744903283696791	0.5466434854914431	0.29881910023023367	0.23660235891270376	0.38662883097597844
