r2	rmse	mse	oob	mae
0.8026655370109899	0.5097119229694421	0.2598062444172065	0.2206556454090297	0.358189208274151
0.7845254202349582	0.534201063019291	0.28537077573094055	0.2085798570572276	0.36692740903054094
0.7895385553801423	0.5385828399019131	0.29007147543680983	0.2187025872268218	0.3670532548878932
0.7896784875898362	0.5273341848975605	0.27808134256157446	0.20697624848487628	0.3631903515884246
0.7889037785363391	0.5294030400105745	0.28026757877243796	0.21215551918610798	0.3673787733717422
0.8008665979082275	0.5189223072130403	0.26928036092330504	0.21740002025260408	0.36106149155417355
0.8030356297585802	0.5084122167111176	0.2584829821011124	0.2162798537113646	0.3576516090764837
0.7903671462713737	0.5245855364249306	0.27518998502623215	0.20454446536137927	0.36186388045341344
0.7831278957493244	0.5418573833726076	0.29360942391540906	0.21669586877665203	0.37256811212043267
0.7985350567761198	0.5196172861904435	0.27000212410792124	0.21633917530853042	0.35998768150799243
0.8076811477715767	0.5100096139126652	0.2601098062833458	0.21915048126555436	0.35453477579472614
0.7907915404029928	0.5324402730246817	0.28349264433859755	0.210650992134657	0.3671024953526781
0.7919498316279866	0.5276997115050588	0.27846698552252225	0.20884173110098647	0.3595149357744282
0.7960725091825969	0.5200355301224469	0.2704369525897344	0.21171209407677338	0.3588460244749485
0.7959460906534923	0.5249941298013557	0.2756188363258828	0.2143406062879154	0.35956418970227905
0.7840506722316906	0.5321227928450804	0.2831546666652483	0.21135481948697055	0.3641253310259991
0.8038167999473231	0.5118556932221231	0.26199625068390014	0.21714753649596208	0.3594481097058421
0.7869433931937136	0.533171267734252	0.2842716007373495	0.20977198491135474	0.3629328686283159
0.8027621360648519	0.5141912009508349	0.26439259113526187	0.20776280444603412	0.35515631876166415
0.7907959466022474	0.5266438508961778	0.2773537456867555	0.20743059266268893	0.36247423859116973
0.7988836866848508	0.515636568504186	0.26588107077877216	0.2162926347147599	0.3593718338704795
0.796591479249099	0.5205430811069002	0.27096509928826484	0.2102453251876556	0.3606835596185933
0.8005243209761984	0.511529739831457	0.2616626747320381	0.2046561280397039	0.3512593954202496
0.7962543540959386	0.5211572578595516	0.27160488741968714	0.21329105405658155	0.35866313561674346
0.8044138066683374	0.5150474375743371	0.26527386295189076	0.21024769528863563	0.35707716703302717
