r2	rmse	mse	oob	mae
0.8011270263748119	0.5163948990900976	0.2666636918062721	0.20306382922934485	0.35359381796732303
0.8088995705261471	0.502446152208907	0.25245213586953613	0.20771383770822838	0.34748041374489236
0.8015402088549515	0.5115170502731125	0.2616496927201058	0.20331309510461892	0.35241711879903576
0.804201624178819	0.5160474423968728	0.26630496280435384	0.2087233340187995	0.35219743350523025
0.7934050311724272	0.5273216639593871	0.27806813728089674	0.2057085621189112	0.35922976951446617
0.8061366055598489	0.507805315948939	0.2578662389060017	0.20332831293977416	0.3502560636837807
0.8030021204504658	0.5137722936146968	0.2639619696861062	0.2033884353294202	0.3476437907839175
0.799218981427452	0.5144333451362408	0.2646416665880627	0.20120835848735852	0.34574304852269794
0.7929331709567842	0.5194203033942641	0.2697974515781894	0.20190414686694647	0.3557142647249099
0.7944981933381483	0.5191309239170581	0.26949691616697835	0.2084152212880358	0.35766693179412506
0.7973471118657831	0.5142569532092933	0.26446021392410535	0.204391465261215	0.3508349215748984
0.7909610563002958	0.5288580042903571	0.27969078870197933	0.20160436652340796	0.35731751825369706
0.8043594815575046	0.512806185331608	0.2629701837143555	0.20544902370928364	0.3530940961874484
0.7981677505925417	0.5175020145625918	0.26780833507634094	0.20354699853012492	0.356652627058733
0.8128925070999746	0.49866201542290495	0.24866380562563348	0.2058435839472933	0.342989074591939
0.8016908036838832	0.5144788767361359	0.2646885146076762	0.20631081240737648	0.35631853073849545
0.8134868682897938	0.49963288559174834	0.2496330203647371	0.21104673229320303	0.3485210079227952
0.8034466719488423	0.5178517442774768	0.2681704290512253	0.19984174026049917	0.3506216398569821
0.8047992952097036	0.5132573017321401	0.2634330577813571	0.20310647804282844	0.3533848444249793
0.8035403058515869	0.5124043939471966	0.26255826293639384	0.20612692616635864	0.3556114295389847
0.8028829381761752	0.5106571020883173	0.2607706759132381	0.20637972489412304	0.3525240195554641
0.8012973193160412	0.5144901600832767	0.2647001248225157	0.20622356935988373	0.354776474323716
0.8051855416063195	0.5103828645695608	0.2604906684462307	0.204430914956658	0.3530033561635834
0.7897701781650914	0.5254776498873176	0.27612676053109836	0.20182813033022096	0.3544679437196233
0.7936203079580425	0.518126330269868	0.2684548941189203	0.20504611289040997	0.35583008758423673
