r2	rmse	mse	oob	mae
0.7469951664199401	0.5881470723115432	0.34591697866863963	0.2692348677194558	0.4267284186181006
0.73616604242754	0.5965658663076405	0.35589083284338563	0.2662668875297599	0.430333081017184
0.7368487506812843	0.5876386824674883	0.3453192211321255	0.26833426257109005	0.42392989863856023
0.7327749442330276	0.5879698850516634	0.3457085857276663	0.26688860248677004	0.4238678410242168
0.723066168837228	0.6137776604336412	0.3767230164473942	0.26693335493888104	0.4399355337949542
0.7319153351404125	0.5962154514389487	0.35547286453454946	0.2634953887784708	0.42751985578823676
0.7430573811483787	0.5838686862733689	0.3409026428105897	0.26853345855704625	0.42679758821277114
0.7319019645684067	0.5983003521814362	0.35796331142043053	0.2686228639787771	0.4329192323664777
0.7382637963214526	0.5894376179588329	0.34743670546498295	0.2671584290766562	0.42853605584414034
0.7394121796245623	0.5919316534345287	0.35038308233773496	0.2720239442877962	0.42921434367607464
0.7448298446623465	0.5893479443761657	0.347330999540412	0.26938577847689804	0.427932640062254
0.738477410898477	0.593595071152064	0.35235510849602386	0.26774894633316215	0.43006644866195415
0.7424024211738338	0.5833402738207634	0.34028587506128316	0.27090374316661303	0.42414608819822175
0.7254334379443076	0.6138749378288824	0.37684243929441413	0.26976648395046143	0.43690904163841515
0.7473026038115993	0.5880717282853491	0.3458283576085175	0.26860707550350527	0.4300728104295153
0.7434978901325378	0.5843239189389198	0.3414344422441373	0.2653972295781155	0.42419122041747664
0.7370629155236468	0.5856161963631576	0.34294632944285247	0.2631458993183229	0.4232250904964384
0.7436479696973083	0.5830915881682119	0.33999580019252773	0.27104674410763385	0.4244338246428633
0.7399257484811106	0.5911472059572828	0.3494550191111021	0.26877075133304085	0.4268878326827286
0.7465237336183153	0.5830818327125018	0.3399844236393699	0.2743546637054649	0.4261736821278662
0.7391383787115964	0.5989792239758374	0.3587761107546963	0.2630185052985854	0.42844639047520294
0.7291506791773563	0.6097649981865038	0.3718133530133869	0.27091193276576764	0.44029664481994113
0.7392889006203267	0.5921455967452603	0.3506364077448005	0.2657093661196007	0.43254067912612576
0.7337128569528208	0.6012697905642139	0.36152536104513366	0.26739380143234626	0.43337123259676863
0.7265518439439589	0.603118044727212	0.3637513758755752	0.2670746609716239	0.43171561056487096
