r2	rmse	mse	oob	mae
0.5807493352708688	0.7388506186230257	0.5459002366396277	0.4313249232183528	0.555413212853892
0.5693430614030845	0.7588902109770121	0.575914352316734	0.44079545948950694	0.5760929969004414
0.5836684598939739	0.7550344652063483	0.5700770436494363	0.44857479841740167	0.57411249149696
0.5654582195032986	0.7597956476876313	0.5772894262450671	0.43737466092741784	0.5815963284690423
0.5664865547741984	0.7566239658774105	0.5724798257400608	0.4426614956256292	0.5711133673665674
0.5544876777190619	0.7713608578098958	0.5949975729612182	0.44317932486738987	0.5902036583002037
0.5737171514557089	0.7571367732662492	0.5732560934320275	0.43801770463383105	0.5764923282665364
0.5616673840176937	0.7674042065462104	0.5889092162248188	0.4558021107277297	0.581458677251906
0.5614846883207358	0.7542159234789263	0.5688416592291696	0.43858654980050815	0.5722215719786076
0.5780689782323056	0.7414572432703184	0.5497588435980201	0.4398644757905463	0.5677636547839953
0.5628616135710428	0.7579632060123765	0.5745082216685604	0.4354366879032531	0.5726570376303548
0.5545157918751522	0.7696308364940474	0.5923316244825272	0.4462852817402263	0.5827594796729973
0.5649087381945035	0.7655301304123419	0.5860363805691372	0.44177889046059493	0.5811183526448048
0.5622449045665151	0.7566028309629026	0.5724478438210786	0.43175634328438606	0.5701185154295946
0.5611148892058915	0.7589652482319388	0.5760282480237684	0.43657408135967035	0.5755499018457095
0.5709745134789336	0.7586862331955386	0.5756048004404353	0.4302683454869336	0.570678510755453
0.5655448485136784	0.7597506702158049	0.5772210808933648	0.4455673461718638	0.5781673744273047
0.5467849006209117	0.7673204192225885	0.588780625755929	0.44863412595180785	0.5825816177656966
0.5637769936431338	0.7527124116680607	0.5665759746791481	0.4355549957852445	0.5697167867764977
0.5681168914943249	0.7583883633722893	0.5751529096984995	0.4374654121506467	0.5748532485452476
0.5638594696817395	0.7659071255517396	0.5866137249709281	0.4421073790113772	0.5772059742110566
0.5711543085916355	0.7544927584395841	0.5692593225377726	0.4410064238338991	0.5733469729555881
0.5578804680491455	0.767781506382214	0.5894884415425417	0.45032326561202274	0.5813060400419323
0.5639892316094581	0.7624503281372139	0.5813305028765452	0.4335380884997073	0.57971417971961
0.5592442901181327	0.7705953734855668	0.5938172296373602	0.43106056137823967	0.5792101401893514
