r2	rmse	mse	oob	mae
0.7562004751528588	0.5718185896506226	0.3269764994700271	0.25370449149606467	0.4123388779641543
0.7604673808370216	0.5573346447573273	0.3106219062467762	0.24735214047381038	0.4004210016203368
0.7646863104103686	0.5656632979000723	0.3199749665911859	0.2443957548858844	0.39929396183752325
0.7590751878224973	0.5663888874382811	0.32079637181357384	0.245980278912041	0.40598585637635376
0.7603436566558248	0.5650417974853719	0.31927223290549994	0.2446059254117483	0.407169050444735
0.7691850679881788	0.5493196926056487	0.30175212468436435	0.2508382734880735	0.39719114063654243
0.7668592171479007	0.5565907833083537	0.30979330006380673	0.24873660439029388	0.398349744739862
0.7624253078003203	0.5656320268033861	0.31993958974570647	0.2411111694852277	0.4007517850560655
0.7599719755625749	0.5695509828848996	0.3243883221051552	0.2418372547119757	0.4081658997959319
0.7566175829317877	0.565707310710081	0.32002476139083214	0.24636616151703428	0.40335072502281927
0.7641404831082589	0.5628628842838516	0.3168146265043365	0.25018969191005624	0.40252583600027947
0.7676208697264806	0.5640190124241591	0.31811744637592376	0.2516875466489119	0.4058394698247069
0.7566722416185403	0.569803713411252	0.32467627181725217	0.238035511094703	0.4030193487610081
0.756203278542821	0.5708912821581119	0.3259168560441329	0.24480989059145142	0.40767620694167744
0.7658236603387826	0.5625395491802293	0.3164507443918956	0.25061644440768727	0.40244487618776925
0.7523869461714763	0.5759611529331092	0.33173124968803647	0.2456173139583505	0.40945909830766725
0.7526484323148834	0.5665216873068418	0.32094682218899107	0.24176944092560582	0.4014929370470384
0.7633429729198861	0.5565954721312176	0.309798519596973	0.2450799582454749	0.40163650051842065
0.7650189040466576	0.5628829042383324	0.31683716388377975	0.24463761382764726	0.39931575982610734
0.7644624282493909	0.5565358702911317	0.3097321749207074	0.24246160358530333	0.3969812268062819
0.7462301439944359	0.581061247159343	0.3376321729503712	0.24392319810028074	0.4120517313598543
0.7467501171923563	0.581538379063545	0.33818688632385535	0.24273839701290933	0.4133580365783634
0.7638026099010827	0.5563545815448939	0.309530420405994	0.24702201977736749	0.40030389423422547
0.7615170377623957	0.5625962624688228	0.31651455454388855	0.2457890610829485	0.4003963733648744
0.7428420037066166	0.5917387251899664	0.35015471888944655	0.24054296723769109	0.4191677167881685
