r2	rmse	mse	oob	mae
0.743843151245241	0.5815232589838883	0.3381693007392425	0.2744468569414821	0.4244713755700279
0.7355756308572095	0.5903461345094146	0.34850855853020785	0.26631770116176035	0.42648916392977154
0.7312057056428944	0.5926286270430318	0.3512086895909088	0.25488672754898534	0.42636651240012247
0.7348697055443494	0.5892751816506292	0.34724523970938204	0.2677930040424559	0.4302142114018056
0.741359813349693	0.5952122726888754	0.35427764955945623	0.26531332205126335	0.4332905566327178
0.7394144684630237	0.5853521226626669	0.3426371075056898	0.27036804127988057	0.4242177845532303
0.7433499259798182	0.5868995320034442	0.34445106066586184	0.26703978476210066	0.42398622678976655
0.7303510961550883	0.6020295625640023	0.36243959420100397	0.2626155364357564	0.43211021458793764
0.735245888513056	0.5889861632772886	0.3469047005321009	0.26330802107428464	0.4280126788212917
0.7299899734028579	0.6002877987894186	0.3603454413754455	0.26098320445924406	0.43134571185479764
0.742688600668894	0.5939804685892998	0.3528127970655642	0.2733791565595509	0.4287255498231623
0.7385119606897321	0.5989163068493856	0.35870074261010737	0.26498280464285706	0.43427083053554155
0.7403404345215272	0.5846407042524082	0.34180475306875185	0.26266419395649776	0.4263009492888093
0.7358569133947854	0.5984967482614408	0.3581983576795185	0.2663873747341178	0.4319989527110246
0.7191394850365069	0.6109099615494247	0.3732109811203195	0.2614797086532059	0.437564338894155
0.732447751737729	0.5995428702688326	0.35945165329019024	0.26079240990247254	0.43293981471702325
0.7462823128155319	0.5718641056351177	0.3270285553138531	0.2699678166523032	0.4183077459864758
0.7334146356828992	0.5925665501627244	0.35113511637175265	0.26297745891316604	0.42679631431670323
0.7477095731546215	0.5806540530823672	0.3371591293609804	0.27224193953767717	0.4216344119190608
0.7349404519989051	0.5884771783852556	0.34630538948027195	0.26507646040588584	0.4269791877453185
0.7451817671705254	0.586856366704847	0.3444003951420138	0.27659906648008636	0.43310754815143854
0.7529453949260466	0.5809188047578141	0.3374666577212474	0.26246564516930504	0.41875140662508326
0.7324530883350007	0.6005264780276971	0.3606320508123501	0.2597396240414265	0.42908232595022905
0.7390760747740768	0.5843815232698316	0.34150176473916877	0.2644179034127382	0.42744114913782183
0.738559404389636	0.5999586721423128	0.3599504082787672	0.2654788960800387	0.43278212686415773
