r2	rmse	mse	oob	mae
0.8094067253896293	0.5074139080732872	0.2574688741062064	0.20406610894642419	0.3468920788666433
0.7994988631716016	0.5210327889590741	0.27147516717047104	0.20004933898460453	0.3554343891090846
0.7993834613970408	0.5123058186454654	0.26245725181800056	0.2032620297433727	0.35498367300560746
0.803985109652649	0.511508384290042	0.2616408271990093	0.19886113007600914	0.3491460361537822
0.7960058963376491	0.5213817038062165	0.27183888106387327	0.19903499698182736	0.3520296591978022
0.8009949937667933	0.5224659272213438	0.2729706451072585	0.20792371214260896	0.3632083703740871
0.7969293979495228	0.5213723178921211	0.27182909386420306	0.19951687614825708	0.3575257684189281
0.7947837736214143	0.5155023298560971	0.2657426520870643	0.20335352811082963	0.35302928573676673
0.804432759236128	0.5142297617129323	0.2644322478313391	0.20177815924924414	0.3527296373496529
0.8084272392027753	0.4996071754448712	0.2496073297560023	0.20152346385800524	0.3456555920124315
0.7955897806549641	0.5215497184606728	0.2720141088264071	0.20175068033942722	0.3548652403048008
0.7978551999100985	0.522570124155877	0.2730795346602887	0.2009576548380675	0.3563430452020072
0.8057559929494904	0.5080280847548284	0.25809253489965917	0.20640945737973326	0.34963895302302644
0.7960753294373395	0.5147977834689091	0.2650167578645019	0.19998910553415916	0.35255437197740336
0.7890990304073647	0.5287530699306072	0.27957980896104156	0.20114172040804612	0.35920328835548443
0.797751222734711	0.5247204786624083	0.2753315807277069	0.20291873636496172	0.35703632948461766
0.802532751415258	0.5201747059921924	0.2705817247540638	0.20356186582719593	0.3540684675192224
0.796807466896298	0.5152130613359656	0.26544449857117736	0.2041916546308975	0.3530997695702922
0.7987020655296814	0.5170189839535022	0.2673086297683118	0.19871911226849792	0.34778002929102486
0.8018945628084806	0.5078944587521625	0.2579567812311521	0.1986938706379079	0.34720276588889876
0.7990526825696196	0.5184312766215652	0.2687709885794658	0.20223689238262177	0.3547201681509824
0.8049868471830368	0.5047043719812088	0.2547265030969464	0.20374192017004833	0.34693135245099777
0.8089091255185882	0.5019521620115277	0.25195597294804695	0.2006819696031501	0.3442809475467459
0.7992221441942309	0.5170281722515705	0.2673181309017997	0.19853940579438556	0.34819873458154976
0.7980972319284334	0.5185051443693068	0.2688475847374357	0.2014027431205906	0.35674100113465845
