r2	rmse	mse	oob	mae
0.7967832449552907	0.5280562412951898	0.27884339397080377	0.20703448620736242	0.36199934022306973
0.784802255019424	0.5377864571457792	0.28921427348940904	0.2050763532330916	0.3669168715262428
0.7937457974081583	0.5227321553639906	0.2732489062514833	0.213827094167928	0.3647959713271154
0.8002782946263407	0.516387565454313	0.2666561177558323	0.21152975629774518	0.35659876282038183
0.7948653594445855	0.528730675722528	0.279556127450001	0.2092437824055855	0.3632667444022684
0.7977784930907573	0.5251915453045286	0.2758261592593587	0.20846884184226	0.3633964584704503
0.7946696295771113	0.5220361250317849	0.27252171583820134	0.20273218827837702	0.35690759277041245
0.8025460492537337	0.5178313845898517	0.26814934286624287	0.21286741474396986	0.36276680519352317
0.7950935106987236	0.5259616409697796	0.2766356477716233	0.20773387469266003	0.35811275944571075
0.7953144582879004	0.5139885926716312	0.26418427339656403	0.20905288741282035	0.35953745117448194
0.808600839744969	0.5078026828996007	0.25786356476003247	0.21335185454882577	0.35389410273910077
0.7967968607702798	0.5233316376435274	0.27387600295865633	0.2099661434771939	0.3625458176516739
0.7925573776158468	0.5166433073666962	0.2669203070467985	0.20237000608595745	0.3586862835420291
0.7967001678321488	0.5209535800783697	0.27139263259647034	0.2051663108250975	0.3592562549065928
0.7942110486762907	0.525483610580316	0.2761330249885252	0.21226261824782	0.36440689052335345
0.7954389950195169	0.5247321782133083	0.27534385885248314	0.2070976024798259	0.35967894802287964
0.7865819462507045	0.532372563220211	0.28342054606965755	0.20782270606062048	0.3652264937436511
0.8100632287037881	0.4958333079951872	0.24585066931745017	0.21083744138399862	0.34616230748999444
0.8014583296584139	0.5140930434054135	0.26429165727784043	0.2094605733621162	0.3550041712520709
0.7955015528959531	0.5211696058007913	0.2716177580105522	0.2066629524033563	0.3626115183879234
0.8003520890180218	0.5174183017023287	0.26772169893652203	0.2114628432146286	0.3555854269013844
0.7979611075189265	0.5216485979157427	0.27211725970746015	0.2068364505033341	0.35951293466325274
0.79788548807097	0.5287598463999789	0.27958697516492925	0.21237260533924573	0.3686672868569715
0.7921563541566685	0.5284931794273195	0.27930504070119694	0.2070223304822757	0.36416357744451516
0.8004853045118736	0.5155062203875924	0.26574666325830104	0.2081973476866983	0.35473252455549714
