r2	rmse	mse	oob	mae
0.8034691990476475	0.5083328407566221	0.2584022769916974	0.18655967516193916	0.33991571295070405
0.8106279024463312	0.504787946860464	0.2548108712956026	0.19065378077218909	0.3389785214530141
0.8160321572086398	0.5007105723539894	0.2507110772670597	0.19196261668558567	0.3364319556320047
0.8093947035985805	0.5054602257733576	0.25549003983885366	0.19008963263768108	0.33853272625404496
0.8106227061423086	0.49710888543488346	0.24711724397831208	0.18438208212164686	0.32980617003441787
0.8167648433955855	0.499646394719148	0.24964651975584265	0.18930215044065224	0.3333753559471249
0.8077760317914322	0.49426814040780653	0.24430099462219115	0.18817986140298937	0.3334286111282241
0.8152043026176949	0.5061210236792748	0.25615849061015705	0.19137665900342027	0.3369575030797002
0.8072042733114673	0.5086057511415928	0.25867981009430385	0.1927138450366831	0.34107290178550403
0.8208748344715973	0.48952421186946077	0.2396339540064167	0.19482256030261613	0.3300320369455892
0.8161116457401048	0.49774737503998145	0.24775244935919194	0.19366067457676128	0.3361705246447539
0.8241505696490155	0.48464493402280884	0.2348807120739727	0.1971289569457928	0.32884994616256374
0.8091584614864398	0.5062803136212165	0.25631975596039736	0.19080966330901927	0.3363651345946201
0.8180214365896057	0.48722898368719175	0.23739208254485378	0.1917004816725445	0.3306711604632588
0.8163032929531555	0.49410718121841934	0.2441419065316119	0.18799972303293566	0.3299303368343754
0.8178323547336828	0.4899326729206539	0.24003402399517645	0.19201217492021883	0.3303084085250385
0.8156895384216365	0.49137757874980803	0.24145192489802378	0.18455790857645937	0.32216896684121665
0.8124858520897273	0.4964093670678417	0.2464222597126952	0.1920688493359275	0.33749003663891797
0.8195409403001093	0.4855259803403457	0.23573547758545377	0.18915337789225317	0.33090213979024063
0.8180958987685423	0.49196048805744086	0.2420251218097154	0.194416235714149	0.3304368802188395
0.8061686194408192	0.501704431254102	0.25170733634000203	0.1866248740128884	0.3311114103730775
0.8183239647938418	0.4983059250349961	0.24830879492498317	0.19558765811185297	0.33689482585807307
0.8226900236440853	0.48549454966625716	0.23570495775564185	0.1891035896822102	0.3267664259358229
0.8189756039255025	0.4957336456182056	0.24575184739791667	0.19077197260621126	0.3318743451189793
0.8155902143464177	0.49378478916938395	0.24382341801505297	0.1912705185691399	0.3327880409909428
