70est	10deep	0.3793358258192214	0.6059757721373926	0.6294974358974359	0.6378489096500926	0.6294974358974359
140est	18deep	0.3317088190015394	0.6632827294265493	0.6770666666666666	0.684529399601603	0.6770666666666666
130est	9deep	0.3874994501869364	0.5852127771815923	0.6109128205128206	0.6207991680854057	0.6109128205128206
80est	1deep	0.5128480316692324	0.3985066879735284	0.4936410256410257	0.4182715800130014	0.4936410256410257
130est	12deep	0.3499098306575764	0.635985421340671	0.6553435897435897	0.6640487421795078	0.6553435897435897
160est	3deep	0.4665229821860567	0.465425542799019	0.5355897435897436	0.46187072899535836	0.5355897435897436
190est	10deep	0.36865625687266323	0.5984803833267136	0.6222153846153846	0.6378985123098257	0.6222153846153846
190est	9deep	0.3896019353419837	0.5876675801032406	0.6145025641025641	0.6257461610149712	0.6145025641025641
100est	17deep	0.33236859467780955	0.6606198468418967	0.6741333333333333	0.6815818417681528	0.6741333333333333
20est	1deep	0.5232812843633166	0.372659488273923	0.47790769230769237	0.397021771183463	0.47790769230769237
40est	15deep	0.35042005718055863	0.6510024074074188	0.6654153846153845	0.6700002472947123	0.6654153846153845
140est	2deep	0.4712469760281504	0.45558673130111216	0.527651282051282	0.42196013514343994	0.527651282051282
110est	8deep	0.4051374532658895	0.570100221986505	0.5995897435897436	0.5997740296725795	0.5995897435897436
10est	5deep	0.4653617769958214	0.506448686478856	0.5486153846153846	0.522917350097832	0.5486153846153846
20est	12deep	0.3872267429074114	0.6232638324084396	0.6413333333333334	0.6448768448003713	0.6413333333333334
200est	8deep	0.40285902793050354	0.5675788737920946	0.5977435897435898	0.5997708974021632	0.5977435897435898
50est	18deep	0.34232680888497913	0.6567710090052415	0.669723076923077	0.6755954316481965	0.669723076923077
170est	6deep	0.4315284803166923	0.5247670321204773	0.5642871794871795	0.5383998282431643	0.5642871794871795
90est	4deep	0.4572245436551572	0.49337128496238286	0.5467282051282052	0.5219275444868634	0.5467282051282052
160est	10deep	0.37423356058939966	0.6082619563859277	0.6315282051282051	0.6373005427574576	0.6315282051282051
30est	4deep	0.4581746206289861	0.4932325018425189	0.5461538461538461	0.5227406591388446	0.5461538461538461
150est	15deep	0.3332746866065538	0.6605734631910426	0.6744820512820513	0.681098972806423	0.6744820512820513
10est	17deep	0.4189751484495271	0.6301355338688408	0.6414358974358975	0.6373943491331356	0.6414358974358975
150est	7deep	0.4187024411700021	0.5528334545227309	0.5863589743589744	0.5738102244463719	0.5863589743589744
80est	10deep	0.37798108643061357	0.6040642016315615	0.6276102564102564	0.640816805073282	0.6276102564102564
30est	14deep	0.36087970090169336	0.6419082694616798	0.6565333333333334	0.6600252148789357	0.6565333333333334
190est	2deep	0.47079832856828674	0.4574776458504059	0.5299076923076924	0.4191148971131908	0.5299076923076924
200est	11deep	0.36069496371233783	0.6213912386657963	0.6429333333333334	0.6558337027658746	0.6429333333333334
140est	9deep	0.3881944138992741	0.588106816895069	0.6144410256410257	0.6257108876429396	0.6144410256410257
40est	20deep	0.3464702001319552	0.6501622664761381	0.6633435897435896	0.6660357191906183	0.6633435897435896
170est	16deep	0.3286474598636464	0.662173946901742	0.6754666666666667	0.685116036292224	0.6754666666666667
110est	3deep	0.46382230041785794	0.46658405809446163	0.5325128205128205	0.488970476681019	0.5325128205128205
140est	13deep	0.3406201891356938	0.6469270996890948	0.6638974358974359	0.6705130856707555	0.6638974358974359
50est	1deep	0.5154695403562789	0.38131325502834307	0.48225641025641025	0.40457912381058414	0.48225641025641025
130est	2deep	0.47101825379371015	0.4566900039938721	0.5290051282051281	0.4190560690225736	0.5290051282051281
160est	8deep	0.4036067736969429	0.5717690360324306	0.6012307692307693	0.6130877956054013	0.6012307692307693
90est	16deep	0.3342599516164504	0.6586744704404941	0.6727794871794872	0.6790841507911441	0.6727794871794872
130est	19deep	0.3290169342423575	0.6628724169628866	0.6762461538461538	0.6844098087319326	0.6762461538461538
60est	16deep	0.34069056520782937	0.6579892782469168	0.6710974358974359	0.6776361338675736	0.6710974358974359
60est	5deep	0.44613151528480316	0.5103976044121832	0.5566153846153846	0.5279995547256111	0.5566153846153846
180est	7deep	0.4174444688805806	0.5467172043372386	0.5813333333333334	0.5629749018906272	0.5813333333333334
1est	6deep	0.8063690345282604	0.48933840592346584	0.516471794871795	0.4930160694836156	0.516471794871795
150est	20deep	0.3303716736309654	0.6601874479433559	0.6742153846153847	0.6819837164476251	0.6742153846153847
100est	6deep	0.4330591598856388	0.5340986124693704	0.5726564102564101	0.5490353852394603	0.5726564102564101
120est	14deep	0.337796349241258	0.6560584355865019	0.6709128205128205	0.6790014286389539	0.6709128205128205
180est	16deep	0.3303804706399823	0.6633080515724794	0.6775179487179486	0.6840759051435632	0.6775179487179486
20est	19deep	0.37316912249835066	0.6478717090788361	0.6597128205128204	0.6603629040492157	0.6597128205128204
1est	14deep	0.802278425335386	0.5279143112156232	0.5300717948717949	0.5274083760146372	0.5300717948717949
40est	4deep	0.4577083791510886	0.48768939666496686	0.542974358974359	0.5197058204329732	0.542974358974359
200est	3deep	0.4661007257532438	0.464648584771694	0.5338461538461539	0.4719817960204832	0.5338461538461539
110est	11deep	0.3619793270288102	0.6192737868113075	0.6402666666666668	0.6519688499049728	0.6402666666666668
120est	7deep	0.4194677809544754	0.5480503508743396	0.5829948717948717	0.5657343135888052	0.5829948717948717
50est	13deep	0.3537805146250275	0.6430190442325561	0.6594461538461539	0.6672046575985378	0.6594461538461539
100est	2deep	0.47139652518143826	0.45387052726607685	0.5262564102564102	0.41640799173166854	0.5262564102564102
120est	10deep	0.37527160765339784	0.60718549388906	0.6307487179487179	0.6417541360504528	0.6307487179487179
150est	8deep	0.4048383549593138	0.5692855731623774	0.5999999999999999	0.6012740559471735	0.5999999999999999
10est	18deep	0.41923905872003514	0.6338531456627915	0.6444512820512821	0.6396107215654986	0.6444512820512821
1est	2deep	0.8240158346162305	0.4022241049646523	0.4707282051282051	0.38002653944766623	0.4707282051282051
60est	12deep	0.35861886958434136	0.6319779155022691	0.6499897435897437	0.6593803813160993	0.6499897435897437
60est	1deep	0.5163756322850231	0.3822778190093024	0.483651282051282	0.4157581754918553	0.483651282051282
180est	3deep	0.46558170222124473	0.4645386909987545	0.534051282051282	0.47634959764639734	0.534051282051282
170est	9deep	0.3888981746206289	0.5903360007133143	0.6162461538461538	0.627493723616424	0.6162461538461538
120est	3deep	0.4661711018253793	0.46453117597729493	0.533723076923077	0.4596297002519475	0.533723076923077
50est	17deep	0.34235319991202984	0.6527418286661208	0.6664410256410257	0.6720469772106327	0.6664410256410257
1est	10deep	0.8038003078953154	0.5109181417012052	0.5214358974358975	0.5071321801888881	0.5214358974358975
200est	7deep	0.4175412359797669	0.5486024397138377	0.5825025641025641	0.5649042486382913	0.5825025641025641
110est	15deep	0.335377171761601	0.6570734725576104	0.6709333333333334	0.6782399346918685	0.6709333333333334
180est	12deep	0.3477985484935122	0.6366909811966852	0.655753846153846	0.6673376985436167	0.655753846153846
170est	12deep	0.34723553991642836	0.63827995928315	0.6567179487179488	0.666174957698719	0.6567179487179488
110est	7deep	0.41894875742247634	0.547432834673874	0.5818461538461538	0.5734884303129282	0.5818461538461538
200est	15deep	0.33046844073015175	0.6594601039774389	0.6735384615384616	0.6839164106035972	0.6735384615384616
100est	18deep	0.33263250494831753	0.6604082658262566	0.6739692307692308	0.6808188942817567	0.6739692307692308
30est	10deep	0.3919155487134374	0.6019349890850051	0.6251282051282052	0.6305603682964067	0.6251282051282052
190est	6deep	0.4317132175060479	0.5327560225152767	0.570974358974359	0.5465575598015399	0.570974358974359
70est	4deep	0.4553507807345502	0.48649258160840037	0.5411282051282051	0.5190071888645731	0.5411282051282051
90est	12deep	0.354106003958654	0.6348855767817895	0.6532923076923077	0.6618050551977163	0.6532923076923077
130est	6deep	0.43283923466021546	0.5319464079356727	0.5706256410256411	0.54562201320753	0.5706256410256411
50est	5deep	0.4467209148889378	0.5067628392472899	0.5531076923076923	0.528202774431808	0.5531076923076923
140est	17deep	0.3293160325489333	0.6588694179061864	0.6722051282051283	0.6795129068082268	0.6722051282051283
170est	2deep	0.47131735210028586	0.460257980070202	0.5318769230769231	0.42149276450946915	0.5318769230769231
160est	14deep	0.33477897514844956	0.6541671639808214	0.6693128205128205	0.6754729308692019	0.6693128205128205
120est	8deep	0.4033956454805366	0.5638932866135388	0.5944205128205128	0.596417468108031	0.5944205128205128
110est	20deep	0.3322630305696063	0.6606637776714487	0.6736615384615385	0.6797523036487949	0.6736615384615385
10est	1deep	0.5306883659555751	0.3723550283916673	0.4766769230769231	0.3752293648635552	0.4766769230769231
20est	16deep	0.3738992742467561	0.6424780188073715	0.6557743589743589	0.6572179553924862	0.6557743589743589
180est	19deep	0.32754783373652957	0.6614566085537666	0.6749743589743591	0.6813354118081553	0.6749743589743591
80est	14deep	0.3405762040906092	0.654356176921922	0.669723076923077	0.6779995633912277	0.669723076923077
100est	9deep	0.38957554431493285	0.5890880716999217	0.6156307692307692	0.6218737208060245	0.6156307692307692
10est	13deep	0.4248691444908731	0.6179912770697648	0.6320410256410257	0.6298643051199327	0.6320410256410257
150est	3deep	0.46548493512205846	0.46409754706228357	0.534051282051282	0.4643206965673625	0.534051282051282
150est	11deep	0.3602990983065758	0.6247270574673731	0.6457230769230768	0.6518721475331993	0.6457230769230768
1est	9deep	0.8049967011216187	0.5044792365035831	0.5176820512820512	0.5028246848781666	0.5176820512820512
180est	8deep	0.40304376511985923	0.5703229666503111	0.6003487179487179	0.6021438335008117	0.6003487179487179
60est	19deep	0.3397668792610512	0.6585416102145777	0.6718358974358973	0.6765625136401549	0.6718358974358973
80est	5deep	0.44662414778975146	0.512129968903789	0.5561846153846154	0.5284606753163555	0.5561846153846154
130est	16deep	0.33305476138113044	0.6625342968231926	0.6761435897435897	0.6843317864393146	0.6761435897435897
90est	19deep	0.3344534858148229	0.6651105870986016	0.6779692307692308	0.6837692368197427	0.6779692307692308
160est	7deep	0.4180866505388168	0.5519511961234297	0.5864820512820512	0.5720067083058953	0.5864820512820512
70est	14deep	0.34279305036287666	0.6475098158581245	0.6629333333333334	0.6707894953384291	0.6629333333333334
170est	19deep	0.3289905432153068	0.6597802495988709	0.6740923076923075	0.682005832313625	0.6740923076923075
40est	11deep	0.3752892016714317	0.6164867251344073	0.6369230769230769	0.6433455508053935	0.6369230769230769
140est	6deep	0.4328832197053002	0.5317038359057864	0.570276923076923	0.547955548490294	0.570276923076923
100est	13deep	0.3414295139652518	0.6413466491226155	0.6588923076923078	0.6646144066145037	0.6588923076923078
200est	20deep	0.32842753463822305	0.6627731905526457	0.6763897435897435	0.6843639948680262	0.6763897435897435
20est	5deep	0.44993182318011876	0.5067933481806535	0.5514051282051282	0.523638953472123	0.5514051282051282
190est	14deep	0.33365295799428196	0.6555959571321622	0.6709743589743589	0.6789410047669707	0.6709743589743589
10est	16deep	0.41983725533318667	0.632245090570358	0.643220512820513	0.6386952281606313	0.643220512820513
150est	6deep	0.43188915768638664	0.5305809271052813	0.5688	0.5421931877510451	0.5688
120est	20deep	0.3333186716516384	0.6635896046355435	0.6767589743589744	0.6814090158668067	0.6767589743589744
80est	11deep	0.36182977787552234	0.6160866404850488	0.6367794871794871	0.6447015008105275	0.6367794871794871
150est	14deep	0.3366351440510227	0.6541810810149523	0.6696615384615384	0.6797718175797756	0.6696615384615384
30est	5deep	0.4491224983505609	0.511184563647096	0.5564102564102564	0.5317628463441028	0.5564102564102564
50est	19deep	0.3432416978227403	0.6569375698253931	0.6700102564102565	0.6749494895781912	0.6700102564102565
160est	11deep	0.3602463162524742	0.6200585960998256	0.6416	0.6485208012626487	0.6416
90est	5deep	0.44556850670771936	0.5088353458061114	0.5544615384615385	0.5279919219833157	0.5544615384615385
170est	7deep	0.417382889817462	0.5509558734133441	0.5846769230769231	0.5658326222156769	0.5846769230769231
20est	13deep	0.38226522982186056	0.6305989192685029	0.6463384615384615	0.6484957227457254	0.6463384615384615
10est	4deep	0.47568946558170216	0.4912104231690983	0.5414564102564102	0.5119631499938566	0.5414564102564102
