90est	15deep	0.45843533344441895	0.5483333056980426	2.1523250720700706	4.636300288254913	1.5340542984245586
30est	4deep	0.5517891230541905	0.4517063258514405	2.391480392947958	5.723431670881865	1.717905639268821
90est	3deep	0.5877083366125991	0.40988491581382214	2.49352983089963	6.220932339558803	1.7951477234596893
1est	3deep	6.798807143982802	0.35955586609551804	2.55343294099404	6.526954222581512	1.8553792097254245
70est	20deep	0.4610243512595032	0.5426575174318893	2.1737449018424706	4.728372733622389	1.5439158916317413
150est	18deep	0.4533510591319231	0.5511561698750844	2.1635313737669244	4.687451953296356	1.5250500232848265
80est	7deep	0.47207674798430765	0.5352633685794467	2.1945897780482637	4.818503605468984	1.5465584837045616
110est	10deep	0.44975832430450213	0.5476330843491728	2.1608647481534526	4.671887494013026	1.5233566743141185
30est	15deep	0.48776411691216587	0.544460818890989	2.1788926636802546	4.751418019053408	1.5495008574507207
170est	4deep	0.5440453576119798	0.457087892281508	2.376207303940215	5.6516256719326545	1.7004979090159156
60est	13deep	0.46785207857206124	0.559412474963521	2.159296796121206	4.665640405226967	1.5270332029968117
140est	16deep	0.45289178838091154	0.5534040701891176	2.1604276731680256	4.672475330665208	1.5182306958529594
180est	1deep	0.7035811809642872	0.2999233790151949	2.697072120403714	7.2787043848405055	1.9558128022093402
180est	17deep	0.4508639587252267	0.5528658513165299	2.1286134179714864	4.535352880684161	1.5172985851231937
120est	6deep	0.48382789387156877	0.5177434665757099	2.2407685473555996	5.026924036606962	1.5820067266145639
200est	10deep	0.4484576182046136	0.5522591438713893	2.1343270340407203	4.559996833315933	1.5052226379505345
190est	19deep	0.45228678769263864	0.5510974912919981	2.159240571201346	4.666633466705663	1.5276395285489224
70est	2deep	0.631625698642175	0.3711380976566915	2.557633455709955	6.5465020473258	1.8560218046447983
140est	8deep	0.45807824203161673	0.5466759408491206	2.16400822053922	4.689559904734321	1.5288136917466317
130est	19deep	0.4535467263014949	0.5475470481903053	2.1555939189607045	4.649308322804071	1.5221811963901184
60est	6deep	0.487493687008151	0.5177018413142782	2.2180029507677896	4.9264712828552435	1.5800222516447797
200est	9deep	0.4485989783891535	0.5439096527560247	2.1788827298535622	4.749772984142536	1.5328984608707221
120est	17deep	0.4556584274184795	0.5503793292252176	2.1528467827168067	4.638264273040798	1.5280059375137784
170est	11deep	0.4516866566760654	0.5590647736544467	2.1358224920204636	4.564679997418904	1.5082123066654392
190est	5deep	0.5096013598088103	0.4937191283592274	2.2892589887571733	5.245168801314592	1.6218380003665467
50est	14deep	0.46964653679317186	0.5507247721649696	2.1575406480965342	4.659594507051292	1.5270391183523426
130est	2deep	0.6311432073111323	0.3752655646100132	2.5194668579280215	6.352334181728404	1.8427697468697926
190est	16deep	0.4509121344007852	0.5506527379554135	2.138952106758499	4.577762285775984	1.5166641794507774
150est	3deep	0.587252881217227	0.41526474439170125	2.4711358004661346	6.112056099033229	1.7798123203906835
120est	9deep	0.4578645243610355	0.557395012720597	2.1307978746122562	4.546179876745255	1.5105242305349607
180est	18deep	0.45299242939712414	0.5571736426344911	2.127446348624777	4.530566245923878	1.507012445997021
10est	3deep	0.7038466290995586	0.40919071638873095	2.4987181844395123	6.250192975428731	1.8013016476262305
120est	18deep	0.4570344916352784	0.5516231979183126	2.155228086650274	4.64880060681931	1.5276022481584988
200est	6deep	0.4837824314979299	0.5169627775701703	2.2470898641557	5.054262402031918	1.5908812570737418
160est	10deep	0.4481439276240099	0.5502089012213286	2.181351317055201	4.761417205324896	1.5259312924388038
140est	7deep	0.46998968140115016	0.5371053530483269	2.1991655796564284	4.840068658075179	1.5432873903566098
40est	15deep	0.47404821193199076	0.543261060697621	2.1873951401685985	4.78959237371593	1.5373908702998873
60est	9deep	0.45979020552481187	0.5488035547111876	2.1640767252071855	4.687477353901169	1.5238867463960473
10est	13deep	0.6917868004378329	0.5266384964576332	2.233929337016212	4.993397817611676	1.5833715293057562
130est	16deep	0.45588635656407583	0.5532753879067164	2.1594819949457373	4.666551771865284	1.527371260861083
80est	14deep	0.45886493507732795	0.5506511080014461	2.1694202654909738	4.712319100216436	1.5280684335408887
110est	5deep	0.5111337930268572	0.494456925099527	2.294682737384665	5.27033668873369	1.6326095070544
40est	1deep	0.7065310330732112	0.30015510081707253	2.700466053423517	7.298272179576275	1.9622291916615555
50est	5deep	0.5119975862010276	0.49067236274275816	2.2668557402272413	5.145557132900225	1.6175346882172383
140est	19deep	0.45636510786543316	0.5572373682112058	2.1619891718488886	4.6781058818444485	1.5223325564958534
1est	11deep	6.920026342066893	0.20797758084603707	2.8716843526309095	8.263320127814778	1.9584036359870984
70est	12deep	0.4549510281917556	0.543903687402933	2.1770333692551818	4.745460868846638	1.530579893615456
150est	17deep	0.453921341278117	0.5532658143944585	2.164465217145384	4.689043046504441	1.5266288138942263
100est	11deep	0.45255015235080037	0.5507321783253589	2.1562498991702084	4.652232683545284	1.5142597035042789
80est	8deep	0.45763222319617397	0.5390453094137974	2.1802784478384116	4.75771290835186	1.531706992119654
20est	14deep	0.5123421662379638	0.5345746150791917	2.2146848790556364	4.909798817125424	1.5592935640648833
100est	1deep	0.7022859619688597	0.29770336461381935	2.6900193191036372	7.244645993009851	1.961692037856021
20est	8deep	0.4911701486388405	0.5419554963374023	2.1935796501982603	4.814400441709023	1.5454431805064481
100est	6deep	0.48697531655621373	0.5183398444437636	2.254222368586749	5.085739068676987	1.59114890860531
20est	13deep	0.5069437217281481	0.5375573409859238	2.196906785507226	4.8301745257728985	1.5493480392482666
100est	16deep	0.45898551318632164	0.5559003702725264	2.1555995747141474	4.651283238136204	1.5211309534930786
150est	10deep	0.4518369105149902	0.5551062457751827	2.151305374891802	4.6313530697657	1.5140510245710537
70est	15deep	0.4615325413011215	0.5464465128442386	2.1711497187087265	4.717643689891727	1.5345846325387615
30est	20deep	0.48865500991444455	0.5354102901724067	2.183651552899462	4.773095369998519	1.5554122104570716
1est	16deep	6.958014985100379	0.096901703454083	3.05529731784969	9.341716194264205	2.102182860955095
110est	18deep	0.45649415065633514	0.5514512660951962	2.163914363254793	4.687083790178519	1.5272259879874557
50est	2deep	0.6309670927358049	0.37428464625799174	2.5339600287822956	6.4251354715379065	1.8423509326811944
90est	20deep	0.4596917690840642	0.5485480452731086	2.1609796564158574	4.673505726599666	1.5216413697358535
40est	6deep	0.4906906172432955	0.512762201811563	2.257187293334232	5.100828509495875	1.5939681027232695
160est	8deep	0.4587180436300277	0.5466067120460599	2.169332288310154	4.709300445533382	1.5278057456506966
110est	2deep	0.6323360748002012	0.37479130184878945	2.536527802667513	6.439057649521183	1.8582608406645704
80est	13deep	0.4551306477290894	0.5480241014401342	2.1623929061906426	4.681013767131752	1.5265875608169432
130est	11deep	0.45050856438513043	0.5549078436765956	2.14680702157632	4.611497139260608	1.5158421761245855
10est	14deep	0.6863157104954811	0.5148946979014491	2.237839163304812	5.01160675339678	1.585129124956698
40est	12deep	0.46809939700981984	0.5445249959518421	2.1699449398211734	4.714498273874	1.527963352075962
160est	17deep	0.4505815651296631	0.5469104892309581	2.1665689245912025	4.697100485078149	1.5296314335292904
200est	1deep	0.7000988928376146	0.29353269442627505	2.7122186411860776	7.360611738173663	1.970074980516669
170est	19deep	0.45437186271504826	0.5543070469954171	2.159014969444907	4.664220181487147	1.5234160926047984
10est	4deep	0.6611835382473877	0.45227122787734253	2.4033476888141703	5.78392069334304	1.7116094411493963
180est	9deep	0.45140176721908626	0.5506517777105725	2.15800357059986	4.661163785114959	1.5223273738630163
200est	18deep	0.4514640755189089	0.5524681734843156	2.1401695302400214	4.582477724739343	1.516614135444655
150est	4deep	0.5407472278194058	0.4505777914395215	2.385981634660219	5.699140471300852	1.7079774939261878
190est	11deep	0.4484521410152263	0.5556845123617358	2.1426009316136296	4.595446285371592	1.5097122421899052
130est	5deep	0.5052386933174988	0.485886291270079	2.3064310569186315	5.32687278763271	1.6384997511509678
50est	13deep	0.4649718208936585	0.5442563704470824	2.1906736358334076	4.802716872055032	1.5421370039384739
190est	2deep	0.6297342995561229	0.37228525749649594	2.554038537361391	6.52739244405802	1.8505829683099544
170est	16deep	0.4493034680590563	0.5494055437430967	2.1721949656984973	4.721518879780901	1.532907147465369
120est	10deep	0.4531814555290651	0.5541662453227483	2.138783572665842	4.5795275219912	1.509649161164895
40est	20deep	0.47740155750039653	0.5412180971592315	2.196078245586218	4.827717544570681	1.5489056313952887
60est	1deep	0.7027120152188328	0.2970624131690231	2.694198261397065	7.2622826154150815	1.958183538587302
160est	18deep	0.45466280449609153	0.5528297661311184	2.1449833357225327	4.60263270878747	1.5221066227886526
70est	5deep	0.5128468489724938	0.4923584516899308	2.303477653894368	5.3100957733416365	1.6372140341151709
200est	17deep	0.4513023233754028	0.549541329803775	2.1676673997138582	4.70196410290977	1.531048117282202
120est	1deep	0.7043467268905391	0.3024369291898578	2.6783839475607127	7.179544333164408	1.9542342750583537
180est	10deep	0.44782133084349995	0.5533977499804527	2.1468228110589345	4.613504846009409	1.5053163652200967
180est	6deep	0.4853974270105805	0.5226698489418967	2.2101976529547667	4.889732515152634	1.573367763901575
140est	11deep	0.4488831625694384	0.5535802708844471	2.1594878682848098	4.666868402566323	1.516028441618169
1est	19deep	6.94438783389733	0.08248699447626123	3.052781845690535	9.326635595140784	2.1101314280995194
60est	14deep	0.46282115058003825	0.5486550606999904	2.1606104025990085	4.671719177099057	1.5268827803248468
170est	3deep	0.5866525119436029	0.41102155147183284	2.4735722351384983	6.124235672338073	1.785185767111778
30est	12deep	0.47813949046673815	0.5426807076183371	2.166833820685417	4.699499587511477	1.5228670772884174
110est	17deep	0.45571241143423896	0.547090224059287	2.1698168184189446	4.712329602480126	1.5306291527947653
100est	19deep	0.4591115089483469	0.550503104534235	2.164104332788508	4.687961021175158	1.5352445414927616
20est	7deep	0.4932643983599226	0.5247544422593069	2.2214699287262247	4.9396736126068275	1.5708228229685468
1est	4deep	6.793079195281385	0.3814375053689939	2.4964469520349932	6.238974563335863	1.7903885825476897
100est	9deep	0.4544167351216398	0.5507202942943327	2.1548799872521407	4.64872593712537	1.5204477188248173
90est	4deep	0.5469085721177254	0.4604472822901042	2.3665380484357725	5.604080845019841	1.6920291733261825
30est	3deep	0.5902877301045693	0.4098872220937143	2.4649748787943313	6.0791688737206355	1.7802246853583994
90est	12deep	0.45493416907415757	0.555028076915281	2.1645044937150546	4.688690287842505	1.525938819018397
40est	9deep	0.4637588079313401	0.5429366352000706	2.1705157552797174	4.716129197688102	1.5248365726568642
160est	7deep	0.4657721960487382	0.5313277026590885	2.196519020213744	4.832262862888842	1.5488950130388535
160est	9deep	0.45205041747227853	0.5491328836753915	2.169125342255932	4.709917907559411	1.5303181663521246
40est	7deep	0.4754899797549848	0.5278503187613193	2.202600947998538	4.855445546016768	1.5570367161407292
110est	3deep	0.5888705586336423	0.413162620672419	2.4823378658160467	6.166716113499936	1.7821597169915575
80est	12deep	0.455363656110558	0.5525775823678468	2.1574137277880583	4.657151145476322	1.5187152220134827
100est	7deep	0.46888074136793295	0.5317935180106713	2.2117148186768754	4.896507982856716	1.5532145212341306
20est	9deep	0.4872250913096267	0.5400488393587679	2.191250795288453	4.806482154846068	1.5368036833503183
150est	11deep	0.4482824133113198	0.5521865487840558	2.1525129783882746	4.637518170880498	1.5075201146484734
70est	14deep	0.46028576113263175	0.549305964121939	2.1748135208174277	4.73386465242183	1.5371396745362096
20est	12deep	0.5027274234336836	0.5406540681132244	2.1997923863056177	4.844683830577597	1.5466384760319734
100est	17deep	0.456925014836254	0.5509438452416835	2.1657245819400397	4.692800112290643	1.526343754856311
110est	19deep	0.45596018530506405	0.5488127279559614	2.1548351669312877	4.649544603486597	1.5269163400197943
50est	3deep	0.5910028965020985	0.41185650382663264	2.468243577815838	6.096743074767204	1.7745799411077392
1est	17deep	6.931719367920714	0.0931211207055337	3.034378729263101	9.21297476724408	2.0922757048231637
180est	8deep	0.45557132892285596	0.5382542106605851	2.19754668455486	4.831958315304045	1.5440889268436677
200est	19deep	0.45033342515566893	0.5485602364789439	2.168364367576002	4.704172412759459	1.5328378098381008
190est	10deep	0.4500178864353847	0.5544377601325836	2.1576289938002957	4.656511894223321	1.5184852238701805
150est	5deep	0.5101055581584284	0.4924420027658517	2.3057219683119907	5.320204682779794	1.6373120030265724
40est	13deep	0.4723066714215144	0.5438880230548839	2.167184231357669	4.702730415274122	1.5318470012078387
140est	1deep	0.7029925423618407	0.29915082733136694	2.6970806475740403	7.280358762704253	1.9623708144447076
160est	16deep	0.45225480968282983	0.5538484481246476	2.1532636660772684	4.641176916040746	1.5193412019038184
130est	10deep	0.4517680911822077	0.5523950184211623	2.1385057150339097	4.577660880121912	1.509290568277878
10est	15deep	0.6879631292800322	0.5073156666348835	2.260012586306747	5.110530405244003	1.5985125908283981
170est	18deep	0.44968224389093875	0.5466426855447167	2.1603538229111727	4.672602248303163	1.5280061977301949
10est	5deep	0.6402813326236074	0.4848182435963971	2.321852230480943	5.39491263716866	1.6555067665239505
50est	20deep	0.47360814566225173	0.5498211396019133	2.173348048953066	4.725587848517322	1.5386235851272856
70est	4deep	0.5433174769319983	0.45623466582194416	2.3686470347413557	5.616287078572656	1.7013498202734807
200est	16deep	0.45051088364828906	0.5524493521236622	2.1332583115912462	4.5532330331307955	1.5112692085719397
180est	7deep	0.4691453683880865	0.5368859361654706	2.1873154738745346	4.786485298018096	1.547234884961523
180est	11deep	0.44579467812756995	0.5490896594540707	2.1710576011644407	4.716726429163058	1.522291971039919
130est	4deep	0.545454253660141	0.4608386331489532	2.3660486947807193	5.603986617211214	1.6867466746415125
120est	11deep	0.4485246691169504	0.5496984221948126	2.151046029055836	4.630062003283615	1.521461848791096
50est	12deep	0.4644706304135845	0.5488531143129503	2.1744012737302385	4.73384126200208	1.5316206417401261
190est	3deep	0.5884343527638292	0.4155985298307936	2.453681728157169	6.025220367045147	1.7794781206389993
170est	17deep	0.45031677911900325	0.5488272234946416	2.159177622823915	4.665954474044613	1.522398633850155
160est	19deep	0.45086472107498154	0.5489124381847578	2.180247848185117	4.75747033849339	1.5294392595568589
90est	5deep	0.5105855758121804	0.48891664382856315	2.306780973322542	5.324893118199279	1.6414241495810216
30est	2deep	0.6341151075116301	0.3719437966204782	2.545233175316736	6.484799050372275	1.8438798805529728
80est	20deep	0.4634449368635413	0.549882971061739	2.1682214687916512	4.704379274598603	1.5306066567892065
160est	6deep	0.4839735766426338	0.5172710809863018	2.2257691698680504	4.955936170603946	1.5835395440853128
90est	13deep	0.457264549598834	0.5553808215447256	2.14563817755211	4.607757762245933	1.5118216093323065
40est	8deep	0.47051608302030445	0.5414514910030762	2.1832584369455197	4.772548071321492	1.541361129261615
30est	13deep	0.4859300161609413	0.5473751247197365	2.1548689839791813	4.646078490979597	1.530485814918543
110est	16deep	0.4587755828533062	0.5550081307359916	2.1537892871905204	4.642862960861725	1.5257261822200048
140est	10deep	0.451554253383161	0.5546181839641192	2.155258219831333	4.6516275188468805	1.5175097335365717
1est	18deep	6.9684285037455584	0.07854317926705953	3.08015039088942	9.49418430067393	2.1336246144263864
60est	15deep	0.4639230137488552	0.5458945072043206	2.1560293859729938	4.652138163497056	1.5234260484329498
170est	2deep	0.6252227272220394	0.3632117572334402	2.5648968278174236	6.5850473120160675	1.8628408943969543
100est	18deep	0.4593437239446182	0.5535025099321044	2.1613621342281304	4.67696962511273	1.5242630974937788
80est	1deep	0.705113231952372	0.30096433988509425	2.684310434618664	7.212050702836372	1.9501911186852243
1est	5deep	6.847364846258751	0.4006927629348449	2.4812546369414266	6.165713888226026	1.7605591862374836
100est	8deep	0.4612772724578446	0.5441644276009686	2.1811022115407743	4.760845200536884	1.5396434111439425
20est	6deep	0.49852413993598566	0.506325994840848	2.2810024006166554	5.207357802489627	1.611758700564952
20est	20deep	0.5200575293633718	0.5346822040827627	2.2058466052636123	4.868934400956334	1.5664004597068686
20est	1deep	0.7104826317803404	0.29723929502790797	2.6861772367468437	7.217898864918023	1.9636788114459838
1est	2deep	6.870922504594193	0.32037576535259354	2.650607468242066	7.0343828078848025	1.9407229955111263
80est	6deep	0.48993637730796363	0.5194719439569107	2.2489524143934605	5.06349626607265	1.5897183868228766
150est	19deep	0.45234523601461146	0.5473648662544535	2.1513597352850558	4.632433005171709	1.5205598320435423
170est	5deep	0.5096144094103819	0.4934636457228263	2.2833136495306072	5.222125391348052	1.6283284123895954
60est	12deep	0.46145261345211175	0.5522677942268494	2.1614284998199	4.675669520965129	1.5275625507618877
140est	17deep	0.4523255566983994	0.5470493832114875	2.169464206016159	4.710551074978543	1.5347698343635616
110est	11deep	0.45324212829661337	0.5583157066787969	2.1362379546959276	4.567428529310225	1.5063760294736
30est	14deep	0.48732512881864226	0.541394023380799	2.1682543149385634	4.704758748232645	1.5349303263338034
90est	14deep	0.45841024412607434	0.5523435606725474	2.153025699082837	4.638633605224978	1.522307837866191
160est	1deep	0.7051538543647936	0.30067315905648395	2.6859573157840195	7.220868812259162	1.9592883647327535
30est	5deep	0.5169640000181276	0.48912133313163564	2.3025084092534653	5.309049609230349	1.6407913169221637
90est	2deep	0.63002469223452	0.36861508552289185	2.54858989659389	6.499104736504501	1.8476959695908242
130est	18deep	0.45725881513657074	0.5553385868385182	2.1618690599989314	4.6763134863428855	1.5291795231169956
60est	7deep	0.4730580388464476	0.5336770713541928	2.2034771032480114	4.862311247209161	1.5490561627920798
140est	9deep	0.4518100684996283	0.5479340433652351	2.1700623576020974	4.712107241283055	1.51864284433532
10est	20deep	0.7037242843498265	0.5096421625671474	2.2724383773873558	5.165385855770025	1.6077559934176238
200est	8deep	0.45385848857801264	0.538909361726069	2.1931222183831	4.813050027364486	1.5426549859846201
170est	10deep	0.45206116790547335	0.5569049442489805	2.140494717193812	4.585087746733386	1.5107225265386242
190est	4deep	0.5423665428875052	0.45525458704514343	2.3796868611930018	5.669285410776168	1.7029245472777654
50est	15deep	0.4688984407100658	0.5452089564218574	2.177715574869842	4.746888615445913	1.5360903601544122
120est	16deep	0.45446188910261015	0.5525638985483527	2.1497605889057247	4.625831712499473	1.5198356829084303
130est	3deep	0.588202756037829	0.4142674149264578	2.4618527309450307	6.063383441444454	1.7725792189933538
180est	16deep	0.4489936919974125	0.5475911781553928	2.1466419400331076	4.609974163521832	1.5175042194223591
120est	7deep	0.47117396120007904	0.5376420535485705	2.1947050044971004	4.821179937085219	1.550120172062111
200est	11deep	0.4459356629175948	0.5530060045861876	2.150562921359089	4.627989830199223	1.5153657074069622
190est	18deep	0.45166200404393986	0.5540944365180324	2.147308161485691	4.61792939890011	1.5174126346889663
70est	3deep	0.5872012814161028	0.40890319565935107	2.489891002549236	6.203207974282496	1.788160003029364
10est	2deep	0.7456759977257549	0.363988668920683	2.571071831997904	6.618058134208943	1.868258219749296
120est	19deep	0.4609986671020887	0.5587360445562142	2.1558449520405865	4.651949064230383	1.524328056650238
200est	7deep	0.4662461497685176	0.5322057094703821	2.209987578614282	4.888358984077396	1.5532886534946857
60est	8deep	0.4609543641382406	0.5382509528786481	2.172073292826494	4.721719153040718	1.5308001488146499
10est	12deep	0.6632701609484122	0.5174913065895299	2.238107069663979	5.011564377020209	1.582568385660386
130est	17deep	0.45429232211390513	0.5468474970382836	2.163758780579563	4.687690421777587	1.5324152186721107
160est	11deep	0.44911361228829316	0.5538664488082827	2.1562107952094127	4.656414696688177	1.5164436753002288
140est	6deep	0.4858546091110341	0.5204907919841435	2.226112190448979	4.960404803739675	1.5786198377242713
40est	14deep	0.4726788616036874	0.5433350898105362	2.175943893097767	4.73888553216016	1.5363734204179433
150est	2deep	0.6295594895167043	0.3705157216781312	2.540769984848507	6.4614970504964	1.8507018929852908
190est	17deep	0.45311577029850336	0.5525126853226296	2.1594265904650127	4.665653700005796	1.524448046967942
120est	8deep	0.45933214946300405	0.5435617670968833	2.168131258202006	4.703797296781973	1.5287697187288252
180est	19deep	0.4531534817140777	0.551110680980412	2.154717662954181	4.647134110003957	1.5227507343244293
140est	18deep	0.45121764978189616	0.5473111806964147	2.182968896461235	4.767925753793033	1.5443543906278188
1est	10deep	6.8608789324000545	0.23991747496937216	2.786115877845969	7.773857398881801	1.8963191797539236
50est	4deep	0.5476179465494304	0.45500456965600283	2.398947327635119	5.757971692758206	1.7092398732161076
60est	20deep	0.46695064024970684	0.5459146168084849	2.1803950610685052	4.758354130541629	1.5401176803770653
100est	10deep	0.453081681809564	0.551267783209316	2.1507106716501103	4.631063479599765	1.5130780969671664
80est	9deep	0.4568619491008484	0.5463274512766436	2.182889301526091	4.770171850941534	1.5358304674030325
20est	15deep	0.5150698028391545	0.5403515926625672	2.175771831114009	4.737834214253499	1.5458483444509816
70est	13deep	0.4635013362951624	0.5535169143902557	2.1572982762060007	4.657982217752952	1.5267533702326677
150est	16deep	0.4540584966732475	0.553007455886705	2.1547772003266044	4.645428179713641	1.5267544051966013
80est	15deep	0.46264274968804237	0.5552694009364945	2.1483234938351727	4.6196968172153134	1.5241426153418107
110est	4deep	0.5455996665697701	0.45647148428623824	2.369031138073759	5.617123260173591	1.6955128878455932
190est	12deep	0.4473705979482662	0.5547586288275762	2.146945684580103	4.612022415986202	1.5179069644546541
70est	9deep	0.4612993566190488	0.5553053904588505	2.148916727856749	4.6232260772489076	1.5140809395058563
150est	7deep	0.4686596441813252	0.5339643093703602	2.2091554890011724	4.8838833275250355	1.5561383677729261
200est	2deep	0.631292745466503	0.37424552088747814	2.558503206634181	6.552085214769907	1.8545693866407749
140est	3deep	0.5880851192844101	0.4135641754363118	2.473670527948762	6.124411259122869	1.7854421925172124
40est	11deep	0.468791778397454	0.547939016079375	2.16742280497376	4.703128529551406	1.5235740347736493
160est	14deep	0.4515972291131129	0.5534440750272237	2.1525734883919982	4.639204358133883	1.5171512301674088
130est	12deep	0.4510859304181043	0.5536940637287349	2.16232760456786	4.678964512778607	1.5130954021729637
10est	17deep	0.7007867431035308	0.5082485709357186	2.2636290723696026	5.127981506739323	1.6011712841668193
10est	7deep	0.6244104851574069	0.5206488125562023	2.2174109259202077	4.921223070264728	1.5683389457799726
130est	9deep	0.4513847856099628	0.5474709742227395	2.1533110184855326	4.641276137147531	1.5174399857355558
40est	5deep	0.5146545163977253	0.4861306430790566	2.3025602699849834	5.30515249835947	1.6444676208723674
80est	10deep	0.4547481968115647	0.5512883101599207	2.164021521298886	4.686670453990541	1.5276978354693336
90est	8deep	0.4602081925602938	0.5432636548134485	2.1800510651043497	4.758855571460236	1.5301020003585568
110est	1deep	0.7027111367267268	0.2963095575251246	2.6909889766821147	7.245132571009866	1.9610394774216124
150est	13deep	0.4499848601087665	0.5535919910525618	2.1530465718327725	4.6409294414048095	1.5120523445680312
70est	16deep	0.46522765519527437	0.5507674575770782	2.15493005356845	4.648851507493915	1.5224100909212068
20est	10deep	0.4931841246257563	0.5463083823340119	2.1462034984584184	4.60967723733994	1.519925021130152
100est	15deep	0.456620415717623	0.5509133178300244	2.1708819027415185	4.7178983177650196	1.5289426311611527
1est	8deep	6.904329479893819	0.34075094785359916	2.6252746108053	6.897655644347819	1.8178069515807307
100est	5deep	0.5113417644848958	0.4960123418753206	2.291453830526081	5.258317686762365	1.6290837381879737
50est	1deep	0.7054099431992733	0.2996353045023651	2.699866728311952	7.295648868337403	1.9624058685697379
1est	15deep	6.959527785335147	0.1013567768001702	3.0321113834502014	9.208876251641867	2.0768534657094264
60est	18deep	0.46613934626364845	0.546251274190582	2.176850893346634	4.7439911543977304	1.5377306452199628
140est	20deep	0.4515049041940866	0.5469786893784002	2.159580695703011	4.668767919942364	1.5343061648108343
90est	7deep	0.4676357606057595	0.5273926337915879	2.246637761342251	5.052205636794627	1.572342524996132
160est	4deep	0.5416116396989755	0.45235796873841183	2.3805544876673013	5.6733537938169265	1.7051569574263408
90est	11deep	0.45532896079781615	0.5550622716094844	2.147801446737201	4.617264323683176	1.5138714462479677
30est	11deep	0.4765698065860368	0.5493815785747624	2.178955892330793	4.752317882926833	1.5302666643727352
110est	14deep	0.4523479145421795	0.5496836128981778	2.149599293196198	4.623971648068849	1.524942718209087
140est	12deep	0.4527056509549442	0.5595837492085631	2.1462392216830324	4.611747787267271	1.508965154001556
60est	17deep	0.46523368123705133	0.5433172809479635	2.175634873175028	4.7374509099048465	1.5364435842851492
1est	7deep	6.872142953300844	0.3607928758291331	2.5816501642034315	6.672769335964215	1.7935627592884893
20est	4deep	0.5554599225709552	0.45336357433249186	2.376685377408394	5.652203748322479	1.7003060605204823
70est	19deep	0.46080140328547714	0.5411900437815953	2.201701279016601	4.852051070450561	1.5496234713516843
80est	3deep	0.5871937453471416	0.4140693428074945	2.4669657892238295	6.089033763544911	1.7834683351925988
70est	6deep	0.4872730790302725	0.5166264036585724	2.2325134652663134	4.986715632817083	1.5842961336270782
150est	8deep	0.45555768923632856	0.5375948167039669	2.1892296055027525	4.79737870083322	1.5379305368116263
190est	20deep	0.4557862054821487	0.5628260868284063	2.1364068120690796	4.568178149365698	1.5136141551382891
180est	5deep	0.5085099680219975	0.48646040088808656	2.3320563856509975	5.446556917503691	1.6483923454121183
180est	13deep	0.44920276703524564	0.5531328458134146	2.154230889085538	4.6431390026873505	1.5141679091501643
200est	14deep	0.4497859253943972	0.5522217438463555	2.151202982908951	4.631795551111972	1.524693310581376
120est	2deep	0.6290987964552388	0.3678505518270094	2.563631323796096	6.576445335775695	1.8630214664351927
120est	13deep	0.4537113401603843	0.5515728602406171	2.1406416380519553	4.585636933760895	1.512873899076429
50est	10deep	0.4618475125441915	0.5508708744267548	2.1604401634820203	4.67058116783784	1.5131807087294553
170est	15deep	0.45152946342844413	0.5550994022186169	2.1529611400295603	4.63765980928213	1.5245523126592144
190est	1deep	0.701543579641998	0.29473574536697117	2.727594092719828	7.444881627646444	1.9712369200416728
10est	8deep	0.6260409258819163	0.5254306864110739	2.222049814222751	4.9420833555463135	1.5596958553374511
130est	6deep	0.48346385766840905	0.5129167415704065	2.240938264346174	5.025184559212351	1.5844708476182356
10est	18deep	0.7022557420818771	0.5026446568906715	2.2812767299005428	5.2078952366827185	1.6181407591412857
60est	2deep	0.6333132313005173	0.3699517626477331	2.556929327267749	6.543458779473074	1.8554183043860923
130est	20deep	0.452300538267031	0.5500162724934103	2.1701776658579597	4.712935127675596	1.5313942070419526
60est	5deep	0.5121403314313303	0.4915499333585136	2.2757467095690216	5.184320769695177	1.6257585586337608
40est	19deep	0.47945953510983874	0.5430227900531972	2.151703913916645	4.6328339061959785	1.5268721706303756
130est	1deep	0.703491954646167	0.29581383403341105	2.6900375329388004	7.241572945731861	1.9615668605637204
190est	6deep	0.486228140572416	0.5209487313753736	2.2168993183844905	4.919870983755568	1.576689691166721
170est	12deep	0.4490415710109214	0.5550234673947372	2.1579442490287417	4.660638943923645	1.517755042048785
50est	17deep	0.47327596349210566	0.5487343952848961	2.165177163296152	4.6932461673768655	1.533178350344182
120est	14deep	0.4557617582775598	0.5556296873793741	2.1385354148252773	4.575726862773246	1.5164941233342655
120est	5deep	0.5098579263106674	0.4907333028843601	2.295198835136154	5.274273523411154	1.629146739988538
200est	13deep	0.44934850488971845	0.5581075418461766	2.1358122034249907	4.565128880125819	1.5094963097108387
180est	14deep	0.4482568841539264	0.5510600278771942	2.168741645108519	4.706770885590982	1.5202088402578704
180est	2deep	0.6312774537284177	0.37472067784069774	2.538244129265885	6.446627716224997	1.8519244591751252
70est	1deep	0.7025654427214567	0.2935846407181559	2.6789535601975576	7.182784327163786	1.956470090909653
20est	18deep	0.518051286885206	0.5324379741703786	2.2090369214539485	4.882400248669757	1.566948838506826
80est	4deep	0.5441365407805436	0.4529788843258752	2.386488512432824	5.698357181347124	1.7047195175864243
100est	20deep	0.4593160532040329	0.5496952416509118	2.1602745033843447	4.6705868309288086	1.5313530161461912
20est	3deep	0.5942660283643222	0.4077571564265533	2.5006848815673357	6.261389474711773	1.7999716726457666
60est	10deep	0.4586677263940924	0.5507666405331949	2.157291186590152	4.658217716741349	1.5174749532238265
170est	7deep	0.4685086575789046	0.5366292755212189	2.2022306114008536	4.853777218871415	1.5548716736045494
140est	15deep	0.4542290552874462	0.5517215111232666	2.1672067997173925	4.698871821157444	1.5274122568090547
110est	13deep	0.4524261268780709	0.5507603373174962	2.153086178868964	4.639917723508535	1.522844609107587
30est	16deep	0.48673726088495706	0.5364921976934608	2.199212329748546	4.840193978526503	1.5568523130252478
50est	9deep	0.4647011217957877	0.5532866041886	2.1614570816982552	4.677073207953058	1.522179931630577
1est	20deep	7.0246877725912285	0.09480803665782167	3.0768094845977343	9.475559560004145	2.117914849089419
90est	16deep	0.45924852489427176	0.551444072798974	2.1627617877658913	4.680572930314916	1.52613107692726
160est	3deep	0.5863782954909835	0.41041119062278836	2.4679981621041396	6.096639346705176	1.7793417865766346
80est	18deep	0.4644910663826484	0.5539551920872396	2.1709747364008427	4.717167105170609	1.5394091741898392
110est	9deep	0.4552766993106902	0.5543526038927447	2.144010388124199	4.599963525126896	1.5086672494089997
30est	7deep	0.47776746887081456	0.5225722405808552	2.207543829465948	4.878373435692058	1.5651739131547553
170est	8deep	0.45715911081725447	0.5445400516882174	2.1654228961958957	4.693143925112085	1.5257190605106195
1est	12deep	6.9330056566122735	0.16656504544351175	2.931331808764213	8.607638607580903	2.0000379915603586
50est	6deep	0.4866590096811463	0.5117906016828481	2.260308612222454	5.11266587039952	1.592130771707537
30est	19deep	0.4954226810169058	0.5433945565312536	2.1673275857950616	4.700610598495624	1.5418793978653875
100est	2deep	0.630165024787498	0.37021347962585793	2.53871615361972	6.451727079688645	1.8529142727318457
100est	12deep	0.45390238373844527	0.5539742556441246	2.1662439419846358	4.696393872112405	1.5271018017521043
20est	17deep	0.5163393591721505	0.5273958992696128	2.18933252921497	4.798265957667321	1.554563639363056
70est	11deep	0.45824651679792844	0.5529451201198005	2.153191964431898	4.638757950671789	1.5175759065654233
150est	14deep	0.45211857458678945	0.5536762474786437	2.155173631401006	4.651448468375627	1.520006164392929
110est	6deep	0.4902649644188326	0.5237419119086492	2.237190171488269	5.010289090958485	1.584929184867751
30est	8deep	0.4753036895968269	0.5367753810658533	2.19594932435393	4.8256411792007	1.5425101803321635
80est	17deep	0.45982657855789455	0.5460023195729918	2.1725050756834894	4.7220897264517285	1.5423122876926463
40est	2deep	0.6335691019636966	0.3660726816660441	2.570488844754983	6.611476912850191	1.868689348495157
90est	19deep	0.4596673170704543	0.5515455011684897	2.147974431176714	4.616639618699954	1.527765596245533
50est	18deep	0.4719469225113149	0.543500517658286	2.1740877449465454	4.731008454053636	1.5406819764632302
190est	9deep	0.4503849418316975	0.5488782309246043	2.159432415791683	4.667196779155558	1.5186125549392568
170est	20deep	0.4507354467464674	0.548131686272018	2.1683183265942128	4.7042327887540765	1.5351947851388792
10est	10deep	0.6433356849727957	0.526370496096473	2.208277745927673	4.879928291088738	1.557748901605784
130est	15deep	0.45535410192228476	0.556724874883653	2.1397439870262933	4.5814103291141866	1.5185192705699588
160est	13deep	0.450012660022863	0.5516370119326754	2.164640655210023	4.690617188876665	1.5222315113658262
40est	16deep	0.4773482762555175	0.5407066194922013	2.177129181627916	4.745339485554615	1.545615330497242
140est	4deep	0.542659958092811	0.45332916951147145	2.382870412817911	5.688164815623573	1.704890553402329
200est	5deep	0.5107923692553159	0.4927057280555058	2.2773295219398193	5.1914799443274084	1.62192863771283
190est	15deep	0.4465808077873653	0.5431684275903865	2.1851474109301536	4.778112463618043	1.5323933763347153
120est	4deep	0.5438551588720636	0.4550356837922205	2.365824091831098	5.600954382608271	1.692521593168822
200est	12deep	0.44646916780298723	0.5538470473981403	2.145885281141074	4.60819854660857	1.5116960041276173
180est	3deep	0.58794755966992	0.41407979893514546	2.4586653000592116	6.049941841180678	1.78037329090758
180est	15deep	0.4527243536578158	0.5571352379694177	2.138068935811618	4.573689219422342	1.5152362356343771
160est	20deep	0.45714030043970977	0.5569776589079298	2.1454498838925105	4.605565944607029	1.527038352152563
40est	18deep	0.481126874099282	0.546146298282374	2.167580559187709	4.701064122768084	1.5403405010171014
60est	4deep	0.5472983719279636	0.45564857697316563	2.3803834359300318	5.669457681424651	1.6976968535244084
120est	15deep	0.455447424093693	0.5497173884240545	2.1739070167945553	4.730104083320598	1.532106404330929
190est	7deep	0.46669445518516767	0.533493321836104	2.1960385020551096	4.826192461558477	1.5476808127745951
170est	13deep	0.4488333342986159	0.5525701770808351	2.1350762398935403	4.563843579011041	1.5104400472324435
50est	16deep	0.46915156864957974	0.5444632188164773	2.1857831947642445	4.781072914743711	1.5351652375193696
160est	2deep	0.6301582680958038	0.37233401436966707	2.5470904643452084	6.490942441972757	1.8501546698923292
90est	17deep	0.4590877725995746	0.5519137977205442	2.148585724740327	4.620741312749324	1.5205734649116096
80est	19deep	0.45913325251878007	0.5463751713062254	2.154240103226803	4.6444636722216845	1.5227183281431202
90est	1deep	0.7047587784217281	0.2959385685356318	2.7420536917263076	7.523365627442482	1.978690526023157
30est	6deep	0.493320366391401	0.5147510554412028	2.246520906029821	5.050935880005552	1.5858437580942912
110est	8deep	0.45788032650008886	0.5430718868614705	2.171714883610083	4.7176912716832815	1.5342835438339382
20est	19deep	0.5189133493036479	0.5356367703330899	2.2000746514612235	4.844904737262799	1.5572785645491702
80est	5deep	0.5103182270081951	0.4858351526273884	2.324038385747759	5.405216796092348	1.6489143589282773
1est	1deep	6.90097570301525	0.252942502216823	2.7830831892607275	7.753661674788293	2.0416276383138516
20est	2deep	0.6355632994290218	0.3629946063270411	2.573204823016969	6.626094346837743	1.8730797748607437
110est	12deep	0.44989231490756654	0.5493982114902772	2.151951649378805	4.633522959652453	1.5173765191794737
30est	17deep	0.48979878013976574	0.5393591696242196	2.170141047746265	4.7138942244737425	1.5357667472126648
50est	8deep	0.46764049484277587	0.5444427690724823	2.1757975649498915	4.741177473463885	1.5321007521153354
60est	11deep	0.46072103176593726	0.5538664542042546	2.1614475290578157	4.675617682346875	1.526781341973611
170est	6deep	0.48429428947111547	0.5180319093685477	2.2291456603804427	4.973094778964816	1.577011577867777
140est	14deep	0.4529403716796516	0.555458009539627	2.1516284321219676	4.6341321390386385	1.5161848100949786
30est	9deep	0.4713278226952275	0.5444586638433965	2.160575131174863	4.672193965908452	1.52698562643757
110est	7deep	0.46990289610747554	0.5351553747356357	2.1855264591404495	4.782073401495874	1.5496421321594323
80est	16deep	0.4615709982670483	0.5534021171329023	2.1494069747067828	4.623002003257119	1.5240268064631133
40est	3deep	0.5915331040008285	0.41118575243220085	2.4541119772355375	6.0293660384670185	1.781065401865696
90est	18deep	0.4601437543737292	0.5510405006556124	2.152862881277089	4.6382616875112355	1.5242458104249907
110est	20deep	0.4542499799509304	0.5437332788139246	2.1892388081634486	4.796559341389718	1.5407632559306106
50est	7deep	0.4766741306418672	0.533803223519946	2.2058178613511643	4.87047607317671	1.556111008802934
30est	18deep	0.4882652625917144	0.5355591067466936	2.1954579503024756	4.823762100920807	1.555844794610863
170est	9deep	0.4528278626852035	0.5523707631915193	2.15150953794185	4.633196431424172	1.5187631812852376
1est	13deep	6.924288216624477	0.14576082763897116	2.964475208023905	8.800763727285293	2.03611397540478
100est	3deep	0.5878934828647574	0.4114641670989387	2.4631016270800536	6.071609085823399	1.7800348016731746
70est	10deep	0.45640048108875625	0.5523491383954239	2.162718018870897	4.680427003453989	1.5258574525956536
150est	15deep	0.45037441256300226	0.5476790898165773	2.1468645091236382	4.611474977837887	1.521531122082967
100est	13deep	0.4583689701793295	0.5574665785935157	2.1546175333610207	4.6457366348069025	1.5217655338535354
20est	16deep	0.5155090877467431	0.5310805940909503	2.1958302907867933	4.824240246341334	1.5622895439385036
190est	14deep	0.45047627596691037	0.5520023250852323	2.160848488063455	4.6768278320567225	1.5202994385905917
150est	1deep	0.70411622244819	0.3002338036211365	2.6734486912165636	7.154333969021267	1.953045086532283
200est	20deep	0.4530341821536777	0.5550955269712062	2.1590843896409977	4.665338601973272	1.528405557959448
50est	19deep	0.4710422511831929	0.5404706255856042	2.1658477910143152	4.694807455461476	1.5321206973247146
190est	8deep	0.45853365193337403	0.547071855744356	2.167402762354011	4.703329965272901	1.5202914152967832
10est	1deep	0.8248987882074219	0.2931959743675593	2.700066201966602	7.296464463845056	1.9600259841274996
160est	12deep	0.4513130971566311	0.5572894643693952	2.166178765653054	4.6954017259093686	1.5233750255592378
40est	17deep	0.48066331406028845	0.5429988342538167	2.188310906470185	4.793026149499271	1.545046317218174
140est	5deep	0.5097873040609019	0.49086036729104043	2.3125358668642177	5.352868705483035	1.638744283198743
10est	11deep	0.6547091810155721	0.5247473214086414	2.2096006380783977	4.886325656909958	1.5593236765434852
130est	14deep	0.4561738390699397	0.5581925878028285	2.119407452649326	4.495869154373159	1.5059937633273968
200est	4deep	0.5429558911460213	0.4562025725638116	2.3644670008241944	5.596470635753483	1.6982573042097286
200est	3deep	0.5864014717888743	0.41315147482901693	2.4560032952006265	6.037179459193083	1.7847123230885569
130est	13deep	0.44949645628819807	0.5481484054923405	2.1706870489621912	4.714653475909197	1.526147178085045
10est	16deep	0.6861522503354566	0.5025477006695462	2.2848989286611125	5.224575604644303	1.61781316928899
140est	2deep	0.6292793179685939	0.3683176905955039	2.5855526967914773	6.690962627002756	1.8666101079431672
40est	10deep	0.4683353468784186	0.5528790847089542	2.15193576279802	4.635390793434118	1.5165515684179534
160est	15deep	0.4505994681037404	0.5509572186375287	2.162407330584585	4.68100535546469	1.532603102193044
130est	8deep	0.45881387595765005	0.5475440158079344	2.1755613177780013	4.739694454163042	1.5285479761000764
10est	6deep	0.6251424770165501	0.5068231870063111	2.26789982554054	5.146875491458405	1.6029454158722425
120est	20deep	0.4569150827643506	0.5497480479380564	2.16151415401983	4.675084998372434	1.5316537743057015
180est	20deep	0.45453008722775345	0.5537081621449379	2.142184246885297	4.5914246295471655	1.518724943823797
150est	6deep	0.4866330188771102	0.5232356124256882	2.233264432251375	4.990014837147378	1.5754551456374781
190est	13deep	0.4501951094631764	0.5597957235442851	2.171364220992733	4.719463107426652	1.5202706054284076
70est	8deep	0.4639654209565001	0.5491423560400767	2.140546788623615	4.587683709252411	1.5149481105348883
20est	11deep	0.49625225714297594	0.538065981421431	2.1601164407218927	4.671275197649478	1.521447246794258
100est	14deep	0.4555715737007071	0.5528446102430493	2.152764807597549	4.639340973259141	1.5194645667421383
150est	12deep	0.44921185530001084	0.5488916704557055	2.1626155171708965	4.679568938592549	1.5246253854579317
70est	17deep	0.46192791947431217	0.5478907514291669	2.1567567574374915	4.6562897431989985	1.5287909551020624
1est	9deep	6.834362725757874	0.3017194841900791	2.668750987149818	7.138181473273504	1.8292122511551423
100est	4deep	0.544252840580588	0.45409251219178515	2.4135969272487756	5.836067613280535	1.7152507986498282
1est	14deep	6.932622614223197	0.14243041874183773	2.9733768546152315	8.854680191743194	2.0450168100966604
60est	19deep	0.46688028051665387	0.5462403892150105	2.1656088451760676	4.6941613540826	1.5331759181266242
40est	4deep	0.5485540491997538	0.4590487041486741	2.3855086626438164	5.69716898258558	1.7089804184255302
80est	11deep	0.4558546868676197	0.5509809132615964	2.1608083875580792	4.673209279811213	1.5221477535326235
90est	9deep	0.45529521347633606	0.5481350319991327	2.1564536478415413	4.653430849502026	1.5154951527613623
140est	13deep	0.4519409115995866	0.555173220564492	2.1661035376257507	4.6945751418948545	1.5236206065941322
170est	1deep	0.7050307500898537	0.3028730352491734	2.6770818669112475	7.16909275695465	1.951688914385893
60est	16deep	0.4630778501895971	0.5432840911983768	2.1602200332763335	4.669572970430291	1.5279389664803675
30est	10deep	0.47197099540902726	0.5427424150960767	2.176899457384712	4.7452057452444105	1.5363011332544978
110est	15deep	0.45594622942183605	0.5579778439873686	2.1405979862530837	4.585632791592323	1.5150750120091216
20est	5deep	0.5237035528012247	0.48251683326868916	2.321118841252372	5.390873958904637	1.6489741229508608
1est	6deep	6.836508016096047	0.3837438375828776	2.5162402001163486	6.337011572872069	1.758212099544727
150est	20deep	0.4559484622048399	0.5540442204647735	2.151767020068238	4.633912752559118	1.523715843286641
80est	2deep	0.6305599976469619	0.3695693759619126	2.5550571351976474	6.5332295333951835	1.858215937900458
70est	18deep	0.46378309093100945	0.5471220521138197	2.1768842877847536	4.7407889964426735	1.5352262786293922
30est	1deep	0.705728143670094	0.2951141845323307	2.7010275793018526	7.300790825151573	1.9640272814795028
90est	6deep	0.48673868735522424	0.5196691618668942	2.231878247177661	4.986159335801053	1.5841224516634655
90est	10deep	0.45194960077069884	0.5487752071720453	2.16902760303815	4.7075350057121375	1.5210040679487569
160est	5deep	0.5106349438125216	0.49515260224699825	2.2703743209761837	5.157928033461765	1.6211745775677255
50est	11deep	0.46135722555754255	0.5452575415144613	2.196786338579908	4.828400568298009	1.5454211069974084
170est	14deep	0.4472894266761276	0.5463582767733626	2.178270272253157	4.749422713813722	1.5322691919159712
120est	12deep	0.4499619499760144	0.5506480083295573	2.159079043703751	4.665413659395337	1.514503720495652
130est	7deep	0.46835172094831506	0.5353791882595559	2.2141749493279126	4.9071870189545885	1.5542155532237416
10est	9deep	0.6330260638589666	0.5296819377554313	2.1977147429872863	4.8326140955131	1.549744644232896
10est	19deep	0.7051021507471489	0.5048217365650135	2.2563788089577215	5.093675922293139	1.6108042775784777
60est	3deep	0.5865249804875028	0.4069710883516669	2.491136372693971	6.210648583156185	1.795794306839194
150est	9deep	0.4531367314876937	0.5516751931127749	2.177969893825098	4.7491918223864635	1.525520490280414
70est	7deep	0.47216416746552553	0.5337708418822344	2.185205649317276	4.7787795874445	1.5445597418178627
180est	12deep	0.44925072343369693	0.5558878814336413	2.136390174524792	4.567608854568641	1.5122401946996142
180est	4deep	0.5422350517428866	0.45103211511500796	2.3849682605451523	5.693826451700017	1.7057297795890356
200est	15deep	0.4509918573218079	0.5543669456813131	2.158029984986708	4.662517860419588	1.5249697736949477
120est	3deep	0.5842446395322598	0.40452646486540916	2.5166154347209426	6.342611027180608	1.8059497781420166
