10est	20deep	0.3117765078136887	0.7916456768665193	0.5267587395108051	0.2775981882377392	0.3557013647782263
120est	16deep	0.19124365489465844	0.811042335808337	0.49941388227198635	0.249478509802016	0.3376164433271549
80est	19deep	0.19268750296969966	0.8135985066318331	0.49876651434225006	0.24881603895691362	0.33516702492301365
100est	4deep	0.43732542450661166	0.5649113095161333	0.759766529810742	0.5773095677058757	0.5748436152903773
180est	5deep	0.3743656916957711	0.6273483798410329	0.7053827145226687	0.497616837758393	0.528430158811525
60est	7deep	0.29514523497656464	0.7085384041940048	0.6221167830694846	0.38707702097572994	0.45581872412971697
60est	14deep	0.202185594382249	0.8069797688005843	0.5060863490190409	0.25617232717113225	0.34648002436957914
1est	4deep	2.8656048740817193	0.46237465632388053	0.8459661989277494	0.7180643460813404	0.6401610163184762
50est	11deep	0.22227233584985662	0.7844210572521115	0.5342912107176641	0.2855418961989075	0.3738986669238863
120est	5deep	0.37431670785908655	0.6291839188104792	0.7021809397727513	0.4931509946756797	0.5270483036171709
160est	19deep	0.18639078744658355	0.8158291216917075	0.4936021367784546	0.24370135658531042	0.3316463523324346
180est	14deep	0.1944180729418552	0.8062003650617642	0.5076808498465991	0.2578438687990437	0.34543760414433067
110est	13deep	0.20093601107976206	0.801744419400511	0.5134855914633237	0.2637230303942347	0.35236462905660837
200est	1deep	0.7861695920771608	0.2128194963329432	1.0255392727489623	1.0517974678157342	0.7983598280277664
1est	16deep	2.83094190846967	0.5586300409783127	0.7648540478002347	0.5858583382144813	0.4995234895726787
40est	6deep	0.3344783231830305	0.6709525195719434	0.6616789158159279	0.43791775340206207	0.49074336860792733
110est	1deep	0.786562391206959	0.2136537273978616	1.0247313158128182	1.0502453118210584	0.7974895133570946
170est	14deep	0.19476609019477525	0.8080648643115612	0.5055882163052109	0.2556898612481002	0.3447962001808598
70est	2deep	0.6299773434221134	0.3705370010953832	0.9141588130302215	0.8357842545987326	0.7038268073527272
30est	16deep	0.21016741659999372	0.8073349312407576	0.5074143319311235	0.25756907329144657	0.3436316656259699
190est	19deep	0.18597104623499455	0.8159160467026331	0.49581769883756033	0.24588752241048742	0.33296360443740547
100est	20deep	0.18885364942270594	0.815506886784243	0.4944701764718192	0.24456027640545966	0.33265764207443427
200est	13deep	0.19924893347412984	0.8012500655093562	0.5158680758324223	0.2661636820659416	0.3533711718397857
20est	8deep	0.28432648430051777	0.7333490088894257	0.5972851966927037	0.3568440932469985	0.43182205651732664
80est	8deep	0.26566890635594165	0.7377901283379861	0.5914092578444567	0.34983784377856625	0.42828748356829893
90est	14deep	0.19861655872126988	0.8068685798563203	0.5070625518260288	0.25721081102441334	0.3456471932399544
70est	19deep	0.1941826360737118	0.8146333621172149	0.4966140169025828	0.24668378738994456	0.33430845567518985
140est	11deep	0.2148149388299108	0.7859026526384918	0.5336132874181105	0.2848166863038021	0.37207405342666755
50est	3deep	0.5212830886049783	0.482817832304077	0.8312009673098434	0.6910153184149352	0.634390607206902
90est	6deep	0.32714628737925067	0.6754132205101686	0.6578004439736591	0.4327764120498333	0.48761345652346544
160est	12deep	0.20536935220668515	0.7942119115775048	0.5233982181735434	0.2740324643240069	0.3617128621940456
170est	4deep	0.4355514195050778	0.5664162219910008	0.7621002412090548	0.5808725868763808	0.576770027372284
20est	10deep	0.2500029292694261	0.7672948774164459	0.5560909954202472	0.30930708425102904	0.3925933740731618
10est	7deep	0.3794002386367691	0.6970503067549864	0.6345421823402806	0.402810870289229	0.4650485704556525
110est	18deep	0.1895099461120475	0.8146191442197096	0.4978549454860126	0.24790895396851298	0.33472919728113004
10est	15deep	0.30967787015720555	0.7861607236178281	0.5324478312466636	0.2835877642135596	0.36160719122043916
150est	5deep	0.3744771479332308	0.6276769485856815	0.7028279663341743	0.4940536816601403	0.527176669765533
80est	12deep	0.2082868071496068	0.7937572922793527	0.5238484793984378	0.27450324998756753	0.3620789525214865
30est	6deep	0.3402571151255314	0.6733378859818364	0.6579610216694175	0.433022753277527	0.4894135458413409
150est	17deep	0.18801397452976853	0.8122873504007324	0.5015072314186735	0.2515616157764394	0.336429942863093
160est	1deep	0.7840203647973535	0.21741278230015532	1.022458353763988	1.0456567277974416	0.796358741182311
130est	10deep	0.2270298963304863	0.7751135511067673	0.5469409852459077	0.2992162790397646	0.38574645879998576
80est	3deep	0.5210703733052682	0.48436765888100114	0.8311669738807018	0.6909289283913616	0.6344536724691185
70est	12deep	0.20987734931616944	0.7943157054651583	0.5225917683027285	0.27317815448002525	0.3609711307441817
50est	8deep	0.2698896059625345	0.7354225928192606	0.5936768305276028	0.3524763852422875	0.4300213280342383
40est	17deep	0.20373857771117354	0.8075446724375324	0.5062927680760103	0.25640252984515577	0.3417384435320969
190est	12deep	0.20435240916795586	0.7950130156300578	0.5219296148206586	0.2724594173724891	0.36040120304305395
70est	9deep	0.24656132330692349	0.7605558875329527	0.5632080356335245	0.31728550538268396	0.4028472805879908
20est	3deep	0.5372217427340998	0.47806243225892336	0.833190692163141	0.6946272551236244	0.6373902465181741
200est	18deep	0.1868521033174332	0.8153719861264509	0.4970919662567177	0.2471536395779423	0.3336014512291262
100est	15deep	0.19558117370341566	0.8121197637602898	0.50010537421365	0.25014883377894576	0.3403762519230852
140est	20deep	0.18823237316763808	0.8167009329115712	0.494624684818908	0.24469300179285378	0.33226212982856984
70est	16deep	0.19651747155839216	0.8103120603692844	0.5027452552617582	0.25280769222015176	0.3392952066387689
160est	5deep	0.3730965816065402	0.628360035923115	0.7006798576882567	0.4910089436044613	0.526310473883775
130est	14deep	0.19669487720133344	0.807060430502789	0.5065640358630766	0.25665951195353165	0.3454278832429177
80est	7deep	0.29307610832199077	0.7120933982322905	0.6198020465015476	0.3842614108808181	0.4546880991407429
20est	7deep	0.30883217845684036	0.7061792871407814	0.6242886604139101	0.38980033909086614	0.4578069720339446
100est	11deep	0.2164198402570746	0.7866095407694443	0.5330446753779925	0.28421989879089987	0.3722471394803027
190est	16deep	0.18961472012774067	0.8135107805874645	0.4984508712585651	0.2484870259157628	0.3366597281732811
30est	19deep	0.21020886535964878	0.8068448051276674	0.5068113921997945	0.2569396308206325	0.341921147044989
140est	4deep	0.43974015343954215	0.564086187234755	0.7650048654650058	0.5853491940438238	0.5788818722221576
40est	13deep	0.21216387287298594	0.8011956120814321	0.5143588710959609	0.2646207045743561	0.3541152629701779
40est	9deep	0.2510147947294408	0.755151949269603	0.5718297544728193	0.3270580482474497	0.40777571630545545
1est	19deep	2.8300207964484048	0.5358090713806578	0.7858512406508167	0.6180969799796319	0.5139147653714936
20est	14deep	0.22648142646419242	0.7959233506487289	0.5236329274107727	0.2742756489279668	0.356902406905101
10est	3deep	0.5969807925068715	0.4729855139174915	0.8368941051591483	0.700751987136496	0.6387636016282973
160est	16deep	0.19031933494625378	0.8142040606071467	0.49827940121665465	0.24834070569641134	0.33642262641152487
90est	2deep	0.631156338067694	0.36990741075791944	0.9172769996607559	0.8415487197937701	0.7074303466409941
50est	20deep	0.19806136408682684	0.8126417984826123	0.49882107414603943	0.24886645702175036	0.33597573473085957
150est	13deep	0.2007558660869473	0.8033792444239842	0.5117372837143068	0.26196043225898646	0.3517525135628115
30est	2deep	0.6401771354327244	0.3682029124470659	0.9158200632442205	0.8389934786093182	0.7049036158633212
60est	8deep	0.2683320266850582	0.7401429254643539	0.5885198557402029	0.34640690947816644	0.42620738811409997
80est	16deep	0.1941509905970463	0.8127275962370725	0.4996344906240083	0.24967370510421724	0.3382730933276646
120est	19deep	0.18935641914333717	0.8155371029566189	0.49566375740806623	0.24573910387120318	0.3331475582793216
10est	11deep	0.31302935107104535	0.7692175461177554	0.5549117385075035	0.3080383002162963	0.38755821453374056
150est	1deep	0.7827829270292855	0.21683973495797176	1.0218362515750148	1.0442396407887484	0.7960330997329601
200est	17deep	0.18745789066305307	0.813793239337203	0.49770152204191315	0.24775626446646065	0.3350283626788015
70est	6deep	0.3308614411838596	0.6783067586235273	0.6571219332029655	0.4318525972397144	0.4884950181980448
30est	12deep	0.2204689613330304	0.7884581512940205	0.5300168827495549	0.2809818458956921	0.3652846935562855
190est	4deep	0.43547163291941904	0.5666310637715828	0.7592263002272772	0.5765262858070659	0.5755250640990437
110est	5deep	0.37537106366716616	0.6267383425474564	0.7052992154000163	0.49751898729065963	0.5294393781009996
170est	10deep	0.2254802598481065	0.7743440102418536	0.54924869548061	0.30172286473452437	0.3871679249300145
40est	18deep	0.2023132812466399	0.8097888793981594	0.5039898100967073	0.2540723783392542	0.33959230289203063
50est	7deep	0.2959754404837197	0.7096924214893728	0.621209972525219	0.3859521013549636	0.4551396425902703
140est	15deep	0.19237820915352594	0.8099429039509474	0.5029103267558501	0.2529737184552314	0.3409130684459901
90est	10deep	0.2293842105179783	0.7781928331458486	0.5421426728226583	0.29397788359992705	0.38343690612247316
130est	4deep	0.43663117064624074	0.5653879452544425	0.7598285801025857	0.577463400359791	0.574576575715192
150est	18deep	0.188129406527084	0.8151298018290326	0.4942443890453548	0.24432968278217487	0.33282109347048083
30est	9deep	0.2551497149103932	0.7560501165019141	0.5701588866989789	0.3251706185898114	0.40666438226700363
180est	1deep	0.7797019343314122	0.2208659291189927	1.0211749712658793	1.0429908433906472	0.7959914491134351
60est	3deep	0.5238980964049461	0.48047124796888796	0.8323210020751052	0.6928690491498581	0.6357678675800719
60est	10deep	0.23181372094841962	0.7748878254998083	0.5480074742890589	0.3004000736557562	0.3876634192524365
120est	12deep	0.20677381754832902	0.7978240573051907	0.5186161888062939	0.2690100775195776	0.35885604162788864
110est	17deep	0.1912333416939093	0.8137622399416451	0.49759859024396297	0.24767485754193705	0.335740964254044
200est	5deep	0.374247648699646	0.6297748256496675	0.70170276723814	0.49249969438197844	0.5266894979660574
1est	12deep	2.818245246630074	0.5956391299774377	0.7344898205671025	0.5397530723221466	0.4894446001645671
40est	2deep	0.6349981668181459	0.3705798439448406	0.9145127164237684	0.8366048261640852	0.7040205234400257
10est	8deep	0.3533252128546542	0.7229792738924283	0.606592358647017	0.3681141759341361	0.44058808834779967
180est	10deep	0.22667291887529964	0.7742281687443788	0.5492550135152903	0.30174606790007896	0.38747759671038784
90est	9deep	0.24386715119846014	0.7602597545660861	0.5656553785587662	0.3200303513385279	0.4043390732366497
50est	15deep	0.20131099606418737	0.8062681896961132	0.5075296181948395	0.2576373232076547	0.34400732500426523
120est	1deep	0.7843591715167291	0.21617415231074122	1.0205357152658394	1.0415912956481828	0.7947271695165362
70est	18deep	0.19329871616528557	0.8117446819311099	0.4991927705240458	0.24927082843242224	0.33605549030233633
50est	2deep	0.6364079662160709	0.37003378025056477	0.9153598909604815	0.8380050149484057	0.705788208138179
140est	10deep	0.22684106945665294	0.7765040513049848	0.5451516679776522	0.29724966510581213	0.38504485869725386
130est	1deep	0.7845779135171743	0.21753637071065424	1.0207627540393795	1.0421483942354721	0.7957914573387832
90est	15deep	0.19538533137793038	0.8088003236619659	0.5039313296220456	0.25400919529342914	0.3416312106215619
80est	9deep	0.2455939485271417	0.7594117716761359	0.5661980294931541	0.3206632281417005	0.40434748224163064
30est	17deep	0.20919408559419866	0.8054036355086844	0.5084141720372801	0.25858208345137235	0.34304745428982014
190est	1deep	0.784214657965231	0.21650164835498698	1.0214066034747598	1.043388557642237	0.7957841722121499
190est	18deep	0.18682702712917115	0.8161037217822066	0.4954597751910035	0.24555209207816048	0.33351618447085035
70est	3deep	0.5257147881470228	0.47706858990681617	0.8352986026090968	0.6978347932827522	0.6373507735389973
20est	9deep	0.26252101964728114	0.7552112933051217	0.5704791008613284	0.32552147754925337	0.4073016164144233
200est	12deep	0.20525360349463323	0.7961136983505539	0.5215525986892063	0.2720634219653441	0.36048226989647586
170est	15deep	0.19247092608703462	0.8110787379961283	0.5020644001672827	0.2521246397291725	0.3408703402737695
180est	15deep	0.19123383183530604	0.8098075770129707	0.5034633725082547	0.2535788802919793	0.3417343248085599
1est	17deep	2.828718348942567	0.5542086038067905	0.7704387889717889	0.5942627581202098	0.502372970799109
40est	7deep	0.2987494845251544	0.7069323791173059	0.6246784295507118	0.3902612061671696	0.45724658258621753
110est	12deep	0.20773070478393665	0.7960199732863464	0.5198301170993714	0.27027544484544846	0.3599283171221447
120est	4deep	0.43659787713643156	0.5650876394002988	0.7622438896060183	0.5810623118125584	0.5769704378293068
50est	10deep	0.23283841815423456	0.7710506914405673	0.5517979150243574	0.3045430162395883	0.3890647926125946
160est	18deep	0.18695187142821498	0.81386215171882	0.49701322785893814	0.24708053377550493	0.3337653316398346
60est	15deep	0.19865229880893762	0.8087727089013513	0.5041297051904474	0.2541987275596969	0.3423970989344662
60est	6deep	0.3311997312010159	0.6752551174490565	0.6585667229103881	0.4337717252007758	0.48911417376895877
180est	4deep	0.43471896670102944	0.5649786696403983	0.7604675372379941	0.5783915514630725	0.5754824968940205
1est	5deep	2.8539795100622287	0.48423217832905135	0.8281996834394926	0.6880904958470946	0.618159034490633
100est	5deep	0.37510655919500413	0.6294736450777659	0.7006998400966339	0.491089194445756	0.5262832329038191
120est	17deep	0.19126802370619678	0.8147981050215107	0.49741973910067117	0.24748484596983947	0.3353604532406458
80est	18deep	0.19245857088240595	0.8145490034644568	0.49622348648308623	0.24628201364901828	0.3335814806218218
70est	8deep	0.2680291056794338	0.737493934590071	0.5933848511864567	0.35218714577806925	0.42920764343685436
190est	13deep	0.19909444176248153	0.8038746284120064	0.5109750319486919	0.2611711168335587	0.35034878601595815
100est	14deep	0.19716787180037573	0.8063103248942752	0.5075639787431276	0.25766123451405076	0.3459429414667384
200est	19deep	0.18650030450806107	0.8157276265449768	0.4954307221556096	0.24552868956490265	0.3327078108295734
20est	2deep	0.6509713366258422	0.3619918880974841	0.9234476989619637	0.8532647231257167	0.7125921540480311
40est	16deep	0.20519242277111982	0.8099986440783076	0.5033285758635874	0.25342233101169254	0.3405305087089668
140est	1deep	0.7836758952721853	0.2152646580118847	1.0243755796853398	1.0494556579503738	0.7981637530521423
170est	20deep	0.18669527571972647	0.81627487671629	0.4932452461356613	0.24334070754449047	0.3315627726939027
70est	13deep	0.20471774850657293	0.8011364268184574	0.5142853548775748	0.26454090396089236	0.3527156089814381
50est	9deep	0.24833853164667674	0.7594052828023921	0.5659089879799167	0.32034076243956144	0.40491561467718695
80est	2deep	0.6335752036563196	0.369195419642341	0.9168762306133895	0.8408355942917765	0.7067582782257813
130est	11deep	0.21523476398730626	0.7879952907668333	0.5295427016359727	0.2804478920374573	0.37021232776587526
90est	20deep	0.19067638090095063	0.8146843748365588	0.4965921683386101	0.24665613389460497	0.3332504031280419
60est	20deep	0.19469588748362418	0.8144848837961777	0.4954541986346212	0.24552830570493925	0.3333481396858053
150est	16deep	0.18945376540948666	0.8122147777408082	0.4982915294619612	0.24835521450146203	0.3364619173984756
30est	7deep	0.3028662525990304	0.706986009116395	0.6235668515800522	0.38889930714419535	0.4565666733381784
10est	14deep	0.31022555244798833	0.7854898432008655	0.5341901390892824	0.28544026573404546	0.36514005018186096
150est	4deep	0.43603999700012674	0.5632140892715161	0.7627325603494917	0.5818838922818681	0.5773569680458991
80est	13deep	0.20391733393034886	0.8013202365733063	0.51368587573202	0.26392627799703916	0.35262641588210636
10est	6deep	0.4165775138662908	0.6582220862446563	0.6741842724229962	0.4546836132565627	0.5012065907170276
20est	11deep	0.24133563325848073	0.7774420909088354	0.5433938634003905	0.2953488408384213	0.37973060877314757
180est	20deep	0.18600017002702088	0.817505994124211	0.4930909760582425	0.24318539963080088	0.3306346605925444
110est	19deep	0.1893943399188549	0.8152819286128898	0.49613041318102913	0.24621142493312853	0.3338897690287478
170est	5deep	0.3727519295043451	0.6279494569808838	0.7045658234962979	0.4964672440320524	0.5275757890478835
160est	13deep	0.20034643321611673	0.8009963664175914	0.5145249252584202	0.2647841314553834	0.3529620007706338
90est	7deep	0.29312246456835955	0.7123207996577147	0.6185278813135071	0.38264420713740266	0.4540570649373412
80est	17deep	0.19345154419191085	0.8137479160851713	0.4968144185625438	0.24691391694994239	0.3354653742928989
120est	18deep	0.1888016081336053	0.8152634616898947	0.4963255926962209	0.24641638232060933	0.33451749199438036
10est	10deep	0.3214845261457772	0.7572058035344104	0.5684512162303013	0.32326232248166653	0.4015512712622801
30est	3deep	0.532071418507602	0.481169089343181	0.8327574462033254	0.6937003190502276	0.6362973885302562
150est	12deep	0.20560888629020993	0.7960310335714793	0.5197798667897436	0.2702476058295252	0.35907290118571006
60est	9deep	0.24772316508615774	0.755506676562836	0.5697239013612458	0.32464282762497987	0.4064610022323851
170est	1deep	0.780508093276564	0.22094093504475013	1.0160524136540428	1.0324807206496442	0.7927500405245825
90est	3deep	0.5195730971803326	0.486418896363115	0.8277993140591181	0.6854047824225685	0.6326984779933175
160est	17deep	0.1885567558621927	0.815054983307193	0.4951857444345373	0.24525826046277088	0.33425042983672776
40est	8deep	0.27107850648254006	0.7364479827242191	0.5937307007340198	0.3526554244354187	0.4296279246917134
1est	18deep	2.836218584879222	0.5562530797207474	0.7696349344734894	0.5931397248006792	0.5017689725589488
10est	2deep	0.7089790669881348	0.3583066516874683	0.9246272027761218	0.8556625685841368	0.7134328844278027
20est	15deep	0.2256585894561216	0.7978188596378039	0.5172335688149445	0.2676017014617326	0.3518524914678774
40est	12deep	0.21659262458475417	0.7922676161745679	0.5265813663856656	0.27734657332019275	0.3643131171621683
140est	5deep	0.3751197305003648	0.6277941260653718	0.7040175967802051	0.4957717258319764	0.5281866116980474
100est	10deep	0.22866546066588975	0.7749172561704225	0.546943702121891	0.2992323398319028	0.386289788194544
20est	6deep	0.34613069716528794	0.6725080777791471	0.6612747962416544	0.43736521687212293	0.4911604496426131
190est	17deep	0.18793178838616892	0.8145438173776032	0.4970644901575507	0.2471368173737374	0.33474244642693823
30est	18deep	0.20927909017177054	0.808203485988474	0.5062383753294883	0.2563371712614108	0.34166393025177944
80est	6deep	0.3297644403941502	0.6724233157446416	0.660027883864796	0.43569637518480697	0.489876063943072
130est	15deep	0.19362086856387328	0.8102828482868115	0.5035293561153198	0.2536248847001181	0.34175874573171205
160est	4deep	0.4362255433520977	0.5673826031312795	0.758988363720126	0.5761292017492948	0.5743819568491838
70est	17deep	0.19426590066484412	0.8111773278770165	0.5006167854425795	0.25068448897911216	0.33735640034994757
90est	8deep	0.2670814819674886	0.7390520430659077	0.5904687836039748	0.34872502014672163	0.42874207666024644
50est	14deep	0.2034112140899152	0.8052299861444662	0.508491284885565	0.25859069149018454	0.3470550096465196
1est	13deep	2.8173062633670383	0.5899980154149577	0.7381822491705823	0.5454440389229274	0.4892081750327854
40est	3deep	0.5303463025070483	0.4787289642134086	0.8347387257590245	0.6968984604440368	0.6372924940523713
200est	4deep	0.43718685924460643	0.5667464640737457	0.7595980382842689	0.5770358925540938	0.5754737430799801
110est	16deep	0.1912195000549472	0.8095663110306375	0.5025362583908045	0.25263962821679875	0.33913462724177346
20est	20deep	0.22517470457148192	0.8051998621833036	0.5109941002575433	0.26121173989589047	0.3444170431198881
180est	11deep	0.21468504221644213	0.7867173313333431	0.5326619401005587	0.28379920177502455	0.3719898246648872
10est	9deep	0.3306991987568072	0.7433620550750192	0.584840701968902	0.34212080366121506	0.4179686684973211
100est	1deep	0.7858680813216915	0.2146603551812779	1.020301551582581	1.0411501767957314	0.795410036106891
120est	13deep	0.2011698002415166	0.8039125092965329	0.5123470813062151	0.26256259197817317	0.35173929900362644
1est	1deep	2.9912274632893707	0.0981597609183416	1.094623385688753	1.2008249993293791	0.8540677295814157
30est	8deep	0.27540978259166066	0.736723444577986	0.5917674630394035	0.3502713445310035	0.42827859669188945
150est	19deep	0.1873911982134885	0.8153120335477562	0.4965024604820545	0.24655970144708494	0.3334914634792075
60est	11deep	0.21963631283291554	0.7833214623930757	0.5358652073181824	0.28723207382947435	0.373824848713156
60est	2deep	0.6339930057825487	0.3692159812442544	0.9160125954201351	0.8393381407069535	0.706245498269982
130est	20deep	0.18686147854520796	0.8162176421933901	0.49468483751584347	0.24478668405665915	0.33161229868820163
90est	11deep	0.21692290689557	0.7847728298843946	0.5353297085536759	0.28662941197719466	0.3734743930077705
130est	5deep	0.3739063964569774	0.6309588980139338	0.6985428821173261	0.48801534477162956	0.5258358856018085
140est	14deep	0.1963545441731998	0.8080782585551225	0.5053705298735939	0.2554654299854622	0.3450358533493235
50est	6deep	0.330912932326915	0.673694366866455	0.6575371481212453	0.432391721977014	0.4879390827235961
170est	11deep	0.2145565580605029	0.7862886954121742	0.5338968335927959	0.28509942595339394	0.37292433712641687
110est	4deep	0.43841686643320793	0.5664852616476265	0.7606846991643189	0.5787101407855832	0.5761149956778895
40est	19deep	0.20209631204854964	0.8106329373759116	0.5023880465735305	0.2524838210074995	0.3377853001867443
200est	16deep	0.19017468882967595	0.815593362724493	0.49643319180333656	0.24649685847494213	0.3351639897155636
30est	13deep	0.21645110740278034	0.7964679552773403	0.5221309069416424	0.2726772232318579	0.3586672672862972
190est	5deep	0.3738977263780056	0.6276909904253845	0.7034117661327618	0.49486502063537974	0.526816847322993
70est	7deep	0.2945571684635608	0.7118351290435665	0.6191704469964645	0.38341580900184097	0.454811780607012
110est	8deep	0.2649299958193651	0.7353333748321035	0.5943281923346173	0.3532973217115699	0.42967962994119874
40est	15deep	0.2059692849520314	0.8052177686173178	0.5091881149868892	0.2593227706512553	0.345479662123894
140est	2deep	0.6330401822842845	0.3680873867422763	0.9175304734807618	0.8420035107499406	0.707538430631024
100est	17deep	0.19050579991972924	0.811618375458109	0.5008722096564108	0.25092018891431894	0.3370190308464208
20est	1deep	0.7973027621495801	0.21457119061603808	1.0251789939187583	1.0518288940871319	0.7989847302980263
190est	9deep	0.24190431573411647	0.760004916560713	0.565074205424093	0.3193643675817866	0.4038620694933577
190est	10deep	0.22631090806558798	0.7777691013414403	0.544050318026915	0.2960403238798079	0.38376046310497103
80est	1deep	0.7866357104377836	0.2155233169742712	1.0203700521798837	1.041365847526855	0.7947143376563685
160est	3deep	0.5177280624868943	0.48233789660700227	0.8322612816911433	0.6927406936269559	0.6342217455378938
130est	12deep	0.20672162971903588	0.7973990771612892	0.5202103755031782	0.2706992642345142	0.35971274605772435
130est	9deep	0.24259281181170714	0.759821160591371	0.564862525105748	0.31912961268781376	0.40363805612415216
140est	18deep	0.18908961454632187	0.8168918575957065	0.49416221753285916	0.24423522837752046	0.33318974358699316
70est	10deep	0.23037421329302363	0.775095453969793	0.5482770270217618	0.30066108661224045	0.38712631405928166
80est	10deep	0.22973431072949135	0.7748883930705535	0.5470213020497158	0.29929571700879914	0.3867530596962844
150est	7deep	0.29026226657386933	0.7109245098898522	0.6194141535071468	0.3837516179217539	0.4539656271844902
10est	17deep	0.3114548704916238	0.7894210196266584	0.5291623899367804	0.2801741918026808	0.3578327603858431
30est	4deep	0.449019235761627	0.559212212564402	0.7645273130974783	0.584636406882173	0.578479397544777
150est	15deep	0.1921612894500052	0.8098241732804182	0.5036353350767283	0.253697516991134	0.34165085080890656
170est	6deep	0.32626270565296883	0.6776871200265091	0.6538286438870722	0.42758132030068957	0.48564542300844665
90est	4deep	0.4373701632545817	0.5671454048042122	0.7595219824066055	0.5769941999485482	0.5756948608417778
160est	10deep	0.2255206206425919	0.7752749546780896	0.5446374872633327	0.2966917878829035	0.38419775734786316
50est	18deep	0.19784332917328765	0.8126572952435807	0.5012055426459545	0.25128893692437443	0.33749053145058455
200est	8deep	0.2620018362069941	0.7376213834476162	0.5911260667900133	0.3494861151461434	0.4279987594279449
10est	5deep	0.46415261912530004	0.6105865387097089	0.7216983527683406	0.521027052628598	0.5413709123089734
20est	12deep	0.23380438480617546	0.786528349989089	0.5321533276423797	0.28328320663848927	0.36782118479065107
130est	19deep	0.18826865710061558	0.8158855480117201	0.493713414633598	0.24380778155523344	0.3333527218576722
90est	16deep	0.19447356649600347	0.8132807795570349	0.4997902030836449	0.24983932672812337	0.33789158567954014
160est	8deep	0.2634359209401302	0.7385832797753639	0.5882386027728521	0.3461145278886118	0.42535831372911914
130est	2deep	0.6314477982502613	0.36977204800403035	0.9165585846142197	0.8401300451306335	0.7063076809401032
140est	13deep	0.20087421945670692	0.8039567355562867	0.5099146891836037	0.2600549815398672	0.350975410639993
50est	1deep	0.7820202815222368	0.2209987072663955	1.017872011805942	1.0363383036705158	0.7929091506292939
170est	16deep	0.19020661760685179	0.8133085310868726	0.49742477911201566	0.24747615172413745	0.3369361850342367
110est	3deep	0.5221484946166728	0.4808376552939137	0.833608745605635	0.6950484655095459	0.6364574735009183
140est	9deep	0.24278070715062397	0.7586077699195343	0.5664045872770832	0.32087825794236857	0.40520070738501013
40est	20deep	0.2011374338175547	0.8089013952972774	0.5029230255644203	0.2530188660973432	0.338057582017559
200est	11deep	0.2145070533234792	0.7881395982918441	0.5317173948139845	0.28275246775486146	0.37120135701740076
190est	2deep	0.6309705134866426	0.37142174168482933	0.9171304744872368	0.841231709774466	0.7068191045934822
30est	14deep	0.21258300611034917	0.8033579008913374	0.5105660971124748	0.26074948832086664	0.34828165624673457
120est	7deep	0.29048252987502243	0.7102827935696141	0.6212901886278739	0.3860823800458828	0.4547788302504889
50est	13deep	0.2086812604420944	0.8015493653281227	0.5135789143568229	0.2638440021040102	0.35302311197299646
40est	4deep	0.4413614229902871	0.566278159742385	0.7602068585466484	0.578054287611342	0.5754621596128193
1est	14deep	2.822404664276517	0.5775406390918402	0.7491637060844013	0.562059521967715	0.49282563989229183
110est	11deep	0.21628834764938765	0.7867889847769216	0.5319635125832438	0.2831096094166809	0.3717745382210564
200est	3deep	0.5200402961755026	0.4815515578366989	0.8302409923321479	0.6893542337444072	0.6343449445297229
20est	19deep	0.22642835007512804	0.8046033345228587	0.5106915045559552	0.26088320850093993	0.344853667645072
180est	16deep	0.18949986379948336	0.8131527989796625	0.498170789447937	0.2482352797428797	0.33712105590650365
120est	14deep	0.19538151652603783	0.8046939071070845	0.5089496858611237	0.2591177664813011	0.3469723696631825
100est	6deep	0.32799754175186374	0.6722719815843936	0.6596508944422641	0.4352272880056293	0.4882630755558147
1est	6deep	2.8418889447596025	0.5236160189357322	0.7953185148456374	0.634393839308113	0.5874716027161524
150est	20deep	0.18625612947776715	0.8160228445547433	0.49391059850436414	0.24398341268942506	0.3315821650799582
60est	5deep	0.3794529130609967	0.6275622852093806	0.7044361063891935	0.4962847505724608	0.5287902613481704
60est	16deep	0.19704716080836981	0.8092288872946649	0.5041444129407809	0.2542311534345379	0.34099959281957154
180est	7deep	0.29067603620728955	0.7142828188764412	0.6164416909466574	0.3800628979643482	0.4518946826577159
180est	12deep	0.20507474220878852	0.7953271010632801	0.5208045229305944	0.27129833829240974	0.35944241419990935
1est	10deep	2.807391965009433	0.603636144405335	0.7252092007023421	0.5267000463355309	0.5007168958906633
110est	15deep	0.19350923791062416	0.8094591961085054	0.5033649707303622	0.25344167095073156	0.3415644481814557
200est	7deep	0.2902376520352247	0.7098318720025625	0.6240160305439213	0.3894601096306278	0.4561826364658752
120est	3deep	0.5217077172780844	0.48052730824968465	0.8320488795395384	0.6924625723888437	0.6347984773269286
50est	17deep	0.19922486968925834	0.8088732900935489	0.5046680618540332	0.25475508834118216	0.34019111722859485
170est	9deep	0.24244317538016333	0.759308136116696	0.5658425424942533	0.32020793547020365	0.4047135743678411
60est	1deep	0.7811587136017997	0.22416518823930015	1.0127935378324409	1.0260104478707115	0.789046807263961
60est	12deep	0.21244902883723302	0.7951488728227514	0.5227882371840811	0.273393758725288	0.3610650460494557
180est	3deep	0.5192673266888481	0.4817648399927961	0.8288742013485223	0.6871227761775021	0.6325930082979383
1est	2deep	2.940971332074112	0.2670392158248835	0.9884520867641011	0.9828950483339446	0.7644361162669803
10est	18deep	0.31527252407808914	0.7884579528432366	0.5298279354022029	0.28081748995563666	0.3586432410415457
150est	8deep	0.26321158062612365	0.7387785345575169	0.5890303677829413	0.34706740784646795	0.4267149257265912
120est	10deep	0.22724175026965043	0.7740830942927057	0.5477149675613388	0.30006647505387085	0.3858124441815838
100est	2deep	0.6301527826473756	0.3736822699445574	0.9125188578514257	0.8327904830423912	0.7038917254571584
50est	5deep	0.37950874772700516	0.6247459410655543	0.7079423920089855	0.5012721481155699	0.5310339512700927
140est	17deep	0.1885778770217884	0.8121992152403189	0.5004143473085113	0.25045693103953254	0.3373340270360463
130est	6deep	0.3280662673345013	0.6772380162382615	0.6548499016411082	0.4288843581359058	0.4865960029720284
90est	12deep	0.20873825861531178	0.7969051113122559	0.5213177618634305	0.2718409447078558	0.3601773318413818
190est	6deep	0.32588812471583367	0.6762290822762337	0.6560403864289532	0.43043356145430095	0.48731753841145653
30est	10deep	0.23852518210884885	0.7710735834516218	0.5506636520779365	0.30330388253488105	0.38843914543504793
70est	4deep	0.44014154928512744	0.5652841345522052	0.7595018941810894	0.5769048480653511	0.575818096811174
100est	18deep	0.19056291004811363	0.8150138954218363	0.49580830220026945	0.245879672291729	0.3338677694021637
200est	15deep	0.19065858663898833	0.8101068976586859	0.500755828304433	0.25081801285418126	0.34017657144348334
170est	12deep	0.20584840592968473	0.7959528791345525	0.5207725183846099	0.27126143538322867	0.36046375873704917
110est	7deep	0.2920791655498049	0.7121134284653516	0.6183220899242236	0.3823798501216459	0.45348837095225664
180est	8deep	0.26224429439821845	0.737718258428698	0.5902954378156369	0.34849409208825866	0.42685114081081493
60est	19deep	0.1956349629701802	0.8132368677302223	0.49856251617989344	0.2486593917839444	0.33586076142342364
150est	11deep	0.21513160027712203	0.7869371446944591	0.5334368919448792	0.28462797216483676	0.3720234237627331
1est	9deep	2.80849788920184	0.5989559854795633	0.7315517664811206	0.5363341477697223	0.5120866949615914
150est	3deep	0.5184094402511928	0.4798488596015463	0.8347420386480957	0.6969399700881282	0.636598883654589
10est	13deep	0.3095516948644492	0.7841975693449535	0.5371603314801251	0.28864246180846453	0.3685208553472944
100est	9deep	0.2444319081101366	0.7598953757386581	0.5664250936422774	0.3208856693492418	0.4044144154542807
80est	14deep	0.1987106586389353	0.8039316414048231	0.511129207232797	0.2613118487879273	0.34726963805241673
10est	1deep	0.8624885718089087	0.19239242972383994	1.035099449149024	1.0724456896911172	0.8065789410393429
180est	19deep	0.1859633113020416	0.8159471664386782	0.4955020709255744	0.24557420976151095	0.33218851110089603
20est	16deep	0.22417457228363602	0.8019674027897103	0.5125497599557947	0.2627673289488467	0.34679995466891755
110est	20deep	0.18940555693489994	0.8159589516427472	0.4933421771044931	0.24345604988282038	0.3322132776284807
120est	8deep	0.2648757420012723	0.7403940210396247	0.5881559891388689	0.34597376278879566	0.4264825618798875
170est	2deep	0.6327056197472352	0.3706961737313153	0.9147258907000325	0.8368110048121694	0.706192090973341
160est	14deep	0.19509390287645106	0.8075582411315496	0.5064504731694041	0.2565632588962684	0.34492062132561585
190est	14deep	0.1943880246884463	0.8075900685849932	0.5039180263302039	0.25398750872673165	0.34369591494097884
200est	20deep	0.18556803754113968	0.814471150595386	0.49710503985039783	0.24720075718676643	0.3330139962355265
100est	13deep	0.20201795264222733	0.8016680634762071	0.5122042699545696	0.26239644532955375	0.35164862858080503
20est	5deep	0.3946326612514374	0.6179894678621127	0.7118193555064927	0.5068647238193759	0.5330133447386575
40est	11deep	0.22457089106110256	0.7839978947760212	0.5357414310818731	0.2870847328272957	0.3738397629428782
140est	6deep	0.32686335827109886	0.6745393416280123	0.6588594130816198	0.4341828036984874	0.4886288154065741
170est	19deep	0.18634453665110068	0.8165495423578357	0.4947544189841851	0.24483219604144554	0.332269613245317
70est	14deep	0.20071418988179066	0.8045488615309586	0.5105613721069611	0.2607638430095733	0.34802196376059963
80est	5deep	0.37538750737454957	0.6262835867188307	0.7038279120717381	0.49545630045314176	0.5280470080334477
160est	7deep	0.2896273442478332	0.7108115838841749	0.6205879938584203	0.38520428205732793	0.45396111961501967
90est	19deep	0.19143649756049938	0.8165260969675312	0.49461471084792713	0.24471840864742275	0.33318560005486075
130est	16deep	0.19118059087219774	0.8134714606520856	0.49772789302974174	0.2478164099662158	0.33732646633594077
1est	20deep	2.8388175214052387	0.545571398906073	0.7771031655779675	0.6045007802905404	0.5073262575104686
200est	9deep	0.24046349387914506	0.7575550893260075	0.565415023417156	0.31975882660663946	0.40375853447761656
20est	13deep	0.23002512618628168	0.7940766958672392	0.5227949080741763	0.27342630263611095	0.3588704979256863
10est	4deep	0.527802234793312	0.5490339425274394	0.7735847956650349	0.5987810267783168	0.5872283954997681
160est	11deep	0.2149699763634599	0.7872173819671989	0.531995678578006	0.28306499406832447	0.37119977718950486
90est	5deep	0.37688347192797195	0.6249130797059052	0.7055798036902484	0.4979222901588401	0.5288008429344451
170est	7deep	0.2888966297993374	0.7093294034687847	0.620653284210172	0.385292195196969	0.454418629472147
50est	19deep	0.1976897690763039	0.8110113049896956	0.5013356458230313	0.2514098662832631	0.3371544457060127
150est	14deep	0.19564438057633324	0.8084052302333892	0.5048496692778928	0.2549285914669926	0.34456459230400655
30est	5deep	0.3873508830381174	0.6239732626075435	0.7093695429605904	0.5033322831078921	0.5323237599369645
120est	20deep	0.1888712751238522	0.8159936705779155	0.49513382931842365	0.2451898294572781	0.33299582605259764
80est	11deep	0.21867954777625997	0.7864184039634092	0.5328326780567822	0.2839754265972095	0.372873462363414
150est	6deep	0.32800450352480015	0.6772728237267325	0.656766842770205	0.4314217330918606	0.4870220904142974
10est	16deep	0.31452319991882666	0.786428722514202	0.5337238666527017	0.28493929473231633	0.36245709349682387
140est	19deep	0.18683431081557245	0.8152373348066924	0.4941695146777236	0.24425088516776086	0.331601232880543
70est	11deep	0.21802011681755942	0.7832096064110035	0.5361179896798265	0.2874923247992324	0.3743287370864766
130est	13deep	0.20182952041490862	0.805448344521857	0.5083211716252882	0.2584433710387757	0.34985223363967977
160est	2deep	0.6311166842169845	0.36795872859514256	0.9172319783766929	0.8413588801826597	0.7070772551938254
130est	8deep	0.26403845134932785	0.7395973903795826	0.5886816513261242	0.34661103082091466	0.4263578119349091
100est	16deep	0.1919250051536422	0.8127825127363983	0.49893715560159513	0.2489794073962341	0.3373179464344635
190est	8deep	0.2618881341484674	0.7370877338202582	0.5920898377293817	0.3506449193310894	0.4276878743593758
30est	20deep	0.20885077396706564	0.8083611857586444	0.5056324297611878	0.2557229036278575	0.3405668565273515
190est	11deep	0.2141212825863885	0.7857312231807697	0.5346145830567118	0.285894711365548	0.3717865363888457
110est	9deep	0.24442719018759593	0.7605867191221575	0.5649603073166791	0.3192308299444522	0.4035891849089355
140est	3deep	0.5202765071607561	0.48405191646824053	0.8260454823822191	0.6824290897015753	0.6318723551176825
40est	14deep	0.2085788066041894	0.802021405051532	0.5140532139138341	0.2643040585621609	0.3502005544947419
1est	7deep	2.820202587661876	0.5664244029560035	0.7594611364358096	0.5787861308969741	0.5495358130277139
180est	6deep	0.32589880007126226	0.6753173911632665	0.6575852190784436	0.43249121255896594	0.48815795170470083
60est	17deep	0.19624771517775738	0.8109853453634542	0.5015696116990611	0.25163277214440183	0.3377891365063156
60est	4deep	0.43595892472709274	0.568477218082521	0.7556392998992775	0.5711441898374559	0.57273086419902
100est	7deep	0.2908902178453522	0.7090141850465379	0.6227694960110474	0.3879577475332204	0.4560467018942691
120est	15deep	0.19389591827087727	0.8100531306357595	0.5018490794674014	0.2519210000454234	0.3409227921862221
200est	2deep	0.6286179221895832	0.3717548128665928	0.9151261723661935	0.837598913322885	0.7048322590904113
110est	10deep	0.2287412895064604	0.7749740679593529	0.547796101153735	0.3001246119018853	0.3873041492357945
40est	5deep	0.38352151333232315	0.6208438990323849	0.7107544417380973	0.5052995833255237	0.5330927378198664
1est	15deep	2.821407204187992	0.560646143522669	0.7626112727054895	0.5823932525193458	0.499710863410572
20est	18deep	0.22445726066353153	0.8058235638297155	0.5075197268360198	0.25765510940707864	0.3434557723192051
180est	17deep	0.18812272147500117	0.814992144269151	0.49622149458763465	0.24631068006387483	0.33406104181785407
50est	12deep	0.21447382742265575	0.7927489352031886	0.5239492716595078	0.27458485300630725	0.36266166664814425
120est	6deep	0.3271083470870073	0.6737384276646361	0.6566386379797078	0.4312434750233682	0.48694720097875077
200est	10deep	0.22529312069031168	0.7754580597678791	0.5467989589762429	0.2990470424043718	0.3859906825537577
70est	1deep	0.7887309492411879	0.21551713108822604	1.0206398952570455	1.041884067434683	0.7953508539514451
190est	3deep	0.5173453635329455	0.48437106263336444	0.8277949420611606	0.6852892390038958	0.6322641266363707
30est	15deep	0.21162538685400878	0.804451042897619	0.5111022567536164	0.26133945409439696	0.34700753915517246
110est	2deep	0.6332841760997187	0.37113600957543946	0.9165048343812352	0.8401773082753128	0.7062098898682249
170est	17deep	0.18844941340538326	0.8140286418284799	0.4975007460715603	0.24756077682869881	0.33509516738409184
140est	8deep	0.26272951117943605	0.7374272244907628	0.5906728454373333	0.3489391139211007	0.42664543198784605
140est	12deep	0.2066401484203998	0.7973243045802398	0.5194588740611281	0.26990724449077463	0.359249231910006
160est	9deep	0.24211082402912545	0.7597214595452009	0.5648832124021326	0.3191534162001171	0.40431983102205094
130est	18deep	0.188927986321866	0.8139467300836591	0.4989328842381679	0.24901145331468616	0.33596311663770384
90est	17deep	0.19152885294374936	0.8124114359431922	0.49990457717201153	0.24993647344140832	0.33694581603402796
130est	3deep	0.5174089474270546	0.4812016581630981	0.8316149769846115	0.6917193517321206	0.6346559741542557
110est	6deep	0.3298690860967849	0.675856932127043	0.6582754161594666	0.4334121555925187	0.488327685498307
170est	13deep	0.2001248992234656	0.8037750538078536	0.5127684707482605	0.2629731232770859	0.35245475239852453
70est	5deep	0.37618259060189646	0.6267793219103593	0.7028298214836579	0.4940759058535296	0.5278108735787745
190est	7deep	0.2893552333779979	0.7116270671764532	0.6185242225339718	0.3826397561324403	0.45382339224578516
30est	11deep	0.2306362379131585	0.7823032078175624	0.5386955263522563	0.29023671002443935	0.37630883973612067
190est	20deep	0.18570299259685533	0.8169412178832535	0.4928674167884698	0.24299106549729618	0.33120219086239944
200est	14deep	0.1942337466808935	0.8073446462508103	0.5058229174482307	0.2559055196564778	0.34494385936034816
100est	19deep	0.19071181939894985	0.8150070333235458	0.49644687422598494	0.24651370879053833	0.33384182686961167
130est	7deep	0.2905769708705474	0.70998892948219	0.6211573123434944	0.38587932281527415	0.45497569849923286
90est	13deep	0.20177224534163493	0.800247186154512	0.5155264685041502	0.2658195244212573	0.35253195818825994
70est	20deep	0.193317804388896	0.8123301275226195	0.5008995158708697	0.2509747498902333	0.33686744278457353
140est	16deep	0.1911808310139616	0.813935130580106	0.4985040003068967	0.24857444615561008	0.3376242809856166
50est	4deep	0.4444332247434882	0.5600935491433596	0.7641461154633068	0.5840582899528192	0.5787240952991445
10est	19deep	0.31513516680949677	0.7890793821797406	0.5309112462857429	0.2819996709663728	0.35875952650354526
150est	9deep	0.24294672069243817	0.7587980161372233	0.5670937583631525	0.3216279129947941	0.4052176797339851
100est	3deep	0.5183611913704109	0.48427047751597824	0.8268208528011108	0.6837210622575328	0.6308202147746848
120est	11deep	0.21524328384169267	0.7845416120792165	0.5348832020545435	0.28615697757886704	0.3729115210195615
80est	20deep	0.19198620264318383	0.8140190727925644	0.49838526995430743	0.248483233593222	0.3344881715226695
180est	2deep	0.6258625765726087	0.3740144959535411	0.9141675814171089	0.8357925508913362	0.7040521474028043
60est	13deep	0.20600312480248384	0.7992012653652008	0.5173876932794337	0.2677456783032791	0.3542126983787466
1est	3deep	2.9146232851104976	0.32018844040585587	0.9493143578821258	0.9066140825350866	0.7275190953105606
50est	16deep	0.19940362682801194	0.8091348574842553	0.5030478965612082	0.25312724400942443	0.3410347143547014
120est	2deep	0.6307726464869916	0.3723598039753965	0.9160725747551075	0.8392911072561995	0.7055185231160622
170est	8deep	0.2635070598830195	0.737786693206493	0.5912341851524184	0.3496354910715275	0.4278029028130729
160est	20deep	0.18673060806138053	0.817309318727137	0.49330767077990845	0.24341653005805636	0.33115702794636465
180est	13deep	0.19898367020304075	0.8014109826132265	0.5142863169058146	0.26453892148398195	0.3521418110658672
200est	6deep	0.32574273083635324	0.6733700751018046	0.659831356733772	0.43547130958198954	0.4890227517898708
110est	14deep	0.19676279573302533	0.8066661796603212	0.5072645111780103	0.2573961148036344	0.34583661958306633
40est	1deep	0.7862537388191626	0.2182676819575191	1.019133347920613	1.0388031130516957	0.7938015540145846
1est	11deep	2.813574854282685	0.6120326205273258	0.717709343965032	0.515561767384288	0.4848359326653475
90est	18deep	0.19138207817831784	0.8148688688000358	0.4961908810568799	0.2462859571641514	0.33368111003143947
130est	17deep	0.18928568580904787	0.8139773627176116	0.4988056446853954	0.24886660265577812	0.33664507359123447
160est	6deep	0.3261749935179694	0.6728166008710335	0.6595300302229182	0.4350498820105289	0.4893684243032725
80est	4deep	0.4370887973621801	0.56318112330844	0.7637414368334449	0.5834200346671335	0.5771456821222309
70est	15deep	0.1970132651471282	0.8073520499929614	0.506505452884162	0.25661368872781964	0.3435769275858091
140est	7deep	0.2900887155912364	0.7109763644453239	0.6211963672363024	0.38592351102190475	0.4547434669313143
40est	10deep	0.23766161993064358	0.7718872735802134	0.5518659731042854	0.3046327177962282	0.38985789140559146
170est	18deep	0.18840660955626615	0.8155820693642727	0.49685802556585434	0.24693913931377157	0.3346826620526471
190est	15deep	0.19108333585390938	0.8107731404000676	0.5021048891242096	0.25215559951657507	0.340654265043481
20est	4deep	0.45401042526769425	0.5629557050393084	0.7638636603591575	0.5836843267087101	0.5786010708122938
100est	12deep	0.20756113273411625	0.7940312523785539	0.5234991337794045	0.2741404684481635	0.36198192979117766
120est	9deep	0.2440443891427838	0.7611794945021572	0.564073310245221	0.31826694615134815	0.4037411691833573
90est	1deep	0.7856666338822835	0.21592072037015836	1.021861180238405	1.044407171705792	0.7964552416748777
160est	15deep	0.191843341846457	0.809842028855813	0.5038787547674538	0.2539710801684166	0.3415606456834833
170est	3deep	0.5191484503807131	0.48413338999142136	0.8280540791851557	0.685862041547313	0.6325499565093304
180est	18deep	0.18623519014795473	0.8143321545412732	0.4976905724465873	0.24775154026248775	0.3340430493193368
20est	17deep	0.2236038515163854	0.8031596299403102	0.5131783581601723	0.2634085320225996	0.3468269031886277
150est	2deep	0.6299370071150917	0.37123845617787354	0.9135608928374005	0.8347531148930994	0.703759305552324
10est	12deep	0.3088561739720397	0.7779135545394393	0.5449462329913637	0.29711332064618706	0.3772757280656896
80est	15deep	0.19653812250545002	0.8087533892416314	0.5035313259739886	0.25360439311006855	0.341912899206103
100est	8deep	0.2643098340437809	0.7354654871084833	0.5940459650691587	0.3529767441662588	0.42835295519729244
60est	18deep	0.19629547236062386	0.8137368334509131	0.497057527653083	0.2471115771080974	0.3351467145790895
180est	9deep	0.24166325853686285	0.7596197241127441	0.5637781086514498	0.31791136714913004	0.402785758801813
1est	8deep	2.8135628292337316	0.5726250339822267	0.7522148858470038	0.5669407566979486	0.5367657629176683
30est	1deep	0.7913578593722106	0.21400227890685264	1.0223452898617964	1.0456402782828031	0.7966856782687625
150est	10deep	0.22652287559620926	0.7758939248318328	0.54552954064529	0.29771301968410685	0.385393421296931
