20est	1deep	0.23691011728918657	0.6576571993188325	0.7609527059305263	0.5790570561485913	0.7609527059305263
120est	18deep	0.1374652666062183	0.8562756235734703	0.8635228280898111	0.8578980320833779	0.8635228280898111
20est	11deep	0.14597092632133138	0.8481560968668438	0.8577383470961578	0.852032866135076	0.8577383470961578
110est	6deep	0.1568387493053321	0.8283367971121421	0.8440919948133488	0.838900743425134	0.8440919948133488
120est	15deep	0.13823510485828772	0.8534421860095697	0.861557360267522	0.8559700212880033	0.861557360267522
200est	14deep	0.13891134575448238	0.8535959252185311	0.8618685593393844	0.8563252043988564	0.8618685593393844
80est	14deep	0.13943549094738072	0.8530492156929154	0.8614044905480107	0.855859987047052	0.8614044905480107
200est	4deep	0.17608704554096338	0.7922206467726725	0.8253026683955504	0.8334840800776953	0.8253026683955504
90est	8deep	0.14782415396765036	0.8395763148354892	0.8514897973111308	0.8456298044815114	0.8514897973111308
180est	10deep	0.14240837696335076	0.8474719557058971	0.8574680952705931	0.8519497712752989	0.8574680952705931
170est	4deep	0.1758869811927813	0.7940786461702081	0.8261816692827408	0.8333897534362155	0.8261816692827408
200est	19deep	0.13648249436953402	0.8565618922229978	0.8635665051525284	0.8579886300557249	0.8635665051525284
50est	12deep	0.1420117581678317	0.8514560575965043	0.8604490548010646	0.855019211002358	0.8604490548010646
80est	19deep	0.1377764778145017	0.8557115291165605	0.8629168088446052	0.8572995131637127	0.8629168088446052
40est	3deep	0.2025598876831729	0.7314311841955132	0.7947341841261176	0.830799928343895	0.7947341841261176
170est	9deep	0.14501272339056417	0.8459414784001821	0.8566436907117996	0.851219647969438	0.8566436907117996
150est	16deep	0.13776009827722363	0.8544139370907267	0.8622015969426055	0.8566336654125289	0.8622015969426055
200est	9deep	0.14434818216385384	0.8451239951132989	0.8558465843172047	0.8504073799261644	0.8558465843172047
90est	5deep	0.1637778232764924	0.8162669135908546	0.8371446120248414	0.8343539442891132	0.8371446120248414
60est	1deep	0.2386720875135277	0.6559581698915179	0.7596969903773971	0.5771528019398445	0.7596969903773971
150est	6deep	0.15615431864049836	0.8272505381343975	0.8435296526308604	0.8388565843127037	0.8435296526308604
170est	13deep	0.1391780982187253	0.851662802222573	0.8603562410427898	0.8547467425951925	0.8603562410427898
70est	17deep	0.13789581444324195	0.8549569766385312	0.8623380877635978	0.856644513459657	0.8623380877635978
130est	4deep	0.17805960981602265	0.7887044023464864	0.8234655019449941	0.8337988564695052	0.8234655019449941
1est	20deep	0.2135774664365732	0.826346918281326	0.8316740599194705	0.8244526873593239	0.8316740599194705
130est	9deep	0.14529468542513668	0.8460191684116458	0.8565590664027845	0.8509947372786253	0.8565590664027845
100est	10deep	0.14303079937991747	0.8470565004619375	0.8571405173002116	0.8516341575984896	0.8571405173002116
30est	20deep	0.14074000409488427	0.8544594935127893	0.8612325121135603	0.8553972054260848	0.8612325121135603
190est	6deep	0.1558676767381321	0.8279951403608975	0.8441520507745853	0.8393062003850053	0.8441520507745853
130est	19deep	0.13741261809353883	0.8562889386871043	0.8634382037807957	0.857848559780811	0.8634382037807957
30est	10deep	0.14601655503232028	0.8461288129216914	0.8564198457653724	0.8508177207548954	0.8564198457653724
70est	7deep	0.15249466202579773	0.8344214185184592	0.8481020951341023	0.8425077255090566	0.8481020951341023
1est	10deep	0.21329316446810373	0.8187293854791724	0.8314174571760049	0.8221565254002082	0.8314174571760049
100est	20deep	0.1376091725408757	0.8570476700458908	0.8638012693646353	0.8582216622406952	0.8638012693646353
130est	14deep	0.13892070549006988	0.8523949536304252	0.8609267726745378	0.8553125941255811	0.8609267726745378
10est	5deep	0.17547632279388103	0.8073247143814352	0.8320535044018291	0.8328150929014422	0.8320535044018291
90est	15deep	0.13874872034865013	0.8544651392567062	0.8625346345458269	0.8570884287451501	0.8625346345458269
190est	11deep	0.14116236216326886	0.8497395939115076	0.8591360131031187	0.8536193911101706	0.8591360131031187
40est	13deep	0.14127350902337008	0.8515752043631685	0.8603152937964922	0.8546946969657061	0.8603152937964922
90est	18deep	0.13800813127029157	0.8560966734108635	0.8633590391046202	0.8577695187248696	0.8633590391046202
10est	8deep	0.15806838456813593	0.8378685394632303	0.8499993175458951	0.8438741048630486	0.8499993175458951
140est	17deep	0.1372698821258299	0.854564958114886	0.862228895106804	0.8566381648831642	0.862228895106804
120est	2deep	0.2290994179414431	0.6791492196997209	0.7701139698355284	0.8034537428452327	0.7701139698355284
180est	20deep	0.1366345900728304	0.8559989421094681	0.8629249982938647	0.8573078956474788	0.8629249982938647
160est	12deep	0.14011290181052383	0.8516172868528455	0.8606592506653926	0.8551447445920904	0.8606592506653926
30est	7deep	0.15539618005791334	0.8337139536889053	0.8475261038695145	0.8419324937583683	0.8475261038695145
60est	16deep	0.1387183012079908	0.8539295448126094	0.8617402579676517	0.8560614776073069	0.8617402579676517
80est	3deep	0.20410658398900225	0.7283975905089167	0.7937896676448508	0.8340173724078669	0.7937896676448508
10est	18deep	0.15193775775834328	0.8529030474782289	0.8597666006961032	0.8536365458028392	0.8597666006961032
1est	8deep	0.2159407996724092	0.8075353587790157	0.8231270047089335	0.8125297974976766	0.8231270047089335
50est	5deep	0.16547661528561813	0.8162340356381163	0.8370408790008872	0.8343835583335575	0.8370408790008872
160est	2deep	0.22994413407821226	0.6810511685504962	0.7716017197843444	0.8146416866052121	0.7716017197843444
110est	11deep	0.14140220538769777	0.8484914676150177	0.8581751177233329	0.8525896552625458	0.8581751177233329
1est	5deep	0.22306121852057673	0.7694737938052779	0.8033440251143111	0.7934604828834317	0.8033440251143111
50est	8deep	0.14921992453713182	0.8397315205806577	0.8516044496007643	0.8457888222077711	0.8516044496007643
10est	15deep	0.15007517037643683	0.8517661570376748	0.8595318364839963	0.8534582687446671	0.8595318364839963
160est	11deep	0.14121384070899995	0.8495611483891514	0.8591878796150958	0.8537959734255212	0.8591878796150958
60est	15deep	0.13910439030097396	0.8538016055929881	0.8618903978707432	0.856318135554097	0.8618903978707432
30est	4deep	0.18039135394425101	0.789127875959823	0.822706612980277	0.8288853334538453	0.822706612980277
100est	3deep	0.2063330310918716	0.7223325759618657	0.7902354466662118	0.831441612360139	0.7902354466662118
30est	9deep	0.1474836935856562	0.8439236852623236	0.854708250870129	0.8488969574655808	0.854708250870129
60est	18deep	0.13800228143554943	0.855657833571835	0.8628376441684297	0.857184789851352	0.8628376441684297
110est	12deep	0.14077276316944043	0.8517091777101795	0.860599194704156	0.8551337851767	0.860599194704156
160est	1deep	0.23908391587937636	0.6567188181866263	0.7602593325598854	0.5780049804665036	0.7602593325598854
10est	16deep	0.15084851852935152	0.852286088360944	0.8597556814304237	0.8537167851564403	0.8597556814304237
1est	6deep	0.21961449589049106	0.7869526184619687	0.8143642940012283	0.8042597987088197	0.8143642940012283
50est	6deep	0.15819123109772146	0.8263896620591761	0.8432948884187539	0.8391128576485317	0.8432948884187539
70est	4deep	0.17792272368305592	0.7902971685313368	0.8241179280693375	0.8332506570533375	0.8241179280693375
190est	8deep	0.14722513089005232	0.8418737970918738	0.8534798334811984	0.8480062402751105	0.8534798334811984
30est	13deep	0.14248091491415363	0.8517292697024383	0.8602552378352557	0.8545072570506679	0.8602552378352557
130est	17deep	0.1375471642926087	0.8554697970792737	0.8630969767283151	0.857619641312188	0.8630969767283151
1est	13deep	0.21168913978180115	0.8264241481078791	0.8346113423872246	0.8263427594037266	0.8346113423872246
190est	5deep	0.16201936295299657	0.8179961152412322	0.838528628949703	0.8356358706447851	0.838528628949703
70est	9deep	0.14552516891397815	0.8451160050862547	0.8558138265201665	0.8503245215968904	0.8558138265201665
140est	3deep	0.206264003041914	0.7257001436524716	0.7923728929229509	0.8342108135381429	0.7923728929229509
40est	10deep	0.14488402702623648	0.8471586021085158	0.8570477035419367	0.8512262781553906	0.8570477035419367
120est	1deep	0.2393799175173301	0.6576619338111318	0.760955435746946	0.5790640428615643	0.760955435746946
170est	20deep	0.1369528210828044	0.8563175794721122	0.8632498464478267	0.8575635951918643	0.8632498464478267
140est	14deep	0.13910790020181926	0.8534039565407602	0.861715689619873	0.8560676639800486	0.861715689619873
90est	16deep	0.13813916756851616	0.8540595383078188	0.8618303419095065	0.8561679417284769	0.8618303419095065
10est	6deep	0.16766328351224075	0.8232312253589359	0.8398471302804886	0.8337390328022187	0.8398471302804886
140est	19deep	0.1374360174325075	0.8571394239539469	0.8641834436634136	0.8586457287130581	0.8641834436634136
190est	12deep	0.13991634736318695	0.8509110663955761	0.8599904456425306	0.8544613273000362	0.8599904456425306
150est	5deep	0.16256807745181195	0.817818603204003	0.8383839486794513	0.836217957415179	0.8383839486794513
170est	10deep	0.1425908918073064	0.8476777698771342	0.8576346140722038	0.8522038084044966	0.8576346140722038
70est	14deep	0.13909737049928333	0.8520151813778	0.8603480515935304	0.8546218611243639	0.8603480515935304
40est	20deep	0.13972213284974697	0.8568989369838715	0.8635419368047499	0.8578666639239114	0.8635419368047499
180est	3deep	0.20647342712568367	0.7270815031226521	0.7934266020610115	0.8348798896086378	0.7934266020610115
150est	8deep	0.14796221006756555	0.8417464527714078	0.8533651811915648	0.8477985326397249	0.8533651811915648
60est	2deep	0.22705314574863256	0.6799097470349764	0.7703569234968949	0.8136898778647468	0.7703569234968949
70est	19deep	0.1378384860627687	0.8559794598695863	0.862922268477445	0.8571754044820422	0.862922268477445
100est	13deep	0.14005791336394746	0.8523522798632088	0.8611260492731865	0.8555583434750607	0.8611260492731865
130est	7deep	0.15180321155927343	0.835503167064469	0.8488336859346209	0.8431754664582789	0.8488336859346209
20est	12deep	0.14435637193249287	0.848619577415962	0.8576209649901045	0.8516712610534779	0.8576209649901045
120est	16deep	0.13766767088829734	0.8542546096439846	0.8620105097932164	0.8563781884397408	0.8620105097932164
110est	5deep	0.16320219953786302	0.8176215085941356	0.8380891285061078	0.8355585372941602	0.8380891285061078
20est	2deep	0.2230904676942876	0.6855729276801477	0.7733023954139082	0.8062146862173906	0.7733023954139082
110est	8deep	0.14796455000146244	0.8408644892840899	0.8526526991059851	0.8471252621307479	0.8526526991059851
50est	11deep	0.142562812600544	0.8486990427702941	0.8583743943219818	0.852819070966513	0.8583743943219818
90est	6deep	0.15665623446137641	0.8286254023830523	0.8444359516822493	0.8392865184523428	0.8444359516822493
150est	15deep	0.13823978472608145	0.854186216130725	0.8621661093291476	0.8565896111853486	0.8621661093291476
80est	17deep	0.13821989528795806	0.8554667023410454	0.8629086193953455	0.8572240832930842	0.8629086193953455
200est	17deep	0.13693176167773255	0.8548535883020792	0.8623708455606363	0.8566196065932828	0.8623708455606363
150est	18deep	0.13716692503436775	0.8554789351378309	0.8628622125162082	0.8571243659666457	0.8628622125162082
180est	13deep	0.13934891339319663	0.8518306387619848	0.8605091107623012	0.8549059620995468	0.8605091107623012
170est	7deep	0.15128608616806571	0.8355989687524671	0.8488227666689415	0.8431928829344573	0.8488227666689415
200est	7deep	0.15115504986984113	0.8354829345460221	0.8488091175868423	0.843266567201639	0.8488091175868423
100est	15deep	0.13918277808651902	0.8550347769271543	0.8629604859073227	0.8575319489009477	0.8629604859073227
100est	18deep	0.13770861973149257	0.855449258081616	0.8627038831638572	0.8569724816657307	0.8627038831638572
130est	1deep	0.23968995875866506	0.6586346352292081	0.7616733774653655	0.5801563116579039	0.7616733774653655
180est	5deep	0.16224165667319895	0.817026579470529	0.8380372619941309	0.8362440304907379	0.8380372619941309
60est	9deep	0.1463570154143145	0.8440797851016285	0.8549839623285334	0.8493747384099608	0.8549839623285334
70est	12deep	0.14093070870747895	0.8514560387421727	0.8603289428785914	0.8548419129199822	0.8603289428785914
150est	3deep	0.2051841235485097	0.7257108297082248	0.7920808025660274	0.83333916208726	0.7920808025660274
170est	16deep	0.13764310158238025	0.8550855979074002	0.8627366409608954	0.8571659512567018	0.8627366409608954
90est	20deep	0.1377495685746877	0.8569208112862755	0.8636402101958643	0.8580001484426764	0.8636402101958643
60est	4deep	0.17734826991137495	0.7904852685381788	0.8235719647853683	0.8311275940789258	0.8235719647853683
180est	8deep	0.14753868203223255	0.8413069493351699	0.8530457926704429	0.8474580430223162	0.8530457926704429
150est	13deep	0.13923893650004385	0.8515997993218113	0.8602688869173547	0.8547105757766369	0.8602688869173547
180est	18deep	0.13690953230571232	0.8552588403506981	0.8625537432607657	0.8568755200513247	0.8625537432607657
40est	6deep	0.1584708531983971	0.8270095044169673	0.8432075342933188	0.8384245043351777	0.8432075342933188
50est	17deep	0.1389639942671619	0.8552835333788521	0.862692963898178	0.857070695078283	0.862692963898178
200est	1deep	0.2392968498639913	0.6573870203644537	0.7607534293318774	0.5787533657951347	0.7607534293318774
180est	15deep	0.13841761970224337	0.8546204250101898	0.862602879956323	0.8570731172786903	0.862602879956323
170est	1deep	0.23916581356576674	0.6569795170427234	0.7604531495256944	0.578294687706547	0.7604531495256944
80est	11deep	0.1423136096405276	0.8492460696925725	0.858636456698287	0.853025192527639	0.858636456698287
200est	11deep	0.14142911462751173	0.8503040499857333	0.8597147341841263	0.8541240300464956	0.8597147341841263
120est	10deep	0.1427230980724794	0.8479764014537574	0.8578830273664098	0.8524174087307326	0.8578830273664098
110est	3deep	0.20526836116879693	0.7260883883810255	0.7924138401692485	0.8314588396411904	0.7924138401692485
20est	9deep	0.15004943110357127	0.843143271385618	0.854478946290862	0.8490683563781589	0.854478946290862
10est	20deep	0.15411974611717216	0.8515150458152188	0.8580877635978981	0.8519287625433367	0.8580877635978981
20est	14deep	0.1433993389686741	0.8519796378549587	0.8604190268204464	0.8547337913372297	0.8604190268204464
20est	4deep	0.1801105618766269	0.78964435702425	0.8230532996655975	0.8302639398254343	0.8230532996655975
20est	19deep	0.14391646435988178	0.855068387025621	0.8619095065856821	0.8560478426368957	0.8619095065856821
10est	10deep	0.15370674778437507	0.8429079366287773	0.8533733706408243	0.84717082269458	0.8533733706408243
160est	7deep	0.151157389803738	0.8352033902011873	0.8486917354807889	0.8431395178707245	0.8486917354807889
110est	14deep	0.13888209658077158	0.8530102467611733	0.8612843786255374	0.8556579692524696	0.8612843786255374
120est	20deep	0.13677264617274557	0.856174641355734	0.8630860574626357	0.8573967120968014	0.8630860574626357
80est	6deep	0.15628886483956822	0.8279326322810472	0.843963693441616	0.8392082093370621	0.843963693441616
110est	19deep	0.137162245166574	0.8559251325514802	0.8629959735207806	0.8573010412207728	0.8629959735207806
30est	2deep	0.2253286144666413	0.6843182787797117	0.7730294137719238	0.815123426666273	0.7730294137719238
60est	13deep	0.14055514931703178	0.8515057973730258	0.8603617006756294	0.854902992041605	0.8603617006756294
100est	8deep	0.1479329608938547	0.8411357230361545	0.8529011124001911	0.8473734671520985	0.8529011124001911
160est	17deep	0.1371025768522039	0.8555175566124364	0.8629086193953457	0.8573384022698936	0.8629086193953457
100est	5deep	0.16294714674310448	0.8185540747465104	0.8387961509588482	0.8361291323613795	0.8387961509588482
140est	12deep	0.14044166252303372	0.8515808371100705	0.8606292226847745	0.8553336260962452	0.8606292226847745
190est	19deep	0.13688730293369208	0.8560961912380189	0.8632989831433838	0.8576216519654128	0.8632989831433838
120est	7deep	0.1510228436046681	0.835436605534906	0.8487845492390638	0.8431408011638029	0.8487845492390638
40est	16deep	0.13974202228787033	0.8548550530912205	0.862441820787552	0.856754090884094	0.862441820787552
190est	14deep	0.13852408669455085	0.8529850484338164	0.8613007575240564	0.8557303760155393	0.8613007575240564
90est	10deep	0.14340401883646783	0.8470839353841761	0.8570531631747765	0.8513556518484529	0.8570531631747765
130est	11deep	0.14158121033080812	0.8502574163232102	0.8596601378557291	0.8541716600189418	0.8596601378557291
1est	15deep	0.21263915294392927	0.8259565188277659	0.8330799153756909	0.8247703617027488	0.8330799153756909
140est	8deep	0.14755155166866532	0.8426801200396256	0.8542605609772741	0.8487610081743262	0.8542605609772741
30est	15deep	0.14123607008102018	0.8544679339063128	0.8622179758411245	0.856491890596073	0.8622179758411245
70est	2deep	0.22837052853256892	0.675993051639293	0.7686071111717737	0.8033905004718126	0.7686071111717737
140est	5deep	0.16213518968089147	0.8197716467982599	0.8393857913055346	0.8364005615828176	0.8393857913055346
1est	18deep	0.21224136418146183	0.8274927851162478	0.8337077731522555	0.8258860742958933	0.8337077731522555
190est	3deep	0.2059925707098774	0.7250272794378374	0.7919606906435542	0.8334021438025855	0.7919606906435542
30est	18deep	0.14044985229167273	0.8547296858512813	0.8619750221797584	0.8562727432529151	0.8619750221797584
190est	17deep	0.13740910819269353	0.8557168718091384	0.8630669487476966	0.8574097032448678	0.8630669487476966
120est	9deep	0.14478574980256803	0.8435728184208341	0.8547055210537091	0.8493313681310137	0.8547055210537091
40est	18deep	0.13981456023867322	0.8556120312180967	0.8628076161878114	0.8570872965119644	0.8628076161878114
90est	13deep	0.14010939190967853	0.8532330159834207	0.8616965809049342	0.8561961937025806	0.8616965809049342
10est	3deep	0.20141566000760475	0.7398805604303336	0.7978024977820241	0.8239479706984774	0.7978024977820241
120est	4deep	0.17609172540875714	0.7921385899641292	0.8248304101549172	0.8324207193019282	0.8248304101549172
140est	11deep	0.14166076808330158	0.8507386735503453	0.8600750699515458	0.8546439075370293	0.8600750699515458
40est	15deep	0.14002398432244287	0.8541863576672465	0.8619750221797584	0.8562408169189915	0.8619750221797584
140est	6deep	0.15594255462283185	0.8288938123506939	0.8445860915853409	0.8392542751415992	0.8445860915853409
1est	16deep	0.21180730644359294	0.8249353629816928	0.8335003071043474	0.8246055161483422	0.8335003071043474
130est	12deep	0.14026967738161392	0.8508148420072456	0.8598266566573399	0.8542351639075266	0.8598266566573399
70est	1deep	0.23927462049197107	0.6575753325561972	0.7608926499692896	0.5789643124381548	0.7608926499692896
30est	16deep	0.14064991663985488	0.8543497991870407	0.8620186992424759	0.8562769060843526	0.8620186992424759
50est	3deep	0.20496416976220416	0.7256306086871059	0.7918378489046611	0.8307457800794051	0.7918378489046611
160est	9deep	0.14467226300856997	0.8449730118159726	0.8558138265201665	0.8504445586529528	0.8558138265201665
80est	5deep	0.16355318962239312	0.816748170870629	0.8377315225551082	0.8354623557150029	0.8377315225551082
10est	13deep	0.14958144432419782	0.84889120683331	0.8575690984781273	0.8514641681345542	0.8575690984781273
1est	3deep	0.22946210769545758	0.7358722589769922	0.7892609022043267	0.7762855405861925	0.7892609022043267
80est	8deep	0.149171955892246	0.8418279798207847	0.853520780727496	0.8481593607123636	0.853520780727496
110est	17deep	0.13723010324958315	0.8547660286743682	0.8623326281307583	0.8567060958415362	0.8623326281307583
160est	4deep	0.17532188715668773	0.7954431150902418	0.8272135398894425	0.8341199138479211	0.8272135398894425
100est	6deep	0.15659188627921256	0.8272328145164694	0.8432621306217156	0.8381629664392204	0.8432621306217156
160est	19deep	0.13736347948170463	0.8572610664255906	0.8642162014604517	0.8586556566448817	0.8642162014604517
60est	10deep	0.14393284389715985	0.8488938678780927	0.8587156213744627	0.8531736545983104	0.8587156213744627
30est	1deep	0.23802743572494073	0.657406989899454	0.7607152119019996	0.5882386345242463	0.7607152119019996
160est	14deep	0.13881891836555613	0.8531200875441377	0.8615300621033236	0.8560615317041933	0.8615300621033236
150est	20deep	0.13678083594138463	0.856979573551948	0.86371664505562	0.8580545599566289	0.86371664505562
180est	16deep	0.13793091345169495	0.8552889216348969	0.862848563434109	0.8572256385541626	0.862848563434109
170est	2deep	0.22930065225657373	0.6804343943596918	0.7709001569644441	0.8236278033046451	0.7709001569644441
200est	2deep	0.2294000994471906	0.6803302284116246	0.7708974271480245	0.8236524196497617	0.7708974271480245
200est	12deep	0.14044634239082743	0.8521740557345605	0.8610605336791098	0.855483852399345	0.8610605336791098
50est	19deep	0.13872649097662987	0.8553048884850503	0.8623353579471781	0.8565814532953496	0.8623353579471781
80est	12deep	0.14054461961449585	0.8507330226989752	0.8597010851020268	0.8540650639378198	0.8597010851020268
40est	8deep	0.14930182222352215	0.8393493346810672	0.8512413840169247	0.8454341170559708	0.8512413840169247
90est	3deep	0.20490567141478247	0.7252528859488436	0.7920889920152869	0.8342387276603115	0.7920889920152869
150est	10deep	0.14284477463511652	0.8479863994791214	0.8579922200232035	0.852480128616832	0.8579922200232035
60est	20deep	0.13837316095820287	0.8559082569738932	0.8624909574831092	0.8567116554569033	0.8624909574831092
50est	14deep	0.13957354704729588	0.8517279356503713	0.8602879956322937	0.8546754687582223	0.8602879956322937
40est	5deep	0.1654508760127526	0.8159151343916732	0.8370326895516276	0.8349548786235904	0.8370326895516276
20est	7deep	0.1550873087835268	0.8342787454953147	0.848107554766942	0.842873615436595	0.848107554766942
120est	13deep	0.13970809324636577	0.8517417871316174	0.8604845424145227	0.8548894850299102	0.8604845424145227
20est	17deep	0.1426809792623358	0.8535489449488013	0.8610796423940489	0.8551914873145391	0.8610796423940489
130est	2deep	0.2299909327561496	0.6763509440211792	0.7690275029004299	0.8126744101528877	0.7690275029004299
100est	16deep	0.13808300915499136	0.8537437903009122	0.8617429877840714	0.8561597210941018	0.8617429877840714
60est	7deep	0.15225247886747195	0.8357765495063441	0.848972906572033	0.8432748194895412	0.848972906572033
170est	18deep	0.13710140688525543	0.8558033507758736	0.8630942469118951	0.8574479093181534	0.8630942469118951
70est	11deep	0.1422223522185498	0.8490514164493455	0.8585709411042107	0.8530480209337631	0.8585709411042107
180est	6deep	0.1574096931761677	0.8286937237986262	0.8446870947928753	0.839846328670385	0.8446870947928753
170est	15deep	0.13826084413115325	0.8540986838837122	0.8621715689619873	0.8566048800841705	0.8621715689619873
80est	4deep	0.17722191348094413	0.7933103223567415	0.8256575445301304	0.8323015064713747	0.8256575445301304
160est	8deep	0.1476135599169323	0.8420702769850889	0.8536490820992289	0.847998030341092	0.8536490820992289
50est	2deep	0.22764865892538533	0.6783419447925045	0.7699174230532998	0.803755304447836	0.7699174230532998
160est	5deep	0.16190119629120475	0.8176391990104429	0.8382529174912986	0.8357939913062828	0.8382529174912986
110est	16deep	0.1378735850712217	0.8542478283865564	0.862051457039514	0.8563389494165699	0.862051457039514
80est	9deep	0.14556728772412175	0.8441216462975158	0.8548174435269228	0.8491727755967527	0.8548174435269228
1est	2deep	0.23508730878352682	0.6953626863135878	0.7724124752610387	0.7135895262091156	0.7724124752610387
10est	12deep	0.1513352247798999	0.8461753805083496	0.8555899815737391	0.8493769969768883	0.8555899815737391
160est	18deep	0.13763491181374124	0.8572566034716078	0.8644100184262608	0.8588632484977013	0.8644100184262608
100est	7deep	0.15195062739477605	0.8365169692990672	0.8496935781068723	0.8440825354800348	0.8496935781068723
160est	15deep	0.1378349761619234	0.8534385734061842	0.8616064969630792	0.8559807919646125	0.8616064969630792
60est	11deep	0.14266927959285147	0.8502736659804304	0.859501808503378	0.8539367644077166	0.859501808503378
10est	2deep	0.2212524496182982	0.6851177330542616	0.7730212243226643	0.8000841665458565	0.7730212243226643
40est	19deep	0.139412091608412	0.8558069748699059	0.8626875042653382	0.8569702008877195	0.8626875042653382
90est	12deep	0.14057620872210358	0.8511874060335554	0.8601323960963626	0.8545985268896341	0.8601323960963626
120est	8deep	0.1481622744157477	0.8410104806329943	0.8527728110284584	0.8471266226060385	0.8527728110284584
190est	16deep	0.1375296147883822	0.8537850663594189	0.8616365249436976	0.8560515316839737	0.8616365249436976
40est	14deep	0.14066980607797827	0.8535727538442015	0.8617566368661707	0.8561362756744334	0.8617566368661707
70est	20deep	0.1380947088244757	0.8561966770315825	0.863023271684979	0.8573152525036525	0.863023271684979
140est	10deep	0.14298166076808325	0.8486623008840272	0.8585190745922336	0.852968248324067	0.8585190745922336
120est	5deep	0.16232121442569244	0.818400802278789	0.8390391046202142	0.8369858533883472	0.8390391046202142
190est	1deep	0.2392208020123431	0.6571470136650761	0.7605759912645874	0.5784844836283647	0.7605759912645874
140est	7deep	0.15165345578987385	0.8353959062774327	0.848814577219682	0.8433404002753631	0.848814577219682
30est	17deep	0.14059843809412378	0.8543027905174368	0.8618903978707432	0.8561438570569639	0.8618903978707432
1est	17deep	0.21215244669338088	0.8274454838032355	0.8341636524943697	0.8262185182157537	0.8341636524943697
130est	13deep	0.13905876158998504	0.8513950528924346	0.8599877158261106	0.8542346422370164	0.8599877158261106
130est	3deep	0.20509403609348034	0.7264048341035482	0.7924575172319662	0.8323709217979762	0.7924575172319662
100est	17deep	0.13748983591213546	0.8545966048623722	0.8621961373097657	0.8565888952674588	0.8621961373097657
170est	19deep	0.1370908771827196	0.8572543718110188	0.8641998225619326	0.8586583155926291	0.8641998225619326
60est	6deep	0.15700371464506127	0.8283865436926305	0.8439718828908755	0.8387886918412454	0.8439718828908755
140est	20deep	0.1364438854602357	0.8550674126098685	0.8620405377738346	0.8563535357634496	0.8620405377738346
170est	14deep	0.1388376378367311	0.8536136098250762	0.8618112331945678	0.856200781078169	0.8618112331945678
150est	1deep	0.23913539442510742	0.6568801449103554	0.7603794444823586	0.5781838792920375	0.7603794444823586
180est	7deep	0.15150486998742282	0.835966118839451	0.8492622671125367	0.843829408690893	0.8492622671125367
70est	10deep	0.14317704524847166	0.8469641133424046	0.8570204053777384	0.8514607296607853	0.8570204053777384
50est	18deep	0.13858843487671468	0.8552558048572843	0.8624800382174297	0.8567418158146721	0.8624800382174297
200est	13deep	0.13959343648541928	0.853133173880015	0.8617293387019722	0.8562202749590522	0.8617293387019722
40est	9deep	0.14712919360028076	0.8433389269917615	0.8542769398757933	0.8485689688119039	0.8542769398757933
80est	13deep	0.1398028605691889	0.8515361838052242	0.860211560772538	0.8546742572846333	0.860211560772538
200est	3deep	0.20694141390505713	0.7217903302578763	0.790142632907937	0.8331903422590087	0.790142632907937
170est	3deep	0.2048822720758138	0.7265524433259839	0.792405650719989	0.8326735087810299	0.792405650719989
180est	17deep	0.1375225949866916	0.8564489268674282	0.8638695147751315	0.8583004969549052	0.8638695147751315
50est	15deep	0.13965544473368624	0.8537941249426279	0.8617429877840714	0.8560755535861995	0.8617429877840714
40est	4deep	0.17966480446927374	0.787901849297382	0.8224554698696512	0.8310539527628523	0.8224554698696512
150est	11deep	0.14112492322091896	0.8494029885846719	0.8589121681566916	0.8533493369553369	0.8589121681566916
90est	2deep	0.2296025037292696	0.6800493448767289	0.770954753292841	0.8236728173360071	0.770954753292841
20est	6deep	0.16240077217818594	0.825211946457389	0.8428417388930595	0.8393441519119084	0.8428417388930595
20est	16deep	0.14313492643832806	0.853472845716293	0.8611615368866444	0.8553468852461477	0.8611615368866444
110est	1deep	0.23895638948199704	0.6563322817618001	0.7599754316522214	0.577567888662538	0.7599754316522214
120est	12deep	0.14033519553072624	0.8518286317297514	0.8607684433221864	0.8552883940530556	0.8607684433221864
40est	7deep	0.15364824943695338	0.8339279298237409	0.8478373029413773	0.8425109578207972	0.8478373029413773
50est	16deep	0.1387370206791658	0.8539049740484098	0.8616583634750562	0.855920978175419	0.8616583634750562
90est	1deep	0.23943607593085492	0.6579305087547178	0.7611547123455946	0.5793633559703201	0.7611547123455946
150est	12deep	0.14030126648922164	0.8511875725934475	0.8602525080188357	0.8547065875960559	0.8602525080188357
180est	19deep	0.13696686068618558	0.8563094822444591	0.8632498464478264	0.8574856681148393	0.8632498464478264
80est	10deep	0.14329053204246978	0.8474368372504099	0.8574653654541732	0.8519332517657096	0.8574653654541732
200est	10deep	0.14222469215244665	0.8471318298506791	0.8570750017061353	0.8513549076282054	0.8570750017061353
180est	14deep	0.1383322121150077	0.8521914160554617	0.8606346823176142	0.8550105766706128	0.8606346823176142
20est	8deep	0.1523472461902951	0.8383482941498563	0.8507172592643144	0.8449377158818815	0.8507172592643144
20est	15deep	0.14272543800637627	0.852595827975608	0.8606237630519348	0.8548266388957897	0.8606237630519348
120est	11deep	0.14161279943841584	0.8498494156684283	0.8592916126390499	0.8536855640154064	0.8592916126390499
110est	2deep	0.22975459943256601	0.672692953772891	0.766778134170477	0.8119449118410533	0.766778134170477
20est	5deep	0.1689034484775805	0.8131689741690221	0.8354821538251552	0.8344724684515549	0.8354821538251552
20est	18deep	0.14318523501711072	0.8548197975125376	0.8618467208080257	0.8560154967485988	0.8618467208080257
130est	20deep	0.13692240194214508	0.8570082327299571	0.8636374803794444	0.8579769582775321	0.8636374803794444
100est	14deep	0.1387756295884641	0.8528187479451421	0.8611369685388658	0.8555738978932077	0.8611369685388658
100est	19deep	0.13798005206352917	0.8573335242077866	0.8641697945813144	0.8585213964089607	0.8641697945813144
170est	17deep	0.13731317090292194	0.8555611016900595	0.862990513887941	0.8573045857374026	0.862990513887941
150est	2deep	0.2299698733510778	0.6783662679959108	0.7698655565413226	0.8031847734359181	0.7698655565413226
70est	13deep	0.1401503407528737	0.8520853192149683	0.8607083873609501	0.8550972808005335	0.8607083873609501
60est	8deep	0.1487343882535318	0.8415264485765452	0.8533133146795877	0.8477926322834193	0.8533133146795877
180est	4deep	0.17647196466699813	0.7892098422649174	0.823380877635979	0.8333225710625176	0.823380877635979
180est	9deep	0.14427447424610249	0.8438341359667322	0.8545663004162971	0.8487409726853037	0.8545663004162971
60est	5deep	0.16370294539179261	0.8173184881798748	0.8378707431925203	0.8352322490171226	0.8378707431925203
40est	17deep	0.13973968235397347	0.8553157273163075	0.8626956937145976	0.8569578858923976	0.8626956937145976
120est	6deep	0.15541138962824297	0.8277040919989109	0.8434996246502422	0.8383424167810706	0.8434996246502422
140est	13deep	0.13971628301500483	0.853182557261519	0.861625605678018	0.8560476424405068	0.861625605678018
190est	18deep	0.13680774518119856	0.8555451821784789	0.8627912372892922	0.8572208279882584	0.8627912372892922
90est	11deep	0.1423838076574336	0.8502345287640715	0.8595973520780728	0.854194192322302	0.8595973520780728
10est	1deep	0.23322472140162034	0.6613421436915108	0.7623039650583499	0.6176028105067255	0.7623039650583499
190est	15deep	0.13830998274298748	0.854685570497463	0.862616529038422	0.857206832505198	0.862616529038422
70est	3deep	0.20314253122349288	0.7298748038608805	0.794054459837576	0.8301281429212577	0.794054459837576
30est	14deep	0.141027815964199	0.8524087926893301	0.8606155736026752	0.8548642446370658	0.8606155736026752
140est	9deep	0.1454362514258972	0.8455750551604366	0.8562396778816626	0.8506228603541781	0.8562396778816626
130est	10deep	0.1432811723068823	0.848529231841983	0.8583307172592644	0.8528740878726758	0.8583307172592644
1est	14deep	0.21215595659422623	0.8260075570432158	0.8341199754316522	0.8256250493767429	0.8341199754316522
190est	2deep	0.23003071163239633	0.6774606311992958	0.7693032143588343	0.813392506341727	0.7693032143588343
30est	19deep	0.14022287870367658	0.8548858591503761	0.8617784753975295	0.8559867899678314	0.8617784753975295
1est	19deep	0.21276901927520545	0.827464104323979	0.8332054869310039	0.8257179113305019	0.8332054869310039
140est	4deep	0.1758682617216063	0.7926243472483554	0.8253436156418481	0.8337114978191122	0.8253436156418481
110est	15deep	0.13858141507502408	0.8541629749545818	0.8622398143724835	0.8567815418622118	0.8622398143724835
160est	6deep	0.15639299189797884	0.8284253891989352	0.8443404081075547	0.8390842356462427	0.8443404081075547
10est	11deep	0.1510532627453274	0.8473661058698022	0.8567856411656316	0.8508069636447827	0.8567856411656316
1est	1deep	0.23786364035216004	0.669882338614336	0.764744420937692	0.6167499049422713	0.764744420937692
110est	18deep	0.13716458510047086	0.8558051286911297	0.8629932437043609	0.85734043633437	0.8629932437043609
80est	7deep	0.15195179736172448	0.8339607864044167	0.8475807001979117	0.8418800940884009	0.8475807001979117
50est	1deep	0.2387797244727836	0.6582398724510664	0.7612884733501671	0.5889399030952877	0.7612884733501671
160est	16deep	0.13754482435871182	0.8538080293806614	0.8616228758615982	0.855930255884435	0.8616228758615982
100est	9deep	0.1446827927111059	0.8445373323967422	0.8553169999317545	0.8497012296221585	0.8553169999317545
60est	12deep	0.1413554067097604	0.8506540035764334	0.8596082713437521	0.8539811010166075	0.8596082713437521
30est	3deep	0.20299862528883558	0.7350507707107512	0.7967351395618644	0.8300776601983785	0.7967351395618644
100est	4deep	0.1780970487583726	0.7902001346649845	0.8235200982733911	0.8309454936262836	0.8235200982733911
80est	20deep	0.13747696627570266	0.8565693992995326	0.8632989831433836	0.8576811725423426	0.8632989831433836
200est	20deep	0.13692942174383568	0.8567638189360032	0.8636347505630246	0.8579723314819157	0.8636347505630246
130est	16deep	0.13784901576530462	0.8554884445916962	0.8631543028731318	0.8576391068785203	0.8631543028731318
1est	12deep	0.21241685922372688	0.825798019266178	0.8352119019995905	0.8265468733423132	0.8352119019995905
190est	9deep	0.1444581590570066	0.8453603900269908	0.855857503582884	0.8501395620212601	0.855857503582884
30est	12deep	0.14263067068355315	0.8496739035860833	0.8587456493550809	0.8531037126853569	0.8587456493550809
70est	5deep	0.1647851648190938	0.8158473189101229	0.8368252235037194	0.8342256390164209	0.8368252235037194
140est	2deep	0.2307537512065284	0.6756530750482211	0.7687654405241249	0.8223487794924094	0.7687654405241249
70est	8deep	0.1480125186463482	0.8404566570546066	0.8521476830683138	0.8466077135264197	0.8521476830683138
190est	4deep	0.17623563134341452	0.7923543938250224	0.8258022248003821	0.8351403407545124	0.8258022248003821
140est	15deep	0.13787826493901542	0.8525436701152662	0.8608940148774995	0.8552919198949579	0.8608940148774995
40est	11deep	0.14345666734914736	0.8488086982265631	0.8582324438681499	0.852574616988549	0.8582324438681499
140est	18deep	0.137585773201907	0.8566122638711862	0.8637903500989559	0.8581852593731262	0.8637903500989559
190est	13deep	0.13935476322793877	0.8529509063912311	0.8615764689824609	0.8561119897779473	0.8615764689824609
10est	7deep	0.16277867150253	0.8307561307182562	0.8449273186378216	0.8388514041513982	0.8449273186378216
90est	17deep	0.13772967913656436	0.854483279801626	0.8619586432812393	0.8561177468193868	0.8619586432812393
30est	5deep	0.16760712509871592	0.8174858607304167	0.8378188766805431	0.8349214352535017	0.8378188766805431
50est	20deep	0.13854397613267422	0.8557029511567461	0.8625237152801475	0.8567956316396931	0.8625237152801475
60est	14deep	0.1395887566176255	0.8524523797431136	0.8607520644236674	0.855014865035172	0.8607520644236674
160est	10deep	0.14288455351136325	0.8479130537475251	0.8579021360813485	0.8524148511466421	0.8579021360813485
60est	19deep	0.13834859165228577	0.8558182064241728	0.8628540230669486	0.8571215354817266	0.8628540230669486
30est	8deep	0.1504554096346778	0.8393316745577308	0.8516099092336039	0.8463417875834687	0.8516099092336039
100est	2deep	0.22885840475006577	0.6780922281789827	0.7699392615846584	0.7845850791606657	0.7699392615846584
1est	7deep	0.2185194068267571	0.8004106723373835	0.8181969562546919	0.8088692608114676	0.8181969562546919
10est	17deep	0.15157506800432882	0.852509839745013	0.8597283832662254	0.8535862143793966	0.8597283832662254
110est	13deep	0.13953025827020385	0.8515244002639024	0.8601487749948815	0.8545799303040608	0.8601487749948815
50est	7deep	0.1532223814677235	0.8347893816052061	0.8487354125435064	0.8436080589742768	0.8487354125435064
80est	1deep	0.23923601158267271	0.6572846566061266	0.7606769944721218	0.5786403249783758	0.7606769944721218
120est	17deep	0.1378911345754482	0.8556576501351328	0.8631734115880708	0.8575942861179078	0.8631734115880708
110est	4deep	0.17705343824036965	0.7923323300964484	0.8250897427148024	0.8322283657492107	0.8250897427148024
20est	13deep	0.1436637514990201	0.8508899284837916	0.8596328396915307	0.8538839325603838	0.8596328396915307
110est	9deep	0.14491327619994732	0.845303929859775	0.8557646898246094	0.8499690583617469	0.8557646898246094
20est	3deep	0.20110093889847608	0.7378075913547008	0.7974612707295434	0.8273871359493222	0.7974612707295434
150est	14deep	0.13879902892743273	0.852611825818418	0.8610004777178735	0.8555258600535605	0.8610004777178735
160est	20deep	0.13684752405744535	0.8564286998834864	0.8633153620419027	0.8577147132431455	0.8633153620419027
90est	7deep	0.15122407791979872	0.8358400622836847	0.8490275029004298	0.8434686318238777	0.8490275029004298
40est	1deep	0.23873760566264	0.6573606041562505	0.7607343206169387	0.5787228474796487	0.7607343206169387
50est	10deep	0.1438708356488929	0.8462020121754007	0.8562915443936396	0.8506581545113838	0.8562915443936396
200est	6deep	0.15616835824387956	0.828850501080972	0.8448863713915239	0.8401153171429808	0.8448863713915239
150est	19deep	0.1368124250489923	0.8552821133661473	0.862460929502491	0.8568403144785455	0.862460929502491
170est	6deep	0.15585831700254463	0.8289184273610638	0.8447034736913943	0.8397752216308473	0.8447034736913943
180est	12deep	0.14024861797654214	0.8517156822257556	0.8606456015832936	0.855126642704735	0.8606456015832936
80est	16deep	0.1384035800988622	0.8544713304183209	0.8621688391455673	0.856543109012375	0.8621688391455673
200est	16deep	0.1381520372049489	0.8555862698539207	0.863274414795605	0.8576843035603724	0.863274414795605
180est	2deep	0.23046593933721368	0.6760940293676755	0.7687981983211628	0.8027623710690954	0.7687981983211628
70est	15deep	0.13903302231711948	0.8534249390371268	0.8614208694465297	0.8556876307723507	0.8614208694465297
170est	11deep	0.14122086051069055	0.8491645472317102	0.8586801337610046	0.8530569474412785	0.8586801337610046
150est	4deep	0.17729328146479859	0.7891737093408584	0.8240414932095815	0.8348338811935986	0.8240414932095815
70est	18deep	0.13804323027874457	0.8551834794410271	0.8624527400532314	0.8567581804390509	0.8624527400532314
60est	3deep	0.20299394542104182	0.7312247842039495	0.7950508428308197	0.8319100421597123	0.7950508428308197
150est	9deep	0.14499751382023454	0.8445177191675891	0.8553552173616324	0.8498921102208474	0.8553552173616324
100est	12deep	0.14063470706952527	0.8522128522139413	0.861025046065652	0.8555262126794244	0.861025046065652
130est	6deep	0.15628535493872295	0.8290715849363807	0.8447771787347301	0.839612555344156	0.8447771787347301
190est	20deep	0.13633858843487667	0.8563717562716597	0.8631952501194293	0.8574754008679897	0.8631952501194293
70est	16deep	0.13837550089209977	0.8539716072952249	0.8617484474169114	0.8559825951343769	0.8617484474169114
180est	1deep	0.23952265348503904	0.6581008616280548	0.7612802839009076	0.579555004247605	0.7612802839009076
170est	12deep	0.14030126648922164	0.8512221368856915	0.8601733433426603	0.8545227723142527	0.8601733433426603
150est	7deep	0.15141595249934187	0.8349896551686014	0.8484624309015218	0.8427338455569668	0.8484624309015218
130est	5deep	0.16319634970312089	0.8170552871582877	0.838140995018085	0.8363793543297766	0.838140995018085
100est	11deep	0.1418315832577729	0.8497540015943741	0.8590814167747218	0.853328464270415	0.8590814167747218
130est	8deep	0.14754219193307785	0.8414488734633301	0.8532832866989695	0.8478537321310493	0.8532832866989695
120est	19deep	0.13715990523267718	0.856731095748387	0.86371937487204	0.8580716449572334	0.86371937487204
110est	7deep	0.1514826406154026	0.8350692392098388	0.8487408721763461	0.8434013273063745	0.8487408721763461
120est	14deep	0.13907280119336626	0.8534062234512089	0.8617866648467891	0.8561583941769235	0.8617866648467891
110est	20deep	0.1371411857615022	0.8565698904209369	0.8634518528628949	0.8578415149854393	0.8634518528628949
20est	10deep	0.14747550381701713	0.8455871525863013	0.8557592301917694	0.8499449493181593	0.8557592301917694
170est	5deep	0.16192225569627652	0.8178843466934882	0.8386241725243977	0.8367594329350255	0.8386241725243977
180est	11deep	0.14123139021322648	0.8500363490213497	0.8594199140107827	0.8538939065388327	0.8594199140107827
200est	5deep	0.1624031121120828	0.8168403798148005	0.837630519347574	0.8353564546993194	0.837630519347574
90est	9deep	0.1454994296411126	0.8440365487458307	0.8548693100388999	0.8490896290517417	0.8548693100388999
200est	15deep	0.13812044809734123	0.8540320521053012	0.8620186992424759	0.8563977815367414	0.8620186992424759
80est	15deep	0.13898037380444	0.8548804296865093	0.8628567528833686	0.8574266411280124	0.8628567528833686
200est	8deep	0.14750943285852172	0.8426629324984218	0.8543096976728315	0.8490579713861743	0.8543096976728315
90est	4deep	0.17732721050630315	0.7890805265346599	0.8232662253463455	0.8318826468657217	0.8232662253463455
170est	8deep	0.147415835502647	0.8403951870538552	0.8524179348938784	0.8470054440684202	0.8524179348938784
150est	17deep	0.13764193161543184	0.8561613292887273	0.8635665051525285	0.8580383814470122	0.8635665051525285
50est	13deep	0.14068384568135947	0.8517435032561765	0.860547328192179	0.8550902943787064	0.860547328192179
200est	18deep	0.13699844979379328	0.8559241092582609	0.8632007097522693	0.857588043004824	0.8632007097522693
40est	2deep	0.22764982889233376	0.6796779524951624	0.7707036101822152	0.8041178509930522	0.7707036101822152
80est	18deep	0.13805726988212577	0.8567717928627016	0.8639787074319252	0.8584294757081469	0.8639787074319252
100est	1deep	0.23902190763110942	0.6565808594590452	0.760158329352351	0.5778482679896529	0.760158329352351
60est	17deep	0.13845856854543853	0.8549574999893498	0.8624882276666894	0.8567921582488545	0.8624882276666894
30est	6deep	0.16014507590160576	0.8268188233200879	0.8429809595304717	0.8376887372152666	0.8429809595304717
160est	13deep	0.13953025827020382	0.8523189181738924	0.8610769125776292	0.8556166260893572	0.8610769125776292
50est	4deep	0.1788458276053701	0.7892849756081907	0.823435473964376	0.8324265062829247	0.823435473964376
1est	9deep	0.21392845652110323	0.8134302605200205	0.8297386200777997	0.8209370456068474	0.8297386200777997
10est	19deep	0.15318260259147676	0.851996995756275	0.8588002456834778	0.8525335312742526	0.8588002456834778
80est	2deep	0.2290093304864137	0.678291754535542	0.7699556404831774	0.8038450525409665	0.7699556404831774
20est	20deep	0.1438778554505835	0.8548498498982481	0.8615191428376441	0.8556455130016282	0.8615191428376441
10est	14deep	0.14996753341718094	0.8493022369223838	0.8577055892991196	0.8515873821484895	0.8577055892991196
50est	9deep	0.14614291146275116	0.8443260603743302	0.8550685866375486	0.8495620860104853	0.8550685866375486
1est	4deep	0.22755389160256217	0.7502908303906628	0.7913710502968675	0.7698684876306859	0.7913710502968675
110est	10deep	0.1429407119248881	0.8468943783488332	0.8569903773971199	0.8514832974499867	0.8569903773971199
160est	3deep	0.20691333469829473	0.7236949759283209	0.791240019108715	0.8319655956111853	0.791240019108715
130est	18deep	0.1373295504402	0.8555620405223298	0.8626929638981778	0.8569274397702794	0.8626929638981778
140est	1deep	0.2392278218140337	0.6571682585676535	0.7605923701631067	0.5785068214368685	0.7605923701631067
190est	7deep	0.15125917692825175	0.8353599514468647	0.8488418753838805	0.843240667409268	0.8488418753838805
1est	11deep	0.21294802421831577	0.8216778664298525	0.8320616938510885	0.8232822745863122	0.8320616938510885
130est	15deep	0.1380198309397759	0.8530694153307451	0.8612488910120796	0.855674227541337	0.8612488910120796
70est	6deep	0.15714996051361546	0.8270210363010022	0.8432675902545553	0.8383157010569304	0.8432675902545553
30est	11deep	0.14373862938371984	0.8480448385640892	0.8573643622466389	0.8514935701730679	0.8573643622466389
190est	10deep	0.14274532744449966	0.8476601644371615	0.8577820241588752	0.8522238998827585	0.8577820241588752
90est	14deep	0.13901898271373828	0.8527097813885441	0.8609376919402171	0.8552772215688708	0.8609376919402171
10est	4deep	0.18666471672175255	0.7855154095083207	0.8201515048113015	0.825935250175801	0.8201515048113015
120est	3deep	0.20454415162771653	0.7290973875483409	0.7940080529584386	0.8325493435855809	0.7940080529584386
140est	16deep	0.13788528474070605	0.8545937917988994	0.8624581996860711	0.856958830912123	0.8624581996860711
10est	9deep	0.1549024540056743	0.8404404429269509	0.8516617757455811	0.8455304656141459	0.8516617757455811
40est	12deep	0.1420737664160987	0.850692971062684	0.8596301098751108	0.85395721147353	0.8596301098751108
90est	19deep	0.13767820059083327	0.8566308606101504	0.8637494028526582	0.8582009004151604	0.8637494028526582
