numTrees	treeDepth	r2	rmse	mse	mae	buildTime
431.0	3.0	0.08543841057803307	10.430321699076584	108.79498674736246	7.739198246284751	31.219757556915283
141.0	19.0	0.23275037212323246	9.518644114502921	90.61088551471852	6.9860330541279385	45.664950132369995
421.0	27.0	0.23474020308861765	9.542489391049298	91.06379294799744	7.0148586143832405	148.76184883117676
261.0	13.0	0.21968120903218852	9.586823119739204	91.9100746980445	7.003571482682536	65.75660948753357
301.0	25.0	0.23403429332799863	9.533357662903708	90.8871024036051	7.005314237614094	101.55114693641663
21.0	21.0	0.19750027837509704	9.724237696539497	94.56242789694512	7.1445002012859575	7.83340744972229
391.0	7.0	0.16510746598456502	9.965867553881422	99.3206060268427	7.289947448439486	61.19825954437256
381.0	23.0	0.23512403197526877	9.535609737763323	90.93920233958508	6.997330626427396	133.9421748638153
441.0	29.0	0.23526483783897328	9.55125233168209	91.22677998053071	7.010689014237269	151.48306999206542
121.0	17.0	0.22628933141111046	9.541411474498485	91.0388940535811	6.996477504468546	35.95080533027649
251.0	5.0	0.13094324435319357	10.125635808793529	102.52937887655817	7.46259587840801	28.133188009262085
81.0	13.0	0.2191811965939321	9.603327168599261	92.22422352541695	7.004293319791563	20.89075403213501
101.0	23.0	0.22857461390970402	9.591890209065323	92.00770251485902	7.042745461271768	34.97113037109375
221.0	29.0	0.23669103526621868	9.511709289316961	90.47726236124603	6.989080873209501	78.35689277648926
481.0	15.0	0.2293448529530029	9.566167757607204	91.5147327488689	6.978623197639695	134.85970315933227
401.0	5.0	0.1300603956088808	10.238365591542028	104.82754575684132	7.51563276385203	45.89204077720642
261.0	3.0	0.08506917560981028	10.422290449322997	108.62554282857688	7.722268160173954	18.674110078811644
181.0	3.0	0.08565600726693	10.443657068670376	109.0753577634355	7.726384444027156	13.569934034347535
321.0	11.0	0.21064862798855372	9.705159641056278	94.19335579302506	7.0535302663863275	70.20035324096679
241.0	27.0	0.23365869655870064	9.490533656531985	90.07787620003721	6.9852791623563375	84.69905462265015
181.0	25.0	0.23291794836688018	9.58571975983338	91.88762890817162	7.0332931928519695	64.59854264259339
401.0	13.0	0.22562678738414155	9.576293524731675	91.70583895156258	6.978063581327653	101.19710183143616
231.0	9.0	0.1924709926846716	9.782400030096309	95.70149440493591	7.138170369135404	44.69370903968811
251.0	1.0	0.03046487428559374	10.72974188476493	115.13234702694281	7.989762815708663	6.4824975490570065
381.0	27.0	0.23394914545688814	9.510539157119727	90.4553549751229	6.991082058699452	137.12380142211913
391.0	3.0	0.08600263684504175	10.419242490535101	108.56316355743581	7.709645519077829	28.507764959335326
81.0	9.0	0.1921773489815571	9.79688626219132	95.97922923292776	7.146401917871867	15.63254542350769
121.0	13.0	0.2176833167718167	9.647428649093138	93.07457581320378	7.016532586624048	30.867477893829346
201.0	19.0	0.23058035840110813	9.573130716774456	91.64665116510653	7.012023111039037	63.85028176307678
301.0	21.0	0.2318965695582535	9.484281980309643	89.95328800364489	6.9929376394860485	101.9608006477356
261.0	17.0	0.23236587098009615	9.53785533981942	90.9766715486401	6.98859714901328	77.6900233745575
21.0	25.0	0.19389203584189502	9.75789143917841	95.22236126272519	7.1691529874463855	7.9640404224395756
421.0	23.0	0.23519680759350697	9.504816337369885	90.35046214725044	6.992014580127477	143.08908343315125
431.0	7.0	0.16492069792568903	10.03676802568914	100.742987032676	7.3113743289468145	66.71597199440002
161.0	29.0	0.233322928083706	9.518878391608727	90.61033025335055	6.995247126442495	57.709501361846925
401.0	17.0	0.230610642110106	9.568390196839374	91.55900663506357	6.973771881835613	125.75911283493042
241.0	23.0	0.23263242016403152	9.530414068782742	90.8326328518302	6.997002626105297	80.76648564338684
321.0	15.0	0.22984936180313492	9.620229013688153	92.55668424041592	7.007762981215706	88.25330319404603
181.0	21.0	0.23036307463370576	9.562765835045571	91.44877342879182	7.008176361738964	62.0542266368866
261.0	7.0	0.1676215514556363	9.915169799414747	98.31230166706658	7.265676299308692	41.23496904373169
181.0	7.0	0.16766901974435863	9.907018380098837	98.15653433582386	7.25277687763014	29.166730976104738
461.0	9.0	0.19435633222393642	9.774650528490785	95.54509221225554	7.120302128662338	86.34276781082153
401.0	1.0	0.03162742325274048	10.729168925729827	115.12915500685986	7.98688702014085	10.34205436706543
481.0	11.0	0.20913618041238982	9.692886556732223	93.95675036580798	7.062265023458226	107.17219333648681
81.0	17.0	0.22226316243708455	9.561056092941126	91.41652106682248	7.0293318288254	24.995260190963744
461.0	19.0	0.23410836846533895	9.499817528656616	90.25070337664985	6.9722723526118315	145.2917673587799
101.0	27.0	0.22824656724188652	9.528141346097105	90.78682626224771	7.013443768047918	35.42448778152466
411.0	29.0	0.23570242908463573	9.556989703799104	91.34287365957171	7.00965138778574	144.9407123565674
171.0	17.0	0.23059003276440607	9.602177630784333	92.20336589919836	7.013356004950802	53.370270013809204
1.0	1.0	0.0108013360798187	10.837644912557389	117.4620317022684	8.074768428083946	0.04720101356506342
131.0	3.0	0.08516852865436392	10.39310218828575	108.02010490671151	7.7098894539644744	9.558348608016967
231.0	13.0	0.22313216972971578	9.603003227834076	92.22984103093748	6.975103127229159	60.834665060043335
351.0	25.0	0.23232009208886137	9.51861956416062	90.60443806648017	6.996380746565016	118.5318950176239
71.0	21.0	0.22290153440807883	9.569436651977403	91.57468353406679	7.0339192960197305	23.45527057647705
111.0	19.0	0.22854774905148548	9.573002074839259	91.64298955052156	7.020679164434702	36.1058783531189
471.0	27.0	0.23611712793087597	9.604450759162914	92.2493549351873	7.017014701351073	165.36254258155822
61.0	3.0	0.08391311314875048	10.437766984254441	108.94797384513667	7.735900357765438	4.656359243392944
311.0	1.0	0.031498111641448244	10.67062334717182	113.87010764129279	7.968611864598529	8.113201189041138
371.0	9.0	0.19383147656896224	9.836449457810577	96.75611500503722	7.164345529642044	70.00351176261901
91.0	29.0	0.2241390634122522	9.528036679938651	90.78474889086621	7.002498341522836	31.37101254463196
1.0	21.0	-0.6572773850457221	13.938631576351346	194.33493466708984	9.723283715697274	0.3541714191436768
481.0	3.0	0.08591323642028958	10.368503286507504	107.51136149746469	7.688094709007397	34.863159847259524
451.0	13.0	0.22336211509088524	9.623288251022618	92.61947352512432	7.014770860176043	112.84707489013672
391.0	19.0	0.2332761079317937	9.566459046091236	91.52070316097372	7.0080929191539045	128.66237077713012
51.0	15.0	0.2130576775009166	9.655415627844295	93.23278810543613	7.061503879827905	16.3153329372406
371.0	11.0	0.21252086054271327	9.600191064800452	92.16671805052972	6.997182859658625	81.10822672843933
211.0	27.0	0.23246388007372212	9.55219846217229	91.24715724105272	7.021636036527083	73.18525586128234
321.0	7.0	0.16848340693560335	9.912172509815425	98.2525833040444	7.266787594490731	48.620543813705446
51.0	5.0	0.13260552079981175	10.132284378901845	102.66837443643774	7.447794634336363	6.182490587234497
271.0	29.0	0.23401698591085549	9.528167599761607	90.79060659370579	6.99800273052127	93.30572409629822
151.0	23.0	0.23373049646572275	9.548269419741668	91.17193295853346	7.018911218995659	52.77170395851135
291.0	21.0	0.23192001194878156	9.525788615841286	90.74116356170462	6.993887245416451	96.82013659477234
101.0	5.0	0.12721830934487235	10.187085624532589	103.78013639664896	7.500228284478813	11.57050280570984
311.0	5.0	0.13110569727616195	10.157895429015603	103.18783205410186	7.480615420941786	35.44030103683472
61.0	7.0	0.16448925726403515	10.013210206254744	100.26756351591071	7.317056114879442	9.975254821777344
471.0	23.0	0.23537481499248658	9.560821161545668	91.4097106365518	6.9932146625756575	162.89920053482055
351.0	21.0	0.23450917477441124	9.60631091155451	92.28721175799686	7.033415298235694	114.14775695800782
231.0	17.0	0.2280085696749698	9.563709953175714	91.46989925175384	6.996181027332045	71.00559215545654
71.0	25.0	0.22430371167486776	9.570695789912046	91.6029206359174	7.026195856337607	24.266517162322998
1.0	5.0	0.0652534413261325	10.47399691446835	109.71773213142635	7.709811712793463	0.13432497978210448
131.0	7.0	0.1658209323886407	9.96088900348449	99.22926160394213	7.2971029318473	20.38860821723938
251.0	19.0	0.23411011646773408	9.518371706680034	90.60578512911702	6.969595756549495	83.37757105827332
171.0	13.0	0.21985613845427415	9.601370056629257	92.19527611342798	7.01633203076681	43.49300656318665
101.0	1.0	0.032246489566073906	10.786570555227701	116.35790899108581	7.994309478955676	2.7025543212890626
161.0	9.0	0.19382722864102336	9.762265859058274	95.30543709031421	7.121850094832053	30.885142517089843
281.0	9.0	0.19242557280110756	9.758306923163847	95.2268245487499	7.1332899361857	52.4729763507843
431.0	19.0	0.2346661903268878	9.487246443983205	90.01354362235034	6.974852404970347	136.37951974868776
151.0	27.0	0.2339944202971446	9.501801193029234	90.28587605939913	6.98353636732358	51.52264528274536
291.0	25.0	0.23458960125444345	9.565715459406329	91.50755432714863	7.009851195526382	99.59030385017395
31.0	9.0	0.1858409289287042	9.826265668732033	96.55906758765252	7.172319437187018	6.1664783477783205
51.0	1.0	0.031219365595152482	10.62353072598125	112.86091151898316	7.959792521388789	1.4715782165527345
321.0	3.0	0.08536836368257819	10.466015607026263	109.54740414305527	7.735413056511545	23.108172798156737
51.0	11.0	0.20197271256049748	9.768518201812428	95.42794179156019	7.1050260569036015	12.160554981231689
211.0	23.0	0.23460581892876825	9.49739490923194	90.20301554944815	6.981882713030527	71.60849418640137
371.0	15.0	0.22783490148443036	9.593896641607826	92.04696670600632	7.01448873922781	102.5697319984436
131.0	29.0	0.23073460200044443	9.609903299864632	92.35936991596799	7.042475474197697	46.213072776794434
451.0	17.0	0.23098628082295133	9.59645685646521	92.0996781474986	7.019007346376962	134.56482224464418
481.0	7.0	0.16635081613061503	9.964485456607411	99.30524465389367	7.30340991371003	74.20184540748596
1.0	25.0	-0.7302032512628297	14.235257877384857	202.64746243497774	9.959418535596942	0.34932713508605956
31.0	21.0	0.21025960188673434	9.687484778053667	93.8506428484819	7.103866400004328	11.113699769973755
311.0	25.0	0.23461352865019697	9.555363965932848	91.30949877516329	7.014545769681473	104.75086998939514
271.0	13.0	0.22053119773204483	9.624297641970632	92.62761918458878	7.02423839303697	67.58558664321899
151.0	19.0	0.2297445850745289	9.536508013883076	90.94822531865955	6.977563888635922	47.38177251815796
431.0	27.0	0.23635649961892788	9.533675011508908	90.89258823307107	6.983958041059462	148.6409017562866
491.0	9.0	0.1923945727414323	9.816931173731675	96.37843267604833	7.1575146224883115	94.26010427474976
451.0	29.0	0.2357453541793666	9.552852063455939	91.26116687776197	6.996372658521703	154.70712876319885
131.0	17.0	0.2264255301537843	9.611767541099152	92.3874044757129	7.025117869355677	40.158887672424314
171.0	7.0	0.16720612326019543	9.913168767682697	98.27603976650138	7.254995379317866	26.43218402862549
391.0	23.0	0.23505245196179256	9.572103566176551	91.63427195753408	7.018406626060278	137.38188562393188
291.0	7.0	0.1665647092047616	9.942698366994982	98.85781909091074	7.269846390134221	44.50534172058106
21.0	7.0	0.16069745325127366	9.9677370134098	99.35894291506555	7.310227106606751	3.359091567993164
351.0	5.0	0.13084271716130877	10.166671936560105	103.36245254125836	7.479329013550709	40.42446656227112
491.0	15.0	0.227289140867286	9.534409027295629	90.90969094008642	6.961819727013406	137.18558254241944
231.0	29.0	0.2329671578658107	9.50365606764513	90.32222238378998	6.99236930001819	83.81647477149963
111.0	23.0	0.23089980502221544	9.561986037910001	91.43491603442692	7.020192855261996	38.0745747089386
91.0	13.0	0.21928945542448613	9.564832440928736	91.49055976264378	6.974862653957541	22.936340808868408
71.0	9.0	0.19314803042844517	9.825229169052184	96.53949595432739	7.142831581559271	14.796149206161498
361.0	3.0	0.08576142698269565	10.38520736662704	107.86047796478981	7.705334263276629	25.62560381889343
11.0	1.0	0.03147995026574664	10.72332531797743	114.99652512046177	7.977370945390393	0.2962152481079101
411.0	13.0	0.22249770372666627	9.556215035821642	91.3306402072407	6.975853497856815	102.92291111946106
141.0	1.0	0.030648082806343457	10.744344285243704	115.44285911590111	7.99833621380319	3.720807647705078
191.0	25.0	0.2342175576528233	9.568865817838198	91.56701615141068	7.002967443722116	66.25828614234925
251.0	27.0	0.23512275927491916	9.483755135716578	89.94478978780515	6.971884252518505	88.98649244308471
331.0	11.0	0.21007772088159324	9.708463236146242	94.25698090734156	7.049652126799854	72.40720314979554
121.0	9.0	0.1913613715447091	9.828036276618942	96.59120699266498	7.154939559048581	23.230096864700318
11.0	15.0	0.173589255529976	9.897955460523416	97.97156318093273	7.215444595509561	3.155086040496826
351.0	1.0	0.03128464048994116	10.724219704671905	115.00957320088494	7.99782785913232	8.95781192779541
21.0	3.0	0.08512041007498253	10.444001343729775	109.07881715074579	7.728488803297497	1.5851239204406737
331.0	9.0	0.19438220200047504	9.78203083450757	95.6924156711516	7.128963863543689	61.62676320075989
211.0	19.0	0.2299738460154468	9.560578353757638	91.40584362427288	7.017876558796265	67.73318462371826
131.0	13.0	0.21895232101508272	9.627799286849868	92.69778081251188	7.0077568458151465	32.763398504257204
171.0	3.0	0.08623364426025995	10.37986088790467	107.74446825631928	7.6923360002249455	12.576456069946289
291.0	3.0	0.08533852370390474	10.364161700890602	107.41816224268135	7.7162014470007945	86.57360825538635
391.0	27.0	0.23599903532726835	9.517787561262441	90.59342336440481	6.980860182570643	137.40677571296692
431.0	23.0	0.23371244056857954	9.533040220640574	90.88395466370613	6.996730333257372	145.09064412117004
31.0	25.0	0.2106228281555687	9.705928173086821	94.21065362781546	7.118065222000654	11.490609073638916
271.0	17.0	0.2314450992290073	9.55982595272407	91.39187230242818	6.994753530716416	80.82204751968384
311.0	21.0	0.2348542963292238	9.524433437371517	90.71681622376353	6.990171649182625	100.85057640075684
191.0	21.0	0.23228333934906592	9.542439025377819	91.0613674221593	6.988843709612577	64.38969645500183
141.0	5.0	0.13152124162769172	10.095281688312522	101.91586819829126	7.455668897259974	16.428593158721924
331.0	15.0	0.22769607573539755	9.58347116084705	91.8434005959834	6.981837527155578	91.29228687286377
251.0	23.0	0.23347905610444908	9.590137373597262	91.97461258858843	7.028547219922709	90.14430780410767
11.0	11.0	0.18443680105597818	9.800132491511201	96.05201846458927	7.137842492034318	2.5067864894866942
171.0	29.0	0.231345309401153	9.553676698546894	91.27825168553542	7.018635638032071	62.955942487716676
411.0	17.0	0.2324462893352711	9.517572046750997	90.58709175784107	6.958912097876268	123.39667820930481
11.0	5.0	0.1259611020117422	10.265473575649827	105.38134997574056	7.552651119015932	1.3087870121002196
361.0	7.0	0.16741463692556702	9.95602400019738	99.12842539017154	7.2741705920764534	54.47069339752197
471.0	19.0	0.23295564343561453	9.590400248697554	91.97729783939893	7.016213633352888	150.9881570339203
111.0	27.0	0.2289486738876671	9.571847441098948	91.62277675932975	7.019260823790715	38.814224052429196
91.0	17.0	0.22646436364915362	9.626752260882512	92.67571524044428	7.05904351226035	27.24724202156067
491.0	11.0	0.21071040112105485	9.693129333131173	93.95924224772833	7.064127804909589	110.64849181175232
471.0	7.0	0.16653763482455214	9.926576482076083	98.54019919310066	7.282206538081897	75.39851536750794
401.0	29.0	0.23523252985072776	9.520933608174113	90.6521127370196	6.980537752689348	138.92112278938293
161.0	17.0	0.2298717946478026	9.548479659421528	91.17622076830393	6.984130964736357	49.41258873939514
271.0	9.0	0.1926795927635066	9.751324602139983	95.0910406503801	7.131184467940322	51.127310037612915
81.0	29.0	0.22544389530640582	9.605629288033455	92.27224928759311	7.059596200453292	28.1233540058136
191.0	9.0	0.19205420380904323	9.758196715390394	95.22495127007649	7.121225098233753	37.00575275421143
211.0	1.0	0.031211145543764602	10.651637934419638	113.4592486164867	7.944514600162583	5.563376998901367
101.0	19.0	0.22681405775487512	9.512882160933621	90.4973916832535	6.993673429526981	32.871100187301636
461.0	27.0	0.23704160661388757	9.541503540176956	91.04553434329554	7.0015122080904915	157.97062754631042
61.0	21.0	0.22168177568655761	9.622367403485757	92.59408239213674	7.0565690170789654	22.431110620498657
341.0	25.0	0.23459596655360332	9.482477299301397	89.92082496447317	6.97891202873852	114.7468514919281
221.0	13.0	0.2207673658422697	9.602378299821172	92.2121405063527	7.00961588996787	55.81754398345947
201.0	27.0	0.23273838054974316	9.567459576205206	91.53685988140637	7.025862593927018	68.8518349647522
361.0	11.0	0.20940396590742277	9.650841628334998	93.14405124969964	7.024478028721385	79.35505666732789
421.0	9.0	0.19187226543078637	9.82554295803778	96.54397947968445	7.153526624622555	79.19723525047303
41.0	15.0	0.21446577437707362	9.665989487148424	93.43451024445275	7.060016418136314	12.371559238433838
441.0	1.0	0.03145035770452516	10.753748354414137	115.64733267561266	8.019005055030638	11.442292022705079
381.0	19.0	0.23244302473978867	9.563963465661804	91.48011109547822	7.003260654906924	124.01565227508544
441.0	13.0	0.22408600066562326	9.586072153592102	91.89696836305473	6.9904228987957	111.8256516456604
281.0	21.0	0.2344483336678591	9.546859265343679	91.14418842860462	7.00495005340448	91.60889778137206
141.0	23.0	0.23021069449436174	9.517635373452041	90.58754665624906	6.993863494345703	48.450915002822875
261.0	29.0	0.233560071847827	9.512940206516136	90.49788523492415	6.989880244307438	92.05227618217468
221.0	7.0	0.1657591487891083	9.93809554564434	98.76936288066155	7.279017240234393	34.048601961135866
91.0	7.0	0.1665915150421327	9.961795437763831	99.23907657716592	7.2844789517327175	220.74875349998473
61.0	25.0	0.22188919480521968	9.587836495579637	91.93010815566556	7.048680540798699	23.497022771835326
221.0	17.0	0.2308164033588191	9.517840604547027	90.58954498160725	6.9651877510943105	66.71591138839722
341.0	21.0	0.2338065071815036	9.515314671952476	90.54277607921992	6.986756341046595	110.95110354423522
461.0	23.0	0.2360960550650423	9.53249660190723	90.87747613745208	6.986613378156387	154.86676521301268
211.0	5.0	0.13051920702831882	10.120490386757321	102.42846288708026	7.465288659408382	24.18754553794861
471.0	3.0	0.08576556633260371	10.418259567142051	108.54443215234207	7.736144465994092	34.40615859031677
161.0	13.0	0.2214348524343202	9.645877043400997	93.0487377601005	7.024618864985834	41.65408673286438
241.0	19.0	0.23409374552022114	9.57152178657991	91.61507880808878	6.998732628718088	76.00175738334656
381.0	9.0	0.19446386352020928	9.784379047528509	95.7386855335423	7.131071835374752	830.6288904666901
91.0	3.0	0.08635196004050665	10.456981324803072	109.34925348987026	7.738569389451439	6.514496183395385
221.0	3.0	0.08456488617200567	10.459983194934367	109.4123722234624	7.7558188387686915	16.114570951461793
281.0	25.0	0.23440322719716286	9.526670677918654	90.7636311691063	6.997651877848438	94.82921748161316
421.0	19.0	0.23546994083397502	9.500865855376304	90.26910200870137	6.977292379141335	133.08418703079224
141.0	27.0	0.2319652433675726	9.645866126391196	93.04403546409547	7.064519874777377	49.75432848930359
121.0	29.0	0.22877018166546553	9.554495451435791	91.28992081894552	7.03638189645397	42.53532156944275
441.0	17.0	0.2290253112368324	9.516294196535966	90.56882279897702	6.977229166778575	131.7884876728058
361.0	15.0	0.22908286827404684	9.570792798384087	91.60036126293315	6.978136073218339	99.16210055351257
201.0	23.0	0.23329452434708703	9.526643849316457	90.76164087015107	6.99764190823497	68.37373991012574
41.0	11.0	0.20453048901759083	9.715230418557834	94.39171560914825	7.071522462233912	9.658318042755127
441.0	5.0	0.1316225103239445	10.106182000340848	102.13729579649853	7.444038997045581	50.656065225601196
181.0	11.0	0.20886533603622234	9.650761689406632	93.1413750931627	7.025775974657279	42.21320362091065
241.0	13.0	0.22362613248161384	9.595398020113546	92.07481102706038	6.981012105718902	60.41549515724182
321.0	25.0	0.23334459460831275	9.503137172993217	90.31138661010564	6.9876631596269245	108.17070355415345
411.0	1.0	0.031769209371387	10.705218087272971	114.61325914957081	7.973291769878474	10.702578830718995
161.0	19.0	0.2300554370167908	9.514186508142936	90.52134674296134	6.990581828771269	52.58502640724182
401.0	27.0	0.23467205721826717	9.506134707430558	90.36778598691478	6.994248400890209	139.05672698020936
471.0	9.0	0.19385903952115502	9.789976276125412	95.84478588356028	7.119198727687767	93.76129693984986
461.0	29.0	0.23656058192187893	9.523780343840542	90.70315683962714	6.989533344730293	160.77273058891296
101.0	17.0	0.22430092772758914	9.524568800584708	90.71935572700598	7.000056709266758	31.168201398849487
81.0	27.0	0.22591983461041715	9.609447968486279	92.34347382740452	7.051541635760256	28.259785747528078
271.0	7.0	0.16781362717730644	9.957999910905324	99.16489998149915	7.290921893098057	41.47705545425415
191.0	7.0	0.1661752008604852	9.894207199144102	97.90088908743617	7.269403567541898	29.668567276000978
481.0	21.0	0.23591126889624975	9.514076818428896	90.52027740510331	6.979938473886707	159.44930505752563
201.0	29.0	0.23275536233432398	9.496952749384246	90.20092026435938	6.9810736803461	71.47645063400269
421.0	7.0	0.16685670135212358	9.91865752699859	98.37993321749755	7.271130997148822	66.49318280220032
121.0	23.0	0.22884934017454342	9.567009572962675	91.5279111466135	7.0361430051169265	41.50165815353394
381.0	17.0	0.23089199416886874	9.558374202854784	91.37662538565408	7.004820086853428	117.75478672981262
421.0	13.0	0.22313402985960087	9.599522457484172	92.15518756628218	6.997156641394396	104.50746898651123
241.0	1.0	0.030302213662949017	10.689059077337705	114.25695746132487	7.985227449108265	6.326597881317139
301.0	11.0	0.2086969713044446	9.69396088125156	93.97855635058512	7.065973939915219	68.44353017807006
261.0	27.0	0.23718426765312683	9.497336844272516	90.20311825255628	6.97867990136475	91.95368185043336
221.0	9.0	0.1921075744149857	9.785669980577092	95.76233022514351	7.1387120578455505	41.82503256797791
21.0	15.0	0.2048899191186957	9.724253115289827	94.56172321335086	7.099083428315555	6.399759578704834
91.0	9.0	0.1920666380115777	9.769971693680517	95.4548921886787	7.138828324573166	975.2768171787262
381.0	3.0	0.08505756719099362	10.347609243325783	107.07678660511533	7.679756404408005	27.44759864807129
481.0	25.0	0.23815913848937864	9.49298774770289	90.12008399994069	6.963665412643226	167.57055187225342
221.0	19.0	0.23115117178215527	9.572357152709635	91.63487273275268	7.011649580868903	70.63862586021423
101.0	13.0	0.21970615444425343	9.597887368909582	92.12398877458062	7.010409659178379	25.75417356491089
271.0	3.0	0.08572111955317847	10.374634675820573	107.63992717386839	7.69929541606125	19.809256076812744
81.0	23.0	0.23025039916892914	9.565402245865647	91.49907668597973	7.02526007815697	27.76488151550293
191.0	3.0	0.08554721765470943	10.374352341919558	107.63252085882054	7.7027387841536665	13.772135972976685
401.0	23.0	0.23499094493902897	9.529441317613172	90.81336603934759	6.993423565277124	136.36034531593322
411.0	5.0	0.13197470869405684	10.10257863226598	102.06748946719078	7.441097043099478	46.81115365028381
181.0	15.0	0.2259746519769618	9.593598352130273	92.03770615919127	6.989470108756159	53.331470584869386
321.0	21.0	0.23241214199065263	9.479016214385846	89.85229990689643	6.967973779816586	104.50453119277954
241.0	17.0	0.23013570280470047	9.556261442712069	91.32410661447963	7.0055438994965415	73.88910579681396
381.0	7.0	0.1686881211538945	9.897191699234643	97.95659528433154	7.246217846896791	58.5563738822937
241.0	5.0	0.12992716697758264	10.180664128560707	103.64675691682001	7.486810667213287	27.762402725219726
261.0	23.0	0.23413280951957907	9.528915299141227	90.80363236831646	6.993146709172116	91.76013655662537
301.0	15.0	0.22810670552947093	9.587120892103192	91.91496199428555	6.995328287710163	85.03349471092224
21.0	11.0	0.19851340462595032	9.705337851298374	94.20566172704912	7.065977066642377	4.899137210845947
141.0	29.0	0.23350199645944603	9.577281967550665	91.73167333027719	7.029369918515252	49.69483127593994
421.0	17.0	0.23264252020598963	9.563072519466845	91.45850425175794	6.994113200572255	125.23484649658204
441.0	19.0	0.23483959807897986	9.52762961712116	90.7816108939822	6.98378285901908	139.31815004348755
121.0	27.0	0.22913279925646046	9.623358285711237	92.60962394871574	7.058190340127922	42.35898418426514
381.0	13.0	0.22172034201001817	9.586090982127255	91.8971101737495	7.0039038911116505	97.11443548202514
421.0	3.0	0.08592117124767067	10.41410213544281	108.45725181793179	7.7148302011272945	30.78952193260193
291.0	15.0	0.22799590412872223	9.525569914361586	90.73803629755926	6.958698710855086	79.9257248878479
491.0	7.0	0.166156461188341	9.964398272827948	99.29196884707527	7.277659910197587	76.26698722839356
431.0	29.0	0.23759300764535546	9.517144950604967	90.57954534715964	6.997820194509247	150.12135004997253
151.0	17.0	0.22907490810457176	9.569317501216458	91.57615072850537	7.002676186459366	44.88109974861145
171.0	9.0	0.19229585863680898	9.784593328650976	95.74731474995545	7.136070572168153	32.429164505004884
291.0	9.0	0.19347681743395687	9.752730428440062	95.11807567490538	7.111829509624104	56.01807084083557
111.0	1.0	0.03066673435241658	10.72024364316308	114.92833026536759	7.992270131187563	2.904331684112549
131.0	19.0	0.23040394324157393	9.598144010398476	92.12789048615348	7.0289212311654055	42.28252396583557
451.0	27.0	0.23671879296718012	9.573462855077404	91.65553754357474	7.025201547915032	155.03600907325745
51.0	21.0	0.22294361767947485	9.621753169375133	92.58457338416157	7.052862944822391	17.696293973922728
211.0	13.0	0.22003498239100816	9.601810748516062	92.19746141475771	7.002065059370224	52.461200046539304
371.0	25.0	0.23760704089909188	9.539795719481527	91.00995192685266	6.991827699309118	129.24669699668885
331.0	3.0	0.08555157488253132	10.426166188335657	108.71127466565675	7.729032425246348	23.356038808822632
41.0	1.0	0.030004559735957326	10.743710344653291	115.43557025110758	7.9946621845688695	1.1320583820343018
1.0	15.0	-0.389511136969868	12.901121985995584	166.47889449108908	8.922341704121392	0.3009998321533203
21.0	9.0	0.18444740713398827	9.870177106889447	97.42681659198561	7.178330961808617	4.145267629623413
351.0	11.0	0.2106540715765004	9.669769631924614	93.50852755221585	7.0433307275482395	76.6989800453186
231.0	27.0	0.23276264268642874	9.54994767077061	91.2089596322557	7.0058004938017735	81.07063603401184
71.0	15.0	0.22389836276927086	9.66124952131361	93.34031624743469	7.044730496014888	20.686077070236205
471.0	13.0	0.2231711856816328	9.582963249501528	91.8351927118136	6.992812195581664	119.86563692092895
71.0	7.0	0.1687416440378413	9.975136983875199	99.50799313418574	7.2791804117350605	11.83924617767334
301.0	5.0	0.12946092368810266	10.1638277732815	103.30578262349684	7.478246470945318	34.93096694946289
171.0	23.0	0.23301517990674925	9.518757679802315	90.60890055606377	6.98872365821463	59.495376396179196
251.0	29.0	0.23564527703687793	9.506453155841232	90.37403233328139	6.9854843093731604	86.84695677757263
121.0	7.0	0.16569443761528807	9.963431048318341	99.27465674577294	7.288393984116477	18.78035397529602
41.0	5.0	0.13000742776337418	10.19780442693161	103.99858467175184	7.480026080202492	4.934757804870605
331.0	7.0	0.1660210049943613	9.927314689646156	98.55234715404792	7.279785436659513	50.148705863952635
1.0	11.0	-0.10612473184061806	11.484628320928515	131.90695771847234	8.100043393888951	0.24222216606140137
51.0	25.0	0.21866860017226078	9.617241142283678	92.49680041127796	7.06630172425906	19.240422582626344
371.0	21.0	0.23665969035948137	9.523374786366336	90.69980691473059	7.004862112793951	122.1286907672882
211.0	17.0	0.22764867919598114	9.564821321759513	91.50446496358602	7.005252051760559	64.00626301765442
391.0	29.0	0.2350671533006489	9.446783274209247	89.24468667525295	6.969588747013882	135.74820785522462
451.0	23.0	0.23283120149106945	9.492049478241004	90.09952992330415	6.984998889152264	151.12166633605958
111.0	5.0	0.13100485036490364	10.155529891306895	103.14051925777626	7.475087861562126	12.818456029891967
491.0	3.0	0.08499634691263078	10.454742671792557	109.30574034556223	7.760595003132548	35.7074378490448
291.0	11.0	0.21213980301574958	9.672717391954535	93.56623483565612	7.056691623738773	63.85041689872742
151.0	13.0	0.22193753940438263	9.616548826552739	92.4804043641283	6.9981066162456	37.54618291854858
271.0	19.0	0.23346613025475477	9.543235656192588	91.07576826074157	7.00163904268521	84.89537997245789
121.0	3.0	0.08613634107471917	10.417860494537567	108.53451593992956	7.722096604149985	8.784281492233276
411.0	19.0	0.23548780955536502	9.483337136259646	89.94637033921964	6.971823780802003	130.59530029296874
171.0	27.0	0.2312368931386099	9.460616815298437	89.51099748728234	6.979312738415035	62.5677571773529
361.0	9.0	0.19269597297623015	9.772882992635015	95.51643138544523	7.126010209312665	67.15499053001403
301.0	1.0	0.03208212523063324	10.765958325286409	115.91094457549562	8.013468528522607	7.8676393032073975
71.0	3.0	0.0850388057392324	10.358849061410712	107.30974676592453	7.7040817914223085	5.46289029121399
91.0	19.0	0.22754969120164867	9.580827785898114	91.79656383931417	7.024522788678337	28.771257209777833
111.0	29.0	0.2297306240314731	9.579185805831003	91.76357866741805	7.019142869452574	38.98230090141296
471.0	17.0	0.2332798160678899	9.56873274960937	91.56785604163329	6.993060560861032	143.29377241134642
231.0	23.0	0.232682270739044	9.547401997869741	91.16000579034309	7.006595918076603	78.96300373077392
351.0	15.0	0.2284839520048089	9.577907139158246	91.73777013824748	6.996672676276404	96.89575357437134
71.0	11.0	0.20909678207017293	9.681883170702458	93.74367311811278	7.055091556280357	17.21809411048889
171.0	19.0	0.23094609354840906	9.562969812590026	91.45712696220485	7.005454049309701	55.99360942840576
411.0	27.0	0.23620515623306765	9.528796826873627	90.79995170399384	6.996228547536818	140.77395272254944
331.0	25.0	0.23522444461024755	9.52084405570027	90.6528797920984	7.001812862386808	111.89881162643432
251.0	13.0	0.22197381743067063	9.599518218190424	92.15547952846018	6.997165488903983	65.7799024105072
11.0	21.0	0.15332135097883143	10.06513397175631	101.31587396988803	7.365044716215564	3.931878423690796
191.0	11.0	0.20913008823022605	9.65440913336641	93.20965808763239	7.037959175578325	44.41449236869812
151.0	5.0	0.13092718600591777	10.184041906433757	103.71623841446792	7.479845628502025	17.559941673278807
491.0	21.0	0.23577692759334995	9.509384770751582	90.43018606419774	6.981544274856844	162.94065465927125
91.0	27.0	0.229173898933042	9.56211518172255	91.44031867012448	7.0204761450296385	32.13762011528015
371.0	7.0	0.16577253938893885	9.936069241435172	98.7277545417732	7.256558889365488	57.37618174552917
471.0	29.0	0.23310474193598024	9.509412832951167	90.43106023099126	7.006582756155399	165.09086151123046
111.0	17.0	0.22899599539436943	9.510091774752743	90.45060388437915	6.972551977337394	33.95508599281311
391.0	17.0	0.22958766107175405	9.547625681105474	91.16159645706124	6.990440825253325	122.23361768722535
131.0	23.0	0.2305383786059232	9.538653876771548	90.98790624390962	7.004673627403941	45.215581798553465
211.0	29.0	0.2334942451572677	9.504724918287693	90.34097491258285	6.994353252498722	74.98012127876282
321.0	9.0	0.19374356815760177	9.783803178314638	95.72520383430643	7.126477553278262	59.81148777008057
31.0	15.0	0.21268537908487603	9.628736544351726	92.71487816857926	7.038006835983073	9.5483229637146
271.0	27.0	0.23425948093179363	9.511610560897575	90.47235341962815	6.987430713496768	92.4046443939209
311.0	11.0	0.2092555957232069	9.674070834374467	93.59518387123788	7.04632542010836	68.00241961479188
31.0	3.0	0.08211919719634993	10.43210022242832	108.83225243614663	7.7255472448321925	2.3666455268859865
341.0	1.0	0.03142898963594325	10.7320331870085	115.19247390538366	7.999512294458401	8.698903036117553
431.0	13.0	0.22217039986155535	9.552563106559308	91.25834493892319	6.982842236152709	108.65870895385743
161.0	3.0	0.08597384084967291	10.421176797033146	108.60169443278357	7.731612097744394	12.022528600692748
281.0	3.0	0.08604331493823111	10.377510417658765	107.69744590944092	7.684778315462383	19.86467480659485
371.0	3.0	0.08333637089866794	10.397266382705217	108.1116743483173	7.722570092737034	26.338851642608642
91.0	23.0	0.22642930000596467	9.592361746460192	92.01495941299873	7.036417459607475	30.50381746292114
111.0	13.0	0.21853210472622772	9.622294385642345	92.58954491724421	7.0128065479883945	28.435136461257933
61.0	9.0	0.19066242937009617	9.840165636630607	96.83126290360461	7.171204701278178	12.388541984558106
231.0	19.0	0.2343353000197336	9.534809799796927	90.91516678576178	6.987828450498794	75.0808497428894
491.0	25.0	0.23616996877106855	9.52824809106259	90.79616596514207	6.991602377490091	168.32004461288452
131.0	9.0	0.19102021521314586	9.789702446179884	95.84214971851546	7.1511452506939435	24.72231297492981
151.0	1.0	0.03139152583156782	10.676667351149195	113.99544736963972	7.987221432709487	3.9847726345062258
251.0	17.0	0.22866914173773586	9.535371473665574	90.92786969865996	6.979049876017089	79.2202196598053
331.0	21.0	0.23343044691527376	9.49158575111299	90.091132580931	6.980820004418267	107.908412027359
11.0	25.0	0.15114930844044366	10.014593232788235	100.29571397327955	7.352095496322564	4.049396562576294
191.0	15.0	0.22581687497114739	9.646021949630441	93.05261406048314	7.0166003132076025	56.03314280509949
411.0	23.0	0.23454337127123268	9.498778514539968	90.22960907889845	6.997989926254564	139.9332926273346
161.0	7.0	0.16667483126616664	9.908709091146552	98.18453606054558	7.250646094852355	25.068429040908814
281.0	7.0	0.1682263016676234	9.955126778539109	99.1050004594339	7.278729473691342	42.471368837356565
151.0	29.0	0.23175104878872138	9.569708763789476	91.57962941817536	7.034704918210186	52.544106817245485
431.0	17.0	0.23114212587672228	9.575179709057256	91.6892748337238	7.004051766040023	129.0670377254486
31.0	11.0	0.20171778004943586	9.736495280127432	94.80137449875456	7.079425195812165	7.303346776962281
311.0	15.0	0.22735908043777253	9.579268120393234	91.76483360646297	6.980546900894599	85.52256388664246
271.0	23.0	0.23379607227647115	9.56753021085969	91.53873668480398	7.017495203169827	90.56534729003906
341.0	5.0	0.1326289948871977	10.162584732715658	103.28212969779909	7.4868058237584	38.46394243240356
31.0	7.0	0.16540893820177832	9.96144969461869	99.24436517716714	7.293064863941362	5.000190210342407
391.0	13.0	0.22211416807934814	9.59261693433109	92.02583647336273	6.975369273818681	101.48072562217712
451.0	19.0	0.2341199457993893	9.565149015059905	91.49490118903454	6.994305655588181	142.15284852981569
131.0	27.0	0.2327788758411693	9.526522093326054	90.75823127233569	7.004973472408919	46.127776098251346
481.0	9.0	0.19371350049221883	9.810514760254552	96.2479388104588	7.156870215599066	91.32764353752137
451.0	5.0	0.1318600533639456	10.12546672622452	102.5311388843152	7.448397295560019	50.99149541854858
421.0	29.0	0.23413666307323105	9.537530957230574	90.97125071904118	7.000528557022534	147.79096269607544
141.0	17.0	0.22871650370476235	9.586061399784814	91.90405960065172	6.995394094587366	43.252093648910524
281.0	15.0	0.22610123901079482	9.543289227183994	91.07784864857014	6.965219422073564	77.13707127571107
361.0	25.0	0.23323152671503505	9.476137767695318	89.79832186076925	6.961987453985462	121.65982666015626
201.0	13.0	0.21945072004187724	9.548451879320387	91.17523622648869	6.983457986120142	51.3301498413086
41.0	21.0	0.21854317977268795	9.678163905436572	93.66821651412693	7.075966930290706	15.134732055664063
81.0	3.0	0.08539374178519718	10.426261171935428	108.70882961208238	7.721854132720088	5.9805999279022215
121.0	19.0	0.22822834184523338	9.53773245970906	90.96918360868503	6.998613850508255	38.45404872894287
441.0	27.0	0.23622808758810626	9.436823442169558	89.05789835414829	6.950571169224456	152.6875849246979
391.0	9.0	0.1929447709514096	9.721836466771194	94.52293674609083	7.104900942109573	75.60501022338867
231.0	3.0	0.08666251120184738	10.454313125988325	109.29414736655656	7.729348608917649	16.810218191146852
461.0	13.0	0.2221255852673341	9.579914003849174	91.77951103893683	6.990397666332728	115.00813298225403
61.0	15.0	0.2198142059011166	9.638091242482956	92.8943309674521	7.0345927501576835	18.07317910194397
221.0	27.0	0.2338162898412465	9.47972525696734	89.87179540202038	6.9747470537073415	82.88781414031982
341.0	11.0	0.20884111985561468	9.71730968666739	94.43008272530992	7.078032111970468	74.58348288536072
461.0	3.0	0.08564737079020321	10.383259430150401	107.81484697867813	7.703120216462539	33.10767097473145
201.0	5.0	0.13104317700790177	10.163266351526664	103.29910626197736	7.465543455114883	22.997539663314818
241.0	29.0	0.2317527297059506	9.527502312153754	90.77975613116976	6.995783028131223	82.42722420692444
161.0	23.0	0.23121612864243812	9.565568695662488	91.5007436702405	7.028961894458545	55.437965631484985
231.0	7.0	0.1659118166464864	9.937571206474633	98.76117612495065	7.281652330954039	36.23275604248047
81.0	7.0	0.16587707988152361	9.947046717364191	98.9481090105862	7.275726273365424	12.700233650207519
441.0	23.0	0.23733935774932924	9.512391234431895	90.48757263688995	6.981753231960253	148.03391761779784
381.0	29.0	0.23634592783710864	9.492200897756767	90.10249432227269	6.978509256070824	137.52588510513306
201.0	17.0	0.22864024350424028	9.512332065943735	90.487813176963	6.968055588299892	59.73178925514221
361.0	21.0	0.2353542561173228	9.48067029683956	89.88330521148143	6.967475463024354	117.23763036727905
41.0	25.0	0.2168928758719179	9.600434911710206	92.17280643362577	7.035048100011764	15.963995265960694
261.0	19.0	0.23411575304805118	9.506800516778412	90.3934299711144	6.972227283673308	81.99271440505981
141.0	13.0	0.2210649619045694	9.632305392603122	92.78526631883072	7.00460338997772	36.11584763526916
281.0	11.0	0.2118085221235185	9.680100341319669	93.70695314469853	7.048518435729308	61.391343688964845
451.0	1.0	0.03155783954370442	10.699568209714403	114.48090628824441	7.987335788760779	11.627022457122802
431.0	9.0	0.1920635224068395	9.776757821314751	95.58765569807522	7.143889993557131	81.73842720985412
401.0	19.0	0.23315810721249602	9.495298136109056	90.1671988840152	6.9705989689905135	131.40689725875853
161.0	27.0	0.23101202136740553	9.55264971144879	91.2557414634714	7.021305436502027	56.953277587890625
201.0	1.0	0.031490266829772684	10.727070545299325	115.07886897376984	7.986667505410241	5.188925075531006
261.0	9.0	0.19180397676799027	9.743267160362539	94.93643224765512	7.113536644822185	49.239211320877075
181.0	9.0	0.19244375286522267	9.813350557922194	96.30436038952479	7.148502816154355	35.745361709594725
461.0	7.0	0.167539292529687	9.90780274928715	98.17232725520662	7.260539421340262	70.01748900413513
61.0	11.0	0.2073697796910952	9.666257247445895	93.43836367380624	7.0595977014731615	14.3728497505188
341.0	15.0	0.2296432295655524	9.50740780181263	90.392239627066	6.9464422995429995	93.69556994438172
221.0	23.0	0.2336412345696642	9.482732586108622	89.92429103892962	6.982445066485672	78.37859687805175
101.0	29.0	0.22992203148674992	9.551486680078359	91.23522851812922	7.006811142336504	35.35798764228821
461.0	17.0	0.23135972375670044	9.504080838112346	90.32946547096363	6.990064188382439	137.09235253334046
81.0	19.0	0.22561216843793347	9.593881429558987	92.04699025186119	7.03549166108656	26.412371110916137
11.0	9.0	0.17401474425525854	9.89631934167581	97.94165617282138	7.232309166449721	2.120987796783447
71.0	1.0	0.0318315824477916	10.679275745860531	114.04821787219578	7.974032786655231	1.9906976222991943
301.0	3.0	0.08607744779133433	10.432244516982488	108.83575521033626	7.712812695078293	22.007577419281006
121.0	1.0	0.03233058749233768	10.675556156569849	113.96962133004877	7.965016434157438	3.157100200653076
331.0	19.0	0.23251145193445702	9.58332410872519	91.84161414043967	7.01884284892393	105.05869779586791
141.0	9.0	0.19244087805435797	9.777420057572357	95.6000059141747	7.130948834506084	27.076453590393065
171.0	25.0	0.23147534333140393	9.535184990269983	90.92656810629597	7.00237714620437	61.75360474586487
471.0	15.0	0.23058991793968203	9.522954374164554	90.68951330304407	6.957793039900508	135.53778042793274
71.0	13.0	0.21315027898751918	9.650510482527304	93.1372431619739	7.039559781893571	19.132539463043212
231.0	21.0	0.23261269382816524	9.515108153191566	90.54284714360904	6.980197483814105	78.09589123725891
351.0	17.0	0.23269672819431872	9.54005470309668	91.01725671710003	7.006281514981114	104.10944480895996
371.0	23.0	0.23180898702991634	9.53061039143676	90.83622557575805	7.002236239433637	128.3821880340576
211.0	15.0	0.2276611555111523	9.589859308948267	91.97013291740015	6.999913594153533	58.8263644695282
51.0	27.0	0.2198356444122554	9.669250226345849	93.49817155974894	7.0874603821394775	19.4261061668396
451.0	21.0	0.23295209957922225	9.530764402873524	90.8401204041328	7.00174246932239	147.47271671295167
111.0	7.0	0.16684719431409661	9.951860023840366	99.04244576092799	7.280279902210237	17.225749015808105
331.0	5.0	0.13101503742767587	10.14207960528521	102.8655412712541	7.474445339863617	37.16548299789429
41.0	7.0	0.1658186545491549	9.92066818779438	98.42210427674621	7.2760883685013455	6.6016693115234375
1.0	13.0	-0.211227572941952	11.96241691146848	143.14880548272063	8.299122998436085	0.2757099628448486
491.0	1.0	0.03258136967541174	10.638311186449084	113.18213347097051	7.942410857836611	12.850468635559082
291.0	13.0	0.22239785941628826	9.644561373938156	93.0222036756213	7.0211537417901635	72.32294764518738
151.0	11.0	0.20977354104652796	9.66707048270934	93.46663817715026	7.052820298272145	33.48203206062317
31.0	29.0	0.20616369260342174	9.693049340346608	93.95811856478251	7.123828888776932	11.601508235931396
71.0	17.0	0.22256927653412922	9.628796331804253	92.7151836188952	7.0686286580721305	496.11503396034243
351.0	13.0	0.22084243653115476	9.55878618136757	91.37143229105791	6.969706070063301	87.16306252479554
231.0	25.0	0.23281122044369415	9.516724494125338	90.57102670299261	6.9811652568190725	80.10275378227234
491.0	19.0	0.23291511123998063	9.528959495576396	90.80240494122151	6.994321567576395	157.375906085968
471.0	11.0	0.21351138810737966	9.640158378862072	92.93467269459101	7.025204474066146	109.65981006622314
171.0	21.0	0.23099794106280594	9.551346885864358	91.22880653365678	7.007115574530488	58.046533823013306
121.0	5.0	0.13040489442175934	10.114887916907353	102.31480901773405	7.448069135910186	13.950186443328857
11.0	19.0	0.15783159370282096	9.952461550287698	99.0551261542754	7.282009375727322	3.6866806983947753
191.0	29.0	0.23487168814916842	9.52197568325003	90.67093619761572	7.00496395991843	65.6516978263855
301.0	7.0	0.1681460907923903	9.898251595716673	97.98173371449755	7.248566335884999	47.10777769088745
71.0	5.0	0.1314823381027085	10.172011851700947	103.4764167843972	7.495233861220138	8.749538326263428
311.0	29.0	0.2368657515192895	9.538081730097963	90.97579785319178	6.99341526919244	105.92413096427917
291.0	17.0	0.23301003964718894	9.533690355332045	90.89542450440668	6.978507087555938	91.07409920692444
491.0	5.0	0.13097669056921557	10.180733701547128	103.65088289711453	7.502671944075937	56.734969997406004
151.0	15.0	0.22227529737071777	9.640151719147386	92.93420683960369	7.007237393319018	41.579847764968875
41.0	3.0	0.08376192687202069	10.419864272376849	108.57652837437334	7.708399353601092	3.103402614593506
331.0	1.0	0.03136560583426728	10.684691767665011	114.16546419406521	7.958258253702484	8.438416290283204
1.0	17.0	-0.5583984936339554	13.572032181075226	184.2013678603504	9.413065763548413	0.33080406188964845
351.0	9.0	0.19234013600798533	9.773566751838413	95.52771248718255	7.1251723714525	65.33596806526184
111.0	3.0	0.08803367722090158	10.368073143098723	107.50334750639249	7.678613707244752	8.080264377593995
451.0	25.0	0.2368855740746026	9.523321978117668	90.69617705077323	6.9817095709930825	153.1751986026764
211.0	11.0	0.21252380783169408	9.634862597962364	92.83120678334143	7.020822339323081	46.29111800193787
371.0	27.0	0.23391544929198632	9.52780836018062	90.78213814638931	6.999397797284556	127.09560956954957
51.0	23.0	0.22277987306225328	9.654221137501173	93.20558921398244	7.084194696833857	17.93546633720398
241.0	7.0	0.1646800654231932	9.92265625502157	98.46223417104316	7.271545126544055	37.67359299659729
21.0	13.0	0.200621768672685	9.737822350543983	94.82977552330712	7.104276488193352	5.706172180175781
261.0	21.0	0.23324067710602803	9.53968363447219	91.00856929306671	6.981031795679948	87.77288007736206
301.0	17.0	0.23189321544842825	9.575302178713429	91.69081445504744	7.000626401205643	92.95082116127014
421.0	15.0	0.22713156260667305	9.564082014467866	91.47540804346481	6.9849246303934205	115.62948436737061
281.0	29.0	0.2365376130037744	9.529836648554461	90.82245474932833	6.999787506581685	95.603977394104
381.0	5.0	0.13012635905452777	10.1464861364821	102.95260853731698	7.476930803499362	43.67791395187378
121.0	25.0	0.2291501278346555	9.544174640773777	91.09165267205805	7.012266007866015	42.05035471916199
381.0	11.0	0.2084913163437246	9.703984402930775	94.17021439872096	7.076938146166666	86.14769301414489
441.0	9.0	0.19221367640386988	9.860764562605103	97.2360373934484	7.151012569917192	83.52635803222657
421.0	1.0	0.03203564555953638	10.66639244403125	113.77482025275224	7.964114786704909	11.029984664916991
361.0	19.0	0.23173254006055038	9.532400785340872	90.87326386666439	6.988514115678912	113.00681381225586
481.0	27.0	0.2358923951780371	9.52229240537882	90.67718027231379	6.995466889363437	168.91891751289367
61.0	29.0	0.222718383268489	9.633618509730876	92.81045208533088	7.062419042331362	23.431423807144164
211.0	9.0	0.19195900940561236	9.784532793202706	95.7422839853179	7.149798378989996	39.3783881187439
101.0	11.0	0.20677104358326	9.638433280580179	92.90600151520326	7.034549011975221	22.762935590744018
191.0	1.0	0.03215839983794736	10.648577664979241	113.39514961229392	7.962327825456765	5.0454470157623295
81.0	21.0	0.22821540252878297	9.596211690120708	92.09180949681054	7.042113749744127	27.36848201751709
271.0	1.0	0.03173677626668614	10.747091078448937	115.50141732403458	8.012123946470869	7.173228216171265
401.0	21.0	0.23473305051942095	9.531479259544717	90.85423904100625	6.9896745716751125	136.09647312164307
411.0	7.0	0.16646109947608334	9.909536500974719	98.20203050693672	7.263921373528521	63.01871557235718
181.0	17.0	0.23122826764936436	9.556024852798588	91.31848722488488	6.977507918674769	56.212084245681766
321.0	23.0	0.23650019309073894	9.573083307491103	91.64988768131086	7.01343297721691	106.73511023521424
241.0	15.0	0.22522421300481446	9.574377250432306	91.66967934564381	7.000954383320156	67.47692656517029
421.0	5.0	0.1306450313176124	10.123470575972457	102.48924684197527	7.4713559866525	49.237408542633055
41.0	19.0	0.21335229836333564	9.624155533471178	92.62532601692993	7.067424790275479	14.55249080657959
121.0	21.0	0.2276547728143769	9.535190181372709	90.92020693918133	7.003650701176449	40.542339372634885
381.0	15.0	0.22726609709511442	9.53843328032152	90.98915237289305	6.975739796830976	109.09687361717224
381.0	1.0	0.0313044131770491	10.654075309942803	113.5124996275307	7.960212811376003	9.90418815612793
421.0	11.0	0.2091852798184682	9.684800944560568	93.79748655679194	7.059241743684806	93.14900660514832
241.0	3.0	0.08509428161511086	10.376013292597733	107.66445235226857	7.7113492898996014	17.657274198532104
21.0	17.0	0.20000551024400948	9.784006488760525	95.73055486406975	7.149038986402337	6.766645717620849
301.0	13.0	0.22070793873222616	9.63532429209758	92.84101811266457	7.002994636774366	77.00018677711486
261.0	25.0	0.23132073023458152	9.486116543542101	89.98799550677845	6.981845014069959	91.60345659255981
181.0	13.0	0.22167145484707212	9.618100458790796	92.51145483543007	7.011575000913889	48.09240374565125
241.0	11.0	0.21066681430433026	9.705605142999666	94.19925138535956	7.050665570239557	54.31247220039368
321.0	27.0	0.23463402443757791	9.505996535244954	90.36540108461739	6.983750866042888	108.69163570404052
411.0	3.0	0.0861288009016805	10.411472438524488	108.40474420488606	7.709360249841251	29.37052321434021
401.0	25.0	0.23566104188319414	9.49341914470315	90.12905941690012	6.973136982603781	137.51070442199708
101.0	15.0	0.22376223768021752	9.59436982205238	92.05546643386407	6.9938082389766665	28.556840324401854
191.0	5.0	0.1317736591496254	10.10138321007364	102.04006624796182	7.433824633284158	21.880170583724976
271.0	5.0	0.13136139785945938	10.079829022255716	101.61203928569478	7.4493350449368165	31.528234004974365
81.0	25.0	0.22267190389418934	9.606564612611276	92.29057591907592	7.044848257868047	27.68774914741516
481.0	23.0	0.23414998029992895	9.543616037864584	91.09479968682861	6.995093019094301	165.2826334476471
341.0	29.0	0.23492146215368911	9.561544963485042	91.42752498286129	7.0022632876687085	115.80254740715027
201.0	3.0	0.0855160391713553	10.383690700509387	107.82253601649597	7.715738614146169	14.47087550163269
161.0	25.0	0.23247768749633185	9.522530993014563	90.68160935237513	6.9986816314031275	56.75756702423096
321.0	19.0	0.23318007735971658	9.522933472910655	90.68742490167783	6.966531864813492	100.73278408050537
341.0	17.0	0.23127333436050437	9.575655330178124	91.69533511993644	6.993803648216826	101.18297500610352
221.0	21.0	0.2342827214761511	9.543017461137126	91.07322927443275	7.01963568872757	73.64620771408082
61.0	13.0	0.21613677385826277	9.64814952462068	93.08977555261878	7.039125215397043	16.73309211730957
461.0	15.0	0.22927883838180851	9.538664738386078	90.99203863283796	6.974172425011953	127.48695516586304
461.0	5.0	0.13124067866870026	10.119584776608303	102.42393704498856	7.455021765979372	52.19531126022339
441.0	21.0	0.23436373235935332	9.523871638746401	90.7106413254013	6.994539884394183	144.2975137233734
81.0	5.0	0.13112527465478632	10.096342557771631	101.95189453204509	7.461188508084895	9.453852701187134
41.0	27.0	0.21383994879657112	9.674554014457309	93.60330702611408	7.10082581719219	16.088721752166748
201.0	15.0	0.2262229929235268	9.56363257896462	91.46821857306855	6.995093367530134	56.34703569412231
361.0	23.0	0.2353155445338871	9.527008365384614	90.76785051677072	6.995711826645471	122.12579455375672
231.0	5.0	0.13049040274178816	10.130797369331843	102.63758742178368	7.484120574902927	26.899504804611205
451.0	3.0	0.08513590096948045	10.366890892243829	107.47692594131885	7.7010790407305025	32.38688635826111
21.0	29.0	0.18932934293416778	9.805924076511856	96.16058619963147	7.18124947314689	8.188015270233155
141.0	11.0	0.20897483676738404	9.684328125906495	93.7933255231944	7.046744972935359	31.73644299507141
281.0	13.0	0.21982313306367413	9.644519063320065	93.01744687808348	7.018897933084043	70.11129503250122
401.0	9.0	0.1946057560414965	9.781253292406173	95.68099051900077	7.119547859205261	74.83580579757691
461.0	1.0	0.030996449649479903	10.674092540319117	113.93785306907168	7.969589073996156	11.97023630142212
461.0	11.0	0.2110366599490839	9.666718567836678	93.45776652739467	7.033798681384495	101.20479564666748
481.0	19.0	0.2368719194142503	9.493858813086462	90.13431034853319	6.947609461428878	153.70291032791138
221.0	25.0	0.2306168773905462	9.50678177239768	90.37895726019642	7.001052774994031	78.6275929927826
341.0	13.0	0.2196344822688972	9.671842620866192	93.54666069495413	7.046266062745147	84.72603702545166
61.0	17.0	0.21833313546524913	9.609456577667041	92.34854851946558	7.031482992968113	20.16181755065918
181.0	29.0	0.23268311096405436	9.485493689582913	89.97830378975355	6.975111310351004	64.75355758666993
161.0	21.0	0.22955323863302457	9.585320414106453	91.87939570495455	7.022122069422872	54.1341685295105
201.0	7.0	0.16625862574259917	9.961919989918288	99.24119254761843	7.281672934643881	31.065426301956176
141.0	15.0	0.22657736410132542	9.501273442536977	90.27767809601119	6.950113892524501	39.997155570983885
281.0	17.0	0.23013713672976355	9.51727302768904	90.58311646548756	6.970596228287579	83.23542056083679
301.0	29.0	0.23544482519422782	9.542982162255354	91.07005318161748	7.005738869549143	103.64261860847473
451.0	7.0	0.168600350480035	9.92650207897697	98.53987147870343	7.261969670022235	68.34418768882752
251.0	9.0	0.1939970510292993	9.7767345989492	95.58787126057727	7.127273505848265	48.179839849472046
231.0	1.0	0.03147287254572738	10.710799779683239	114.73273122888546	7.967197739101539	6.115852403640747
41.0	23.0	0.21655457361679337	9.63375844547212	92.81050601989102	7.071722954232466	15.783084630966187
361.0	27.0	0.2324206822033065	9.593290729021012	92.03554729185642	7.020003460121731	122.49834847450256
201.0	11.0	0.20928390470293246	9.656425723579565	93.25022124747275	7.031470905306634	45.074112033843996
441.0	25.0	0.23658001607268445	9.486500825254682	90.00448171519142	6.9679235333555365	149.91397104263305
81.0	1.0	0.03237310281151952	10.649307370748016	113.41429389071206	7.958201403943974	2.1511371612548826
291.0	29.0	0.23564950110669208	9.478939046330266	89.85253871623927	6.97014061203482	100.76858682632447
431.0	15.0	0.22831517041041752	9.544060238681716	91.09152308837092	6.9762606468451365	119.86499891281127
311.0	17.0	0.22791028865136895	9.52038304874853	90.64478317482971	6.978434236030651	92.33482570648194
271.0	21.0	0.2364830179334778	9.516938135324091	90.57400270860286	6.965673117016726	88.68927226066589
31.0	13.0	0.2092510803801312	9.674705725931094	93.60570615522998	7.046016668003039	8.296984720230103
31.0	5.0	0.13200189090837539	10.133740392491344	102.69724515458111	7.46465539037351	3.689280652999878
341.0	7.0	0.16805127663877303	9.985779584717486	99.71986752024381	7.301608243793559	51.67070951461792
281.0	5.0	0.13015913289177283	10.162405434667033	103.2780444209216	7.48412232991018	31.536139392852782
161.0	5.0	0.1321701437010048	10.081238648929453	101.63242658226794	7.453771595223519	19.026631784439086
1.0	29.0	-0.6985576418184569	14.143062198944373	200.06791264847345	9.919531523932648	0.3642632007598877
371.0	19.0	0.23537682954368117	9.488700934126001	90.0367120630332	6.967515285868105	121.81085872650146
391.0	11.0	0.2107247397610041	9.728943281696095	94.6594763113529	7.069074283850213	88.93793087005615
131.0	25.0	0.22910573583940316	9.562401525097062	91.44368075774271	7.026125175614595	45.83605461120605
151.0	3.0	0.08702570030536502	10.41019033609632	108.3799706224376	7.704018723456609	11.042516040802003
1.0	9.0	0.011736430966008859	10.801900586211252	116.70825916229967	7.785151154103454	0.21408777236938475
91.0	21.0	0.2273074267555554	9.542844369292737	91.07105117696983	7.020539178782362	29.812911081314088
371.0	1.0	0.032281381173981286	10.674925544894458	113.96173202846671	7.977348736688325	9.500403833389282
111.0	11.0	0.20948398052149547	9.656066823978126	93.24756128509875	7.035352871285381	24.970084476470948
311.0	9.0	0.19112133513717958	9.772397686469892	95.50037402054225	7.142697312305809	57.981761360168456
71.0	29.0	0.2261970785693316	9.571292159788543	91.61709202122707	7.045910178207295	24.82000904083252
491.0	27.0	0.23668629360866297	9.496114733942338	90.17908145322957	6.98860151665276	169.78094396591186
11.0	27.0	0.15147092525423586	10.030737838065482	100.61741141888636	7.375504733188206	4.089826822280884
251.0	15.0	0.22867687285487137	9.573376255932947	91.65426345991075	6.991217269838574	74.16290369033814
331.0	23.0	0.23507457175004115	9.466142445463436	89.61340522566366	6.9758278563422875	110.60264220237733
191.0	17.0	0.23265155231900794	9.592772598605691	92.02771996561599	7.01281338037752	61.57141666412353
411.0	21.0	0.23588897371152293	9.553022286270535	91.2617104204704	6.992326134430201	135.41767840385438
391.0	15.0	0.22780945782317671	9.532657618686045	90.87983303864131	6.965354431089457	111.93463397026062
131.0	21.0	0.23088439717999482	9.588946662742469	91.94855536890073	7.034323954881917	44.031128597259524
51.0	19.0	0.2166558358171175	9.59328393969459	92.03195062865163	7.042957290639133	17.33578324317932
281.0	1.0	0.030205697038990797	10.759072186146852	115.76676609995252	8.00670297380982	7.254928731918335
161.0	1.0	0.03248862613768402	10.746582291649286	115.49361918489005	8.007289707618702	4.311349868774414
101.0	9.0	0.19129194452928028	9.7915006469442	95.8747404296946	7.147935774999543	19.259956550598144
271.0	25.0	0.2357238590779863	9.495039605740201	90.15830090806347	6.978604613267647	91.33790574073791
311.0	13.0	0.22226322724227193	9.661919778976912	93.35658978967707	7.016332143430001	77.2978678703308
51.0	9.0	0.18987799845626685	9.796148153336022	95.96835802125064	7.151762135216275	10.018949699401855
31.0	17.0	0.2071766100926907	9.702837098968308	94.14632407189029	7.092762989107177	10.29730281829834
341.0	3.0	0.08588204446008578	10.390352790622893	107.9668541413891	7.711330488069466	24.123500919342042
31.0	1.0	0.03142608388154384	10.710777837957435	114.72722167681191	7.971991669671397	0.9037189960479737
431.0	11.0	0.21157632742611548	9.640434570114214	92.94416239650357	7.023835248254182	95.80577945709229
411.0	25.0	0.23467909832666872	9.534345192609228	90.90720439779747	6.987714600431447	143.45589728355407
11.0	23.0	0.15263028876908086	10.01332112561733	100.27041585496019	7.35253113948789	4.12807183265686
331.0	27.0	0.23535062686795594	9.57161515574418	91.61738860012045	7.017917669514641	112.3820915222168
251.0	11.0	0.21115001335551456	9.645393713316398	93.03987002692756	7.011278697047439	57.57538275718689
191.0	13.0	0.22152054848629152	9.583571325852402	91.8477737329428	6.999921290728797	49.92979760169983
351.0	29.0	0.23659116589626855	9.537918820166704	90.97467058217418	7.002906782509894	119.4831060409546
491.0	23.0	0.2326500219549505	9.571367894426485	91.61617995686893	7.017269488674929	166.31542315483094
371.0	5.0	0.13031150639454964	10.137989572628559	102.78107334206842	7.47826154889894	42.189275074005124
91.0	25.0	0.2258512348121277	9.52130326885563	90.66259624750651	7.005106861767589	31.02028799057007
111.0	15.0	0.2221199389020705	9.589637131192296	91.96554682501039	7.010090554289306	31.388695001602173
151.0	7.0	0.1659813462043056	9.898922661300972	97.99378466920902	7.2694057268256485	23.68709263801575
151.0	25.0	0.2353378635273003	9.571581430076238	91.62644109983117	7.0159063260326535	51.58590588569641
291.0	27.0	0.23480535845153883	9.532367384894016	90.86720087314013	7.010147328418947	100.3774507522583
341.0	9.0	0.19233329796377083	9.828798009750935	96.60608967687321	7.134859382126679	63.44357805252075
311.0	19.0	0.23499579934340056	9.521337600329572	90.65888651440008	6.987572410439609	97.43585696220399
321.0	1.0	0.03139303710736932	10.70524480456744	114.61006179504982	7.9851925394071825	8.317479562759399
51.0	3.0	0.08471371056501983	10.446716516748932	109.14393143215916	7.735026502928816	3.9733768463134767
101.0	3.0	0.08405775723852993	10.400442998182047	108.17514400725733	7.724922777367245	7.3094597339630125
481.0	5.0	0.13121658476851666	10.151906447377234	103.06953009095787	7.47106407187314	55.23161501884461
1.0	27.0	-0.6991835808908953	14.255529330046247	203.23822234831331	9.937525280780694	0.3653847694396973
211.0	21.0	0.23178097650309798	9.530064729153057	90.8255960475392	7.011181910181817	70.2310064792633
371.0	17.0	0.23309750257413206	9.574880780405183	91.68325017043331	7.012223463020848	112.33209414482117
51.0	13.0	0.21493234822623902	9.629668635062034	92.73361497545552	7.03939283825442	14.586954975128174
451.0	15.0	0.2281091734132752	9.527940617559988	90.79091642926184	6.960605805974895	124.63101992607116
1.0	7.0	0.07239464460394056	10.453857513303415	109.28883586657237	7.604334644876403	0.17818026542663568
131.0	5.0	0.12828758178711963	10.167313144336623	103.38049761350399	7.482750833492238	15.140578413009644
61.0	5.0	0.13271152006956813	10.177145701687852	103.58159662591333	7.4773846344986294	7.417696094512939
311.0	7.0	0.1649492633435832	9.951736344367706	99.04284465699976	7.299807977675184	47.37479901313782
471.0	21.0	0.2363647915186149	9.518398601734049	90.6122928853737	6.985346172695661	156.78538661003114
491.0	29.0	0.2342851059402892	9.495275160155296	90.16300148590189	6.9843462339351605	170.06233954429626
71.0	27.0	0.22398907498819579	9.625216611412984	92.64761777975349	7.048377254021598	24.610736417770386
351.0	23.0	0.23601448373080128	9.533413459035977	90.88676359946142	6.995092000084687	116.8275595664978
231.0	15.0	0.22610581142712477	9.570498022525133	91.59982387394874	6.997587956600488	67.40321016311646
191.0	19.0	0.22992146071560876	9.584595610904902	91.87086590606548	7.016511037603007	61.90584316253662
11.0	29.0	0.1502022898078626	10.017000569943688	100.34203661367465	7.358542167712235	4.049258613586426
171.0	11.0	0.20811871127652543	9.705963884906703	94.21367615084687	7.0531366257943375	38.26800622940063
451.0	11.0	0.20971708401213754	9.689648225263381	93.89301712093355	7.051656519340457	99.04304637908936
371.0	13.0	0.22273756347749765	9.619691978989488	92.54602163154458	6.99930241150591	92.5336091041565
211.0	25.0	0.23372412696828265	9.512336180783956	90.48473012582106	6.989701138454377	72.2890857219696
51.0	17.0	0.21774170491931444	9.696256090272867	94.02283652634168	7.078889546170214	17.81362133026123
1.0	23.0	-0.7027695862005718	14.192150771021781	201.4648398015071	9.886820348101136	0.35744338035583495
481.0	1.0	0.03121107621291564	10.704945066513563	114.59999565161755	7.994042083647152	12.52891149520874
101.0	7.0	0.166771846111169	9.899071362859662	97.99565017905175	7.2673278483767465	15.470022630691528
51.0	7.0	0.16598216648822	9.972742283388298	99.45992817295414	7.295357009917529	8.190009832382202
321.0	5.0	0.12959744481110588	10.143786497583074	102.90132860223022	7.484408918048885	36.40412769317627
31.0	19.0	0.21093160029415864	9.682082160356192	93.74416067344315	7.0982077174499	10.765421915054322
151.0	21.0	0.22985177883151775	9.537480210419265	90.97010259290593	7.008065531864868	51.061070394515994
291.0	23.0	0.2360503156482357	9.52427322385456	90.71432539948117	7.000574407228934	98.20704684257507
171.0	15.0	0.22671468085381594	9.541680048545485	91.04979570528505	6.982652439366949	50.792595624923706
331.0	29.0	0.23471784685961444	9.53267451924853	90.87601015067082	6.99965895863095	112.64333591461181
71.0	23.0	0.221640938659157	9.539913688727015	91.01200367964016	7.02383322618838	23.90759105682373
231.0	11.0	0.21220785977842516	9.646051290067604	93.04844000533637	7.0434350058222295	53.25738162994385
351.0	27.0	0.2378500214014228	9.511280179068327	90.46596368162932	6.971984226561115	119.08117723464966
471.0	25.0	0.23557624737716662	9.504668876143132	90.34425792233039	6.989499400163117	164.7352229118347
311.0	3.0	0.0859997116626032	10.395823539573584	108.07730368629203	7.722458260287065	22.332662630081177
61.0	1.0	0.03136277137767914	10.706607654891325	114.63451537259171	7.982692614344072	1.687199354171753
151.0	9.0	0.1937357986103979	9.80010661186501	96.04316218925527	7.147335823659115	29.319720649719237
1.0	3.0	0.038883962722441795	10.613912293681565	112.66426591982835	7.915867667943042	0.08973851203918452
131.0	1.0	0.030904045822457583	10.600076088440437	112.37489989537035	7.948790381843954	3.430094003677368
181.0	5.0	0.12860584917929194	10.174911798197233	103.53346665070455	7.492583917181311	21.752234983444215
261.0	5.0	0.1299648270341185	10.19287072209504	103.89894687522799	7.501095779057524	29.562315130233763
401.0	15.0	0.22939805459060536	9.587965641925535	91.94103709926837	6.981649618591528	112.52302508354187
241.0	21.0	0.234238354848751	9.515829864222045	90.55315368513666	6.982985329660922	79.3094307422638
321.0	17.0	0.23140650174007787	9.555613679572044	91.31146373861961	6.9865373860388615	95.78702178001404
181.0	23.0	0.23495147515322617	9.503521899110329	90.3215770858479	6.979724194529952	64.10400862693787
341.0	19.0	0.2345313444561432	9.559333794127713	91.384106272026	7.002976411259056	106.923171043396
481.0	13.0	0.22354918291261416	9.569975265749829	91.58513350053644	6.957818561298761	121.82945075035096
81.0	15.0	0.22180047472126713	9.629896628508533	92.7398388101313	7.026773610773231	23.124385929107667
101.0	25.0	0.22763868212162364	9.56795606583791	91.54660549916696	7.01918358329619	35.71325578689575
401.0	3.0	0.08545288893636069	10.448698600332524	109.17733380606762	7.712935373495649	28.727419805526733
381.0	25.0	0.2331849861862625	9.549413134453369	91.19571925251108	7.017598357670527	135.5469689846039
391.0	1.0	0.030678039437389358	10.723060176903731	114.9854815881065	7.983883052146917	10.24623966217041
121.0	11.0	0.20556102429090023	9.706725260088982	94.22122475388393	7.064795957259006	27.51465525627136
41.0	29.0	0.21559328376775838	9.62249993186387	92.59452782759874	7.0812717275136166	16.253003358840942
251.0	3.0	0.0857445876154416	10.446216275705215	109.13432852654716	7.740896442839416	17.74394392967224
431.0	5.0	0.1300784774866212	10.22734203579966	104.60592234710145	7.511825991037009	49.3742347240448
21.0	27.0	0.1887807008925998	9.752334139512367	95.10893535369505	7.175042090006639	7.86118597984314
301.0	23.0	0.234292656365337	9.527594674291475	90.77764629800434	6.993513118212182	101.28610858917236
261.0	15.0	0.22734915123150506	9.60930135807763	92.34040401402522	7.025987756293486	72.77144379615784
421.0	21.0	0.23534430308466345	9.55569761309383	91.31551443454596	7.0123332937899026	137.14610619544982
401.0	7.0	0.16722901974100052	9.920450968312164	98.419153793522	7.273160905709458	61.87459468841553
81.0	11.0	0.20836296007473484	9.66984900086288	93.50904522585661	7.037847816596622	18.355162811279296
101.0	21.0	0.22867307221166336	9.563158934163592	91.45747286563814	7.025252299339966	33.80214214324951
61.0	19.0	0.22289889748494734	9.575271189297789	91.69359311835913	7.043394406726611	21.304825639724733
481.0	17.0	0.231814656490966	9.525320922811494	90.73402945827243	6.98641117900205	145.56552052497864
321.0	13.0	0.22591171316721487	9.608674673702396	92.32776321363117	6.9900387388154455	79.73077721595764
241.0	25.0	0.23449218571195213	9.474743055370721	89.77485015513375	6.969863920914103	82.27909083366394
181.0	27.0	0.2322775386753443	9.58810342896911	91.93296889498325	7.032741687154312	67.47279472351075
401.0	11.0	0.21033726776338918	9.681869255064807	93.74262177451912	7.050987578117793	91.06476240158081
181.0	1.0	0.030512210688366216	10.714571140601265	114.80619000683264	7.991417474021124	4.9165702819824215
261.0	1.0	0.03192770901138224	10.679663152796369	114.05676933661736	7.953331972265538	6.794391918182373
201.0	9.0	0.19192206899108624	9.781275524684371	95.68378811200196	7.135833118864925	38.21582398414612
281.0	19.0	0.23234357201372102	9.54306691015449	91.08181806659034	6.986802196074197	88.04965686798096
421.0	25.0	0.23611212590092628	9.560286835981378	91.40077730406924	7.002550513034211	148.61781153678893
21.0	23.0	0.1946697969893934	9.717127291719482	94.42655120870958	7.139602799828604	7.841870355606079
261.0	11.0	0.20857905552565853	9.670801056872559	93.52879207250768	7.054169458362478	57.296025562286374
301.0	27.0	0.23266166662818155	9.5374840341191	90.96662068242887	7.00822860946415	102.05720329284668
431.0	1.0	0.0306871309139356	10.739396414160673	115.33797069550772	8.00246853983679	11.20984344482422
451.0	9.0	0.19242019062585683	9.788833737281639	95.82470252550708	7.134853698351503	84.28721780776978
251.0	7.0	0.16818415693184377	9.886090979602782	97.73665823903829	7.2669981817382325	38.079064559936526
361.0	29.0	0.2374594862030157	9.530263240845686	90.83467120694725	7.000200481742371	416.32785229682924
391.0	5.0	0.1306565482362624	10.183646397215963	103.71493610566124	7.486384180799081	45.33692736625672
381.0	21.0	0.2373055368450867	9.506870156377353	90.38494299087178	6.971049776696226	129.20320191383362
121.0	15.0	0.22459450784007312	9.53442101229102	90.91144462985555	6.971420910865362	33.36496906280517
221.0	1.0	0.031664454981644316	10.719454582636022	114.90782366581524	7.997349553764662	5.784830236434937
301.0	19.0	0.23215174039702585	9.502394936078996	90.29780243125597	6.984156394600848	99.29650664329529
241.0	9.0	0.19241889579030472	9.784832423269341	95.74888180315429	7.12141233173774	46.1660680770874
281.0	27.0	0.2336719499688648	9.56669769095099	91.52453666833118	7.014395480566977	95.34886236190796
141.0	25.0	0.2272487549997908	9.550246559551086	91.20896011249098	7.019253873141298	49.158066749572754
91.0	1.0	0.03028465638876988	10.692627117242324	114.33375041655287	7.993339144812785	2.379232406616211
441.0	15.0	0.22828633152596547	9.545059676268457	91.11066719600173	6.966927450547743	123.53410592079163
41.0	13.0	0.21140259475621087	9.614840038709252	92.4475361545636	7.042144567651567	10.832493448257447
361.0	17.0	0.23269800109936925	9.581354429832333	91.80265245646746	6.997496142633331	107.1875855922699
201.0	21.0	0.23408758011163275	9.520221373535929	90.63714478947773	6.987282833128442	66.52886905670167
441.0	7.0	0.16723386034205928	9.909357039689805	98.19825308257248	7.260359523599182	67.78481130599975
221.0	15.0	0.22795066305552333	9.5563645262737	91.33212544735838	6.988888898324978	62.00882520675659
341.0	23.0	0.23470642536293482	9.51485055102594	90.53570157411178	7.003590211408815	113.44829850196838
61.0	27.0	0.22208733927810567	9.644324663871913	93.01607304505376	7.076095682226082	22.773764228820802
481.0	29.0	0.23452782280864598	9.468797829249292	89.66176894941839	6.966321297677034	169.71795659065248
461.0	21.0	0.23571461004841	9.491161388890752	90.08553186501457	6.968431346302536	151.132053565979
211.0	7.0	0.16717842103947939	9.977004376219286	99.54355996438605	7.29805473230674	32.17129731178284
471.0	1.0	0.032092788450195045	10.658069778878708	113.59510821552206	7.958079296742122	12.524185419082642
411.0	9.0	0.19385081979279062	9.765312631410358	95.36165548744357	7.12214319098217	77.63025283813477
161.0	11.0	0.2081093791235194	9.688776087488128	93.8794198515144	7.04194142459022	36.261874198913574
181.0	19.0	0.23232068844211445	9.52466782117323	90.72024835806965	6.987585550245288	59.74183073043823
41.0	17.0	0.21761810331462955	9.69109461885354	93.92270725137442	7.0656660449039155	13.676433658599853
201.0	25.0	0.23352462300616494	9.528186281212813	90.78815922059911	6.997944304258584	68.93237872123719
361.0	13.0	0.2206076342295334	9.65636385228766	93.25802558095498	7.003941031271035	89.72347388267517
441.0	3.0	0.08471185649488643	10.406831194893027	108.30386220420765	7.726175991830455	32.159867238998416
441.0	11.0	0.21029301193141609	9.758116199744041	95.22588788541218	7.082671665360823	98.52693996429443
91.0	5.0	0.13051044230647246	10.0707587763637	101.42758435428172	7.43179064770319	10.344685459136963
281.0	23.0	0.23735140581926978	9.56806951525061	91.55595247731053	7.014039629274596	93.6773612499237
141.0	21.0	0.2282532620841679	9.543349692972713	91.08075012835373	7.000759458918635	47.36526370048523
221.0	5.0	0.13130704332307436	10.14574297167585	102.93811095614558	7.472080930088879	25.375050640106203
21.0	19.0	0.19566337720239158	9.802966388885114	96.10408540153428	7.1737741135143995	7.342459392547608
321.0	29.0	0.23648322005884528	9.521479439050973	90.66099961169307	6.9806293569617655	109.11146111488343
471.0	5.0	0.13114830589540655	10.143027686610175	102.88227155942675	7.456172048638604	55.25134410858154
161.0	15.0	0.22593284871568836	9.58942013918396	91.97366982693526	7.006746367824118	46.12350559234619
211.0	3.0	0.08651390751226132	10.390291458686411	107.9604548734566	7.689943550588092	15.4650710105896
461.0	25.0	0.23549024504943636	9.486573934231425	89.99774282616679	6.977620044569595	155.84603877067565
341.0	27.0	0.23314259314755387	9.524648649788379	90.71974693389288	6.991015200596382	115.6447548866272
221.0	11.0	0.21048264909993364	9.648958393405312	93.10607338220363	7.0288589362564355	49.072278118133546
61.0	23.0	0.2213992374611014	9.613165801033311	92.4132155456422	7.0650506729007585	23.1203715801239
361.0	5.0	0.1305882541632587	10.183786288040453	103.7127910201087	7.4837147031085625	41.144287776947024
11.0	7.0	0.15378289315261592	10.044412126148327	100.90528640874228	7.36105763854748	1.7445714473724365
191.0	23.0	0.2339726494818494	9.523571443814633	90.70201169849983	6.980932547252898	64.72637186050414
141.0	7.0	0.1665284843587509	9.933790708533051	98.68178205934527	7.278563288190426	22.075458383560182
11.0	13.0	0.17921374250548167	9.871156191226156	97.4400857682647	7.182105013923261	2.84987211227417
331.0	17.0	0.23088729885802514	9.592254584601879	92.01488686069682	7.000420273932624	98.28619799613952
251.0	21.0	0.23622602222427994	9.51380671570752	90.51472572200326	6.9950037583337545	85.90134086608887
411.0	15.0	0.22974054395654814	9.547579924693567	91.15778889048485	6.966921984079667	113.55283575057983
111.0	25.0	0.22689467835336785	9.560376361943332	91.40516598575044	7.025605972958902	38.525262117385864
91.0	15.0	0.22340490405303948	9.585635722764938	91.88854857372824	7.004182095397658	25.480875062942506
491.0	13.0	0.22255936821203176	9.560517714459651	91.40603343647713	6.978967075471422	123.94072289466858
351.0	19.0	0.23375904389363797	9.527603038528069	90.77557638073537	6.998599869926447	110.02351903915405
51.0	29.0	0.21988676909672183	9.674584227478201	93.600201295435	7.098519042498394	19.53127956390381
111.0	9.0	0.19120156199387933	9.81372666828099	96.31363963374652	7.162755017239613	21.36989560127258
131.0	11.0	0.2097555773111873	9.693409223270748	93.96500898612078	7.049013629320877	28.752604293823243
291.0	1.0	0.030961016486891757	10.715417807288556	114.82823070286327	7.990446097998969	7.4815880298614506
391.0	25.0	0.23567844337498217	9.494570100886047	90.1490218169503	6.971109599611232	138.06242508888243
171.0	1.0	0.03118188411954816	10.729876281082657	115.13745384469482	7.992708418849221	4.5644622325897215
21.0	1.0	0.031435249291391305	10.69661029504152	114.42045709527403	7.958456709017763	0.5732662200927734
351.0	3.0	0.08647897303116328	10.338203522606719	106.88066660239421	7.691743912406869	24.77003970146179
41.0	9.0	0.18679236691354545	9.821060821438795	96.45966331217247	7.168357614330939	8.208052825927734
431.0	21.0	0.23433129479601417	9.484192806369519	89.95165617850168	6.967732452977143	140.99070773124694
271.0	15.0	0.22785881791501877	9.577506332662276	91.7299549612014	6.989943147203688	74.55754375457764
311.0	23.0	0.23459553559249002	9.516713945672544	90.5760829293757	6.985183631481901	103.20812640190124
31.0	27.0	0.2096465914363445	9.718581811638751	94.45099253910392	7.132072878282557	11.551407814025879
491.0	17.0	0.23387833207617068	9.54446111996812	91.10047057042517	6.992996105747696	148.84792556762696
71.0	19.0	0.22538186643184868	9.581695341485618	91.81473574133985	7.022809209705164	22.55412893295288
111.0	21.0	0.2312302853779063	9.54339303286486	91.07693618056909	6.998108235908975	37.34167590141296
91.0	11.0	0.20665247808002257	9.689490573867985	93.88797693468044	7.048282647294151	1135.325096654892
411.0	11.0	0.21201526902859275	9.685817245770034	93.81804222110846	7.058251782583514	91.78087501525879
141.0	3.0	0.08547355004435274	10.382151013308823	107.79184294815923	7.701415741700762	10.327514505386352
191.0	27.0	0.23299756118668052	9.58167352850894	91.81115467562044	7.021683094039655	65.26388325691224
11.0	17.0	0.16684483713255266	9.929684478705056	98.60388331198274	7.258228609630235	3.397798013687134
251.0	25.0	0.2352271703269992	9.50845831005537	90.41330808945821	7.005102866009945	91.20790886878967
331.0	13.0	0.2247151830908254	9.639302057387326	92.91930944056398	7.011866480961527	82.995360994339
301.0	9.0	0.19384618229673978	9.746785895082144	95.01263363849979	7.115648052888412	58.14359998703003
11.0	3.0	0.08720929840872135	10.441939385257147	109.03948245827807	7.705856267489944	0.8031542301177979
361.0	1.0	0.031845950301636415	10.749452824418473	115.56030483894907	7.991815384806017	9.185850906372071
311.0	27.0	0.2334857040393094	9.533086224189262	90.8837817492558	7.008222000018947	105.46992559432984
271.0	11.0	0.2102585487500206	9.681406792575455	93.7326034880937	7.053449698587125	59.52892069816589
31.0	23.0	0.20663677954587562	9.71934044032162	94.47192332276744	7.142530359005417	11.33744912147522
431.0	25.0	0.23820433680852995	9.513180097087028	90.50328651405023	6.985926964054272	147.4722635269165
291.0	19.0	0.2350830196622849	9.558895509375361	91.37535273962314	7.003503367877224	96.69587235450744
1.0	19.0	-0.5986780834197694	13.76914267952252	189.60682576988003	9.568764931895707	0.3520354747772217
351.0	7.0	0.16694358671544746	9.95334121918864	99.07407758743614	7.292541036477769	53.114590358734134
21.0	5.0	0.12778367236930507	10.121528467188456	102.455060887856	7.466054836623688	2.495523452758789
131.0	15.0	0.22404400750234324	9.601268329829907	92.18958640800336	7.002151374870467	36.38481740951538
391.0	21.0	0.23468629025090446	9.575067663484514	91.68364547771083	7.003960387429325	133.570245885849
291.0	5.0	0.13080426873865464	10.239723466675393	104.85404374271381	7.50929150657642	32.68290448188782
171.0	5.0	0.1317235141040308	10.132145036483909	102.66146146168933	7.467349196733063	20.077556943893434
371.0	29.0	0.23555096734475578	9.502262876595685	90.29872824947617	6.989754365706697	126.95866374969482
