r2	rmse	mse	oob	mae
0.464735198383709	24.704703174228555	610.3223589267385	0.5587877185544523	6.036315260266285
0.5014516209301769	23.711635013783763	562.2416350268961	0.5443221912742737	5.809396727253827
0.47313505848588433	23.355777281283718	545.4923324129286	0.5354909251290737	5.925449954568514
0.484806243648533	24.472425858774965	598.8996274132376	0.5318483046215509	5.953614807012849
0.4794451608685538	24.218720824589575	586.5464383794086	0.5460171712610244	5.983908254249258
0.4370763684966561	24.72416841342421	611.2845037353634	0.5508559930462936	5.994863779897055
0.46995118603750874	25.41516420158315	645.9305713934336	0.5474378211792289	6.038480142234771
0.4329033072024778	27.853255808695312	775.8038591446191	0.5362338405329732	6.275165424564297
0.44598176012787205	25.777649065956417	664.4871913676038	0.5402756543557992	6.19104520008625
0.44089321804297765	25.30349208245212	640.2667115667172	0.5459947107928647	6.005204761903677
0.47356354755266383	22.660171956405705	513.4833930938755	0.5412203015017745	5.887533752118735
0.4605686436333386	26.359707739875855	694.834192131671	0.5479063543090684	6.126044379625205
0.48786110792022896	23.485383778454914	551.5632512213132	0.5506975097894456	5.980006072201851
0.444216105770589	26.175593464023272	685.1616931938178	0.550830054541541	5.979667268268219
0.46344589603070274	24.637639746770898	607.0132922916652	0.539960200444301	6.003873431154062
0.4387522029632078	24.906142387997978	620.3159286512296	0.5593457364231514	6.232734943732141
0.4580028756229223	23.324819819196378	544.0472195979762	0.5492689169324192	6.006951770259742
0.41515540694068687	26.558516531699752	705.3548003645691	0.5377794048477371	6.057956217008692
0.4668916523821325	24.43906736095976	597.2680134735288	0.5312907585988275	5.76337808716169
0.4351589579117884	26.352443511402377	694.4512790216532	0.5368553705213647	6.021519221231466
0.4571196410047672	24.73610504957008	611.8748930233664	0.54432275457524	6.000620929552571
0.44434277602281447	24.59808774127446	605.0659205274368	0.5581368697723045	6.235093039711746
0.46288948695916454	22.450388247227966	504.01993245127153	0.564156612074825	6.024005295510412
0.5027671724475813	23.281939535894953	542.0487085530684	0.5400450596173966	5.833697954048075
0.48655585386863076	23.40843149407217	547.9546650126697	0.5527967773738733	6.154595500936824
