r2	rmse	mse	oob	mae
0.17488889414199071	29.501812078468973	870.3569159132977	0.8460756449545985	8.872187733170058
0.15109753503963452	31.311965296403557	980.4391707231806	0.8520254877308581	9.039028422163597
0.1672216113141659	30.759088675264145	946.121536132763	0.8393030346863588	8.746712032625453
0.1659760865706127	30.61215368722147	937.103953370067	0.8318138375194329	8.896102382877942
0.15104564615806826	31.251138959591284	976.6336862716842	0.8421627360451199	8.707739934410046
0.16904685776283324	29.484635867147404	869.3437522182752	0.8516383097514592	8.740914679180774
0.17383008174043402	29.85669841522123	891.422440257474	0.8419887623879622	8.715616936579302
0.15969969675306628	31.558762569918866	995.9554949445121	0.8407206004060624	8.874455737855333
0.1489287056703339	31.938338511600513	1020.0574668815846	0.8363761369540965	8.776851947862198
0.14035696021724642	30.89269999914523	954.3589132371877	0.8514190710983137	9.037456091148119
0.1523807995480525	31.798266837879236	1011.1297738929704	0.8420221325841785	8.964407407271272
0.16626560040577676	28.59206714372578	817.5063035513234	0.8568993251454005	8.956001562258795
0.16492220992016438	29.919737847805635	895.190712881413	0.8441791736142574	8.815517549281418
0.16319586392956942	29.915210071840683	894.9197936423582	0.8437897716256519	9.002820761443878
0.16537299963377894	29.602885658066693	876.3308392845707	0.8474371167825164	8.925795369425474
0.16524231079735952	30.171606648468593	910.3258477499141	0.8309997639607124	8.690993037377725
0.1646057044811179	29.53962832024351	872.5896412981323	0.8507516925326272	8.961131690970808
0.155958714221047	31.326583371340572	981.3548257215517	0.8411396262818659	8.763559644862307
0.1709957355940701	29.00006035045887	841.0035003302567	0.83912363862989	8.777596086935892
0.16309627458299225	30.671422847009456	940.7361794600536	0.8378186043107844	8.949569721673459
0.1678204740582392	29.203159301630347	852.824513196399	0.833346667576132	8.982768021858009
0.16515518147001063	29.75942274799817	885.6232422940708	0.8462331044688818	8.937547038398478
0.1650597767181362	29.26626079196914	856.5140207435503	0.8491981986212642	8.835305029487042
0.15042693794428086	32.717704192419994	1070.448167622697	0.843058379303757	8.924334597777221
0.17437133417071937	29.29073243358295	857.947006495748	0.8505006468639605	8.867989164116016
