r2	rmse	mse	oob	mae
0.5700366046331085	22.142989984178843	490.31200543944453	0.4604408283855098	5.05484597900415
0.5035331883156847	25.380155556034143	644.1522960484907	0.4251475264874449	5.252023867734099
0.5745238807236447	21.67074622600104	469.6212419917383	0.44127189539414546	5.007242157109354
0.5382834536252481	22.429086518913305	503.0639220728986	0.464743499743154	5.278930079427271
0.5389138963008155	23.023338513290522	530.0741162975665	0.44347246025663845	5.210314528343451
0.5194698029850198	23.732955171343793	563.2531611650141	0.4364391834332948	5.087374567368984
0.5442081073408701	22.9329135365243	525.9185232736995	0.4496476136888028	5.205196899195772
0.5687880091001638	21.23345408115365	450.85957221646055	0.444118152302339	5.167510808039793
0.581477932907666	21.544797946652714	464.17831856209096	0.44681540178820267	5.170714490242322
0.538520665868214	23.232809472906407	539.7634360043696	0.46019610902420005	5.224581203368895
0.5576878506334954	22.06033121207852	486.6582131866057	0.44968380287766374	5.1237087176285785
0.6041954435440926	21.18500487019807	448.804431350316	0.4586403256111822	5.184144124648375
0.5757472104170955	20.828057834890807	433.8079931735564	0.45272162897112	5.133964461165145
0.5331573333247532	23.408417692318935	547.9540188580701	0.44838895885637675	5.206542902976859
0.5966620307520243	19.636650396702315	385.59803880230925	0.45139775132478477	4.98498006416604
0.5873293632110776	22.331034317986706	498.6750937110999	0.4671771906188956	5.252641039366932
0.5443613831286604	22.310187370330926	497.74446049927354	0.4509031688480435	5.144080741792258
0.5642051722475426	21.65990481110534	469.1514764261442	0.44717619238812967	5.01890105888833
0.5832694366690792	19.92620847119568	397.0537840375504	0.4518456916476743	5.012368447581541
0.5744044359427944	20.587120883905268	423.82954628852843	0.44758413859004564	5.092552423584756
0.6009335401881751	20.627159876096567	425.4797245540481	0.46092791239429776	5.047744619889777
0.5847959083622432	21.599202721558882	466.5255582069966	0.4562290271588265	5.2161116709275195
0.5242222115798403	23.05002069927179	531.303454236858	0.44700695901044396	5.335034367862947
0.5432397332725222	23.62940917629291	558.3489780206755	0.43993572359017485	5.161832170128548
0.5720636166195794	19.994905312489013	399.79623845540135	0.45573652035241974	5.19880053397283
