r2	rmse	mse	oob	mae
0.40329581115587165	25.165735740124695	633.3142553417895	0.6224397596528267	6.512268059420672
0.38965623051220355	25.556808141420756	653.1504423773902	0.6304104809320745	6.6051132830861
0.4015585912652656	24.25327652001903	588.2214219565063	0.6272692563686317	6.403676294917868
0.3951330746999838	23.36419103647144	545.8854227887324	0.6229425271852835	6.554409331781351
0.3589054022589834	27.46352511409838	754.2452116927125	0.628317207546995	6.71027915463627
0.37400634082228135	27.19086480506694	739.343128847428	0.6202866868014593	6.711703260509388
0.35073348648069824	25.09758361610253	629.888703367258	0.6059782865577894	6.661692978922279
0.4071148027054696	25.05613814784672	627.8100588839798	0.616134652251792	6.682555485874734
0.4316765834293278	23.907091273947	571.5490131808327	0.6321958988513497	6.574332256756938
0.3684930711887072	27.759420988152904	770.5854535975039	0.6194580421382331	6.770526031926782
0.3642378299453993	26.210379602793246	686.9839989225203	0.6406974114654708	6.791520136733202
0.37690723544497706	26.201883690514492	686.5387089312493	0.623928108238417	6.733437198106276
0.40911778605259297	25.869734897210346	669.2431836519428	0.6238005276708498	6.594130659264784
0.34356573044996175	28.679946967266236	822.5393580452037	0.6036469409945382	6.7803512788831695
0.36803722563246166	27.8485245735317	775.5403209225991	0.6298345252152725	7.006435188486676
0.3778800907849631	26.83100115800963	719.9026231411142	0.6187483444383776	6.648845765568308
0.367428277910855	26.612730210708094	708.2374092679352	0.6184443156167482	6.630276122676481
0.33051109427714864	28.420994093657942	807.7529052717397	0.6306596560554191	7.007409981815289
0.40358755715519357	25.404788781390568	645.4032930270681	0.6245242096147643	6.654758664906407
0.4203633574168766	24.52212031614403	601.3343847994438	0.6356115493957486	6.675752641305199
0.3810844686359669	25.71600169804917	661.3127433340678	0.6323768594358476	6.824590999385657
0.38517867906186376	24.245362113468136	587.8375840131961	0.6392402955846246	6.683694001151574
0.3400849508966902	28.365545871661013	804.6041925973052	0.6095413468652726	6.785485616381576
0.3690034972663685	26.522415516599352	703.43852483515	0.6097423503104236	6.615708503358194
0.36718099030091755	25.517222475220333	651.1286428498896	0.6091931634770956	6.680930285410312
