r2	rmse	mse	oob	mae
0.6820378304555273	19.552601176116394	382.30421275226814	0.33061507636586795	3.8415815167684504
0.6847976657106416	18.493853205522814	342.02260638742644	0.3317496376533362	3.5477421216737683
0.6807681601453257	19.722386586021905	388.9725326484967	0.35127473985905	3.840223630543063
0.6502861115340539	21.367762734418164	456.5812842743896	0.3185607510241857	3.8468531659156446
0.6307310594532549	20.163490201301826	406.5663370979948	0.32730902186216015	3.888535087052266
0.6572927721355977	20.225554626744223	409.0730599594147	0.33023597225371026	3.7963106651317022
0.6812936899548876	18.400799658777238	338.5894280824565	0.3359902633806917	3.812624093602349
0.7032382766281182	16.875939176662218	284.7973230944027	0.3478382694011761	3.638213716576188
0.6717831494991138	17.88983739922082	320.0462821705599	0.3259873315713582	3.683789719029923
0.6783522500578141	19.243825081701154	370.32480377511047	0.34352333840280913	3.8254613472868577
0.6399715280215004	21.50013753998836	462.25591423841666	0.31786607678770173	3.7816433010174477
0.7036662521022341	17.345884843549676	300.8797210056864	0.32955591939655704	3.701786551266568
0.6413272225940216	19.901716965363317	396.0783381694301	0.32670411100391594	3.745149577645704
0.6583022232761763	19.750849333286066	390.0960493861666	0.31781621648500824	3.8213274367111465
0.6775405864781361	18.697326017738906	349.5900002136162	0.33083866671887585	3.7085622055628855
0.6964348502830173	16.931928851051875	286.6902146170829	0.33618179099065526	3.648543955501063
0.6604295246575502	18.528462824658753	343.30393464476145	0.3184812534080168	3.6389418196431516
0.6679789524547172	19.61356287751737	384.69184875032744	0.32628029161537664	3.744847405443379
0.6966117062132992	18.477119594708885	341.40394851717497	0.3294942515334175	3.6479852964103756
0.646428346407149	21.55836589118772	464.7631398983261	0.3125478049115229	3.852888278736507
0.6744699929141693	19.467959792533602	379.001458483705	0.3379056061171972	3.748792050906828
0.6631279155684053	18.35026366590213	336.7321766081279	0.33251331108786253	3.6383386339344317
0.664962423061777	20.42227772316399	417.0694274020401	0.33654506410437013	3.7526070832309117
0.6638481817451487	20.469401744968668	418.99640779692635	0.3372332736918344	3.815400833475138
0.6487432965982834	19.515149726611536	380.84106885206626	0.32300905005365144	3.674564379121432
