r2	rmse	mse	oob	mae
0.7007807208597013	18.308051919398665	335.1847650833971	0.3549683686247853	3.865788480489055
0.6639892360268781	19.254234010471045	370.72552732997985	0.3300207213815807	3.8220399105777525
0.6490470787636402	20.811540642307936	433.12022390643506	0.3321129471409887	3.9053141372673696
0.659735812179643	19.28854349041577	372.0479099816605	0.3252359881979523	3.708691754984895
0.6705922471828334	20.15495268916402	406.2221179024399	0.35929558280596163	3.9245677405767716
0.6872236939849246	18.400426569087355	338.57569792437585	0.35391197883596115	3.862009441148856
0.6678522414410512	19.606199896139678	384.4030743673875	0.34201395332796514	3.8769326716828747
0.6690976517033753	19.329777749079167	373.6403078287961	0.3362106801406757	3.865969630782054
0.6887338249320739	18.01683797041941	324.60645045234656	0.34327976823647954	3.74194729812651
0.6456021541773698	22.20502384796357	493.06308408863094	0.3296900941919444	3.983620853050479
0.6906165560612614	18.654467060130195	347.9891412974825	0.35205824788000184	3.7849493727149404
0.65041113193146	20.23780563089382	409.5687767538376	0.33513679861198065	3.8799511528106465
0.6819864345960067	18.681566309836	349.0009197887994	0.3368656802495782	3.8303360578752246
0.6879629570376263	18.16728208632566	330.05013840412926	0.3340302580189678	3.724203545222067
0.6346198201406887	21.95848315777089	482.17498259010785	0.30843450763691216	3.958268832328317
0.6040202701555344	21.17911297779236	448.5548265260928	0.31077254076559924	3.872536006519536
0.6478963765652423	21.261291292667305	452.04250743165056	0.317463269289906	3.8593700436007445
0.6570310700821779	19.749511219106132	390.0431933935989	0.32849970075186163	3.8665911915653957
0.653087358753109	18.613345948282454	346.4566473904428	0.33280073747613137	3.8757810979756844
0.6937467399612419	17.4713674414584	305.2486802744526	0.34680890932482766	3.7779940236618335
0.692314356703027	17.71194711337163	313.7130705468736	0.35120410916909406	3.6862741232210423
0.665122223196656	20.1952708758419	407.848965748628	0.3410525705496108	3.9228626664212403
0.6960188842570357	17.717230055375857	313.90024083511355	0.34602633188885656	3.8032497938332384
0.6577542172611368	20.45800032529418	418.5297773097368	0.33106988087388955	3.82837630943282
0.6929358317074626	18.024640016375628	324.88764771992953	0.341164534744394	3.801380033916318
