r2	rmse	mse	oob	mae
0.6754480716465937	18.56634250462108	344.7090739988993	0.37465074813376786	4.145486914089752
0.6353883427872383	21.80360009306816	475.3969770184419	0.33460207214033777	4.19895587630225
0.6690603371100317	19.516946865660667	380.9112149570218	0.35747005499711215	4.119514732545147
0.6860555663232957	18.55371035454501	344.2401679203507	0.3717452208523515	4.018553587179771
0.644116318747771	19.973666824272026	398.947366407025	0.34450245144506075	3.9693618865349674
0.6413590408900118	20.441459744624794	417.85327649111593	0.3588498044870163	4.256354881799749
0.6483792215859907	20.585415680545953	423.7593387408672	0.36431764330905503	4.159607013972378
0.620257704072197	21.267533457184875	452.30797935247807	0.3399332508049344	4.119958579946829
0.6480926911804419	20.224755672786124	409.0407420238945	0.35044449549070955	4.068721221163114
0.6791401150519066	17.83476262455625	318.0787578742686	0.3551228626916607	4.052984604239965
0.6558092173445587	19.30717350280698	372.76694866749193	0.35261667777692507	4.030159717324628
0.6492790098093073	20.714369122897192	429.08508815963665	0.3528597123171806	4.1220418365934535
0.6917580850416015	17.326024241533144	300.1911160181942	0.3619287780175604	3.9902960999605424
0.6152828885961256	22.0027590339996	484.1214051082509	0.32574015681279533	4.0854683989427025
0.6328032949972507	21.760474537706624	473.51825210617835	0.3365162546032794	4.1285840411879935
0.6965972088834584	17.84682212278089	318.5090598821813	0.366360516412488	4.009988749363625
0.6875076773421573	17.679359527821834	312.5597533139847	0.35771914451929065	3.9543172565651474
0.6680807932267545	18.127404645473035	328.6027991807174	0.36538695101742913	4.009031064682687
0.6566737801123574	19.959912329940707	398.398100218919	0.3497180442871227	4.018520561174728
0.6764490756964743	18.57175622285408	344.91012920111933	0.3434931707622322	3.9713713310271923
0.6407295074630934	20.23209374246658	409.33761720395546	0.3376955434121771	4.049936574507869
0.6842008117852066	18.81010901782187	353.82020126234363	0.3574074659950408	4.053225485039448
0.645735382740525	19.98669896401411	399.46813547812275	0.3441119059738533	4.1510159754901865
0.6649650634778126	18.76549034677695	352.14362795497885	0.35823682421820147	4.0242747859117225
0.6633067309538421	20.086055956262246	403.4496438780981	0.36028018152061536	4.042386059851186
