r2	rmse	mse	oob	mae
0.6771408255630935	17.930283885937044	321.4950802302936	0.32799493841303895	3.671552446596278
0.7052938923488437	17.393595531676823	302.53716551956796	0.3459308410333992	3.6401162165446466
0.718186395232429	17.73831942489414	314.64797601957673	0.3373237764356125	3.6828011228697997
0.6773272675598276	19.502198379688522	380.33574164072564	0.33791340208204956	3.7154830271729904
0.6632266810522307	19.440173767975374	377.9203561290778	0.3279428075553461	3.7454194704765653
0.6804472478340784	18.344760775190075	336.5302478989524	0.32817483251289503	3.667183489199191
0.6497453601014109	19.828691566138758	393.1770092250623	0.3170935765845164	3.6637881636248966
0.6896950594053142	19.312081824826596	372.95650440879774	0.34266442594712077	3.752269881329702
0.7056632904313052	18.713347741887304	350.1893837087987	0.3344833930159512	3.7926265567654
0.6340846420194557	19.343493884548916	374.17075566158127	0.3099551434434751	3.6293453390269628
0.7211296696278077	17.01621000925399	289.55140307903565	0.3450475601981119	3.5989171045105484
0.6415082501936189	20.932328934445497	438.16239461982417	0.31289136453083366	3.8200926255247407
0.6659717846979833	19.824338832788936	393.0044101572234	0.3361131532223054	3.857895058047606
0.5933281780936726	23.01657394407579	529.7626761231087	0.29473901608277275	3.8565348259983336
0.6588255975573755	19.044124215550188	362.67866713730507	0.33156779295854033	3.7766363671659047
0.685138877803998	19.091884773350372	364.50006419888774	0.339987598054589	3.7969058812517846
0.6482864335520226	19.34103450716115	374.0756158071984	0.327191538445074	3.7511626342351194
0.6502868658313021	20.925369059606933	437.8710702807551	0.315800657640807	3.797062049947294
0.7133057174567918	16.539808338520746	273.56525987500044	0.3448647230871431	3.5418570103616287
0.7066421690337661	15.952426677557392	254.4799169028448	0.33777470690634626	3.589455420820137
0.6608214166113833	19.207974700722083	368.94629210357965	0.3328232489102678	3.7049624955359826
0.6424292836400072	20.675206485742297	427.4641632280804	0.3216242566824705	3.9355219973061137
0.7000493185851404	17.294330038659545	299.09385148608186	0.3375001694652876	3.6329591757634443
0.6951864650955366	17.87163783025677	319.3954387358649	0.33092426212550385	3.610938513145138
0.677573711412115	19.030711301975945	362.16797265915494	0.32380145714519915	3.7484789091930275
