r2	rmse	mse	oob	mae
0.715828849702534	17.419427037085345	303.43643830033994	0.3675067477969505	3.9930049100886373
0.6454438550387711	19.815185448601426	392.6415743624657	0.3306535322286137	3.9061585351982977
0.6635009828799263	19.12462375500758	365.75123377060015	0.34030673364761765	3.8770752533330595
0.7024561356038295	17.168604740656495	294.7609887408927	0.34289984325998824	3.8371002227432784
0.6539276901258366	20.63935209947153	425.98285508595984	0.34862897144547733	3.9781237173731134
0.6494071024271433	20.021845173085755	400.87428413501726	0.3299250168888125	4.03405445869068
0.7207570790297446	17.401323224924948	302.8060499783124	0.3658759383065313	3.875205677088253
0.6714481107106527	19.874340324460313	394.98940333246924	0.3451358258273586	3.960928601443115
0.694911322104543	18.39515132182528	338.3815921528504	0.35800005700470294	3.928787838191163
0.6711117807291048	18.35439123733108	336.8836776930159	0.34030938673275957	3.852793762395168
0.6258038496297329	21.2176294294026	450.1877986034512	0.3253227821787721	4.070977061686335
0.6515894359625082	20.78144805796501	431.86858338589775	0.32765243359080465	4.044207660790711
0.6529166868184132	19.668154947991727	386.83631905821153	0.33767686973144184	3.9981729079158415
0.6382762381303617	19.671591795840836	386.97152378219255	0.3374342823606934	3.844742744814226
0.67569349195938	17.804448958445636	316.99840271389587	0.3407358915533172	3.950505749995753
0.6966685782617195	18.31968345147338	335.61080176218763	0.35517614145992504	3.973414797748882
0.7117217736930875	17.05107347881923	290.73910678009247	0.35618845667394516	3.8564289370553686
0.6581276013260609	20.31324249104479	412.62782049998754	0.3457096758490814	4.108958173224667
0.6611069337553985	18.853989471027628	355.47291897362066	0.34173031604556725	3.854987904971493
0.6385645994160561	20.22676807593063	409.1221467974864	0.335417764881887	3.9706947480912422
0.6393652279800504	21.125975557098982	446.30684323914363	0.34345379265517906	4.065021675810566
0.6522984042438962	19.85488623818102	394.21650753111004	0.3348711123114564	3.8929618407778164
0.6803273883312626	18.441257393819143	340.07997426508916	0.3423490099506936	3.8896813523879987
0.6646696788824125	18.836072613291133	354.7976314931762	0.342759653600859	3.9063904535380156
0.706087183319116	16.37403897778281	268.1091524459507	0.3521276313067365	3.9375085764943747
