r2	rmse	mse	oob	mae
0.6516518173281021	20.476235330625816	419.27621331516895	0.38651523332127424	3.9706795253227463
0.6215474819882802	22.06657174089959	486.9335883962683	0.3722745624141397	3.9723729123501457
0.6359186496434259	22.06641581229572	486.9267068011346	0.3934189500579808	4.166170180110607
0.667945778949149	18.623376619588445	346.8301567150336	0.379864988484206	3.9539994898867232
0.6446339953969776	20.12137257221856	404.86963419002944	0.40104150353659385	4.056033861102896
0.6400297949925668	19.821571146442786	392.8946827134932	0.39679021193215624	3.919318103467439
0.6503944833306018	19.174147195051113	367.64792065748645	0.387171081257371	4.000729111759826
0.6229743560000496	19.92342783406915	396.94297665936136	0.35577931783668404	3.9635829778972806
0.6180246839668173	22.081766979557095	487.6044329394581	0.3749707770431179	4.145929849604371
0.6747769978703357	18.744131628524695	351.34247050745984	0.41819604730440085	4.011494907936963
0.624454668787786	21.562663925966604	464.94847558418155	0.37229714645545753	3.9599726128772508
0.6589151184489797	20.722797928561004	429.4343539879722	0.42056774677176945	4.05210974885169
0.6560038405909897	19.546530149117558	382.06684087036166	0.4487747826028574	4.041232957872068
0.6939653913553214	18.65503153772015	348.0102016733333	0.4372553724934165	4.010012433979613
0.673589946684561	18.86230663063145	355.7866114279632	0.39644110736562854	3.9031261045236305
0.7007329382940032	18.113317783137273	328.092281112917	0.43640077365700214	3.9211989015056807
0.6678589392376326	19.01939524878125	361.7373956293629	0.39785150424111226	3.9621037090906746
0.6304960677163309	20.32331509497317	413.0371364495644	0.3752556070246298	4.064232376023687
0.6830185728892308	18.008205955691764	324.2954817426123	0.39456332354117607	3.944345686280529
0.6582494239143855	18.25504767585542	333.2467656477544	0.3877073564510847	3.9241395914074095
0.6261525321084631	20.457847838008558	418.5235381631114	0.4120700711381503	4.22876372372848
0.6893553317187476	17.8671426346084	319.2347859254412	0.40189504367046447	3.925542148648772
0.6612903428071544	19.094804599315268	364.61156268603156	0.39130404073745806	4.038565138897866
0.623166568854857	20.69414188191374	428.2475082287764	0.40666697939758356	4.126338723667874
0.6408454651340836	20.128287473209248	405.1479566041523	0.4098032544669279	3.9887596967976635
