r2	rmse	mse	oob	mae
0.5731427581719225	20.983132874688945	440.29186523685195	0.5099386625033606	5.204781191740068
0.539839542176322	23.64513525249235	559.0924211086564	0.47576631694681704	5.215964725913352
0.5450551113915912	22.89196794862352	524.0421965608065	0.4601180484643549	5.269976657761889
0.5699137401676555	20.075832171755213	403.0390373884816	0.4638119726098858	5.1180087420344185
0.541007661461837	21.611860239574494	467.07250301490086	0.45785369904480944	5.056152750640649
0.5449693066404759	22.751740346597863	517.6416887990091	0.4617375862429066	5.150607844396153
0.5708398846802099	20.810261683371227	433.06699133038865	0.4732167876997393	5.043838318050789
0.5625285054047796	21.975954318482213	482.94256820801695	0.4546415791121443	5.043827726145237
0.5376579740307488	23.36576665023479	545.9590511532242	0.43817692455927404	5.123322752375487
0.5653788913868402	21.15266788818257	447.43535878775003	0.4594860082766812	5.0362233069431
0.5754728025893132	22.0328974760295	485.44857118922715	0.4739339171883914	5.1199389279006295
0.5484099890140299	21.990411881846526	483.57821473325686	0.4408282411693476	5.210995997133336
0.540731442517876	21.102852725805523	445.3303931670376	0.4569728805589409	5.022889576015568
0.5441944099277287	21.771180231052366	473.98428865296535	0.4815666143558205	5.05743666919178
0.5843382584508083	19.70869324014882	388.4325892342877	0.466528931835968	4.980652073973434
0.6174092187522824	19.205088364517625	368.8354190889302	0.45877229056732616	4.916679281177994
0.50991577770956	23.42611714096464	548.7829643021972	0.43413370298379905	5.068434463663744
0.5610678510255241	21.637871641401752	468.1974891697781	0.492604295060072	5.229062598355657
0.537293549599414	22.881597464573588	523.5675025307804	0.4693631894585284	5.2893180751463085
0.5702776592695409	22.035339596233243	485.55619112132456	0.4734676876499715	5.2214413537255595
0.5482821807299718	22.719296287044436	516.1664237785111	0.4656752605431591	5.192695394215648
0.5691246201078897	21.125090158537102	446.2694342063211	0.4833350448585296	5.197074870622506
0.545714881118964	22.52172909446452	507.2282814044496	0.46969414578684354	5.252761159852279
0.5117267623218942	24.413535887429333	596.0207345268	0.41943995387069744	5.10165903352617
0.508688071606636	23.365524179221485	545.9477201697838	0.45406227778773656	5.311156796144528
