r2	rmse	mse	oob	mae
0.6224427473977349	20.667406038951523	427.14167237888984	0.44199365123612644	4.788146937252419
0.6049445464476244	21.788619043432984	474.7439198198504	0.42703810529163144	4.851991103066995
0.5685936354665029	23.36167981986265	545.7680840057778	0.4066384285747906	4.855695411629789
0.5643149253644508	21.331342532831115	455.02617425296984	0.44034336357311665	4.834534822499815
0.5714071561171101	22.723087594308616	516.3387098186222	0.428406574336883	4.930222930067277
0.6274029623538033	20.237282043434586	409.54758450552	0.44135090934786336	4.78040294072078
0.5835943254287508	21.0346338702328	442.45582205474483	0.44073184699273815	4.876034391023963
0.5701534372195771	21.434460090644308	459.43607937742354	0.41967155307725923	4.749697370601626
0.6107063292818522	19.468172767703194	379.0097509131403	0.4271181355383935	4.774887796820241
0.6217793966495221	20.580383915915554	423.5522021264757	0.4410255283421456	4.895016701362788
0.5510512144115027	22.915098411834776	525.1017352240727	0.41645132353154457	4.915647968546322
0.5527556141048233	21.831577176516266	476.61776201418587	0.4083056298969472	4.6959139871231885
0.5282610525744178	22.218152367635263	493.6462946314564	0.41879783153192407	4.8595720104985904
0.5250817689114442	24.438288656847604	597.2299524754063	0.39682698845267805	4.974226420410993
0.5798658843306264	20.819036022480645	433.43226090534677	0.4174209430381064	4.815653392057639
0.5604230756763467	22.205678026854386	493.0921366323237	0.4157305479082887	4.935731500181208
0.5863987854541072	21.09532947049783	445.01292546885423	0.43577529275028515	4.928765823179054
0.5892191380194803	20.984372464063444	440.3438877105441	0.4530104121125512	4.9481583346941544
0.574107904205688	22.296532140054925	497.13534547250225	0.4200922645848526	4.9241664553634505
0.604122779531918	20.858971455368884	435.09669017589397	0.44764475754748423	4.8977619336117755
0.5866811539484318	23.283917160216156	542.1407983238084	0.4127293001514154	4.912692068581064
0.569228804685811	21.67689042022828	469.88757829058454	0.41531187521560964	4.8605400634256934
0.5844336997672078	21.76621310132853	473.7680327724456	0.4315338564799811	4.923254599488216
0.6022906476064867	21.752301719153664	473.1626300810955	0.4346728949133448	4.89691951452972
0.5938235771898754	21.989212651123147	483.52547301631427	0.4153804307653688	4.802332868178263
