r2	rmse	mse	oob	mae
0.6364708486439725	20.664358231734777	427.0157011294648	0.3452136047296773	3.9075360194042505
0.6556389397901923	19.843500609724117	393.7645164481214	0.3490783313770405	3.9101852077576598
0.6486000922143326	19.758595646859494	390.4021019360949	0.3585601462727208	3.844827955455483
0.6781372197383118	17.868239415624195	319.2739798140661	0.35133560592845015	3.7308607975021943
0.663574590115617	19.5635695124718	382.73325206931617	0.35123330824147725	3.770402542735984
0.6553310158163219	20.592349898435003	424.04487433957615	0.33743172898908724	3.999790692534693
0.6588580616408961	18.8630542201884	355.81481451376743	0.3673566294356112	3.7761801074173467
0.6051100640012022	22.593905189512736	510.4845517126905	0.3127664273751374	4.019850196115471
0.669118235686701	18.90338119743426	357.3378206955112	0.35835835426268536	3.893090011388023
0.6935380627345854	17.433118087251692	303.9136062440621	0.36511317381741726	3.8226134554543774
0.6734402655241991	19.994979729163763	399.7992143696698	0.35358273897691195	3.943647189630925
0.6690947687014259	19.020704969762598	361.7872175467516	0.3467217961974268	3.773307540017115
0.6503726520230039	20.67829480294064	427.59187595732186	0.36528898580093694	3.9941280916372555
0.6847163669967098	17.471100987046135	305.2393696995644	0.34789081270690114	3.755894953071464
0.6511209620961815	21.085358600896704	444.5923473284086	0.351469376555853	3.9457890677018326
0.7344725963676755	17.068545649530243	291.33525059009776	0.37841444664842616	3.796656945336635
0.6675379374369745	18.918841341212534	357.9225576939725	0.35515708314455063	3.968250481321098
0.6954804723364698	17.548657807237685	307.95539083552416	0.3675139075427488	3.7889319834254076
0.652915871413915	20.870009350318607	435.55729028238613	0.35891142751545857	4.011212063416706
0.687016174280118	18.528877707707924	343.31930910719564	0.37038964757154136	3.8189410573295497
0.7224336226898899	16.96561426350447	287.8320673380263	0.3827701628610626	3.764065907690731
0.6820604728796211	18.61067601876994	346.3572618756186	0.36558842613834397	3.827196758441904
0.7212741246917086	16.363177197517746	267.7535679973647	0.36574033207993395	3.718832798160776
0.6560187289391091	19.108479313795186	365.1339816857385	0.3665784863452415	3.9810820906197177
0.6857024142205405	18.67616763865041	348.7992376669728	0.35758049513954926	3.7864702947612217
