r2	rmse	mse	oob	mae
0.489438012935711	25.512658496758064	650.8957435722015	0.470853760395464	5.507136365748083
0.4822141998851771	23.428884935888384	548.9126493390977	0.4661627846223959	5.296702706384529
0.4644316820998723	26.439318396006325	699.0375572453984	0.4855959096116207	5.676184284850131
0.5152107161641617	23.205483604785726	538.4944693319791	0.49957973483310636	5.532758909766288
0.49039550889218253	24.200699677460705	585.6738648786467	0.4836530219793448	5.646002288325129
0.5065645881074484	23.525569960561608	553.4524419692787	0.48703040672035414	5.542589600500446
0.49792647933879597	22.898593886692662	524.3456019876785	0.4856304488458434	5.623567337573812
0.5282033112975484	21.62167380752185	467.49677823887646	0.49086320700389385	5.4271189265622795
0.5160514942080109	21.376947081658816	456.9738665320413	0.47829252196656813	5.327060962847159
0.5086029106035597	23.18794863204842	537.6809617625162	0.5049319213430745	5.586688033011956
0.505545133898049	24.16726623075758	584.0567570683157	0.4925479894174388	5.5269390845094355
0.5125763973708676	24.219670987851682	586.5924627597844	0.48782086422237747	5.677160670413029
0.5281661104984958	22.292932094831162	496.97482138475334	0.47165951048506993	5.298607455323528
0.5357323876544668	22.32869047999002	498.5704185511969	0.4984170165079913	5.402793541236027
0.5485552523832042	21.3541927367142	456.00154743673755	0.5065343652281756	5.460523070056321
0.5262315951533587	22.98498609596372	528.3095858316454	0.5044971834428114	5.729051342041836
0.5545824201021936	22.480802441236836	505.38647840192016	0.5028120572589431	5.529066337775451
0.5277802651665853	23.337886426276715	544.6569428457909	0.47038343403369653	5.466756125570551
0.46402813279545074	26.35765387326587	694.7259177028874	0.5062578705821845	5.950652336973908
0.5355826451629389	20.92809472072265	437.98514863953926	0.49199095689683925	5.432363115641897
0.5292041342959314	22.034303236664343	485.5105191252767	0.5156480416818441	5.396349424895354
0.5349105365077076	20.602640262519397	424.4687857867853	0.5176140737477792	5.346553957108979
0.4993067758932481	24.00751101339559	576.3605850583106	0.4927553361630207	5.606175743957125
0.5004987601069046	23.32187466797809	543.9098380288781	0.4968582839019724	5.550075646659521
0.5251852926906961	22.41192394350342	502.29433484938187	0.4770297637616262	5.500593771282215
