r2	rmse	mse	oob	mae
0.6549107417333339	18.946635655402034	358.97500265855166	0.41907865597414395	4.525947222499521
0.5678336169990086	22.89643547521259	524.2467574705737	0.39481549001338456	4.588141507585477
0.6411298227519011	20.00694272698616	400.2777572809044	0.4103890206746543	4.582400764114479
0.5703836092538568	23.41270651217443	548.1548262252151	0.37517015207916526	4.787855001357104
0.6145072662861655	20.599467907357354	424.3380780662456	0.4200574852395078	4.666751542592174
0.5980102990268037	21.544964445266093	464.18549294778006	0.39780185640082977	4.593776982519321
0.6479247809274995	18.859681472559625	355.68758524640884	0.4047407426872196	4.5419865701318285
0.6044730770801019	20.60731962150322	424.66162198279153	0.40449399489752413	4.555419147080322
0.6034070639712965	22.89702845367507	524.2739120084058	0.3948531385131402	4.710613174102379
0.6231872674226122	19.38582745732891	375.8103062053275	0.41175102756621307	4.633261765783364
0.5940756209108538	22.474238761307003	505.0914079002342	0.3902710201440136	4.732546987160892
0.5780472662122047	21.6718874333202	469.67070492250207	0.36955384463507257	4.497988192488468
0.6579795904047845	19.247226586363162	370.4557312668049	0.4198644998338692	4.556575628816533
0.5844991240169775	22.150872649560036	490.6611591370268	0.3896657507027901	4.593083990869978
0.600942742112003	20.740794559854724	430.1805589740993	0.40873759718256863	4.653333012831129
0.6228221887898869	20.394744681291254	415.9456106150579	0.408509814716177	4.59453414299217
0.6146986424317343	19.5731837794541	383.1095232642852	0.39819400243460523	4.59312974816092
0.5489661171987683	23.1712950854883	536.9089159387742	0.39255678523398807	4.816337098809839
0.6425975890841207	20.848864948690533	434.67516964873664	0.404634630180166	4.590054592186199
0.6160332678202545	19.824772118658665	393.02158955674594	0.4070719290161895	4.515989334121505
0.5664358718865723	22.390706014135212	501.3437158114308	0.3771816666441181	4.63077895878438
0.5924318907881778	22.109407748947305	488.8259110092111	0.4036917582940386	4.667340460648811
0.5640464227294089	22.724638094017482	516.4091765040705	0.3789581431525548	4.619068771852967
0.5544565651307848	24.73993379891728	612.0643243748096	0.35597194277063193	4.835787708634738
0.6503169762293128	18.441036630116336	340.0718319932925	0.41218307609538285	4.54700305335409
