r2	rmse	mse	oob	mae
0.6857758960882527	17.826212963739742	317.7738686286029	0.34882886225816123	3.739421226570623
0.6364298678861979	20.718406380940117	429.2523629657801	0.3265774226380376	3.851952501377672
0.657847276593992	19.055907863376998	363.12762449751324	0.35164098695701373	3.796206711833204
0.6642770553244394	19.786393106401906	391.5013521610689	0.353787963508319	3.677037040674072
0.6595608308840168	19.738414367785936	389.6050017544183	0.32758219180571957	3.8011555553458773
0.6351224009567034	20.624363460898692	425.364368167253	0.3324116185032624	3.781371129908188
0.6670288608795747	19.30532926167805	372.6957379018028	0.3182867627024706	3.653408477731057
0.6772951453991478	18.683486846647103	349.07268074883524	0.34492083871476575	3.71579983099243
0.6516744697601542	21.121664152029375	446.12469655112284	0.3367165824939844	3.8203792183155936
0.6582678961189132	20.203885713764567	408.19699793485995	0.33232775547449034	3.8196455542056493
0.6865512853645133	19.83603622159296	393.4683329843479	0.3540713676283225	3.7782347208169162
0.6703822761347096	18.87827208740018	356.38915700591275	0.3244644633752707	3.7532307640712785
0.66384270727543	20.40179277167227	416.23314829825887	0.35858859919699637	3.924272492288662
0.6668376862212202	20.00116634366764	400.04665510706315	0.3535949227653483	3.8684199502805408
0.6130157920864119	21.721757628989852	471.83475449257884	0.31419964481701745	3.856303202525728
0.6392879286636136	19.29619402437279	372.3431038262403	0.3315401775687705	3.7846290310906125
0.6856734937908457	18.00747893078883	324.26929744280375	0.3343052303321784	3.66545244338766
0.6829844422229174	18.12584495786368	328.5462554365122	0.3400616145828541	3.651128102275716
0.668373915528183	20.991846495651547	440.6576192969982	0.34464991358202735	3.89246374117784
0.6685638418496876	17.957933077539295	322.48736041737993	0.3359416099573549	3.6438076018828203
0.6977013162822745	18.38522454887121	338.0164817124166	0.35792587772781137	3.6831749337329778
0.6956177961758755	17.355176510542197	301.2021517120756	0.345697732775484	3.6830865839904163
0.6698449857002473	19.804495418322816	392.21803877436935	0.3194077963160701	3.697771526156507
0.717230199716095	17.52780146727011	307.2238242760362	0.35337079634349855	3.7342802468766814
0.6445108712545381	20.538886932650364	421.84587643219584	0.34877552115945876	3.8771393411472537
