r2	rmse	mse	oob	mae
0.6773461196806712	18.53277416972713	343.4637184261051	0.3365704464716548	3.6675699914637505
0.7100141988658972	17.25935827263915	297.88544798331753	0.3497192017422417	3.655188513548895
0.6471372341948176	18.80867461783048	353.7662408794206	0.34656613883277443	3.6970906394911336
0.6683139163967162	19.372626254681155	375.29864800356154	0.32002953294082637	3.7484354171541527
0.7043412238525548	16.98874737797809	288.6175374727575	0.3469441311130038	3.6038215531303037
0.6629808108725074	17.454339065470673	304.6539522124157	0.33481087145873145	3.6193074098365496
0.6632612623021885	18.290633105421982	334.5472593971586	0.3348425754681029	3.6278798141249786
0.6500733382064703	20.379290505165738	415.3154814939384	0.3387850263270924	3.725032902597943
0.6809521777204586	16.274893244614237	264.87215012359013	0.3362564001500128	3.5611763928501805
0.6893182834472735	18.185889142492428	330.72656390302393	0.3503041301175648	3.6754771623450275
0.6828863385084338	18.724160022254182	350.59416853898176	0.3365469590705803	3.6774848398345634
0.6064856823352573	24.142653434312333	582.8677148493131	0.30663714215249693	4.022918304752186
0.7065256692391211	18.62438161671339	346.8675906049716	0.3719244462654847	3.7691115951535568
0.6773369935571973	18.984884678712522	360.4258462640135	0.348046615008073	3.715338603905656
0.6593023569672789	20.449803042340978	418.19444447053826	0.3381131429439448	3.754155229548301
0.6574406751111814	20.169755541661917	406.81903861040166	0.3338106035056201	3.7187683742024396
0.6837669455585786	18.40578095914751	338.772772716117	0.35040516071712124	3.724215508120994
0.6699946779070519	17.81225542308185	317.2764432571088	0.3398741975461095	3.6380896996250853
0.6488506825941445	20.559810864489677	422.7058227835878	0.33355491491405953	3.7593693784414985
0.6595213785031525	19.309303168012644	372.84918883422307	0.3365744768874981	3.664900294316347
0.7363987712701267	15.30428601387637	234.22117039453184	0.3555030303428708	3.562670527378692
0.6904599282375309	18.72855020147711	350.75859264924827	0.3450415796649693	3.6617767840415376
0.6915190434232765	17.81435921242036	317.35139414914613	0.34348150132960453	3.64373740127235
0.6642257633182582	21.16205357028357	447.8325113115516	0.347972431554634	3.8513251604226717
0.7148944826857779	17.75261803338679	315.1554470393298	0.3413207356963103	3.6606115352372113
