r2	rmse	mse	oob	mae
0.5311135235760398	22.742922289914212	517.2405142850766	0.4902177499911389	5.552006749446416
0.5032317060576916	23.01953048471888	529.8987837369019	0.48385289302001255	5.608101543563191
0.5142864181796762	25.063105658094187	628.1592652287928	0.5053238439158508	5.501364017488687
0.5066355621882782	23.524042262198524	553.3805643537023	0.4988670044698229	5.557326192741709
0.5145100916434244	24.862879209826932	618.1627626024442	0.48409675916791994	5.574032662059028
0.5488713564741816	20.622955343267503	425.3062870904056	0.48451162662162606	5.288665460127524
0.49990363715622577	25.01760474391812	625.8805471229144	0.4914577109613012	5.6257764900265945
0.5012397223147815	24.978987299528455	623.9498065100039	0.5060371557168234	5.6689753081282985
0.4824523225655607	24.29268256070696	590.134425995276	0.47291241111179083	5.636314053680001
0.49630330632671105	23.749709989926146	564.0487246055978	0.476578227284548	5.57726965619932
0.48774982331399486	25.24251152201901	637.1843879392626	0.48140389804799766	5.55780762078914
0.5424715373620331	20.614662261041968	424.9643001368279	0.4843626080405812	5.311248096731335
0.5450757011531637	19.72242793865332	388.974163795373	0.4879016386153514	5.299559319782347
0.5077720078911483	22.44286131618571	503.6820240575449	0.5029708662911752	5.526874151989098
0.5177405506055408	23.132282822976983	535.1025086021959	0.5018242208340954	5.657646696966409
0.49840989424378046	24.74322019103338	612.2269454219619	0.494616905006211	5.639749494052665
0.4834026624885953	24.37507451037616	594.1442573863895	0.47878808023851915	5.593310264963034
0.5239990987617267	23.90177938298172	571.29505767273	0.512788742391039	5.719359211373831
0.5621053015600596	20.259867633963353	410.4622365457158	0.4982012539596321	5.2612806416491305
0.5881739397399333	20.444998953228303	417.9979821975064	0.48311518056454084	5.17321588603777
0.5031452703686186	24.498904038137795	600.1962990698843	0.48976111907639397	5.657569273669264
0.5109140985214813	22.97485409334456	527.8439206104714	0.5124657532991826	5.657254115142457
0.5250714362480853	23.010375417238045	529.4773768422328	0.4893836703148522	5.3516711791971545
0.4853544912439077	23.742019531269463	563.6834914231807	0.4954002967776834	5.587933124387362
0.5722178432738902	20.781196653052053	431.8581343328218	0.5071953975119495	5.385188825604061
