r2	rmse	mse	oob	mae
0.5035689414430005	23.74071952092431	563.6217633711966	0.44849092175830263	5.289006687769781
0.5312017418287117	23.914255418081403	571.8916122012357	0.44427053856066223	5.221387642193896
0.5296169768835706	23.189746177351598	537.764327769993	0.4147041510259415	5.15206922976245
0.5383818411535204	24.60177781901443	605.2474718561505	0.4528280567518722	5.339238260954512
0.5657518548609513	21.725419827945892	471.99386670050444	0.45801655413947073	5.080894044499422
0.5607610826666038	22.456990511988334	504.3164228555341	0.46957983209682275	5.212249092151767
0.5668169486422829	21.34338527444375	455.5400949733423	0.4370266630819315	5.096701924351644
0.5227513326897235	23.276176067678513	541.78037233357	0.4192736444236891	5.035591329106801
0.5607391249711341	21.93115220598699	480.975437082168	0.45415457716488605	5.224365319754663
0.5403698295824422	23.73236456105062	563.2251276586113	0.43355515844337644	5.222603162514179
0.5337098719705409	23.54254402907398	554.2513793608869	0.4405851871550096	5.108464431027771
0.568715166070048	22.130708918482334	489.76827723459354	0.471664572827624	5.099209380152711
0.5462356449228387	22.352087947338276	499.61583560554504	0.46788024544569207	5.292255243166464
0.5498850309686762	21.406375842037676	458.23292669057423	0.45542567872752016	5.0632946577884885
0.5782944430801383	21.413667867668245	458.5451715468075	0.44863810099617507	5.108468096638147
0.5637501018876736	21.539001792545022	463.92859821925765	0.44828141073132666	5.16911375131122
0.5703124049646874	21.00001898051507	441.00079718199316	0.4494962704516251	4.913292104555821
0.5620999562844636	22.49834468998701	506.1755137894668	0.4523388849673359	5.3095705983021695
0.5649191997682914	23.08253785611526	532.8035538789941	0.43418972626307084	5.146982151147256
0.5526518961687559	22.539528004996942	508.03032268804145	0.43605156592417293	5.126849151413447
0.5313029317275549	23.575537104810902	555.8059497803156	0.4367311132243967	5.264020596260955
0.549851919467794	23.875351176091492	570.0323937816934	0.4387734830105392	5.204234823818776
0.5283119392185575	23.54131774795782	554.1936413103138	0.46185061280117967	5.466740861045939
0.5796247220806355	21.579843757400507	465.68965659381763	0.449886765295747	5.174148345036591
0.5316345357964005	22.830203085802697	521.218172938995	0.45189228416432003	5.253419159356624
