90	15	0.45843533344441895
30	4	0.5517891230541905
90	3	0.5877083366125991
1	3	6.798807143982802
70	20	0.4610243512595032
150	18	0.4533510591319231
80	7	0.47207674798430765
110	10	0.44975832430450213
30	15	0.48776411691216587
170	4	0.5440453576119798
60	13	0.46785207857206124
140	16	0.45289178838091154
180	1	0.7035811809642872
180	17	0.4508639587252267
120	6	0.48382789387156877
200	10	0.4484576182046136
190	19	0.45228678769263864
70	2	0.631625698642175
140	8	0.45807824203161673
130	19	0.4535467263014949
60	6	0.487493687008151
200	9	0.4485989783891535
120	17	0.4556584274184795
170	11	0.4516866566760654
190	5	0.5096013598088103
50	14	0.46964653679317186
130	2	0.6311432073111323
190	16	0.4509121344007852
150	3	0.587252881217227
120	9	0.4578645243610355
180	18	0.45299242939712414
10	3	0.7038466290995586
120	18	0.4570344916352784
200	6	0.4837824314979299
160	10	0.4481439276240099
140	7	0.46998968140115016
40	15	0.47404821193199076
60	9	0.45979020552481187
10	13	0.6917868004378329
130	16	0.45588635656407583
80	14	0.45886493507732795
110	5	0.5111337930268572
40	1	0.7065310330732112
50	5	0.5119975862010276
140	19	0.45636510786543316
1	11	6.920026342066893
70	12	0.4549510281917556
150	17	0.453921341278117
100	11	0.45255015235080037
80	8	0.45763222319617397
20	14	0.5123421662379638
100	1	0.7022859619688597
20	8	0.4911701486388405
100	6	0.48697531655621373
20	13	0.5069437217281481
100	16	0.45898551318632164
150	10	0.4518369105149902
70	15	0.4615325413011215
30	20	0.48865500991444455
1	16	6.958014985100379
110	18	0.45649415065633514
50	2	0.6309670927358049
90	20	0.4596917690840642
40	6	0.4906906172432955
160	8	0.4587180436300277
110	2	0.6323360748002012
80	13	0.4551306477290894
130	11	0.45050856438513043
10	14	0.6863157104954811
40	12	0.46809939700981984
160	17	0.4505815651296631
200	1	0.7000988928376146
170	19	0.45437186271504826
10	4	0.6611835382473877
180	9	0.45140176721908626
200	18	0.4514640755189089
150	4	0.5407472278194058
190	11	0.4484521410152263
130	5	0.5052386933174988
50	13	0.4649718208936585
190	2	0.6297342995561229
170	16	0.4493034680590563
120	10	0.4531814555290651
40	20	0.47740155750039653
60	1	0.7027120152188328
160	18	0.45466280449609153
70	5	0.5128468489724938
200	17	0.4513023233754028
120	1	0.7043467268905391
180	10	0.44782133084349995
180	6	0.4853974270105805
140	11	0.4488831625694384
1	19	6.94438783389733
60	14	0.46282115058003825
170	3	0.5866525119436029
30	12	0.47813949046673815
110	17	0.45571241143423896
100	19	0.4591115089483469
20	7	0.4932643983599226
1	4	6.793079195281385
100	9	0.4544167351216398
90	4	0.5469085721177254
30	3	0.5902877301045693
90	12	0.45493416907415757
40	9	0.4637588079313401
160	7	0.4657721960487382
160	9	0.45205041747227853
40	7	0.4754899797549848
110	3	0.5888705586336423
80	12	0.455363656110558
100	7	0.46888074136793295
20	9	0.4872250913096267
150	11	0.4482824133113198
70	14	0.46028576113263175
20	12	0.5027274234336836
100	17	0.456925014836254
110	19	0.45596018530506405
50	3	0.5910028965020985
1	17	6.931719367920714
180	8	0.45557132892285596
200	19	0.45033342515566893
190	10	0.4500178864353847
150	5	0.5101055581584284
40	13	0.4723066714215144
140	1	0.7029925423618407
160	16	0.45225480968282983
130	10	0.4517680911822077
10	15	0.6879631292800322
170	18	0.44968224389093875
10	5	0.6402813326236074
50	20	0.47360814566225173
70	4	0.5433174769319983
200	16	0.45051088364828906
180	7	0.4691453683880865
180	11	0.44579467812756995
130	4	0.545454253660141
120	11	0.4485246691169504
50	12	0.4644706304135845
190	3	0.5884343527638292
170	17	0.45031677911900325
160	19	0.45086472107498154
90	5	0.5105855758121804
30	2	0.6341151075116301
80	20	0.4634449368635413
160	6	0.4839735766426338
90	13	0.457264549598834
40	8	0.47051608302030445
30	13	0.4859300161609413
110	16	0.4587755828533062
140	10	0.451554253383161
1	18	6.9684285037455584
60	15	0.4639230137488552
170	2	0.6252227272220394
100	18	0.4593437239446182
80	1	0.705113231952372
1	5	6.847364846258751
100	8	0.4612772724578446
20	6	0.49852413993598566
20	20	0.5200575293633718
20	1	0.7104826317803404
1	2	6.870922504594193
80	6	0.48993637730796363
150	19	0.45234523601461146
170	5	0.5096144094103819
60	12	0.46145261345211175
140	17	0.4523255566983994
110	11	0.45324212829661337
30	14	0.48732512881864226
90	14	0.45841024412607434
160	1	0.7051538543647936
30	5	0.5169640000181276
90	2	0.63002469223452
130	18	0.45725881513657074
60	7	0.4730580388464476
140	9	0.4518100684996283
10	20	0.7037242843498265
200	8	0.45385848857801264
170	10	0.45206116790547335
190	4	0.5423665428875052
50	15	0.4688984407100658
120	16	0.45446188910261015
130	3	0.588202756037829
180	16	0.4489936919974125
120	7	0.47117396120007904
200	11	0.4459356629175948
190	18	0.45166200404393986
70	3	0.5872012814161028
10	2	0.7456759977257549
120	19	0.4609986671020887
200	7	0.4662461497685176
60	8	0.4609543641382406
10	12	0.6632701609484122
130	17	0.45429232211390513
160	11	0.44911361228829316
140	6	0.4858546091110341
40	14	0.4726788616036874
150	2	0.6295594895167043
190	17	0.45311577029850336
120	8	0.45933214946300405
180	19	0.4531534817140777
140	18	0.45121764978189616
1	10	6.8608789324000545
50	4	0.5476179465494304
60	20	0.46695064024970684
100	10	0.453081681809564
80	9	0.4568619491008484
20	15	0.5150698028391545
70	13	0.4635013362951624
150	16	0.4540584966732475
80	15	0.46264274968804237
110	4	0.5455996665697701
190	12	0.4473705979482662
70	9	0.4612993566190488
150	7	0.4686596441813252
200	2	0.631292745466503
140	3	0.5880851192844101
40	11	0.468791778397454
160	14	0.4515972291131129
130	12	0.4510859304181043
10	17	0.7007867431035308
10	7	0.6244104851574069
130	9	0.4513847856099628
40	5	0.5146545163977253
80	10	0.4547481968115647
90	8	0.4602081925602938
110	1	0.7027111367267268
150	13	0.4499848601087665
70	16	0.46522765519527437
20	10	0.4931841246257563
100	15	0.456620415717623
1	8	6.904329479893819
100	5	0.5113417644848958
50	1	0.7054099431992733
1	15	6.959527785335147
60	18	0.46613934626364845
140	20	0.4515049041940866
90	7	0.4676357606057595
160	4	0.5416116396989755
90	11	0.45532896079781615
30	11	0.4765698065860368
110	14	0.4523479145421795
140	12	0.4527056509549442
60	17	0.46523368123705133
1	7	6.872142953300844
20	4	0.5554599225709552
70	19	0.46080140328547714
80	3	0.5871937453471416
70	6	0.4872730790302725
150	8	0.45555768923632856
190	20	0.4557862054821487
180	5	0.5085099680219975
180	13	0.44920276703524564
200	14	0.4497859253943972
120	2	0.6290987964552388
120	13	0.4537113401603843
50	10	0.4618475125441915
170	15	0.45152946342844413
190	1	0.701543579641998
10	8	0.6260409258819163
130	6	0.48346385766840905
10	18	0.7022557420818771
60	2	0.6333132313005173
130	20	0.452300538267031
60	5	0.5121403314313303
40	19	0.47945953510983874
130	1	0.703491954646167
190	6	0.486228140572416
170	12	0.4490415710109214
50	17	0.47327596349210566
120	14	0.4557617582775598
120	5	0.5098579263106674
200	13	0.44934850488971845
180	14	0.4482568841539264
180	2	0.6312774537284177
70	1	0.7025654427214567
20	18	0.518051286885206
80	4	0.5441365407805436
100	20	0.4593160532040329
20	3	0.5942660283643222
60	10	0.4586677263940924
170	7	0.4685086575789046
140	15	0.4542290552874462
110	13	0.4524261268780709
30	16	0.48673726088495706
50	9	0.4647011217957877
1	20	7.0246877725912285
90	16	0.45924852489427176
160	3	0.5863782954909835
80	18	0.4644910663826484
110	9	0.4552766993106902
30	7	0.47776746887081456
170	8	0.45715911081725447
1	12	6.9330056566122735
50	6	0.4866590096811463
30	19	0.4954226810169058
100	2	0.630165024787498
100	12	0.45390238373844527
20	17	0.5163393591721505
70	11	0.45824651679792844
150	14	0.45211857458678945
110	6	0.4902649644188326
30	8	0.4753036895968269
80	17	0.45982657855789455
40	2	0.6335691019636966
90	19	0.4596673170704543
50	18	0.4719469225113149
190	9	0.4503849418316975
170	20	0.4507354467464674
10	10	0.6433356849727957
130	15	0.45535410192228476
160	13	0.450012660022863
40	16	0.4773482762555175
140	4	0.542659958092811
200	5	0.5107923692553159
190	15	0.4465808077873653
120	4	0.5438551588720636
200	12	0.44646916780298723
180	3	0.58794755966992
180	15	0.4527243536578158
160	20	0.45714030043970977
40	18	0.481126874099282
60	4	0.5472983719279636
120	15	0.455447424093693
190	7	0.46669445518516767
170	13	0.4488333342986159
50	16	0.46915156864957974
160	2	0.6301582680958038
90	17	0.4590877725995746
80	19	0.45913325251878007
90	1	0.7047587784217281
30	6	0.493320366391401
110	8	0.45788032650008886
20	19	0.5189133493036479
80	5	0.5103182270081951
1	1	6.90097570301525
20	2	0.6355632994290218
110	12	0.44989231490756654
30	17	0.48979878013976574
50	8	0.46764049484277587
60	11	0.46072103176593726
170	6	0.48429428947111547
140	14	0.4529403716796516
30	9	0.4713278226952275
110	7	0.46990289610747554
80	16	0.4615709982670483
40	3	0.5915331040008285
90	18	0.4601437543737292
110	20	0.4542499799509304
50	7	0.4766741306418672
30	18	0.4882652625917144
170	9	0.4528278626852035
1	13	6.924288216624477
100	3	0.5878934828647574
70	10	0.45640048108875625
150	15	0.45037441256300226
100	13	0.4583689701793295
20	16	0.5155090877467431
190	14	0.45047627596691037
150	1	0.70411622244819
200	20	0.4530341821536777
50	19	0.4710422511831929
190	8	0.45853365193337403
10	1	0.8248987882074219
160	12	0.4513130971566311
40	17	0.48066331406028845
140	5	0.5097873040609019
10	11	0.6547091810155721
130	14	0.4561738390699397
200	4	0.5429558911460213
200	3	0.5864014717888743
130	13	0.44949645628819807
10	16	0.6861522503354566
140	2	0.6292793179685939
40	10	0.4683353468784186
160	15	0.4505994681037404
130	8	0.45881387595765005
10	6	0.6251424770165501
120	20	0.4569150827643506
180	20	0.45453008722775345
150	6	0.4866330188771102
190	13	0.4501951094631764
70	8	0.4639654209565001
20	11	0.49625225714297594
100	14	0.4555715737007071
150	12	0.44921185530001084
70	17	0.46192791947431217
1	9	6.834362725757874
100	4	0.544252840580588
1	14	6.932622614223197
60	19	0.46688028051665387
40	4	0.5485540491997538
80	11	0.4558546868676197
90	9	0.45529521347633606
140	13	0.4519409115995866
170	1	0.7050307500898537
60	16	0.4630778501895971
30	10	0.47197099540902726
110	15	0.45594622942183605
20	5	0.5237035528012247
1	6	6.836508016096047
150	20	0.4559484622048399
80	2	0.6305599976469619
70	18	0.46378309093100945
30	1	0.705728143670094
90	6	0.48673868735522424
90	10	0.45194960077069884
160	5	0.5106349438125216
50	11	0.46135722555754255
170	14	0.4472894266761276
120	12	0.4499619499760144
130	7	0.46835172094831506
10	9	0.6330260638589666
10	19	0.7051021507471489
60	3	0.5865249804875028
150	9	0.4531367314876937
70	7	0.47216416746552553
180	12	0.44925072343369693
180	4	0.5422350517428866
200	15	0.4509918573218079
120	3	0.5842446395322598
