r2	rmse	mse	oob	mae
0.7227960704338949	137.6680947768718	18952.504319493757	0.2960043614577079	103.96743825517656
0.7268561922959818	135.5570914219658	18375.725034783194	0.2908486002639922	101.35258353923788
0.7032346765226054	139.72655575979365	19523.510384494726	0.2893217932388874	103.88643336179243
0.7028565314762951	138.86156543573625	19282.53435526326	0.28680871449166756	104.05415425029534
0.7067332754939323	139.04591696933647	19333.767025843616	0.2924489844371071	103.32426853199955
0.6998071849747327	140.99989222383235	19880.969607132338	0.2846831371591908	106.39161582092886
0.717306196479177	134.57382957410582	18110.11560624048	0.2905129612495596	101.08258972511538
0.7147930309409576	138.45012189864045	19168.436253748398	0.29302738035311493	103.89860811943487
0.7124601142196008	138.5572777055583	19198.119205175208	0.29120229716531976	103.48974087507581
0.7025146866962853	138.31757064727253	19131.750349763228	0.28123428761193936	103.4132585046775
0.7045131248666102	140.27711112364486	19677.667905195405	0.28795820783892967	105.17772815231443
0.731864732219718	136.11756456627236	18527.991383453325	0.30101825817031436	102.95201880628942
0.7148426810381081	138.40190003695096	19155.08593383817	0.28695118459996616	102.43761987869038
0.7155525977611623	135.24543761965256	18291.328396931334	0.2815050424695261	101.39052795971145
0.7237893393224502	134.4311088669025	18071.723031184993	0.30228635360107803	100.22946861920636
0.6974459584451396	139.43059815885732	19440.891702936748	0.28308359306720154	103.80421842882693
0.7137691370657842	136.29575605554973	18576.533118753923	0.29806139462117254	103.27089126585484
0.703594189663822	142.6919293381893	20360.986698254812	0.2901488683384552	106.7046376532452
0.7129045286258227	137.85071630995756	19002.819987168397	0.28199059018888195	103.08685988266112
0.7182097085688297	137.4161088429396	18883.186969534625	0.28717703564751695	103.60728037798083
0.713278968204561	139.1622592590801	19366.134402091422	0.29435736948785896	105.16275481228024
0.7076650456228455	142.50669171080693	20308.157182358973	0.2818046128655177	105.80112765461125
0.6994877504740159	141.17374042853746	19930.02498658407	0.28636465259256727	105.82516591788372
0.7164291855259433	138.5170643263891	19186.977109601015	0.2931103687728247	104.16651673993644
0.7126367244648542	140.47422822974218	19733.00879674169	0.292370526365344	104.95564189012114
