r2	rmse	mse	oob	mae
0.820872391273026	110.19693876936715	12143.365314139653	0.18983161195634612	73.627320760673
0.813698367383441	112.29012970956582	12609.073230191116	0.18688564148189601	74.6554985364656
0.8171384804453266	108.17926915846337	11702.754275659263	0.19038368055771504	74.88304589040776
0.8095419605618129	110.06045002877855	12113.30266053726	0.1876343972133322	73.43720785057997
0.8296285483131123	106.84426540597927	11415.697050143339	0.19260041266336714	71.91295192823237
0.7996136297241003	114.69493596801053	13154.928336706036	0.17958814471911766	75.22580897128606
0.8146109046025098	112.58660531672032	12675.743696742958	0.18681385084741742	73.4899344979339
0.815088080583508	109.03338661162333	11888.279395999722	0.18667907836080155	71.60432122631407
0.8162739766935693	110.86127916560693	12290.223218234632	0.18601016481172084	73.75001254024593
0.8162862793115193	109.48448691521664	11986.852875088241	0.18684345256158696	73.21264142867095
0.8179912838809742	113.58824875241785	12902.290254641155	0.18587543040501808	74.84871891162143
0.8146322990296517	109.96677907859066	12092.692500919566	0.18563758981517964	74.2191112000343
0.8120296986058978	107.67399324928184	11593.688822246391	0.18546924936187004	72.35499147898845
0.8119669952704898	110.47604952301401	12204.957518211446	0.18361435103279677	73.35786616124832
0.8195700721087098	110.56223552477044	12224.007924234813	0.19168527917137768	74.94120373596596
0.8213654451850623	105.58597011307467	11148.397084719098	0.18989494389277795	72.1179786302969
0.8144130466605451	106.18565464221311	11275.393251795354	0.18810828027921256	72.40077077604361
0.8313892624097887	108.33657356143739	11736.813171032734	0.1959623574997964	74.06954477944169
0.8084021892921401	114.88535204701726	13198.644114967095	0.18458916013422888	76.1633803024079
0.8118887209042999	111.94895663976153	12532.56889273121	0.18430843201477276	73.92380341167393
0.8124025320869074	108.91900989998959	11863.35071759403	0.18951516041436955	74.14139684051042
0.8208257602511847	108.87693722338219	11854.187459144307	0.1887766612963151	73.26387227197733
0.8088338400656597	111.90207996851137	12522.075501279114	0.1847800884649008	73.6633388952597
0.81811228666006	109.26318110222668	11938.442744577986	0.19037377148897472	74.16015144798526
0.8104375214823895	112.43741415575731	12642.172102033295	0.18559115561369444	74.47505950480544
