r2	rmse	mse	oob	mae
0.8162271926664832	111.14383275654981	12352.951559815916	0.24699311221606668	76.4328707377029
0.8101671151348453	110.45872059884131	12201.128956332888	0.2568198987348307	76.20710363302399
0.8033836561402754	113.77588569551037	12944.95216579784	0.23783747042442094	75.59825561993955
0.8034992196527718	114.04945210544338	13007.277525551825	0.23763913364260258	75.68743959091165
0.8051565204992885	112.47886099342455	12651.494170378122	0.22942950853240862	74.40515426683422
0.8016683687573647	113.31192782052103	12839.59298640297	0.23804582484561965	75.86813106278515
0.80694264242807	112.67443948826732	12695.529313995214	0.24544630698376546	74.12072864098789
0.7861149673832669	117.00572878371284	13690.340568207766	0.23971047173816906	76.9054426962725
0.806190743181676	111.94083742684852	12530.75108382413	0.22928983635705624	75.23415455177546
0.8043805964155794	115.10268047007611	13248.627051396441	0.2373663050460868	77.60577063621258
0.7904759060926081	118.55115507216762	14054.376368945135	0.22446376728964146	77.62354942761935
0.8041357417960407	111.91874581283642	12525.805664318288	0.23676756626728368	75.73240284492296
0.8054732432083997	113.13926064782011	12800.492299935375	0.22966702347104495	74.13475615747163
0.791461201629128	113.91971784965148	12977.7021149442	0.2349306604877862	76.22719621461597
0.8135044044176909	113.80646953391093	12951.912507772997	0.2443397480333016	77.5002353498144
0.7907351539006721	117.11766165706061	13716.546672017725	0.2370997868260022	77.3853393400927
0.8116758577778213	111.94665774230808	12532.054179673465	0.24362576201988784	76.16872442250433
0.7909167704370352	116.68037988548726	13614.31105022162	0.24157216063154463	77.00806854090406
0.8118570914169816	113.00983770004343	12771.223416990157	0.23625292469313974	75.71542538935341
0.804822921564805	114.44537878955262	13097.744726284182	0.23590678786293662	76.83923502636544
0.7832620895821127	116.31279345083956	13528.665920337668	0.23304680352136442	77.8761880132571
0.8008579509493509	114.79384777735476	13177.627487530497	0.23669148234061166	78.0758809077936
0.800655464902485	115.111753016471	13250.71568252502	0.24083933586006845	75.96718197465167
0.7908306959863336	117.36111102831427	13773.63038180031	0.24016374368945592	78.55876715070704
0.8009406377644454	113.80443959435114	12951.450471384318	0.22813201748421263	75.24184147023638
0.8120336794173605	111.818110014224	12503.289727153102	0.2458467938842437	75.66138197646588
0.7956587879144815	114.69856816716755	13155.761539598381	0.23759405191100935	77.41670430077859
0.8018155036380159	116.73178567542818	13626.3097869741	0.23122593280637826	77.62645286463986
0.8100343107651868	111.80053156084739	12499.358857288033	0.23713733756571354	74.49127730361455
0.79267167034267	116.87214073480145	13659.097279935237	0.23226913095662416	78.4167124403264
0.8119499191066324	108.75378655193688	11827.386089384248	0.24291417888699507	74.37399902257133
0.8000858268870688	113.15738468217695	12804.593708110177	0.23707330827806516	75.45578615520355
0.7719636402575498	117.53903072010664	13815.423742622173	0.24143297990418622	78.43491696132104
0.8032018628833617	112.65798294183233	12691.821120522183	0.2333267744638292	77.71560827875152
0.8025520267570981	114.17088868955939	13034.99182416376	0.23446069551104687	76.55189420046486
0.799913590737096	114.6586489726344	13146.605784229796	0.23385570435059733	76.31241568263862
0.8022431702343911	114.20654241588636	13043.134330591649	0.22879371513368119	75.39310368657112
0.8009591257233134	115.43747519571724	13325.810679561833	0.2407055366126658	78.06023805011918
0.8072356401697197	113.3072084056616	12838.523476684031	0.24581886363970573	76.3682573039045
0.7859195963378054	114.87197622913523	13195.57092278701	0.2269015402008362	76.2139366983255
0.8004259174935527	116.23673965796239	13510.979646312928	0.22955385958946406	77.01944188698408
0.8038840489325711	114.29350107777253	13063.00438861479	0.23489248578092115	76.63406832228837
0.8148059102572649	112.33254067417192	12618.59969431449	0.23816918109993035	75.33667337030388
0.8095575998613914	113.17469294837166	12808.511123958204	0.24828461958126424	75.85648563225496
0.8245201518581592	109.21006841987152	11926.839044273018	0.2549514411715166	75.92038279670065
0.8058388999766457	115.132614044837	13255.518816797397	0.24244267346042703	76.32988916218949
0.8104272157713921	113.4740295111097	12876.355373488197	0.23481580775618893	76.71365164415165
0.7936688896509523	115.74243978432155	13396.3123672273	0.2457717870625944	76.5130089004592
0.8084348637133953	114.97548943165854	13219.363170049426	0.25760475451268194	79.01948323079479
0.8086614292169884	112.21582148140902	12592.390590747458	0.2504000029661484	75.01621690083884
