r2	rmse	mse	oob	mae
0.33017295565280946	210.7367115152735	44409.96158027161	0.7034479367953306	149.1593200699652
0.40823186573570647	200.68664856791722	40275.13091342271	0.6404197552371115	147.26154214049774
0.3603841224690676	209.49150587180006	43886.69103243444	0.6553277573229396	151.93168637310472
0.3758427663502464	202.6428041125002	41064.10605857712	0.6466147877905527	149.18650255423918
0.34716368904956163	208.84850573415957	43617.698347391284	0.677563581842733	148.03438611681116
0.3761075693764986	203.23720835970138	41305.362861844675	0.6614677012857904	144.60717301994762
0.28811760589697155	215.9051741509071	46615.04422513352	0.7452590531373725	153.1121894821541
0.402907374741172	201.7862731164558	40717.70001822888	0.6308660076467026	146.0990564383729
0.22375971758759738	225.31760456187735	50768.02292550253	0.7825695809764978	161.09573933095453
0.3462199485438655	207.88484946008256	43216.110635041194	0.6787656134591881	148.73489074926593
0.3819664998610315	202.26831119456315	40912.46971350064	0.646468878559338	146.75329593473745
0.32832031721158517	210.86749501437353	44465.10045363684	0.7102487303572264	148.96796617985203
0.3395814575198661	207.194190191149	42929.43244896603	0.680537257616696	150.57892595653615
0.36905438811197566	205.95866069121567	42418.96991371931	0.6835997868150808	150.1228317896135
0.40825789208651597	201.13127703856648	40453.790603164576	0.6224522122654803	147.5631199433527
0.38473214665469535	202.21269628446026	40889.974538631366	0.6592652322926172	148.21331096729577
0.3608166428426711	204.53684814608812	41835.32224953591	0.6601275954760266	149.97996447650772
0.3262998414906827	210.32480800195702	44236.52486106008	0.71569277430614	150.11619599791945
0.31453226416580626	214.19336871462303	45878.799201318456	0.7095719122026819	153.2748643021381
0.27754957570063166	217.36187401937843	47246.18427721615	0.7622429332458761	156.38635344038317
0.4247674536184881	193.5245788814895	37451.76263125785	0.6290309977727516	141.25832475522537
0.38347053355277694	206.4290218431684	42612.9410591273	0.6575517859610726	148.32570855452462
0.2982295222299358	218.66876658097448	47816.0294780447	0.7475492802906227	157.7968062340185
0.37949194300976363	201.0460248870493	40419.50412288405	0.6532492218972543	142.84595633345901
0.3732529637503921	200.5814462978562	40232.916598939766	0.6839187987027417	144.82319778454732
0.3736462312370361	209.35427230891514	43829.211333995394	0.6717138851224926	149.90128165404286
0.3748254693285844	199.5563737165176	39822.74629088644	0.6889144668992624	142.5214581313983
0.37498452838235063	205.18650748499616	42101.50285389038	0.675397609578708	149.17917964625718
0.3500834954707902	206.08565919401985	42471.2989254337	0.679668531731556	147.9705841336759
0.4217484479553505	197.5076427139411	39009.26893041781	0.6201395402568295	146.8462455560525
0.2657359547578667	217.76068377098446	47419.7153964067	0.7536709009711082	155.7868086501315
0.37715168912634955	201.54944524213118	40622.178877410835	0.6442606791718934	145.25856501164827
0.3953200384193891	198.5241888124998	39411.85354366108	0.6438281647451	145.68659336803327
0.32731787017197866	203.35267821552546	41352.311737427044	0.7023878427382906	145.8322435327198
0.30463159819571284	214.48818882911326	46005.18314719335	0.7275032418008499	153.2730108198738
0.30107534206536357	215.2676425647878	46340.157935401236	0.7355275394774241	153.20168474315165
0.35436089393206627	204.72769140711952	41913.427628888756	0.6815085056469681	145.7824289644411
0.3760321288012791	204.96604607020876	42011.08004165495	0.6636937814321451	147.1222815759974
0.41497040886316583	200.41776938307328	40167.28228448675	0.6164336521267091	143.2855716306745
0.28567543175335475	215.73912027565606	46543.368017313995	0.7479754462385098	154.1417463177937
0.3763084512396928	201.94288810754205	40780.93005721525	0.6713742485003906	147.08879682149174
0.32501440305662976	210.97228809799037	44509.30634530145	0.7023192279324764	148.86474757668563
0.36351932858876745	205.9855815855526	42430.05982113835	0.6911634938176038	149.89660459930016
0.34451487284157856	209.97231350679002	44088.372439393715	0.6747720998979666	152.01806358321215
0.3667635387792624	209.28401939807657	43799.80077541449	0.646028776748342	150.1365368250696
0.3515599555368595	213.46845682176448	45568.78205786553	0.6945163740247984	152.46233696824117
0.35882605029912196	207.06734257933695	42876.884362868484	0.6534330225865741	150.95176411021998
0.30982786069691826	216.92883478703587	47058.1193620611	0.7218728685834348	154.59929244271476
0.30514595130741484	216.54396867649444	46891.29037016661	0.7127840718992325	155.04152570707282
0.3470867229367218	205.00692989050225	42027.84130312931	0.689303172018884	147.35921161073026
