r2	rmse	mse	oob	mae
0.8152978147341494	112.74062719611572	12710.449020573547	0.2605598315420119	76.19753846936914
0.804005949137732	114.72084853064187	13160.873087590475	0.25273121054415815	75.34337890595002
0.7951785240166849	117.46555210016345	13798.155930196213	0.25317767244701117	76.05319133029175
0.7817663255866323	117.07473776108061	13706.494221825795	0.25185712556021445	75.02664038861403
0.8023133191240235	113.43376177024636	12867.218309349006	0.2519435835949211	74.45489332444585
0.7972144941567709	114.9153190627058	13205.530555283476	0.25088982242374547	75.14347968363579
0.8073406108756815	113.22622757566225	12820.178611015659	0.25100983036457836	73.92068246507954
0.7912926456639598	115.95873460547698	13446.428131303444	0.25747319152540626	75.56179060778277
0.806137777297735	110.52886931820089	12216.63095275993	0.2589697502009225	73.47716033215389
0.8015456563766116	115.98913833597014	13453.480211920818	0.25025088713456656	75.96166275248237
0.8040008213829509	114.5140167796524	13113.46003901051	0.2610084806230646	75.05334663723058
0.7979650422033338	116.36892668154827	13541.727097015557	0.24696783428294267	77.0305349981026
0.795064475589609	115.9260411337347	13438.84701294035	0.2514407451890702	74.98881991483226
0.8113095511794041	111.15669226140302	12355.810234496255	0.2664596289123691	75.63803996933557
0.798529773408912	114.4309830957338	13094.449892256112	0.25616515367434856	75.30849693612987
0.7886422462179155	115.25860095662134	13284.545094477671	0.2591809156586278	74.98765164910421
0.7913408982886008	117.12063252667299	13717.242563447973	0.25332044123469866	75.943814669821
0.8135417296340111	109.77365445971829	12050.25521344163	0.2687329037842954	73.03563882391462
0.8007148508369268	114.59107779107309	13131.115109319764	0.2538643089080459	76.132975469821
0.8033533291690105	115.47945880859587	13335.505406726188	0.2507078094267048	74.69780801184318
0.8140646277035936	113.78867646455605	12947.86289155541	0.27407419785568865	75.90296092091576
0.8150037046471965	113.97555114455042	12990.426258704028	0.2635947210467493	75.09639873707371
0.8051538346678422	114.84100727175237	13188.456951190683	0.2583794783190626	76.50688000405312
0.7998600612621369	116.43582815136155	13557.302077293398	0.25199116120781107	74.14448148913029
0.8049337348621275	108.92475072652756	11864.601320836166	0.2623448168091316	71.48472157687998
0.7984885309349987	114.13394820876697	13026.5581337215	0.25868476428674003	75.8479030323722
0.812660501521539	112.29748819156858	12610.725854135482	0.25569092887039857	73.16117385971526
0.7775616135769654	121.41097339457416	14740.624460617993	0.23117063876129884	77.57589630651968
0.8085774475809444	113.50943051107247	12884.390814947988	0.2607202986132533	74.39247777375266
0.8057217102447853	113.0323045175387	12776.3018645456	0.25216842987423393	74.4785832212651
0.8126385276028596	113.98512070983848	12992.607743236451	0.2740805581381094	75.4000646674526
0.8045491920053056	114.64531820205318	13143.548985650024	0.26700457031930924	75.77116949526398
0.7869547889304809	118.09948206019155	13947.487662885505	0.2457044996217158	74.65618336054507
0.804279900799772	113.69319172408402	12926.141844409327	0.26060636758815203	74.10535689055325
0.8231139525206195	108.14426473105534	11695.181994220582	0.26465597898838134	72.5569657545254
0.7950944391157716	115.66511975203319	13378.419927252178	0.25526100458187995	76.08891381818825
0.799393183721685	115.76698214480491	13401.99415491558	0.2674300238559445	76.34070318572078
0.8060975776531125	112.7021616882605	12701.777249206812	0.2514859397667596	75.08425177406662
0.8107980630899438	113.74212154514154	12937.27021358975	0.2563651627816158	74.57890793067652
0.805498514531197	112.66952654564236	12694.422212019208	0.24516851195148182	74.8785049108529
0.7933659158312737	117.29065853517248	13757.09857961443	0.2541256119037585	77.02695507185824
0.7940365165995666	112.49327326463944	12654.736529792843	0.25355237230245464	73.06032650677419
0.8023094549064921	114.36738635535714	13079.89906175553	0.24466047707926197	75.8280845699467
0.8040818986964431	112.94754153806646	12757.147139493249	0.2507853759308649	74.33382788543635
0.8012997396591256	115.41279143538658	13320.112426908043	0.2617707577054149	75.22507310858481
0.8059103035499593	115.49667022474027	13339.480833002406	0.26147897611641135	74.66877574218641
0.7972297674936824	112.50481339048345	12657.333036027503	0.23790766678287534	74.61794287257058
0.8051871396237587	114.0092770200789	12998.115246641091	0.26516421611349705	76.47116123825055
0.807158019158546	113.27363220543774	12830.91575301278	0.2546706419111844	73.03743144963813
0.8138259107951685	112.09177961961355	12564.56705829201	0.2579810540623021	74.19589431255902
