r2	rmse	mse	oob	mae
0.8257319518618875	105.47036235402496	11123.997335089323	0.18780054529782086	71.46986025012771
0.811209170130774	114.13143033370223	13025.983390016725	0.18269865437326316	73.38372331308223
0.812224070621239	110.13878826472592	12130.552680422128	0.181585554543075	73.77232110000637
0.8194578748485841	111.0428320838174	12330.510557194866	0.1862712701430962	73.81593843490828
0.834364494362053	108.72443504532154	11821.002775924342	0.19069610330284503	71.78020909481177
0.8195048156043461	108.62835681929216	11800.119905259458	0.1870982435340376	70.91767193147446
0.8203726346576798	109.08565929751155	11899.68106437277	0.18761035704792606	72.44856759148068
0.8058758063678332	112.60717314977893	12680.375444784293	0.17997976222262513	74.06532038441271
0.8018997188033734	111.28446977183796	12384.233212399116	0.1796427704779232	73.270871125309
0.823737586484378	106.54091414187603	11350.9663861866	0.18626327144404176	71.28202023505341
0.8080855197595713	111.36198200604802	12401.491036315363	0.18149784497043253	71.88015639807803
0.8160665881038001	109.12829117633058	11908.983935065991	0.18670927851750574	71.87669868361257
0.8018568684285894	111.61569671132399	12458.063752354263	0.17957511561150752	73.03211000584463
0.8145003864176231	110.14569387730623	12132.073879713256	0.1826767488497364	72.25738738545927
0.8156558177225888	111.857831661488	12512.174504009789	0.1856019902763434	73.86870112596135
0.8072783737978892	113.1875547149943	12811.42254235983	0.17984833555303736	74.09393821844012
0.8105664553371736	110.8687759700345	12291.8854850937	0.18023529481847234	72.88531044517988
0.829887268536677	104.73725208669879	10969.89197467269	0.1908665470530695	71.00133693730564
0.8349538667946067	106.2493336346043	11288.920897797458	0.1929754191752724	72.5576777267239
0.8191014318157729	111.57577770087612	12449.154169555324	0.18517636929180314	73.84857285972886
0.8118613064788716	108.77019411515042	11830.955127847501	0.1821353100753389	71.51039415379356
0.8231712600138708	107.45904036660745	11547.445356512171	0.1877220546336703	72.18250220131068
0.8142658326802673	111.12379220986155	12348.497195100486	0.1814384979593725	73.01647099248923
0.8018746300386612	113.36890388608155	12852.508368331599	0.17762663364656184	73.69976040312037
0.8046752335585572	111.58894532016616	12452.092717667034	0.1824739201980925	74.13845577431584
