r2	rmse	mse	oob	mae
0.5358810256539017	172.74786133501027	29841.823595819937	0.460584519002016	126.3707670098509
0.5280257601834948	176.9405525822422	31307.959148109214	0.4538580517913047	128.49997926381425
0.5590802851853407	172.88562401004094	29889.438989341248	0.457591629141467	127.47498459256086
0.5261291040225036	176.95941980871666	31314.63625903762	0.4631866558132087	127.82506790631636
0.540716595807395	167.24179208684907	27969.81702042085	0.4528535611648363	122.55351727120103
0.5549239567294063	171.40892804638202	29381.020614009765	0.4388255950731418	126.46381512739909
0.5504799980996877	167.817948034944	28162.863682659172	0.45320906202454525	121.98680662243135
0.5402118395949522	167.59122159948282	28086.817557206956	0.4418487049976981	122.47393026344847
0.5318043649180213	177.93557804867257	31661.069935515246	0.46975724154599785	129.72330340660488
0.5672131930916166	171.297135923285	29342.70877552038	0.4619077428674878	125.65907961034964
0.5723020371781117	164.38285898521121	27021.72432815184	0.4509312916378392	123.10363827321525
0.5418492633563323	172.5876810982674	29786.507666877245	0.4673409717336783	124.68424187649907
0.5354183614408254	173.76357811965485	30193.7810809454	0.46748383231862545	125.78416849837991
0.5411691467471444	177.17237737967497	31390.051306365964	0.44758526622422856	127.81374784962705
0.5406703296062754	177.24288865825378	31415.04157992214	0.4509604158310717	128.8018355061969
0.5575283409645777	171.50203976658855	29412.94964410052	0.4465090439322512	125.99360565664487
0.5360761363076869	171.67603627481768	29472.661431032517	0.4475947435176193	125.15337993791923
0.5629084231687509	173.2248728650411	30006.856579109655	0.4416334244255944	127.04235323133129
0.5472800821707158	176.2852045400512	31076.47333972769	0.4495120258572216	127.2799252676895
0.5640655065106724	170.0229232322407	28907.79442443641	0.45761497422233255	123.99426669160552
0.5505441277238394	174.06568015420245	30298.86100754511	0.457186909123916	127.34153220801547
0.522174658308467	176.28679736360772	31077.03492471769	0.44818915198705844	125.74281491497561
0.5403940435366449	173.31061431065842	30036.569032737803	0.45287974942929976	126.44020904565774
0.5463559409454584	169.54646580011658	28746.0040653101	0.4361402606367428	125.6358154471744
0.5558472782761013	170.67431558992416	29129.722002089035	0.44819039339730016	123.11321284421577
