r2	rmse	mse	oob	mae
0.8251217732654993	109.7755202758155	12050.664851825979	0.20699473180283834	77.60887704122158
0.8192680070033352	108.86494769233498	11851.57683605483	0.20224508210656045	76.36620570913604
0.8136273932236432	111.77254748924788	12493.102372236173	0.1979398969755486	77.60780650572829
0.8059480242620289	115.00357057958082	13225.821246052628	0.19928174356397954	79.95608315134261
0.8097472721678549	113.06375805089797	12783.413384591997	0.19813211467960912	78.31090273048373
0.8051356048965931	115.85965784310062	13423.460315520348	0.19694604739350274	80.19694004094929
0.8032053421531042	111.71466545785378	12480.166478360188	0.19552145373798457	78.65863640334419
0.8110662962870755	114.72290125906606	13161.344073297423	0.2004126309655776	78.76912179428824
0.8086852032340377	112.95974529041848	12759.90405607622	0.1979613690086458	77.85541708720261
0.8148799773227859	111.05437062579908	12333.073235092344	0.20187929246337055	77.16643309099163
0.8082367874595937	111.8567643398878	12511.935728589195	0.19398686026797107	77.06288711505752
0.8032392059153385	116.65412841700659	13608.185676731466	0.1976033894127851	80.69409213909995
0.7963534556809521	116.89947593019407	13665.487472754023	0.19070444109180573	80.60816144189154
0.7860635384806696	116.71022110699995	13621.275710844817	0.18560889991877705	79.30740653050137
0.8035308377250511	113.126656207106	12797.640344600753	0.1942491334722628	77.61956002691184
0.7987294530740252	115.14873872415524	13259.232029763769	0.19227601934759297	79.21563861668103
0.7957966249259304	116.63497552280232	13603.717515204697	0.19314488906375393	79.84455293667585
0.8054270420957319	113.663236357571	12919.33129927705	0.19377522121335122	78.12244341682278
0.8114183166856631	113.35208035423182	12848.694120632228	0.1972500104779683	77.97134181328775
0.8061903610101909	114.42113006178354	13092.195004615585	0.1950662980995922	79.08420608130736
0.7956562035115826	115.20761235540633	13272.793944633573	0.19160489062594277	78.97804504899241
0.81256451519704	112.06315199875861	12558.150035896877	0.20208723510055127	78.32472021737529
0.8020546929349762	114.57695394999902	13127.878376460196	0.1942172673137813	78.83000034123143
0.8116110337109032	115.38407096660063	13313.483832825532	0.1978489517860671	78.40296529817354
0.8124250570098318	110.67966780565935	12249.988865571107	0.1967404406914116	76.51750702377376
