r2	rmse	mse	oob	mae
0.7607650811479245	125.06385125148424	15640.966889853375	0.24798553355942288	93.38584139538558
0.7458034253560935	129.0452486043486	16652.676187358127	0.24484242620997076	93.79928662845711
0.7503676515665636	128.35988798395755	16476.260843254127	0.2474426757585242	95.77726212414116
0.7531621588477981	127.61492786514714	16285.569814026707	0.2580039450806917	95.31713203609578
0.7547819768803528	126.55805175715707	16016.940464567248	0.24554823507089818	92.98378209793611
0.7528936856639611	126.22682787974487	15933.212076582737	0.2521138756623361	94.55102177738304
0.7618366678376793	126.42216760402114	15982.564461699212	0.25203161366186655	94.49296746738143
0.7622796464162968	123.52427243418573	15258.245880394938	0.24606405919558716	93.21375706379159
0.765294256457131	124.43724980293139	15484.629138517148	0.2505809434443812	92.33530610005039
0.7437572622660422	129.37680206377178	16738.35691224838	0.2425460657891545	95.82362327618213
0.7551707021684075	130.0693262427082	16918.029629232064	0.24789240143404856	96.14175357310192
0.7463680284522277	129.15211557335672	16680.26895707369	0.24147786259879034	95.64432726321533
0.7642696698646304	125.9793683135837	15870.80124068958	0.24876344366504255	93.4446727425641
0.736216227016861	129.07480043165884	16660.304106472555	0.23889802776061264	94.55465734875598
0.7691179302501193	124.51404015085377	15503.746194688425	0.25226095381838987	92.46068691091443
0.7377385988065357	132.09822162988675	17449.940157778678	0.2434777182277973	97.23870600027973
0.7484546450516014	126.24214413663506	15937.078956214944	0.2454640828351653	93.23761253913962
0.7390937206928003	127.89133291603147	16356.193035039196	0.23749095114063268	94.54850371916281
0.772985533902117	126.16643077417801	15917.96825429545	0.2589279754480607	94.62966789620394
0.7669735791120257	124.61127905354311	15527.970867359993	0.2593618007811733	93.799196939857
0.7453627662390532	127.60588304188417	16283.261386899023	0.24514125781999052	94.51022811919559
0.7487707941736453	126.3457435757979	15963.246919721274	0.24025316188348778	90.88877223808743
0.7574104127965786	126.31781411455741	15956.190162679879	0.25257611434380545	94.41273327420994
0.7602382338542026	124.86458212042982	15591.163868109561	0.24817862217327114	93.8371690384693
0.7506722927788428	126.22989842503976	15933.987256395856	0.24812475883820628	93.95255033967092
