r2	rmse	mse	oob	mae
0.8219226170757913	109.22595454051279	11930.309145286166	0.19015741235356487	72.39364461698698
0.8119754458468137	109.31702921508831	11950.212876412472	0.18670734144204926	74.10537869519972
0.8195762685825471	110.15682721628534	12134.526582358543	0.18963833980463796	73.42769649875801
0.8337059805090261	104.1030126746876	10837.437247946167	0.19334393833917096	71.02169498136867
0.8183537671280945	111.38978077498929	12407.683261100174	0.18788671283220815	73.24568752158326
0.8141152653155517	112.36392986166882	12625.652733958032	0.18506812188979782	74.39126931831551
0.8227348520288259	109.29929230585284	11946.335298560263	0.18916595244625412	72.7556373341266
0.8046331493835427	114.8560588849351	13191.914262579678	0.18333264206132194	75.41086694888689
0.8126009519426074	112.06434805547117	12558.418105097784	0.18687983587498247	74.57979002517419
0.8123281654420069	111.65572708383127	12467.001390619012	0.18597015835436292	73.60116072671629
0.8263464205608164	106.20852847142865	11280.25152006627	0.19400028554890758	72.63714374001752
0.8190221456391071	108.13426879696448	11693.020088254167	0.1891047718625275	72.57482984149742
0.8114221898025321	112.21691167510264	12592.635265897785	0.18301045577493358	75.53838106201675
0.8154003450528835	110.51973053491989	12214.610837511304	0.18675633421182547	73.00641421156018
0.8154729226307721	110.26066744463083	12157.414785335472	0.18554949961239187	73.88773451755334
0.8289195424840967	108.78528567901301	11834.238380264474	0.19345658813755917	74.4178688222006
0.8262462710473725	109.25664311779319	11937.014065368827	0.19205788000916346	75.240726899269
0.8210207124100141	108.1613693096994	11698.881810949182	0.19136693953215023	73.90885722304256
0.8221839872443384	107.0590591047095	11461.642136385684	0.19020181289719384	73.2023753391896
0.8215525565533962	108.21320683757352	11710.098134071468	0.18870446545153197	73.38432955501003
0.8316251978684315	107.0088687502928	11450.89799121739	0.195455589578319	73.57000158055043
0.8141026790501046	109.7186472980031	12038.181564903603	0.1855469408765268	73.62613506846839
0.8156434970719286	112.18467477807525	12585.401255062514	0.18700137684319362	75.06330937036876
0.8198295545173268	110.99858046188065	12320.684864552592	0.1892228149060804	73.83513173052742
0.8212681810931969	109.8754112682713	12072.60600137176	0.18848809174492087	73.51580143239346
