r2	rmse	mse	oob	mae
0.7783061996662426	121.30975292712317	14716.05615523967	0.21726153797658898	87.5600540768512
0.7716424123142842	124.65141987318577	15537.976476401254	0.21620456010811018	89.5945331696668
0.7675274990816949	121.97252386302362	14877.296577515866	0.21728861909133668	87.64973845548762
0.7739678377258741	124.47647413818845	15494.3926138751	0.2176505374625607	89.3173254319662
0.7820261521930382	120.77901093463926	14587.56948234971	0.22126222144730168	88.8501121904751
0.782003064445163	120.96230375991529	14631.878930906018	0.2210426463472921	86.92005223767035
0.7790429487382234	122.46587697722492	14997.891023800788	0.21878694760523087	87.6671999645324
0.7874344723862775	121.4620312911587	14753.025045374414	0.2289254023320464	88.54620345934329
0.7723167179622105	120.57568507322874	14538.495830878435	0.21845294179471808	87.67841333509404
0.7716662755068493	123.44675810925769	15239.102087685578	0.2192630108353878	89.19495211652925
0.7875328199378242	118.46218847796659	14033.290098989282	0.232063982677016	86.54455515628365
0.7804659904668063	122.01315509339713	14887.210015845381	0.2212458868318672	88.29442212705203
0.7742308318224614	119.53322123049574	14288.190977738639	0.21705418343231297	87.32727328450436
0.7682726545312201	121.50249317281941	14762.855847211029	0.2177144855829546	88.30145497360061
0.7851043538550058	119.34020318406733	14242.084096014476	0.2273780683700768	88.08764704642417
0.7751021617785707	122.10706651053832	14910.13569180903	0.2147132136115445	87.21951012993208
0.7790302543306109	122.15755554165888	14922.468375913473	0.22349598456567676	88.83360674476437
0.7921235660262673	117.29271209037603	13757.580309515843	0.22535460332477297	86.45085174326647
0.7877814567435498	119.35032432560256	14244.499916626517	0.22723525303948344	88.02731243260621
0.7824863791416248	119.40170496779153	14256.767149215531	0.22386179281651686	86.65368037427734
0.7850338656707395	118.44398459229946	14028.97748610087	0.2266091072001002	87.35351976947078
0.7777061203708148	120.85098345924497	14604.960203066701	0.21927313415219407	87.86504509741678
0.7626918647629672	123.3177178174573	15207.259527706025	0.21531489232410994	88.63590134327275
0.7735431925702372	125.50000331691645	15750.250832546039	0.21930146198355394	90.68327199294227
0.7748408417522936	120.32743991141507	14478.692795635203	0.21815492656825763	86.91507766341182
