r2	rmse	mse	oob	mae
0.8030137223625227	112.51513063873139	12659.654622650793	0.17671517209347587	72.1182218965702
0.825635496516139	107.91212289924509	11645.026268621777	0.18395525660665368	69.62951784908603
0.8249467555498278	106.17195214783561	11272.483422882295	0.18522541058558228	70.90053343738573
0.8105885466972882	111.40026726105712	12410.019545834957	0.17603897479208452	71.72294943929425
0.825193740051135	109.25620034678077	11936.917314215898	0.18995758385692085	71.99500540794618
0.8119513138282535	110.93272396861984	12306.069247098003	0.1785619340485296	71.91408529612418
0.8172722382029605	112.20979807707812	12591.038784498645	0.18510082016201357	73.05691190493827
0.8221976035370073	107.583162389492	11574.136829723806	0.1836142505063464	71.27853032769136
0.8092372048250905	111.01052678155169	12323.337056317605	0.18277040626161223	71.801619043796
0.8120688022185747	107.5360273136092	11563.997170393304	0.17987824819318754	69.64477021449706
0.8206664880401289	107.11239996923834	11473.06622717009	0.1827297283629501	70.25325862509733
0.8189215567427092	107.84777383026194	11631.142320143332	0.18250826203537873	69.71235920015951
0.8253146081858589	106.80294134600851	11406.868280158935	0.18477053244989738	70.36329050655348
0.8145361814015157	109.11227836687861	11905.489290411208	0.1838781931350284	70.52752527482423
0.8359415471379755	104.85562683954589	10994.702479914096	0.19146917017604215	69.95092553668883
0.8171680375000954	109.69577334662829	12033.162690114845	0.18098165133530453	70.46648184454136
0.8221754750883112	106.21495676389492	11281.617040356066	0.18123813948392808	69.39286916478795
0.828073540625732	105.69635365747637	11171.719176486318	0.18677149724433761	70.04961701491314
0.8202174850561963	105.9956232799804	11235.072154511525	0.18547412528214458	68.70513222175549
0.8227149700450022	110.19948785554908	12143.92712362531	0.18609858066278195	71.77761762316642
0.8186054275700624	109.21925098161506	11928.844784985024	0.18700589117855404	70.74690691224389
0.8138714326067691	109.62914659830186	12018.549783871958	0.18010214406210923	71.90638077099362
0.8133660453712578	114.10443416928375	13019.82189709241	0.18116156602812228	73.39696448962614
0.8194169487788644	108.17893261131994	11702.681460924501	0.182058116203473	70.4252002232184
0.8130965722226542	112.70076889351522	12701.463309189528	0.18012687205261035	72.08472691355455
