r2	rmse	mse	oob	mae
0.7646148961222112	125.68596316389721	15796.961336436527	0.25342750409683334	95.04595841244857
0.7607061310186711	127.46501385055605	16247.329755922445	0.2537576314011326	96.11033847781347
0.7491128816247046	126.47121174570383	15994.967400426653	0.2460566197749593	94.69768907648256
0.7479759692111773	127.02191418031155	16134.566682030434	0.2508964443539303	94.48160378004117
0.7510694609925035	126.06103249072133	15891.3839126267	0.2469638073983822	94.3949503755497
0.7608088674668217	126.71019409376683	16055.473287280063	0.2509060181760927	94.93685399105505
0.7491061788540037	127.29118605174918	16203.046046461024	0.24789181907313085	95.4177944438317
0.7532741674699515	127.12740382325849	16161.376802841836	0.24642080209617911	93.45642319838389
0.7373386201007259	132.7841364114484	17631.62688253414	0.23473050929344108	96.48714022999103
0.7454464171397689	129.8668954730384	16865.41053980508	0.24510602851982566	95.52624146029898
0.7566911952615165	128.30646293033755	16462.548429694085	0.2554470135602209	94.57566072356185
0.760918561114603	124.32755339391329	15457.340532916362	0.2587877714253477	92.87290820598805
0.7432216479257265	129.04769769079493	16653.308279294797	0.24304401262380582	94.96267663847281
0.7637286573013091	123.42052075913959	15232.624944457208	0.25032666716687135	92.83452456650582
0.7600167393870336	126.40890747749475	15979.211889653827	0.24862087326711824	94.79178467958684
0.7585096445202473	127.28840036099973	16202.336866462158	0.24756493199863305	92.74521336270632
0.7520284190101981	127.60555581203238	16283.177874097712	0.24738254979017105	95.14681088703874
0.7423379707294433	129.08200023297596	16662.162784146003	0.24305279356215925	94.89275486566119
0.755464022034811	128.91215601040176	16618.343967250163	0.25047918703692473	96.2376006336454
0.7572097566133122	127.97571161325962	16377.782762920193	0.2502236854715838	95.27726441764709
0.762537716756052	127.88261625331938	16353.963539793747	0.25282519485578625	94.70894449370047
0.7390400856178028	130.0740683951152	16919.26326885711	0.24256494714905252	95.91810249094536
0.7495544843823984	127.5532753981329	16269.838064791937	0.24239176940550256	93.78111915689804
0.7660353826726998	124.75882672078961	15564.764844748008	0.25543318858116826	94.63855137108824
0.7483907879286003	128.49081559342363	16509.889691863198	0.24585184635186463	95.39325193195903
