r2	rmse	mse	oob	mae
0.8320620015470618	104.65301496101955	10952.253540431382	0.18697663037000256	69.14037647538883
0.8372705325879201	106.28499035034503	11296.499173772934	0.19090500318821357	70.61997677819662
0.8306499964112358	109.71076160461178	12036.451211863956	0.18612082446991107	71.40650911740686
0.8319591276617777	106.60398255529158	11364.409096648911	0.18567790704141895	70.06626456607968
0.812497299594227	112.09390876622273	12565.044382490265	0.17771471296567987	71.5676224257555
0.8366413818963891	105.35533072451527	11099.745712071992	0.19157121946888	69.82210459816984
0.8146905734818818	111.87903878347852	12516.919319115092	0.1783764714574535	72.26664263550627
0.821903161132427	109.56756329247355	12005.050925850199	0.18323540942302552	70.7660574313419
0.8010446914685627	112.67885494686989	12696.524352137745	0.17539843608749406	72.46229750923517
0.8352247330573703	106.14665439542752	11267.112239342332	0.18915338699941486	69.67668142212628
0.8277959112478582	105.30756058171218	11089.68231567098	0.18350676192883253	68.61548730081142
0.8194723214351461	109.309885101234	11948.65098084498	0.18280624865682693	69.98499241438724
0.8409938559511367	101.51350779216656	10304.99226427026	0.1886834356516064	67.51147690495543
0.8216985170905602	110.35441089610694	12178.096004226807	0.18175108342644952	71.90400044983043
0.816532484432448	109.90432436887099	12078.960514978009	0.18046163558760875	70.64710326311598
0.8160896549038004	108.67493218149903	11810.240884653413	0.1819528246586326	70.70405030708216
0.8350482268296636	106.44453467267955	11330.43896168328	0.18788766245696187	70.14008523058335
0.8262392356737704	108.41539205421532	11753.897234269214	0.18468842992820267	71.31246991100517
0.8408387712856465	104.00854064414249	10817.776526924239	0.18993457704940453	68.6579471792329
0.8292476424595143	106.46726512226174	11335.27854261397	0.18540720980416803	69.05584123614912
0.8151666117239332	112.8116188745925	12726.461353106315	0.17869373392171828	71.57602946665143
0.8235584368267586	107.12848594034271	11476.512499870207	0.184185183212632	70.38640252588672
0.8185014570726818	108.48879477226663	11769.818591138988	0.18458510281525498	69.9520052035898
0.823751115691069	109.86828794182873	12071.040695268586	0.18362901013930033	70.70495728355613
0.7983981684328878	115.9490069324571	13444.172208622984	0.17405512707451376	72.57980520208609
