r2	rmse	mse	oob	mae
0.8273060523645452	106.29323901690312	11298.252660704495	0.1853196285782578	69.77944846285152
0.8355782319930061	106.27549072767877	11294.479929408935	0.19000265235334468	68.92633702952102
0.8211307251784208	109.50583705676198	11991.528349502103	0.18168604514919828	70.08832061842882
0.8186401737418894	112.02886604571138	12550.466827487944	0.18183321273140196	72.09812631882939
0.8439912703549319	102.96115125393025	10600.998667534703	0.1912603370349396	67.1974316576538
0.809214712711972	108.60807741161832	11795.714479048078	0.17559569565655297	70.10512071086164
0.8175366851812678	107.769953033918	11614.362776932892	0.18273539502600578	70.04558254628671
0.8269136822803926	105.00138532872381	11025.290920951136	0.18788936234178322	69.43410100979335
0.8297025380103428	107.56279656664677	11569.755205237838	0.1870938778965502	70.85922068688886
0.8157036899610668	109.30093776985761	11946.694997370287	0.1787569272116849	71.03760910992003
0.8190744852685177	110.14020947120329	12130.865742360538	0.18273007556765786	71.16150530384984
0.8245407334460816	105.54983371622271	11140.767397522262	0.18576274514578506	69.64691194292622
0.8230159993688057	108.34166587910974	11737.916565460651	0.18345632963054925	71.4147289335839
0.80463054628281	110.66083118952061	12245.819559555577	0.17306809878449436	71.20453604762349
0.8338808615717563	103.85951012553377	10786.797843515851	0.19028619934558955	69.73692506423465
0.8238628560975928	106.11041838907607	11259.420890704772	0.1854465386901467	69.95768837692451
0.8204497275083815	110.13566072216392	12129.8637627076	0.18046146999819423	71.13294275464943
0.8217159717359703	110.42405683207409	12193.472327253128	0.18044653965257007	71.95153239388966
0.8390314868369367	104.1171572392297	10840.382431578482	0.19067927569459164	69.24326315482915
0.8295718142228383	104.3786906914459	10894.911070460535	0.1852528178434063	70.24714162794912
0.8336085698008417	104.91380586276685	11006.906660610332	0.18690787328577563	69.64112123934022
0.8228883437830921	108.92563606370986	11864.794191883771	0.18395318104085667	72.29371213274085
0.8234720939979175	107.21396168443164	11494.833580070775	0.185707772497683	70.70715101430063
0.8161902155495995	107.76222357838492	11612.69683055782	0.1831580545765713	71.14886149381064
0.8194647476335742	110.84374232954241	12286.335213617993	0.18019740334698442	72.65204429419703
0.8161017456837449	107.928830245154	11648.63239808727	0.1800438951728105	69.35349967731594
0.8206259962937753	106.54065008712578	11350.910120987375	0.18379658140627742	70.03151349570855
0.8215933140257984	111.31212509105009	12390.389192285584	0.18411747020025304	73.46635256123392
0.843349581482939	105.1997897219336	11066.995757539045	0.19163805322635208	71.03445720027744
0.8314502871328722	106.44449405169401	11330.430313921122	0.18787559793392905	70.1960679853964
0.8121868145056191	111.17765178823878	12360.470257146873	0.17863579206067726	72.07548423107926
0.8240872774830895	107.44414447380747	11544.24418170841	0.18337282064061167	69.78893443931267
0.8172319676461602	110.2942306430762	12164.817313148089	0.17952935760400623	71.30567571774988
0.82196024069134	110.10810419959137	12123.794610428069	0.18528744229558847	71.01133002769095
0.8284045891805374	106.55264060594465	11353.465220099602	0.18541344751698718	71.12171099403542
0.8160850765975455	111.97916897487636	12539.334284303912	0.17806315333647538	70.79285712132975
0.8150278110076312	110.70410039610714	12255.397844511368	0.1784864956859218	71.63896140039137
0.8347430383332498	106.05211334925208	11247.050745842613	0.19256558949692548	70.53088929554667
0.8288194215341429	107.79123191548523	11618.94967785792	0.18536758087273375	69.97138508251975
0.8191359769790603	111.25570363777959	12377.831591937442	0.17976225324569095	72.48069354884294
0.8130135614956008	109.47661624447267	11985.129504339537	0.17957025202401955	71.3264288760316
0.8207637778394548	109.39233655249113	11966.683296413486	0.18436635870796958	70.98626204219907
0.818979911075619	109.29245197836757	11944.84005944378	0.18074397435010003	72.43857478817938
0.8333311902278165	104.8057562835886	10984.24655017497	0.18972005631571076	69.91786354528533
0.8203310097585825	109.54060854263712	11999.144919891265	0.18274719132202843	71.09038867415079
0.8226282416966838	112.31482949309493	12614.620924062987	0.18405129079966398	72.647842424726
0.8086111465347314	112.01183769241759	12546.6517832325	0.17711819887772096	72.477462410834
0.8153994488385765	108.92212335382254	11864.028955905334	0.1812768141895963	70.93921149145628
0.8277656477892743	108.47234077125307	11766.248712394852	0.1832941040752002	70.5066385250414
0.8338954673835977	104.64120084225762	10949.780913709696	0.18425141974348214	68.68312199419255
