r2	rmse	mse	oob	mae
0.8248068793702514	109.85294844391302	12067.670281821012	0.18627805129283248	71.96139588414086
0.8279192456304413	105.47157693514521	11124.253541186255	0.18814927094084832	69.48574098617797
0.798583333462123	113.90025663882207	12973.268462389533	0.17717245365905554	72.26192299216079
0.8104487630759978	111.15738756421035	12355.964810100066	0.18015080716502618	71.73925897409538
0.8401903927463857	102.12753487658479	10430.033379968041	0.1906475188262472	67.8070982369635
0.8150312556677558	109.78338932461087	12052.392571599084	0.1791547085392582	71.64635272853391
0.8306805710556928	105.49007086588209	11128.155051288826	0.18770297663957525	70.66642304343104
0.8219976493316988	108.65016661966877	11804.858706481784	0.18237636385179012	69.83846103152939
0.8286757790777389	108.51009373058184	11774.440441419658	0.18470616893788983	70.17812105122795
0.8156280601263778	112.37319241485004	12627.73437350491	0.18323990113260724	73.30521754443677
0.8286887410585083	106.53673988765951	11350.076945890822	0.18864032835911948	71.52438725331216
0.8082446892162938	110.3523145028033	12177.633316125612	0.18108044290977587	72.11230176264645
0.8108744626408722	108.90893400157465	11861.155905359343	0.17967655261592153	70.6372694456451
0.8275406048005899	106.75884621562862	11397.451245292243	0.18561085522040732	70.02283259924667
0.8065870641622674	112.7156758747109	12704.823587892884	0.1740006197910542	71.78463367481827
0.8389717179610393	104.55206996574175	10931.135334121358	0.1911634743758024	68.93980803496869
0.8287809871872147	107.36658888119914	11527.584407984434	0.18564826351789032	71.32395162025122
0.8209880810229295	110.51949005047815	12214.557681017739	0.1839760607993527	71.36323310023766
0.8273459461458059	109.98009976211252	12095.622343684223	0.18452913397388915	72.19309530134178
0.8248140685056438	106.62706533720653	11369.331062424912	0.18615213926513963	69.07201078157169
0.8256622314281097	110.81136854838975	12279.159399567061	0.18493461387359678	72.18256402698671
0.8244724711592453	107.86278782954464	11634.380998361363	0.1850995583259074	70.98893320658586
0.8314329688479737	104.53954804013077	10928.51710443481	0.18788922648131412	69.26108639769572
0.7996777225238704	112.21105981320525	12591.321944402727	0.17408741209316192	71.29034237334253
0.8227422830094524	110.56646166045692	12224.94244411329	0.18295827153232413	71.93979216684622
0.8193484483759895	110.78372392011002	12273.033485607159	0.18488782646773472	71.49247725814126
0.8180038959818962	108.03443562188312	11671.439280138808	0.17939518151842404	69.52804209925225
0.7999853403526695	113.86419206300225	12965.054234160265	0.17334114734557804	73.77073893080555
0.8100457878947375	110.47356777441573	12204.409176808424	0.17885787506342687	71.16578374785226
0.8175881818209108	110.30181941321992	12166.49136586658	0.1843709237502278	71.68220823346473
0.8283175836709274	106.66003118380736	11376.362252130759	0.18757296516737398	70.34353964728696
0.8288547335890055	105.53490526944081	11137.616230229847	0.18946671716368735	68.12011200636614
0.8128336871877321	110.46659055497406	12202.867628840284	0.18175471322462988	71.7414454954334
0.824201536493145	111.26497393804868	12379.894425434652	0.18436544727288662	71.98411507567405
0.8187119454886113	110.05389360675974	12111.859498007992	0.18528897626971297	72.71701000627266
0.8185042955868811	111.35808642209591	12400.623411590981	0.1819220623372375	71.7793454563382
0.8281546792110682	110.16470501847769	12136.262231808203	0.18578500798755004	71.48172399395315
0.8276049514052495	106.2087113256778	11280.29036146116	0.1861429640629908	69.42039450173368
0.8159920851071656	111.51361783657808	12435.286963002385	0.18100282379506993	73.0234701048285
0.7971286416089308	115.07584261305308	13242.449553104165	0.16958925085574494	72.82894947308695
0.815406524135508	112.162230210346	12580.365885758652	0.18161691999509322	72.15216918915736
0.8240719236273206	106.82929353481741	11412.497957148182	0.18224486532858908	69.52787478194904
0.8321932074790682	107.15514084595638	11482.224209716751	0.1888546235796792	70.26332939326699
0.8345251707410231	103.16669664963764	10643.367297598355	0.1915472650297071	68.35766006314115
0.8022949095156652	113.7125627395971	12930.546924806808	0.17334864292014318	72.03777097094753
0.8140841113859436	113.59033034712252	12902.763148368424	0.17654816509699733	72.1552071823828
0.8224462863509837	107.74847449680767	11609.733756389214	0.18492724285876871	70.46175197873401
0.8309886632537451	106.19243137646042	11276.832481644255	0.18546122210309646	70.5305145203344
0.8071373653425138	113.07366312418299	12785.65329232122	0.1804429658300617	71.84923531157668
0.8133246497772135	110.7780164370938	12271.768925737022	0.17675815685767726	72.21348186048873
