r2	rmse	mse	oob	mae
0.8088431292133591	112.51537151366531	12659.708826858128	0.20999665132580791	80.24487124843607
0.8138969073872594	112.46395347450087	12648.140831114695	0.2139746272978693	81.48699864433782
0.8051129099675737	111.76033182485685	12490.37176960211	0.207980386262414	79.74749818991535
0.8149550919629557	112.44318764375015	12643.470447487607	0.21280228784803634	79.75562548325772
0.8027980954260152	114.98898838132445	13222.46744896037	0.20678632325558766	81.37821965329587
0.7830293326341855	119.90276862464641	14376.673923855493	0.2021481774353413	83.24672265150092
0.7987535413851043	116.60470747973942	13596.657806435598	0.2078758146021623	82.01374662718639
0.7804081253245684	118.83943061724142	14122.810269430136	0.19767551689672802	83.18146524523307
0.8061304482381918	116.24943903595407	13513.932076174002	0.2124942272924587	82.75821376845323
0.7837539594353986	121.64570783803455	14797.678235416462	0.1970695972898897	83.79585173424763
0.8017088386568081	113.8922760468841	12971.45054313965	0.20495073071047332	80.39543248260466
0.802715116488136	118.12576351819202	13953.696006755825	0.20919212324939673	83.603208074411
0.8047747798132406	114.7872904913667	13176.122058349405	0.208702818918167	82.09206510309687
0.7908847861410164	115.05019508467349	13236.547389021427	0.2036533221580752	82.40214447316227
0.8053610463771892	114.1681169346693	13034.358924408323	0.2095848318122323	80.60818862910007
0.7971378219950367	119.60495959298589	14305.346359239787	0.20569593585721102	83.88108335602912
0.7836962012263757	121.6030977750891	14787.31338849788	0.20095060077721827	84.34346789864486
0.7951783403749164	114.59335220518876	13131.63636962244	0.20302702689710883	81.59020338171773
0.7951872104051314	119.46197197574665	14271.162748334078	0.204834662221118	83.86740944189206
0.7892080005897166	119.19848199380016	14208.278109626299	0.20175693882700463	83.27657400121973
0.814781354328079	112.61442038948114	12682.007679658785	0.2127801946434188	81.68694353474959
0.782113166256652	118.66046948501102	14080.307018403231	0.20040904869093923	82.86568067396314
0.7890175705255513	120.06658433009707	14415.984672696311	0.20044629935595326	83.98076719014715
0.8031867072010808	113.32223858438007	12841.92975777516	0.20975375337432622	81.19625090804324
0.8000094622598035	115.37660964667282	13311.762053560715	0.2052037474057231	80.6011035433666
0.7911564988401838	118.45609733293853	14031.846995350605	0.20214798347442375	82.35356074018092
0.7880337905432668	116.63575103655435	13603.89841986109	0.20526162816811333	81.998305977558
0.7924261049391788	120.06551390359816	14415.727628935123	0.20037457129050917	83.29411205752689
0.780341152586519	117.06185350574478	13703.477546200453	0.19770256363769256	81.92084679832543
0.8027088278196752	115.34969389468088	13305.551881596579	0.20603037773021082	80.48603142484231
0.7863925671345794	122.08133935548123	14903.853418828172	0.2005770697763004	85.4227654427221
0.7971944605348316	115.77993254172246	13404.992779365803	0.20511123126603703	82.2709329793147
0.7864698842843315	117.48727011416237	13803.258638878151	0.19974600484427596	82.04361987232043
0.7874683381002889	116.80369569267528	13643.10332746709	0.20109919054564507	82.27117850944492
0.7984714047107528	113.28155411649706	12832.710503048853	0.20801142535227835	81.26512901152144
0.7967689437765327	117.89332647192865	13898.83642661675	0.20671716049450273	83.19749471155427
0.8069349606808531	114.28640137246512	13061.381538668196	0.21010453029872656	80.93526683411751
0.7829368167778001	116.97909601394869	13684.108904240626	0.1985808435930243	80.7461753201112
0.7994965453022959	116.45358846011287	13561.438265237333	0.2077697018330218	82.4785187695027
0.7886834210098965	118.22905240971146	13978.1088336983	0.2035728962195329	83.7086471418991
0.7891837688842142	116.09163990646086	13477.268856171375	0.20348659943750924	82.2452331922371
0.8044232447404176	113.9214076302044	12978.087116447192	0.21061635967400627	81.74693510921227
0.787392923616551	117.55727640777503	13819.713236414022	0.20080690564981274	81.48326896552082
0.8029684114889561	115.9186596260509	13437.135649500242	0.20724828454008104	82.28618889011175
0.8095148209221024	115.19950718754878	13270.926456254103	0.21067861678619737	81.52966111601837
0.7926847873315748	116.5383089025816	13581.177441873531	0.20388146398700047	83.27037210549481
0.7854392737679374	121.89499710259786	14858.390318642341	0.2002786024731067	83.38512533872064
0.810239448368077	113.37452378429127	12853.782643314826	0.21185931749380238	80.45479167716358
0.799635114709597	115.17670320788625	13265.672961837514	0.20785527188149078	81.70052970893438
0.8011580012423757	116.62731249176886	13601.930019052705	0.20709675083160017	82.88640412226152
