r2	rmse	mse	oob	mae
0.3596746869027465	208.9256340376203	43649.92055802165	0.6371203143696923	147.75235543501486
0.36624696823886504	203.20010240736528	41290.28161836374	0.6273689352867433	145.7219247182722
0.364968759502468	206.8284973210165	42778.02730406973	0.6486544338053367	150.0424618251154
0.39046371063682883	202.477276802462	40997.04762134081	0.6189827322937329	146.12238763767274
0.3852557231848711	202.60562089808118	41049.03761949699	0.6230146017532902	147.8364484506291
0.3765827237235897	207.61070057763985	43102.202994338426	0.6447716359711498	148.26115656605631
0.3560243916488719	206.55860172084778	42666.45594487182	0.64813132110131	149.07068490753537
0.3690379209682124	208.18257433478166	43339.98425665689	0.6207914861326205	149.44172681050676
0.36472207278442537	205.90861810551036	42398.359010120905	0.6459617207882914	149.48053058757006
0.3530476712351338	206.14467017034838	42495.625039641716	0.6374344500239357	148.70185946427443
0.36062938195145855	210.98965194934408	44516.63322970536	0.6409700580790909	150.95300618707074
0.3581618552504685	206.13217432061566	42490.47329014468	0.6227579163984345	149.43450660395538
0.3550886939353042	211.76681283884102	44845.18301992072	0.6437008075732433	150.84455510759042
0.3710037453161592	205.29159080651985	42144.63725587158	0.642372402792198	147.39919158610124
0.36640666216255735	204.47247179965265	41808.99172385975	0.6382577507450354	146.0083300084644
0.36676382167217425	203.44234079041462	41388.7860262832	0.6415479442717833	146.6319361103705
0.36365715652198494	205.66756630337167	42299.147829151785	0.663233860389898	148.27739594362345
0.366236257006724	208.28598733503355	43383.05252012976	0.6360704211972377	149.32462063165798
0.37440898293370317	201.45770083631572	40585.20522625449	0.6242855095636899	147.62241764978353
0.34590501598168466	206.85811963628447	42790.281659459375	0.6444829328261059	149.24336925259857
0.3753753002336454	202.1774940618345	40875.739105123124	0.6330404149086062	147.17669178793483
0.34667968554438655	207.39311251377322	43011.90311815059	0.6334323345424282	149.8585530725247
0.362786670808817	205.68914701463808	42308.0251996094	0.6622747857578392	146.56356022811508
0.33951574670117834	207.48455378255028	43049.840058344	0.6378263205668129	148.73168843520224
0.37961832287651254	203.9567588973985	41598.35949993153	0.6301042154763711	146.68819617920585
0.3781891009467173	201.19722496537307	40480.323333766944	0.6361432407407661	145.6340074252409
0.36502688569412756	209.86670318751135	44044.03310679499	0.6631546747696573	151.21877741857185
0.3560558915616088	202.10010527390043	40844.45255172163	0.6218952872544329	148.41739715039867
0.3673855711785877	203.51284597379853	41417.47847635504	0.6351956960465726	147.3286199228542
0.3563236987186106	205.74378424429065	42330.50475516122	0.6355377244490092	147.24759026184043
0.342865064928745	209.87152500633636	44046.057008485266	0.6548697517703024	147.47409929235408
0.3617514983733552	210.84450677865334	44455.4060387336	0.6324864878684426	150.71473734913414
0.36473798764347876	204.20941417926292	41701.48483943775	0.6280986571209691	147.26326856978966
0.3616351891474414	205.60847046086775	42274.843125257525	0.6472568941804087	148.00358528379263
0.3555509350542413	207.98463478332854	43257.60830595456	0.6645819899835672	147.70464199345756
0.3366592335920817	214.29114637919264	45920.69541650857	0.6473052666575507	153.58572955338553
0.3609788177723465	210.73794190517467	44410.48015842877	0.6367723320132676	153.141113573564
0.35672914591090865	208.66808125267343	43542.36813367232	0.6411449146434648	150.74081885134586
0.3595088433949617	212.5101362901377	45160.558026052895	0.6479846038081558	151.67407085812
0.3752826039845253	199.31768039469532	39727.53771792191	0.6321140546146982	143.66400622716372
0.36819947256123886	201.5538339826609	40623.94799311003	0.6589673770142401	144.8632893367169
0.31637800520852133	207.91688950279152	43229.432940516024	0.6457964545013183	150.61311618608357
0.3676070375127507	203.31717232684593	41337.87256298436	0.6335050331447991	146.58806915749315
0.36316910847348005	201.28547947520846	40515.844247564564	0.6550625826643928	144.9596002135028
0.355622409369276	212.53066193853763	45169.28226403297	0.6224218048037128	153.241572339583
0.33866859862610055	211.28243897042253	44640.269017290324	0.6489132172479863	149.9713467442494
0.3744025912380161	204.34590354327418	41757.24829491711	0.6460204081610295	145.235340189372
0.34242711513391255	204.1385725012833	41672.556782861706	0.6448782260498355	148.0609719671521
0.36843355203106165	205.79257672949424	42350.58463696478	0.6363214796372402	149.0387773933741
0.34653341532033655	211.14791616626331	44583.44250135536	0.6633540072705014	151.75365095160242
