r2	rmse	mse	oob	mae
0.7793546946434922	120.4302543625744	14503.44616583437	0.2197571378330111	87.71033778854789
0.7846641035071373	122.67126995665144	15048.240472777654	0.2275967644212934	89.72442879003106
0.765046044930555	123.24185127095134	15188.553904691293	0.21255983888404972	87.51202146296957
0.7984685356871419	116.81004266983268	13644.586068528133	0.22955918200920233	86.45977944461508
0.7754109650746942	118.08651921431063	13944.426020151752	0.22120704862958263	87.82589028828312
0.7687693605385136	119.06439363773846	14176.329832322333	0.2179234337901964	87.07994799561483
0.7831698950083563	119.88664815095191	14372.80840487014	0.2236480503153968	88.28624975136816
0.7745505500640635	121.31403950108117	14717.09618006988	0.22213983728345954	87.4024518304668
0.7771778000196012	123.29622527389989	15201.959166792272	0.2211960649189071	90.53812407992883
0.7777641188690358	124.22365216826627	15431.515758022406	0.22309426781470532	88.60271933493647
0.78801413447111	120.67491362701008	14562.434778886343	0.22708785424198707	87.99925771674728
0.7743150890451544	123.50561233602497	15253.636278496482	0.2210709372898103	90.31108460077947
0.7751739212094415	124.67278649498955	15543.303692425248	0.22071526280181808	89.54752915332469
0.7933777103185848	118.0414276167953	13933.778633811125	0.22902178992828692	87.03223559767245
0.7825313243185795	120.36181296757776	14486.96602084217	0.22643984255851723	87.94836750109461
0.7938270332611839	119.33668104222706	14241.243442174233	0.2268416690674413	87.10634855867062
0.7859425583638645	117.12585398974056	13718.465672826025	0.2221558613796717	85.60936142298674
0.7776451692266492	122.78637118534742	15076.492948865916	0.2240602521077666	88.63757436739365
0.7672831700608778	124.5386961866342	15509.886847866774	0.21681987178207152	88.81847465600795
0.7981929752643085	114.865518295621	13194.087293321643	0.2296924885374294	85.30075703979792
0.7857871461414714	121.31054114164465	14716.24739207866	0.22347870689055915	88.28108487583172
0.7866259785180663	120.74051396802	14578.271713261633	0.2244486868129274	89.01586094256665
0.784938171077844	118.55652512441311	14055.649649575596	0.22080500570451322	86.3017627256263
0.7802321600591398	121.850051219625	14847.434982225235	0.2223108208204173	88.40208472295737
0.7850687906362933	121.89614711840488	14858.670682311806	0.22202035611254756	87.37639660026379
