r2	rmse	mse	oob	mae
0.8096845157834693	109.85744143363108	12068.657438343682	0.1768715891281495	72.06255743394
0.8162435693960124	110.42358690295876	12193.368544515284	0.18276269391546984	70.88637703729871
0.8245988669292107	104.5282081227436	10926.146293351601	0.1829793013457257	68.77532129846472
0.8151118313886527	106.44005590792979	11329.485501683219	0.18150332792925927	70.25375961826704
0.8234490833389501	107.50151616758907	11556.575978330417	0.18229791562220876	70.4630157240497
0.8247594796640698	108.85945851531505	11850.3817082476	0.18440454975986453	70.58384276043766
0.7959382175807896	114.86573501548793	13194.137080648288	0.16973356121599514	73.0999133847666
0.8003761466297525	112.29523572746922	12610.21996708788	0.17284193540624382	70.4739657701507
0.8020981074446928	114.79083758713001	13176.936393954862	0.17320681310040398	72.30752573854328
0.8151560313307902	110.46834998388108	12203.25634816124	0.18075376764483875	72.15715767869732
0.8067144299554284	110.44664361165194	12198.461085079256	0.17777781008621385	70.37532414304377
0.8271101756171751	106.1779313561047	11273.75310706168	0.18368149648427945	69.38567082208172
0.8084196759700956	112.15907434321291	12579.657957526359	0.1734891305452113	71.83885922617742
0.8166959950127621	107.49936113760869	11556.112644994013	0.1821412506213319	69.88279487282026
0.8140967956060131	110.14905344804107	12132.81397549941	0.17795178759305552	70.84901102479303
0.8299455469214028	107.33928401326327	11521.721892479996	0.185196009427553	69.60241426522659
0.8162435321798439	109.60536488956936	12013.336012575643	0.17775154200092202	70.70589099613312
0.8335549876938972	104.5711180291638	10935.118725869306	0.18840027690449612	69.5349139830824
0.8304200844420084	107.3340972708977	11520.608436958528	0.1874151669472015	71.38189957064711
0.8181122879544864	111.21593769047425	12368.98479637145	0.17996943556202205	70.8444977703946
0.8274921356991344	106.17982436060535	11274.155101249002	0.18453295199990183	69.1495852672972
0.8307204260232399	105.01566894969939	11028.290724952856	0.19180072189792896	70.37511029349938
0.8283809528897838	104.79817440113197	10982.657357810072	0.18680910523643246	69.51874103656574
0.8226900204307609	105.95923174024666	11227.358790983295	0.17931736950049715	68.75720430062816
0.8214339104983251	106.56917917597181	11356.989950240384	0.18209886954685106	68.92816208538717
