r2	rmse	mse	oob	mae
0.8274925453092223	105.08622443098668	11043.114565159702	0.186010792593571	70.37037683669864
0.8135841369740313	108.04043085612105	11672.734699576273	0.1808644374263053	71.55450757914237
0.8084162993651898	112.79913523280383	12723.644909268367	0.17698661505393598	73.29403391609807
0.8437689184263951	102.22794186187826	10450.552097315562	0.19765394005793002	69.39465382836832
0.8254896875082385	108.37882042622685	11745.968716980327	0.18446732556572487	72.28159701979781
0.8163215751318691	107.47644686375958	11551.186630458535	0.1784651393505372	70.95672104215335
0.8216375888847658	108.73429044337955	11823.14591822522	0.18258481644332036	69.77833512553437
0.8193076215022947	109.98260847145913	12096.174166186274	0.18283564564893917	72.39253534512768
0.8121488321843833	111.62857106412874	12460.937877819239	0.17835052690473197	73.29590886446191
0.8381199041903867	105.48425462296626	11126.927973362779	0.19082661710125626	69.79219381453385
0.8167645193087658	110.02925924091163	12106.437889103738	0.1788661289607565	71.1937773218489
0.8243824102668813	105.11462457724953	11049.08430001611	0.18215212029022088	68.9861772641792
0.8234727376839189	109.7776823617886	12051.139544725755	0.18444007967767906	72.2775991484145
0.8204427457911302	111.15688393757117	12355.852846710666	0.18666801957396761	72.9127391280726
0.8217183045199479	106.50707432126634	11343.756880475752	0.18260289973976462	70.2420237870905
0.8112684247516051	112.94986936728691	12757.672990087176	0.17863866283814578	72.97633338723021
0.8257066422519378	109.75673937086027	12046.54183732295	0.18468398361402527	71.69293815564465
0.8151006986172485	111.65538570736724	12466.92515746095	0.1782956763239958	72.9140745098277
0.8252420901866582	109.06368332787774	11894.887021043596	0.18374927473120484	72.80299754404753
0.8258028360095525	108.37264703496665	11744.630625365464	0.18538927863667753	71.49880721520549
0.8320888598324561	107.12296498849108	11475.329627925486	0.18663856759321873	70.62119552915372
0.8043829363217748	113.1494662923218	12802.801722237267	0.17479729745768857	72.41738255983397
0.8172391368876238	109.94592369547038	12088.106137250197	0.18203356271328086	72.14615049035356
0.827480632678344	106.30646757053401	11301.065047324999	0.1852796555555558	69.63233142295728
0.8321500821109895	107.59214034726364	11576.068664505276	0.1890645534743628	69.78788597893029
