r2	rmse	mse	oob	mae
0.8404951594822071	103.68898748104056	10751.406124843385	0.19261470842757644	69.21462556147463
0.8378238053062925	102.30251600114373	10465.80478016427	0.18795968443039568	68.3768570279167
0.8279793726816911	107.29618746451762	11512.471844420907	0.18570261506945895	70.32751734266553
0.8258609178270987	110.10602846134512	12123.337503530542	0.18547879428860337	72.38725504410068
0.8299889782536676	105.45893000983433	11121.585918819137	0.18402795550094175	69.53147241817416
0.8170994532595115	109.7476308349228	12044.542473878497	0.18044438921386208	70.41533456800491
0.8408327850880664	104.27370665407801	10873.005899380712	0.19099255967930961	68.03001933561207
0.7941333228255036	115.46076110463925	13331.187354862574	0.17198965128999888	74.42938232483887
0.8306338340018995	109.73298989888558	12041.329072148925	0.18734608609712888	72.22899056869471
0.8143525370105651	112.51343123313215	12659.272207852759	0.17809643510012807	71.58367060414447
0.8251231665718682	109.41458675167492	11971.551794039797	0.1834248472106197	71.03055780305284
0.8199396883011643	110.17198986162373	12137.86735006972	0.17797341669830025	70.7947835217079
0.7967511674814078	115.01891585100518	13229.35100354061	0.17305956611880435	71.41399450444743
0.8447652082045888	104.48162499960472	10916.409962558026	0.19305531657672348	69.279626020466
0.8279120514762688	110.176014198249	12138.754104612766	0.1839853888238303	72.24218395136971
0.819682056811326	108.21054713672682	11709.522511629775	0.1782380144353134	69.37571267010841
0.7998660814747103	114.63332541176223	13140.799294958973	0.17104899784105587	72.8341323964031
0.8054220612406928	110.87932388367759	12294.224464901474	0.17449556137314193	71.79546565624206
0.8218278360402265	108.7509976166848	11826.779482624182	0.18611524796955536	70.74044000826092
0.8256526931167625	107.95649817380749	11654.6054979513	0.18079924532470815	69.82848783232464
0.8323002842097162	107.31826704012374	11517.210440495312	0.190062045438381	69.90787810607866
0.8340476722685594	103.672180734789	10747.921058306754	0.18983346847357696	67.73463066951771
0.8311518166392711	106.26296328456581	11291.817366016981	0.18894656437413881	70.39435461691177
0.8324214319603555	107.59780365512798	11577.28735140747	0.18692326291119676	70.53189281784802
0.806255298667117	111.73178317390953	12483.991371221535	0.1766350586900477	72.16893510111584
