r2	rmse	mse	oob	mae
0.8171992426109765	109.71018812174769	12036.325377709269	0.17910898392399655	70.57033144402189
0.819291957290525	109.67528134990644	12028.667339181135	0.18222550199876686	72.85373527309389
0.8291601027471911	107.13680490950891	11478.294966218173	0.18487065385431434	69.62298814574312
0.8183114089454355	107.50588346266723	11557.514979088588	0.1779198937659482	70.29344188956074
0.8074367873755122	112.49007398554511	12654.016745273411	0.17388841388889997	72.3482641426401
0.8160244750194194	110.07920331462411	12117.431002382353	0.18134532514230028	71.74293270339189
0.8225621726018749	109.27728699962833	11941.52545399914	0.18103013125158463	70.60696186748685
0.8070929075287523	111.59189076959092	12452.75008553231	0.1761866479115305	71.31191112769434
0.8309328169519387	102.54829003192279	10516.151788471356	0.18645523425962207	68.51376891484436
0.8158191677831204	110.17808279200052	12139.209927720922	0.17576422826556737	71.52101510372961
0.8197520316128064	108.67628684097973	11810.535321542902	0.18187671048040288	70.96703085522357
0.8217056679153467	108.9063820303333	11860.600046936906	0.18115918095493388	70.55222045022047
0.8233259154996102	108.0266512845958	11669.757387763662	0.1811885807857263	72.05575443399589
0.814545119426235	108.52156152389236	11776.929315583953	0.1777293597251388	71.33212684117264
0.8235671270667249	107.51694384690691	11559.893214178936	0.18394128318365666	70.6676629432418
0.8239695550306655	106.95618923447297	11439.626415560391	0.18113016394053716	69.35213501232728
0.8374345404207303	104.32378973274612	10883.453104202226	0.18901345353679022	67.80493344061406
0.825688763853872	106.91542543776588	11430.908196538476	0.18284498398835858	70.64326400975378
0.825423293825881	106.14808494271759	11267.415937006388	0.1840783130328172	70.21657187159032
0.8228216696335809	108.56100686459607	11785.492211454874	0.18327464620523948	70.31818734962657
0.8233669016487384	108.3895541143074	11748.295441098371	0.18410962517489815	71.11590198360732
0.8323595849373402	104.68728807338081	10959.428284159021	0.18697387065299576	70.73013865166236
0.8127286478510177	110.8214088983544	12281.384670216266	0.18088194416184356	71.1246005666105
0.8250377499393159	108.58796659539675	11791.346489323001	0.18284025679711025	71.09095781928717
0.8179277157958934	109.50233884483997	11990.762212490148	0.17750838466921748	71.14073698057881
