r2	rmse	mse	oob	mae
0.8119099231121798	109.60546566734949	12013.358104156528	0.17608544947629434	71.29502496712672
0.8160678875177858	109.24489189362666	11934.446404850174	0.17718676092789332	70.20013049387254
0.8014571904396058	113.00422858899731	12769.955678994356	0.17308582585489174	71.71570691199771
0.8260528743601673	110.49085133646996	12208.228229057904	0.1838869466662999	72.26481155496523
0.8109390197044506	114.4306321660034	13094.369577911175	0.1730975105076964	72.29110385694725
0.8303216624295682	106.18767957020393	11275.823292504303	0.18530431213075294	69.980973903168
0.8400065622221109	105.32850131189603	11094.093188610084	0.19213046503164088	69.43926912570178
0.8064090266615143	115.10207066222159	13248.486670731054	0.1752006409410538	73.05816797635882
0.8262784534282022	107.27728093444136	11508.415004687056	0.18207691393479564	69.04406556488124
0.8150351573892718	110.8930091736877	12297.259483595586	0.18029044625274881	72.28341318518278
0.8199941644526084	108.99782437915832	11880.52571938984	0.18357021103445548	70.81134135853429
0.8158951485747404	109.64391899872379	12021.788973398705	0.18078102396408058	70.62786130292785
0.8239931527588888	107.59540297032082	11576.77074034572	0.18337447277603092	70.19379336571782
0.8219194003072439	108.46238840177165	11764.089697816768	0.18255260368265624	71.28760110660478
0.8280071520728597	111.06643670524532	12335.753362400266	0.18845269270162757	72.7905104524316
0.8148278913847511	110.60244270545338	12232.900332413097	0.18116616459174117	72.2144337758891
0.8209241295883949	107.08612014261413	11467.43712719839	0.18247505625849914	70.11748577808619
0.8000433113181322	112.29363081086215	12609.85952068621	0.17337816036638398	71.0536617804855
0.8145311149505894	112.18049182011129	12584.462745002056	0.1813284156557593	72.76610703394837
0.837828819585188	105.46584738258228	11123.044964126137	0.19072320435790924	69.48387091624922
0.8404992018140497	106.29768648719181	11299.19815252932	0.1893927684072152	70.07441843699729
0.8142047208573887	111.75502009967062	12489.184517477785	0.17873022525243187	72.29730921619428
0.8220973956753819	108.18687344907106	11704.399586685315	0.18174363711682717	71.24628255575696
0.8236185459471557	109.62047676489902	12016.648926163767	0.18523150613600903	70.63260619601505
0.8342175114368853	104.449618762384	10909.72285960736	0.19029628532052312	69.58343383900177
