r2	rmse	mse	oob	mae
0.6346005472019841	156.73071694652404	24564.517634571435	1.0543273445358223	95.22743822134588
0.6198121568069253	156.78851100213646	24582.63718226707	1.0231803085297382	95.26148072963746
0.6535857713023852	152.20569896054505	23166.574796068064	1.023740409171741	92.77455750140558
0.6418866398933678	152.8045418961755	23349.228024100055	1.0110717681758354	89.86636563285124
0.6053929572279702	163.34659301583474	26682.109449880754	1.055422771518439	98.3049217157578
0.6444628547964276	151.93362648139538	23083.826855788167	1.0372117108061392	91.47090034897893
0.6374097032215806	158.32927960514448	25068.160780284023	1.0428573440924052	93.62672978892752
0.6242931402215692	163.73000062006932	26807.5131030479	1.068524227886053	97.85899431669115
0.6084238879157902	161.87473929500925	26203.431221827213	1.047976072800852	99.17764790480365
0.6533929907973453	151.01895551090232	22806.72492360389	1.0309169809756895	90.40033295381126
0.6435626735192644	152.5844144013491	23282.00351820263	1.002024187697636	92.65668557541869
0.6503806710548246	152.37214349555907	23217.270113431245	1.009768346119805	92.08342147066396
0.5858937248439482	163.2274337797621	26643.195138326617	1.0365215740577278	96.73688655056186
0.6468738390587145	154.8189859316692	23968.918404910386	1.0280280556578767	94.1225223810777
0.630714174448699	153.7361412519733	23634.80112704668	1.040005490179114	91.95594090478468
0.6465993019283862	152.18862617840674	23161.37793807083	1.0396280498313908	92.36656138155209
0.6020025864933695	156.17397408400214	24390.310181190576	1.0123623201316416	95.31587069535291
0.5941643341257019	161.66149088907719	26134.437636479182	1.0588209285345236	97.27839021984487
0.6120255082667363	162.76712866320068	26493.13817326292	1.0477114681379027	95.02168248890202
0.6183462382292393	156.7855446137617	24581.706999833852	1.0511613349571924	93.34742279395014
0.6467765847767547	155.94790486017848	24319.749030279276	1.0310815307035124	92.06213631021265
0.5584757124387808	172.3984831065007	29721.236977422403	1.0881059005512954	102.30129822846469
0.6468030091538239	150.81949191368147	22746.51914110103	1.0369883422296253	87.9249029011027
0.6330101016086269	156.9568732048659	24635.46004624835	1.0478657552700779	95.96759710082577
0.6309080768738834	156.53099433400564	24501.952187192503	1.0365027405825995	93.8142725060105
0.6882818487749888	146.10771677439814	21347.464901027746	1.0156451311830548	89.20655480002372
0.6245269845867243	154.32549655971087	23816.35888840133	1.0542376264977682	92.92152614595936
0.6544053179629935	151.1632668205117	22850.333235849215	1.02085398922772	90.28653986101209
0.6399434593215363	155.69089662919305	24239.655293202075	1.054821139197949	94.46240332758425
0.6294788995496361	156.43295715319212	24471.270083692445	1.0414495361188574	94.9148486644535
0.6552885872582177	149.371690658991	22311.901970325303	1.059191671104667	89.12009512106029
0.6524514201434712	154.66654092074435	23921.738880388286	1.0510627253548122	92.21956516034133
0.6355228574364725	157.14090793886683	24693.264947851425	1.0561957156978576	94.93528966560463
0.60330962686724	165.11709493262597	27263.655038989822	1.0318400939308654	96.85534731256521
0.6851099762377453	146.81947385941666	21555.957904355935	1.0314095503931162	90.79213328258784
0.617424349421617	160.23622332604907	25675.64726579547	1.0270221765249308	96.039142506763
0.6414213721014242	155.89177491294424	24302.245485508076	1.0131356176916084	94.85696804684859
0.5827357200004128	165.57234385621595	27414.20105004101	1.0434343043632295	101.23705199775875
0.6651242759871094	150.2497122150743	22574.97602071265	1.0433425811756907	90.78726437531941
0.5434326123171977	170.96827233205497	29230.15014420771	1.043788248829045	102.81092831811806
0.5952315247587552	162.60477065429035	26440.311439534362	1.031242780011884	99.30922537276173
0.576985008016297	170.40328721605576	29037.28029403759	1.0361587581609313	101.02922335589528
0.6420171538050832	156.00212072675555	24336.661671245212	1.0142749887442062	93.878562181116
0.691996330793416	142.94453509529134	20433.140113608977	1.0510352948624742	89.0840152217054
0.6450719430313686	153.31737191846233	23506.216531984097	1.085222229516969	91.88286161086288
0.5979286654338083	162.84722010064442	26519.217094507727	1.0450810469651806	95.76292312621595
0.6410899480412395	151.01510725730867	22805.56261993644	1.0575004933532306	90.22417428694561
0.6108860531329132	161.6104783833096	26117.946723282184	1.0213436415499026	95.35762124354237
0.6449472068902444	152.24542542775615	23178.669563678457	1.028046542209474	92.01158008201178
0.6231812641599217	157.55382430395431	24823.20755280131	1.039897161333817	95.85901243193196
