r2	rmse	mse	oob	mae
0.6252350392793911	157.52349883334085	24813.652684697536	1.019782041047539	95.33550910286057
0.6434560826851237	152.352879530255	23211.399901160396	1.0625891103369707	93.24252604320222
0.668414071905614	147.4104001751865	21729.82607980863	1.0255492765193825	89.933864895283
0.5897795801317727	166.50932995133044	27725.356960841033	1.0832301166334377	100.72084080212538
0.6619552997370315	154.66795421382653	23922.176060690344	1.048469904879195	92.97027341208606
0.6181503211644048	157.32645114233432	24751.612229041304	1.0524191095628432	95.4155373412805
0.6520121947940196	154.8098174476495	23966.07957817456	1.0472422490589242	93.84171769370535
0.6300414341713978	156.76034428460213	24573.80554022699	1.019678927424987	95.8820730590293
0.6150614784031986	159.78627017837107	25531.652137515393	1.0479967542693223	94.2336299051019
0.6548333293644093	153.24612870089572	23484.375961811493	1.0438182246548764	91.06095184613291
0.6166526339072707	158.42220238290008	25097.594207848557	1.0337236352909454	93.62804498099698
0.6053534991808267	162.370879092319	26364.30237721248	1.0886017920833184	94.07489694260883
0.6112649814990692	162.05073087109295	26260.439375855396	1.0612669466865432	96.40714405907956
0.6428040914507438	154.59089806285178	23898.345763879028	1.013860102120334	92.01559759474739
0.5897251390344165	165.07705122463025	27250.4328410192	1.0280270967424472	98.43741621486608
0.6399135502451831	152.16129809925135	23153.060639249237	1.0299321067995777	91.27617935135773
0.6437807722121862	154.72223527629203	23938.970088892267	1.0221923436976	93.02180807600926
0.5997958379698217	162.9525685775483	26553.539606020586	1.0239456758798595	100.24616854681618
0.6096801625112638	159.3264835720549	25384.92836743628	1.0432483733836695	93.63356483656702
0.6288629258628313	154.28408665330994	23803.579394446053	1.0720258271689214	91.63850145342188
0.5911133328002129	164.02074789328805	26902.80573947355	1.0534631436979371	98.91684733987897
0.6144855384879978	156.12303822772222	24374.403065454815	1.0311697469124557	93.74089018998586
0.6190964044423035	159.7293969054914	25513.480235792005	1.0439472301096497	94.14538943242943
0.5954606196706769	161.26705704134253	26007.063686775622	1.043487335148191	96.53141747349483
0.5927533311888429	161.67324419188333	26138.237887528336	1.028578840809189	95.71877451651461
