r2	rmse	mse	oob	mae
0.6573490375449892	149.97217910038785	22491.654504118807	0.3538871772710257	112.06373032111684
0.6390552395160328	154.0439972624121	23729.553092582028	0.34611295537422215	114.41393214492238
0.6622161353118884	149.89414599002097	22468.255002077723	0.34514945286636634	112.9153013887803
0.6566303234110836	149.9594391862793	22487.8334010634	0.34873622354055034	113.13443838726562
0.6418505365436731	155.1957527589258	24085.72167440963	0.3425767336851371	113.35085721108506
0.6458770545667716	153.0164209003324	23414.025065147685	0.3445263762692088	113.29736807924779
0.6639955754961597	146.71601222964628	21525.588244569717	0.3457775941658936	111.25765993134091
0.6452970974971284	152.14415089781312	23147.842652416526	0.35224683454366335	114.97802578419353
0.6529696187262184	151.13300366999445	22841.184798314553	0.354555007557666	113.69550051050565
0.6346030176880646	156.5871247299401	24519.527631189812	0.3537313816355687	115.00990595537444
0.6451672836049369	153.46171166693904	23550.496947746735	0.3481132093654009	114.27750851852238
0.6561205873735907	152.0161397746789	23108.906751994706	0.3492076877312824	116.35140532608096
0.6512158324912886	153.4878902421075	23558.532450973245	0.35917151492120614	114.2735965704556
0.6658653410974543	148.28936326292063	21989.735256922435	0.35149918698433036	112.12305258362211
0.6522971132914439	149.72022975922278	22416.147199154457	0.3499403763259885	111.59392087404417
0.6465383272288551	155.42367714154926	24156.519416200543	0.3565935239784527	117.93217670084734
0.6508049299200673	150.39977440644225	22620.092141508718	0.3541439397273489	111.45454764787262
0.6499083895150511	152.95086701773832	23393.967721477875	0.3517927678123791	112.32721518778759
0.6374783992310205	155.0288943065628	24033.958069915418	0.3448219353716655	114.15358666668307
0.6535994511458323	149.18098365877896	22254.965885400878	0.3523563854981894	111.80208729756646
0.626629275008218	155.3163325434581	24123.163154750055	0.35501103712698456	115.03790819019991
0.6307815090956649	154.8433222086813	23976.454432621493	0.35786995747766626	114.44427134074438
0.6603231294835836	147.0403276326593	21620.857950319794	0.3537047852991484	111.17180879793037
0.6532953698844302	153.06234450047106	23428.08130398088	0.3462177140022469	115.02957350054108
0.6384316804811121	150.91866797702502	22776.444343959516	0.34253973036771423	112.80464878655735
0.6379318593871044	153.98318576458675	23710.82149821123	0.3518553467768504	114.10509154659223
0.6427513854309026	153.58881278564252	23589.52341290315	0.3490455599257445	113.92296409483255
0.6517838419022717	153.27288050303977	23492.575897699106	0.35030995394457143	113.5273261382874
0.6466191954023837	150.4679705267323	22640.610154433583	0.35246513016661374	113.14014060209051
0.6625697537916508	151.76750459649534	23033.375451447235	0.3544666328877629	115.61470121018502
0.6634850542367456	145.65485093672632	21215.335601399962	0.3457139407679126	110.05537378324767
0.6462591954820658	151.7641481792635	23032.356672577447	0.3646695754778808	112.55412621931703
0.6489097927998073	149.16950738178465	22251.541932524306	0.3490643827773785	112.52055245431825
0.6466503566118094	151.16474902348887	22850.78134733438	0.3430673669463731	114.13954001642573
0.6429237293435963	150.22707740196455	22568.174784735846	0.35105382908514615	112.71808962626744
0.6200324098543293	161.18913400258558	25981.93692050349	0.36051928709306313	118.41459406329894
0.649363708929839	154.65970953873725	23919.62575460657	0.3396362467027516	115.62528690991813
0.641242450081587	155.0182499498902	24030.657817526633	0.3576713341747517	114.66405359904009
0.6545716879791679	153.22237968197294	23477.097635406677	0.36462288399496146	114.54096574459942
0.6550394665096015	151.5531329359781	22968.352102710254	0.3532418764645471	114.40373364864683
0.6571346122742029	152.16840613748795	23155.223826423484	0.35519319472041944	115.21641844932714
0.6667245505792265	148.34630143384373	22006.625149100826	0.35229365543911784	112.18544691150773
0.6578411584887541	147.1253941791363	21645.88161236623	0.35633799855156556	111.54951721316789
0.6471501629404046	153.10700674330033	23441.75551389301	0.3580970147167656	115.22714583111582
0.6469541725700108	154.45833042781794	23857.375838548993	0.3584822803782761	114.34506842516403
0.6527366351162414	151.4647815465596	22941.580048947024	0.35377292586287246	113.73239281623044
0.658622717633459	151.23948751256495	22873.382583063285	0.3556879458586242	112.13168934798395
0.6431174219257458	156.63203080685793	24533.593074680488	0.3615629741524852	115.14001966360104
0.6516439161685854	150.56506748800786	22669.83954766836	0.35715947856742636	113.477983523598
0.646365826703095	153.20283664317736	23471.109155516086	0.353405401711123	113.45105415397467
