r2	rmse	mse	oob	mae
0.7497006526804864	128.89915756255795	16614.992820337142	0.2435994373439586	94.77812566638401
0.7555148885774596	129.36209886062582	16734.552621626328	0.24451432975271237	95.82677349781804
0.7542730101448633	128.95466813160223	16629.306432931666	0.2446775747913752	95.84133647597433
0.7581274847647321	126.87698304465718	16097.768826514226	0.24775858413658547	94.67724063189574
0.7392457561638937	127.59111728595579	16279.493210278526	0.23693760927207652	93.31441568303879
0.7498126202540585	129.5993079628498	16795.980624449585	0.24914889908756	95.43305379014991
0.7469693473083057	127.70907443803225	16309.607693818862	0.2430487917563029	94.3416961040027
0.7609496041895073	121.41785056962053	14742.2944369467	0.24593400055871928	90.65929309154336
0.7453637626041667	130.18247283265532	16947.47623282504	0.2418872628391494	94.12023466731968
0.7476445092518338	131.24341382399678	17224.833672176865	0.24775512504157582	96.36549162969604
0.7574586883248333	125.05695529573777	15639.242067840152	0.24874100377082387	94.11148463651425
0.7457500454720359	129.73441868585465	16831.01939175663	0.2451895667212638	96.12713706592882
0.7588205719919664	126.93531929906683	16112.57528555605	0.24851422077573537	94.49675189900763
0.7669920657523033	124.42673637156733	15482.012724079515	0.24901782285548757	93.25930716197907
0.7554404044145524	126.22858042889709	15933.654517094543	0.25195207816468157	94.8028582175852
0.7714916000614058	126.26697183757018	15943.34817702974	0.2562194134299475	94.21440215150528
0.7482716665825897	127.45827333920923	16245.611442612575	0.24285622457787892	94.5178611056536
0.7353407452402112	129.06552069179088	16657.9086314431	0.23701891239130313	96.05165629520066
0.7410403563785084	128.8203865362177	16594.691987340542	0.23995086701219215	95.15010782239125
0.7536548413514664	126.82975543552385	16085.78686383479	0.2428662555414306	93.85648872499019
0.7573200849340295	126.83430954109723	16086.942076766865	0.24925388598918807	94.77087542373535
0.7511017406658954	128.95991858030388	16630.660600238603	0.24325979923620633	93.91474910500855
0.7498403447668246	125.23168463830721	15682.974837348433	0.24368765671479664	92.0413304140472
0.7394039830433075	131.7802656469082	17366.03841396969	0.24160194151191727	96.08405855479258
0.757492594658174	125.3536843194243	15713.546172453884	0.2500470067922912	93.58067284580375
0.7558069654480841	127.41303703633844	16234.082006823352	0.2503143884154959	94.8446042545666
0.7548282479048782	127.05742105984449	16143.588246378615	0.2501725866185107	94.55129854883768
0.7511521168772759	129.4775146717403	16764.42680557072	0.24834142647919566	95.53136888936262
0.7354499276626776	131.20030530391546	17213.52011184063	0.23656230269252254	94.80849964953782
0.7574008470034764	124.29626224741659	15449.560808678558	0.25362945560899086	93.7779888208185
0.7492359999642669	128.69677898675457	16562.86092156555	0.2430184774902957	94.86727276059067
0.7676818501867144	125.94352111515207	15861.770510882754	0.25461251481229996	95.26198218427757
0.7655575924828637	126.06974575007591	15893.580793488782	0.2550143567244266	94.64300676869725
0.7559034462632525	129.34728077365622	16730.71904353906	0.2461240338080155	94.34381639577188
0.7532621140902301	128.98672310400613	16637.574737109546	0.25113885091989663	95.98726197825007
0.7498692210741075	123.35994487218058	15217.675998867431	0.24593419371747616	92.67325952369345
0.7395100812050759	131.1751669017867	17206.924411711596	0.24015145881291655	98.54394623515086
0.7473780467804483	131.34077907464052	17250.40024793353	0.246546664547316	96.20701589466047
0.7505796322492139	125.9347178441475	15859.553158485043	0.24278097697251577	93.49626430392311
0.748598892954051	130.9459660939791	17146.84603628553	0.2499207230704822	97.06860231742867
0.7412901498385318	131.66244754919921	17335.00009464563	0.23910644179218588	95.70834779656668
0.7523478555406907	128.34408805716916	16472.20493922639	0.2470761654086675	96.16415361085438
0.7635176681737059	126.90945925052372	16106.010847260342	0.2521295204780132	94.66381698140172
0.760121964583442	127.47883535896526	16250.85346447817	0.25340711154025186	95.41533303403055
0.7550081858223938	127.26134021283212	16195.448712766203	0.24242244060827833	94.40200916692217
0.7581917735139612	127.28833095541121	16202.319197414297	0.25062642802231094	96.06586520092523
0.7515935547655905	130.0727080883695	16918.909389442182	0.24826363653498218	95.51163309408851
0.7534331064614613	128.22428186839244	16441.466460664957	0.24937998649698	95.40441090271176
0.7369512289983532	131.07226429299587	17179.938466892963	0.24057936866262386	96.94245159630306
0.7422693586850153	128.65780540366583	16552.830891287547	0.24056244123032833	94.98438021500783
