r2	rmse	mse	oob	mae
0.8245315846546022	107.93819796885995	11650.654580764804	0.21295424082163383	71.78992114353997
0.82145606555955	110.60609124748922	12233.70742104791	0.22335159589037268	74.00489067900645
0.8167428481848766	112.19513960179295	12587.749350265807	0.20917532413956508	73.92560071934436
0.7888118708428726	115.33316400327641	13301.738719006655	0.1976224324542295	73.77600219035162
0.7959813790996366	114.25518776470008	13054.247931146872	0.1986158894403237	72.93834949430615
0.8307825169429857	106.95131534862621	11438.583854801289	0.21743437108440666	71.59001234125135
0.8043737680462963	114.55159410171386	13122.067711243804	0.20284242767831517	73.80453042261344
0.8005215217461265	117.77952221364444	13872.015852874363	0.20287277528365355	75.95295774525717
0.8053283329452865	114.13210681579434	13026.13780621189	0.20436739467025355	72.8534172148458
0.8277548263859871	104.68551492807647	10959.057035756523	0.21224745055822136	70.3855651971467
0.8233825070256047	107.71935651180662	11603.459767317696	0.2102813369866895	71.13716849261408
0.8214916576729028	109.77843185581301	12051.304100721381	0.21525894166174797	72.94117872059856
0.8097892395047545	113.48650989812505	12879.187928857236	0.20248443668760152	73.94818970089484
0.806121924217481	115.6667074460475	13378.787211409539	0.20562614277907365	74.49377188505511
0.7961612525189135	116.52910457024612	13579.032211943355	0.19976458137898168	74.78609118515442
0.8063326850080195	114.40529731718885	13088.572054234379	0.2053125468463629	73.33640164802807
0.8284114820885273	107.3346000634838	11520.716370788017	0.21801682544565348	71.59720521940615
0.805612791334679	112.99993897032509	12768.986207297194	0.20199930944191047	72.5705593735446
0.8207194744813958	111.53894600165731	12440.936475160624	0.2114996597242309	74.36762237252779
0.7999642027725598	113.76470409141109	12942.407897006327	0.2026249687860875	74.71143904076521
0.8238046538314721	109.78419114320627	12052.568624968051	0.20824753277457075	72.5949411058692
0.8071699385071335	111.7277515293889	12483.090461812862	0.20127777934869195	72.64008540500095
0.8206673958591403	107.80049054199858	11620.945761095525	0.21483664344383424	71.98233441745369
0.8005812336045683	115.9581207897952	13446.285777100733	0.20163456813254932	74.17103658739838
0.8134428777909205	111.58153276391391	12450.438453944394	0.20814597357095943	71.90556434051754
