r2	rmse	mse	oob	mae
0.8063331084992269	113.13203534550193	12798.857421415898	0.2029839693433606	77.38084964218581
0.811055849138556	110.26017728686634	12157.306695331195	0.19761516411355706	75.93735121995188
0.7909208933683016	117.05433941711422	13701.718376376979	0.19342721101711302	77.18556676854672
0.8040360057044997	111.10079551440296	12343.38676393318	0.19666529404909028	76.0992552719855
0.817511444496407	110.36620694640813	12180.699635737385	0.20291726217789896	74.83336326026652
0.7947690257030843	117.79502540930235	13875.668011178188	0.18931599327878335	77.5634486470377
0.8093323746930612	111.90257647527334	12522.186621804396	0.19735057100323994	76.71194313752882
0.8135693654095387	110.69338737880189	12253.026009393496	0.2031389943982126	75.78589230899385
0.8231674299679046	111.01992258941584	12325.423211759886	0.20633275483771263	76.2706891323497
0.8230671487798661	106.61714786741406	11367.216219382035	0.20340479190472305	74.50493269604176
0.8185022874656617	110.75939204441684	12267.642926048828	0.20559928878983424	75.81986347906356
0.8129614228958489	111.3345527798971	12395.382642699693	0.20243468351291138	76.85603607519836
0.8032819413338061	115.61572202612614	13366.995179622467	0.19520287326544905	78.53730096454208
0.8143635426120046	111.07801491855524	12338.325398246781	0.20320349510249502	75.5701918292216
0.8027880314285003	113.0040560786056	12769.916690216638	0.19244153840329403	76.82376028490887
0.816370021170454	110.83293533906082	12283.939555872439	0.1975749032755525	75.36040664425607
0.8041936363736961	112.08684028132136	12563.459764250445	0.1966370451430275	75.66859019334842
0.8130689704441324	111.27378759076262	12381.855804794157	0.19986606953502128	75.47498485975693
0.7964489418450842	115.18108643158044	13266.682671559205	0.1935852437612564	78.24957606945048
0.8083424160449588	109.82396658133308	12061.303635657765	0.1973029728894653	74.2093384331179
0.8063322653253124	111.29625089363802	12386.855462979622	0.19688586184264556	75.93092572963558
0.8077917570402098	114.60115864034469	13133.425561709451	0.20155537614044539	79.71889235626365
0.7958883424463823	115.0550803018039	13237.671503254543	0.19339299887264194	77.6618246930909
0.8212023560983892	108.3775494577999	11745.693226477864	0.202055958665197	73.74054492581044
0.8099492841572395	112.54997031800461	12667.495818583719	0.1993002266462297	76.78140728687366
