r2	rmse	mse	oob	mae
0.6277679334640696	154.4701822701341	23861.037210568455	0.3518150926375758	113.65443274864634
0.6519294240798881	153.5571442375932	23579.796546405007	0.35216737349975524	114.27158246802082
0.6525361690819175	151.77032025492753	23034.230110283268	0.35127551396263645	112.85509872664856
0.649512973031101	153.68078319661407	23617.783123924695	0.3733573780607369	115.73538324653003
0.6562678585048904	146.37539461670593	21425.756149196386	0.3456176989583244	109.77139005794724
0.6446185699707017	151.8418717799378	23055.95402563507	0.35330895352475455	113.25674037423668
0.6271657068192902	155.0988778217355	24055.661901561634	0.3635494632234435	116.25735739918191
0.6593873998317368	148.28277187049756	21987.780433598018	0.3473164996010004	109.86961492925876
0.6547462202276492	151.44008287393015	22934.09870086283	0.36166755661437144	112.35404385222759
0.6682567085501672	146.72533462551593	21528.32382096962	0.341373898885847	111.10033654978355
0.6467094535375209	153.96327939245555	23704.69140127933	0.3561265301644675	116.4763851339584
0.6450235638643942	156.93071677794921	24627.249868440907	0.3763765461372862	117.12570847776907
0.664309531308128	148.45600883277908	22039.18655855818	0.35107436366995604	110.54106943142074
0.6461157984254682	153.45229630003513	23547.60723975378	0.3691323310600214	114.76270987739778
0.6422575373379907	151.8040935546341	23044.482819944107	0.3521262214213483	113.10948516521462
0.6301991750723798	158.10581447116385	24997.448569590084	0.367480806293373	116.82479445694122
0.6584443973007688	153.45573899980593	23548.66383197656	0.348761707392493	116.86305244290942
0.6566499335068942	150.10800680920934	22532.41370823364	0.3388024592471932	111.0895083208413
0.6539371838545461	151.93976240934722	23085.69140100888	0.3645350393508826	115.38644710021238
0.6706314087355864	146.7674211553552	21540.675912593408	0.34841425834761175	110.62744359289839
0.6697495373883351	146.57196007750758	21483.339480962473	0.3560834869379199	111.43300651420974
0.6514853549644927	147.37100079218732	21718.211874490873	0.33984909518969364	109.78526525469049
0.6488563746565388	150.63152394908997	22689.856007225266	0.3548161257652389	112.87536159497287
0.6594638922548259	149.44287459864717	22333.172768306984	0.34255155863253073	110.96907569426504
0.6537068229538652	151.33856829759196	22903.362254364903	0.3625021045008199	112.3820817752821
0.6702814456828334	147.38100471106335	21721.160549642478	0.3362963705518719	109.06969296057008
0.6339732143162473	152.53045279177496	23265.539028863892	0.35421976593578974	112.89767708507901
0.6486718202177575	152.47326101099952	23248.09532332839	0.35764249491029354	114.18043574147498
0.6257494638228984	159.2172436412134	25350.130672705513	0.36483274921672326	117.1222560818208
0.6421009268298328	148.2696184058984	21983.879742230725	0.35452876179585	111.85477942470065
0.6354660995674276	155.10761484919868	24058.37218420736	0.3476723451166859	114.65100685770408
0.6435589058970623	152.54923504798126	23271.269113724236	0.3578702713134867	114.20530452946677
0.6380349270380259	149.8530199274823	22455.927581386408	0.34673782394444763	110.8229980900763
0.6642460984421565	146.55805573503383	21479.263700833286	0.35318883728819916	110.57439959915219
0.6523482726256551	153.23965920952108	23482.393154650155	0.35828029883495205	114.84151666635296
0.6493873576510807	152.29081761162644	23192.49312881767	0.34463850418462194	113.4757994822699
0.6633796576217448	150.25689535309604	22577.13460115125	0.3600996868859616	112.33544937715826
0.6452422122045528	153.56293145997012	23581.573918579477	0.36178517103238805	114.6740794936042
0.6638306717203419	150.94270691263318	22783.700770113082	0.36032027185035664	113.86440043514787
0.6364351096198779	155.68725422005448	24238.52112657987	0.3543448442564068	115.48910702341858
0.6532760881789921	152.03030555029878	23113.21380571721	0.35546364035110134	114.58602216871634
0.6490068877401722	154.2027175893525	23778.478111941597	0.35831214302885295	114.4660432531996
0.6567908844731487	148.66384069160577	22100.937529179144	0.34887336114149636	112.01665868176727
0.6571731290462486	149.84630022312268	22453.913690558216	0.3501196658302701	112.35222642146199
0.6478448388691666	155.8388842986529	24285.75785944893	0.36609157530780645	114.4542209196324
0.637376212350848	156.23774670637275	24410.233495884688	0.3658389774785695	115.5879514850555
0.6311464033431154	156.7959898755946	24584.982441067565	0.3545358874297314	115.76022621038454
0.657176296963475	148.3556896142648	22009.410640924078	0.35728925519678645	112.35433670211937
0.657057094528422	149.46856190867436	22340.850999047216	0.3370314501950711	109.72227490872075
0.6576749236225312	151.4778479258542	22945.53841224821	0.3485351908462082	111.22098070823556
