r2	rmse	mse	oob	mae
0.8138155260784105	108.38294735173294	11746.863276648513	0.18843870871328638	70.06269588144806
0.828148338164537	105.26162355089275	11080.00939256986	0.19251268173055525	70.41658961863006
0.8239256256518428	108.2770891987997	11723.928045364826	0.1905876610523628	71.15672375652835
0.839406003927751	104.94171797531453	11012.764171610452	0.1994473197833122	70.8953340060899
0.8310467562605235	109.72054372605108	12038.597715540287	0.1986743729656959	73.80342766157365
0.8155942166395559	109.49491608711004	11989.13664892327	0.18710957635462777	73.3759009918999
0.8108546489427235	110.31259903985412	12168.869506927624	0.18940360063640826	71.85868463394151
0.8410917049493382	103.84629468635916	10784.052920086146	0.20223774953822837	69.35732017537654
0.8109019839241052	110.3635217151148	12180.106925362617	0.1870177112427739	71.77066801177025
0.8084412931519035	112.31924579463879	12615.612975876484	0.18505973414782395	72.85231497680047
0.7990436973512192	115.37457776636492	13311.293194766988	0.17949515666669924	74.49360709886693
0.8200377585845584	107.79033754073242	11618.756867145028	0.18694222586829845	70.72020409497566
0.8118927430515968	111.8074719472822	12500.910783242296	0.1855534593873469	73.75000572693187
0.8294202878497143	106.04384731971334	11245.297554366673	0.19627160226780183	70.36525203734963
0.8283962724683548	105.95057978194087	11225.525356129418	0.19134552527308124	70.424800098482
0.813790819784965	111.90627164725106	12523.013633988347	0.18892145153129025	72.59671946979188
0.8134048956218307	109.18609029364421	11921.602313611827	0.18708929041281297	70.26047631801808
0.815501068041487	109.8409435179189	12065.03287290665	0.18829942874794636	72.61032959883
0.8188844181406993	109.02665656754642	11886.811842297713	0.18839950134282957	70.70631361224586
0.8090479962813074	115.44255428662868	13326.983340221208	0.18251166062242108	74.59634720096882
0.8199212034707168	107.75897539734778	11611.996778686205	0.19078797170925788	70.92177850505357
0.8250860082095169	106.996123066025	11448.17035115997	0.1920546517777698	70.80808914589248
0.8089260832651414	111.45864814843632	12423.030247076927	0.18337511482165803	71.37858233901714
0.8172125413597399	107.37413672962232	11529.20523843163	0.1885030932056846	69.21760638318835
0.8298625801222721	104.67445927477897	10956.74242446736	0.19502935865347404	68.80178243728673
