r2	rmse	mse	oob	mae
0.8121730194983596	113.14732982145912	12802.318245726054	0.18725573670221574	73.01962634046274
0.7987555523666182	116.50223740787293	13572.771321040387	0.1781405152655926	73.76182059472475
0.8239330879289092	109.47046844376473	11983.783461297291	0.19395263203796753	71.47518757456541
0.8049197486039603	111.38193396506226	12405.93521379749	0.1838328510746885	71.64124010776341
0.8199390175311828	109.86338173084756	12069.96264533793	0.19020532743676088	73.2165717555529
0.8016034627584756	111.4042213113275	12410.900525983237	0.18079896431761977	72.54248883977138
0.8122629488858849	109.3705336321643	11961.913626984382	0.18819589968516148	71.89729496499506
0.8221882548427258	110.40618194809971	12189.5250123569	0.19051967375387668	71.2956956095649
0.830771662675827	107.84142886819902	11629.773780334828	0.19361232176057952	71.42747633107719
0.8150110778361438	109.28864229002163	11944.007333596304	0.18629579868471458	71.90962008058428
0.8184578950921164	111.66962755404323	12470.105718058732	0.1911830351398165	72.63162853304091
0.8232692626087915	110.87427386609454	12293.104605333736	0.19144398354797265	72.44746236774671
0.8117319650055624	111.93047661102491	12528.431594371195	0.18164169157104848	71.39693306454915
0.8257502893905111	107.60213287884616	11578.219000076868	0.19155276492642326	69.37869918418444
0.8238490356206675	107.51972729704353	11560.491758030606	0.19077783879278132	69.53772817739332
0.8273163295209838	105.9034253061863	11215.535491582983	0.19018855078658192	70.86407434227101
0.8184184253905514	112.05685991134605	12556.739853191033	0.1891260859521008	72.83575947270677
0.7902333508381795	114.82228435894099	13184.156985405503	0.1729087959045812	72.8995027727247
0.8291781989230259	109.25622618170276	11936.92295946739	0.1976038774224398	72.50899272326943
0.818214386488083	108.11862209101051	11689.636442858744	0.18857642059869284	71.37777050292934
0.8155414467904288	111.24974593980713	12376.505971671633	0.18695845480020035	71.85638401552289
0.8231056898173681	109.03020453429444	11887.58550079008	0.19436771390716867	72.52938429124262
0.8256255708619902	107.76881509222865	11614.117506382969	0.1914794925019011	70.62525191316585
0.8232238320725683	109.34120671640565	11955.499486199753	0.19259146544911254	72.15824125436598
0.8295351973869776	106.45856631058383	11333.426340904974	0.19487615258048174	71.69268391410003
