r2	rmse	mse	oob	mae
0.6463542907683526	153.418317155218	23537.18003873906	0.3524118007301037	114.03162259018265
0.6621715480190531	149.11305998626824	22234.704658468432	0.3447374501546927	112.13301079026299
0.6529196186594828	152.14795524962025	23149.00028664045	0.3696322659592185	114.63866248337617
0.6417147241246546	153.66611144249143	23613.27380585619	0.36418551244604125	114.98878986741377
0.6511625981181293	150.6733965238354	22702.472420028935	0.37022716133344247	113.56028775839872
0.6688156198681885	150.26411509447806	22579.304285126553	0.34441036917489554	113.82960283418248
0.6586901174699529	151.258044197723	22878.99593452032	0.35498360085530145	114.68628530756685
0.6355506668995055	154.14895911275838	23761.901595546857	0.3560270785955202	115.67088320524223
0.642544922161346	153.16942515175472	23460.87280131899	0.3619929882610209	114.80186564342901
0.6501442405176663	152.6804689422824	23311.325596435265	0.3441466464191545	115.15335085274128
0.6459645768322901	156.09709005595104	24366.301523935686	0.37395072360369397	113.92467055070509
0.6299093761372343	161.19751789753172	25984.63977632506	0.3691128678242901	118.21235818612485
0.6431415352545315	153.30889702195134	23503.61790608728	0.35538874279735744	114.80843185961689
0.6311399468280983	158.51193805908176	25126.034507246175	0.3715398319741805	115.7451503368197
0.643231354866975	155.25390075467718	24103.77369954315	0.3643463406033527	115.35612942034344
0.6423648567982536	152.77634766287775	23340.612405208496	0.3597397486347167	113.67876108370538
0.661012964230913	151.44243969135678	22934.812539670238	0.361461386481982	116.25844419715017
0.6640178141227471	148.62833125406553	22090.380851368234	0.3539218059277912	111.48405475415086
0.6473476944427492	153.42705152350942	23539.860139197615	0.3574844419769274	115.50480177615745
0.6530385800254876	149.62084200088523	22386.396361053867	0.36258865514090555	111.27113853914273
0.647901863279645	152.60622114987137	23288.658733643453	0.35031359943425655	113.13495871223411
0.6781075427105322	147.47863207817156	21749.946919648693	0.35351601280453093	110.85696345417037
0.6454423214852544	156.32734055013626	24438.237403478273	0.35356793026273725	117.14977279207778
0.6512325099548213	152.2395406584477	23176.87773989515	0.3592839095826488	112.87127475153093
0.6380341919467921	153.7333613201564	23633.946382793758	0.33946429873813555	112.87699852444489
