r2	rmse	mse	oob	mae
0.823564851224111	108.33901308768105	11737.341756812726	0.19010359698273938	71.38198401918686
0.8168496973660928	111.53909819778242	12440.97042677455	0.1860062663256652	72.34662265214241
0.817251328346824	109.76119619371546	12047.520189875297	0.18518053324401662	69.76241923820574
0.8283518322076757	109.41234589451453	11971.061434140891	0.19216736042092308	71.41157634894375
0.8190565678936349	108.69384636648053	11814.352237940071	0.1837239272928486	69.08602483483567
0.8264928762201517	105.01098361976698	11027.306680790969	0.1895639391238797	68.55966039433102
0.8018044510767434	112.60344491056733	12679.535805727171	0.17657865619736712	73.9162500211252
0.8174573057089068	108.20061341565633	11707.37274352431	0.18538813036946133	70.6699674630786
0.8123970408605582	112.42274545677358	12638.873696038505	0.1827372370971616	72.46586130780608
0.8090750057197047	110.82799460265024	12282.84438764507	0.18150885851377963	71.18297862765706
0.8138514131557562	110.24121871010895	12153.126302690076	0.18538098175205941	71.30789121289202
0.8242171669050926	107.87653629430217	11637.347082855893	0.18741723030961666	71.46533318629355
0.8108779114928177	113.22666173787071	12820.276928302197	0.1849381787372092	72.63688312702314
0.8210763417354744	111.03754581709089	12329.336581082558	0.1862451908701689	71.50421569861294
0.8189472166574703	107.06327898442024	11462.5457068958	0.18919081952732664	71.5443925789091
0.8277438845544765	109.2702035563758	11939.977385251805	0.19232692951732355	71.21923657114782
0.8247119259650906	110.27470994379041	12160.511653187108	0.18875304314162833	70.94829548987963
0.8277392466654971	105.87444382034239	11209.397854266837	0.1909651503373574	70.33139197521726
0.8266755035056405	107.64093949537259	11586.571855446464	0.18970125759626844	70.30238018264465
0.82754075604158	108.99953963238656	11880.899640072208	0.18719652141133736	71.25310829999627
0.8244163618041179	108.4372872962721	11758.645276174257	0.18951150172036835	71.00364818918759
0.8206660777753938	109.01154453053995	11883.516840933893	0.18671533364660475	70.8643557996321
0.822702243564912	111.51259779973405	12435.059468045252	0.18238040697153812	72.3591177197983
0.8123886999314107	109.54818009121367	12000.803761296982	0.18546423529117173	70.90198103304851
0.8255390838746892	108.89840192959686	11858.861942820024	0.1895890255917868	71.79171793844017
