r2	rmse	mse	oob	mae
0.7657207644696088	120.89359342790877	14615.260931912508	0.215863977035486	87.062751203925
0.7672287478041924	124.12551949394042	15407.144589640582	0.2142378326204738	89.4809288577974
0.782036595295487	120.74629560246608	14579.66790171812	0.22208411786832183	87.87523840168588
0.7708623776532022	122.55592170374807	15019.953944655228	0.21822843483554344	88.61895780859673
0.7699710809550736	124.90787279958434	15601.976687317141	0.21776544561574496	89.46513726819364
0.7890539811465743	117.31221659663674	13762.156162816214	0.22498283483576476	85.27017583921808
0.7718666605354604	123.46317910610381	15243.156594985869	0.21547076706482227	88.47614263170156
0.7799758613644294	120.66934693350191	14561.091289357848	0.21992844392520428	87.90538952915219
0.7764256799684586	123.78984071289116	15323.924663722966	0.22025145909170663	89.7520635196193
0.7924989616254139	117.37928829503181	13777.897320648191	0.22886555652849483	85.85139451122853
0.7809568081117788	120.89520880595236	14615.651512234823	0.22178459690424568	87.59146545362506
0.7662526158355892	123.90594582984843	15352.683411989334	0.21794369530276947	88.28689363831447
0.7790939706144441	119.63922347122016	14313.543792796558	0.21946349303457002	86.38649519500517
0.7882893000554667	119.55197886269058	14292.675649985214	0.22267973596983193	86.45053098070973
0.7900225841861742	118.19592178410218	13970.275926393602	0.22294898434686794	86.34453658320167
0.7790908801829028	121.00934570378088	14643.261747657152	0.2207145542589326	87.60488855226112
0.7718277706542008	120.84533084581047	14603.593987233391	0.21933975087554713	87.72131782816103
0.7785119977441596	120.1063330495075	14425.531238599217	0.22491094279143486	87.99732638888374
0.777301191011584	121.5026385581377	14762.891176589452	0.22318577857271416	87.40981609346711
0.7829967821916544	118.05639087249666	13937.311425839715	0.22088360274879992	87.03759623736627
0.7800390004851996	120.01169919674793	14402.807944090708	0.21982279604694732	86.50584782584609
0.7809161186953231	119.5813224572672	14299.69268062892	0.2252770901524347	88.3431589298061
0.7644758258280235	124.52866731975186	15507.388984433434	0.21738835726420014	89.70165841224757
0.789436292349343	120.9274948918073	14623.459020808079	0.22661286627625166	88.18258217218442
0.7744887193080772	123.8409062140724	15336.570051922678	0.21871282883392607	87.96801277170667
