r2	rmse	mse	oob	mae
0.6826811766732637	137.323890209122	18857.85082216699	0.3419487298056586	104.93674701763459
0.6700501783992097	152.70929431946183	23320.128571548015	0.3911745384625305	114.60505672485515
0.6944231805596698	140.41473938212684	19716.2990357506	0.3464175192410943	106.4536240852269
0.6912120597792429	141.16973965199682	19928.895393412564	0.36969589696131444	107.6697551858699
0.7008374682411829	137.45291953484298	18893.305088652014	0.35068891098687294	102.43913993395236
0.7176504756099269	136.20305423373142	18551.27198259678	0.356732974512169	103.78119361532332
0.6936888110588906	140.32354916404222	19690.698449993375	0.3549453506998296	106.24099338465979
0.700377479256767	140.12188773410998	19634.143422170517	0.337735061243692	105.16132456432645
0.6965087808784036	144.44716976406932	20864.984852849862	0.335527735946644	107.43682565789605
0.7208040120124284	136.6438940410975	18671.553778714682	0.32965010950528384	103.7002758200789
0.7034859467118653	140.76587069096556	19815.030351385634	0.3455791236771155	106.69114713548079
0.6803692762650753	147.53579906111625	21766.81200460207	0.3596733795571776	107.69063608965806
0.7115985458556265	139.55161717950162	19474.653857414174	0.3228374145224078	104.78744709019783
0.6901580319945284	144.60864293343846	20911.659611050705	0.3550482655884948	108.3674413463125
0.6701200892775007	144.81198337734654	20970.510529680887	0.33266027874303916	107.72764136573304
0.6876831332439881	142.07111809017027	20184.20259539111	0.3281326421186096	107.07274917675035
0.7047517016733069	137.76937316073645	18980.400181102246	0.3464883287696511	104.01855850755992
0.693286366189984	141.62123263513232	20056.573533094263	0.33757871379201654	104.91581993402139
0.7054349652902907	139.13551565607875	19358.69171688294	0.3480965591575176	105.7137274179174
0.7091972776729534	141.63223656207163	20059.69043357462	0.33722823385212086	106.25263404026113
0.6856373284335378	141.30210522887154	19966.284942111084	0.35347414453856985	106.64934189993114
0.7015083322708959	140.64521036543633	19781.075198737835	0.31919302347087986	104.5179386385984
0.7391988363084644	130.1446099657595	16937.61950313967	0.316836213335814	99.9716856313884
0.7240361000023163	134.63056737046543	18125.38967049343	0.31895798306174106	101.96814168114791
0.6918579355647358	139.6457642995374	19500.939486801955	0.3591094567291635	106.10970026129188
