r2	rmse	mse	oob	mae
0.8095690353874394	113.26809622195995	12829.661621747178	0.17705207724405259	72.37202557391146
0.8150298492820425	111.49346158712476	12430.791976679662	0.18258007666724574	73.14175136897843
0.8259949805783545	106.39528109686235	11319.955839680353	0.1875057824879689	70.61755698479953
0.8154138849965772	108.7193409796596	11819.895103051493	0.18243573669226798	71.13659562035436
0.8186989120214265	111.91838755794814	12525.725473571081	0.18411221362639674	71.62614027533641
0.8213516141968253	110.77686946038754	12271.514807443742	0.18252474692492038	71.20833947173173
0.8249500912475348	107.91282421996503	11645.177631129072	0.18502564856298753	71.57381965293253
0.8015620109629982	112.89288930890523	12744.804456512727	0.17460159753549065	71.75343526028118
0.8177211078019371	109.50179641134876	11990.643417312473	0.1834746240539885	70.42582858797711
0.8281316654219851	106.60291279437425	11364.18101624496	0.1876321129268581	69.7364743607205
0.8230444170370781	107.59143647340038	11575.91720240975	0.1842978847494161	70.99348948679875
0.8170516113521493	109.26177481869003	11938.135436530125	0.18460610849581882	71.69594816202017
0.8080448349393947	111.96301079661565	12535.715786643073	0.17979906659662448	73.50010255883045
0.8171588423904285	112.1469700035343	12576.942880973624	0.18628765688015925	73.06489585512914
0.8246512849874372	107.83203956527132	11627.748756806237	0.18733466459549075	71.78019496310733
0.8104049206068387	108.54341292587876	11781.672489597824	0.1786945297514384	70.84715108913191
0.8292848979116226	108.37673270878251	11745.516192630888	0.18937704557585278	70.75651394831898
0.8079302487780651	116.52275841151912	13577.55322782925	0.18219169017794234	75.10531538701782
0.82814648839622	106.51719513125666	11345.912858630207	0.18792871803036226	70.75338699333
0.8167154646445611	108.57938848554743	11789.483603895429	0.180820028992292	72.27914642909867
0.8170562792515685	110.17891264774181	12139.39279223872	0.18552310066646704	71.85941268037344
0.809768018429497	114.31344691215867	13067.564144938919	0.17920107125713602	73.68417830113299
0.8110409030346708	111.92655058984253	12527.552726940581	0.18044355452930272	71.8631397464048
0.8184273282453682	111.84395355871989	12509.069947645092	0.17992559555390653	72.57786568323912
0.8147556435989372	112.95525690027065	12758.890061406142	0.18461818037149347	73.30592425621032
