r2	rmse	mse	oob	mae
0.7829037138970607	122.1528509680056	14921.318999611785	0.22488183584113353	88.9915797690112
0.7778188524698367	122.8022771954509	15080.39928438836	0.22203006267038417	88.25493104554687
0.775082362802014	121.30673302707616	14715.323477702332	0.2190260231292489	88.03629424913936
0.7667600997671097	123.42400791775431	15233.48573048188	0.22029476744243648	90.0635450976626
0.7842873531920453	120.61145211096361	14547.12238031527	0.22383249356315837	88.49818430076371
0.782579898289017	118.29309734119408	13993.25687857322	0.22485509238857326	88.19089382395592
0.776415727502595	123.43183465201278	15235.417805561825	0.22074072919773224	89.15708477221834
0.7746053917528648	120.88142093529785	14612.317927336666	0.21702725091209374	86.1374429690236
0.7799382415475893	120.16724544587784	14440.166878049848	0.22750634062114072	89.35369468158567
0.7865730580345652	117.57675857077587	13824.294156010517	0.22785247104239592	87.11042090735766
0.7724462107777568	122.84982341250925	15092.079112484706	0.21985661117633493	88.27115565666372
0.785634926486763	122.7327701489724	15063.332868440493	0.22657398516428218	87.69500379952612
0.7745565173333167	120.88941285002085	14614.250139222786	0.21967405024075504	86.47227805366198
0.7779753931818029	121.51208695743291	14765.18727675074	0.22163571642423552	89.11274865836882
0.777426068253693	121.35361362535467	14726.699539931868	0.22202832682175366	88.01290578563226
0.7742769810000916	120.43670803703186	14505.000642797255	0.2199995294046191	87.22564015334702
0.7786858153536477	121.59488323318661	14785.315628492286	0.22230905034575488	86.98661175520395
0.7879785403810425	119.07845147604661	14179.677605933188	0.2245568034567399	87.07770774093453
0.7918993549822835	117.3355521901788	13767.631807774173	0.23032898536594326	87.52849124469041
0.7805874330447007	121.82646714693823	14841.688097504019	0.22115765170389312	87.47411195432922
0.770549913751241	121.37010131457642	14730.701493110542	0.21873707564898126	87.76892371552697
0.7758726068309074	121.40204586284618	14738.456739684609	0.2184665712490521	88.3136317811504
0.7879426166553215	121.46408693755447	14753.52441557379	0.22511349357050725	88.58763847002217
0.7793287010506734	119.96035086524954	14390.485779713776	0.22332185584336273	87.50181613888934
0.7824792701283227	117.38282988490555	13778.728751788674	0.22443903031004964	87.13238454182411
