r2	rmse	mse	oob	mae
0.8087125356465064	111.50086157666527	12432.442132338669	0.18116723422807057	70.88226466329508
0.8238765971340731	110.21572912202474	12147.506945899533	0.1886292632464126	71.22144368874595
0.8290170370835523	106.83282339627812	11413.25215482035	0.18605526545503603	70.86442224056424
0.8216084528907334	106.30038135282831	11299.771075756727	0.18507436029547875	69.89111594998522
0.7925330134707936	117.44009477504524	13792.175860771607	0.16997204902087892	74.692743685151
0.8177589686841902	109.9451789668409	12087.942378050675	0.18286241797226233	70.17768335045841
0.8064683946763958	115.28766627951796	13291.245996177502	0.1750768508181738	72.54839723843595
0.8101659936352905	108.92851259731896	11865.420856664274	0.17916168140007194	70.79758863820852
0.8198974823975558	107.46933662168979	11549.658313906073	0.1838915195084141	69.25817957557508
0.8368354811091165	104.26518004362298	10871.227769529114	0.19112174474550003	69.08366555664871
0.8019540924981495	114.50550220702621	13111.510035683285	0.17838591493999623	72.84250022495719
0.815315990409873	112.06042415437447	12557.538661658315	0.18078656921897074	72.42033531106145
0.8213561182790565	109.08886406314251	11900.380262586785	0.18534877167159836	70.50669481097162
0.8202318524490797	107.50140990655512	11556.553131897188	0.1857328830526015	70.20536716129158
0.8173012149142392	110.16470565491039	12136.262372033045	0.18114535780616703	72.0513429170799
0.825564069683919	107.42691805636518	11540.542723088998	0.18449478762392768	71.2262478805243
0.8135303311465443	109.86590948980997	12070.518068023117	0.1806471884367692	71.68018198364177
0.8313072118004063	104.33394519804389	10885.572120588427	0.18940053000257429	68.78774644985214
0.8097557601356704	113.67161488503916	12921.236030572656	0.17790651412863068	72.89746281266987
0.8126003772255692	112.27961092176935	12606.711028743906	0.1809342187250721	72.67152676735873
0.8274487924032322	108.22781995009454	11713.261011150082	0.18923506369258236	70.48720316319927
0.8319780541832278	105.11363109575663	11048.875442134815	0.1898601926514878	69.44347706206847
0.8155200451667384	112.98245801363724	12765.035818803302	0.18090869858265024	72.58121600341234
0.8334428029921092	106.38948161056386	11318.721797364507	0.18961236954019878	69.47552409397835
0.8050191106509397	112.37355114011307	12627.814995839608	0.17757146903979082	71.41582344345692
