r2	rmse	mse	oob	mae
0.8228697549667299	107.64921490041395	11588.353468675507	0.18733358875218253	70.72517564650144
0.8113253169419554	112.51136365479788	12658.806951462171	0.18002514432663808	72.84624985085077
0.7968633617468914	113.41591902435044	12863.170688138018	0.17331876332683271	72.34661832804086
0.8076226922087137	113.2117589325867	12816.902360610125	0.17918769139069857	72.69734114435987
0.8171409236231869	110.33903712579551	12174.70311384768	0.1824506259300238	70.72813035707465
0.8172114739991333	107.5793803361567	11573.32307351146	0.18565740697992994	72.19403182691642
0.819641548196287	111.00375285752492	12321.83314845447	0.1796905597667282	71.23457095789956
0.8254894491066156	109.68537886461273	12030.882336673634	0.189687010413357	71.84202894737241
0.8185942011970843	108.25192523963142	11718.479318086751	0.18375437825366414	71.82077312113526
0.8127992181524559	109.80065083856255	12056.182924571925	0.1809792498538385	70.77260175273985
0.8113463385076892	109.95368484271906	12089.812810491985	0.17821136722957542	71.08460730524445
0.8070085401826543	112.07142637683927	12560.004610139305	0.17903494678867338	72.51380604853821
0.8123382159789448	110.78524989572641	12273.371594458547	0.1838259527426358	71.94612793291799
0.8055545877791528	110.72633034209123	12260.320231025913	0.17809004261308448	70.86645051551547
0.8230298510770475	107.06392943347726	11462.684985736598	0.18493268675134966	70.90489884414804
0.8254311338902055	107.93272471186792	11649.473063727863	0.1868194426446711	70.1224336027402
0.8156487755088764	109.08067342792818	11898.593315490316	0.185787749158006	71.5317660865263
0.8361973824649693	104.21775800679323	10861.341083962516	0.19209726444012898	69.82409970897093
0.8275977686958922	106.41513685234868	11324.1813513041	0.18736015147421703	70.21489604800531
0.8277510638852218	106.38768715610844	11318.339978426002	0.18747547566166767	70.23032655796933
0.8263578225245097	106.82009350597882	11410.532376626057	0.18695587864546825	70.24730461804836
0.8309357072890426	107.54054986157807	11564.969864530558	0.18714128985762668	70.78573100743641
0.8040074534141705	114.87167759971595	13195.502314573083	0.17345923369716576	73.09685925042625
0.8261384707730545	106.29802176451717	11299.269431049766	0.18485865553264025	70.67441876767346
0.8369270316138888	107.37717961766919	11529.858702645191	0.192449266698973	70.57608637134241
