r2	rmse	mse	oob	mae
0.8256360891828769	107.51031500356976	11558.467832166798	0.18469653797040464	71.32723608921098
0.8256682322519945	107.79456664660897	11619.668598530223	0.1876652905275964	70.9863103821064
0.8162660227655315	110.58690577919303	12229.463729816118	0.1801659706657336	71.41997630194078
0.8152271999625693	111.63504861030454	12462.384078225057	0.17936920055232775	73.04431180801431
0.8179302633478861	109.04240765566684	11890.24666734463	0.18447553234391956	71.27695927500481
0.829351791313552	105.5008373798401	11130.426687847468	0.1897316271823224	70.51513281727203
0.8053954469613888	112.4560546140526	12646.364219358782	0.17929268803387466	72.78903759618589
0.8081327729537351	115.65628225392611	13376.375624799824	0.17886288638568382	73.97830511795381
0.8195657273285536	106.91897132580014	11431.666429367273	0.18474666760179304	71.46207234022526
0.8015016045217191	114.96502776696667	13216.957609459418	0.17384669580224266	73.87146782350518
0.8234771181816417	108.75560219467215	11827.781008725777	0.1871065382382031	71.53927292363835
0.8195702738236745	111.94996433398649	12532.794514380845	0.18300121444966166	74.13941816028755
0.8237604360411218	107.67716791168468	11594.372489481137	0.18504877011490617	70.10603067741216
0.8348802228962526	109.6026626927743	12012.74366934606	0.19042943269881607	71.76722381645597
0.8098803669705956	111.93589784158925	12529.645225602704	0.17878098415201804	72.45791922861972
0.8205915240260688	106.61887551093812	11367.584615216922	0.18250241194770334	70.71317692713164
0.803893308459477	113.71568760438078	12931.25760733712	0.17670036949545098	73.44750576541578
0.8265228173982517	110.22658344064108	12149.89969699661	0.19049215363180816	72.38490306452465
0.7982894564713632	114.44326893975752	13097.261805617667	0.17549646846199718	72.44131894361905
0.8104235950964744	111.29142980381376	12385.782347777205	0.17814559241563643	72.80663836878439
0.8177967518350363	110.62536494632616	12237.971369507848	0.1838546204577287	71.64850710730714
0.829726429348242	108.38426395923999	11747.148673986207	0.1875360380520652	72.25852384872367
0.8187869032027266	110.23610290818046	12151.99838438295	0.1797741255672578	71.34395357522753
0.8207945220692944	108.24065764595517	11716.039967628873	0.18433219548212576	71.09562670579719
0.8287964827919083	106.6253397149519	11368.9630693289	0.18759063699615053	70.72303107707228
