r2	rmse	mse	oob	mae
0.8227862947795048	108.33439406672642	11736.340937804767	0.1847795338739634	72.46037175858878
0.8318529024270064	104.22197864667518	10862.220833028017	0.18874334110702695	69.36958533665191
0.8339639178482805	104.41863374333118	10903.251072823943	0.18952980269423936	69.11027732285537
0.8129288052874905	110.6280859900524	12238.573409822427	0.18040858002416205	71.64686038639962
0.8358338517273807	102.90579613418532	10589.602878010512	0.1890991794929211	68.42425775423025
0.8219159662332162	110.14530288343403	12131.98774728342	0.18394229674430185	71.21982450148815
0.8290080208887362	106.15152975146864	11268.147268576931	0.1883956095532915	70.38158508626132
0.8179805593643972	111.10337192881438	12343.959253952458	0.18194010751833412	72.320275429575
0.8328716099345663	105.36003186828889	11100.73631528685	0.18946909610854257	69.6888665924869
0.8101417611717121	114.21080948622453	13044.109003498677	0.17855445703673012	74.55894020033261
0.8208479389439871	108.483950691778	11768.767557696121	0.18472733347531378	70.43834281220282
0.8193811710205848	110.06775888505314	12114.911545978195	0.18329024446917686	70.83709975966484
0.8051855897831901	114.18468934953212	13038.143281849154	0.17425211686000264	73.28738137823996
0.8167772707678476	109.23663912793775	11932.6433279673	0.1819862807130146	70.76500397759638
0.8166794567870405	108.23634321622043	11715.105992819466	0.18098066608234786	70.69189374009328
0.8156481399999287	108.75900009711492	11828.520102124245	0.18321075588359947	69.61546301001593
0.8281624827810092	108.34850068281752	11739.397600214508	0.18693004285166914	71.80963020696635
0.8064995187899242	111.77764902884728	12494.242822416163	0.17678194409680592	71.86640967036135
0.8284214744374006	107.58556545835977	11574.653894995015	0.18641452074432485	71.227557566982
0.819971698665871	107.86935891767259	11635.798593309672	0.18317550910319158	70.53786739196026
0.8063442310117617	114.46221919851784	13101.599623849546	0.1772213627260102	73.055993128409
0.8347743872821167	104.07857846293624	10832.350494865575	0.19181224626995463	70.75864934234181
0.8232303062140044	106.11315056294659	11260.000722394572	0.18538968019212154	70.21666083208356
0.8139388020482672	115.09227066126248	13246.2307659653	0.18112560526114163	73.89413362738024
0.8273032523876964	106.10743932114364	11258.78867929018	0.18840126160047455	69.69411349556182
