r2	rmse	mse	oob	mae
0.7972767003013848	113.15952157494203	12805.077323069772	0.2054167705281278	81.40662151612219
0.778249664086172	119.25610658397405	14222.018957568176	0.19756722926362713	82.56176954746132
0.7963240771674126	118.66735179281993	14081.940381520884	0.20467177262674796	83.29402422149323
0.8092475116116872	111.4208356493061	12414.60261678968	0.20950073236704114	78.88359682965836
0.7954314110369998	118.2773759625306	13989.537664581812	0.20607826971194865	82.6358649793008
0.7979960576300684	115.28612672047952	13290.891014210461	0.20546121187078648	81.835356698837
0.7954903807514766	113.55643220128204	12895.063294284364	0.2065203754988656	81.43740451909498
0.7906397897015951	117.8760036778823	13894.752243068122	0.20141222892281663	83.40190372908688
0.8046789413241533	116.61229092985815	13598.426395909877	0.20996149489919913	83.0179981431851
0.7966266878673716	117.03759481412172	13697.798599874532	0.2041964038533267	81.85775816529693
0.7970640321273567	116.02829203753394	13462.564553147262	0.20472936058791613	80.95847961271409
0.7953959470527147	116.40437784968836	13549.979182573019	0.2044064169059917	80.84422578212802
0.7804413378413741	120.52023214596817	14525.12635651806	0.1986322099188501	83.75173315110736
0.7930322274682414	119.56181676984808	14295.028029306726	0.20273569697397653	82.62343250418503
0.7940189590711897	114.72742160443254	13162.381268001212	0.20559163075428433	82.05900389603383
0.7934436549666894	118.45290016753579	14031.0895581002	0.20754204437414403	84.56845299722691
0.7928298646126621	118.68283349890223	14085.614967328149	0.20213788928315946	83.34653587997622
0.7882250434602807	120.4221131472934	14501.485334859535	0.20217779269880487	84.40099204997638
0.791778739805022	117.34230912591971	13769.2175110029	0.20574784671758506	83.18521203641873
0.8068302349370664	110.11022932878541	12124.262602837714	0.2101726821307378	79.74916256520011
0.8001507226838547	113.33127375684509	12843.977611348966	0.20866648739983962	81.15420016679745
0.7900384762768502	113.92586972222215	12979.103791964731	0.19997945472065304	79.6311242803699
0.7883183994102604	118.97502606697053	14155.056827636316	0.20138075679762435	83.69878644301063
0.797597483670752	113.9952816843485	12994.92424629396	0.20458071170477188	80.81638958226216
0.7992195996637403	115.28769283345656	13291.252118861432	0.20889164705659313	82.39438861695612
