r2	rmse	mse	oob	mae
0.8079958824615607	115.95260571797829	13445.00677278893	0.18270477631481463	76.20051453295258
0.8127520992282813	109.66559583473271	12026.542909786944	0.18272742854392288	72.94894899832099
0.8194605176236672	110.62320772768648	12237.494087962872	0.1850801277036489	73.41199585408867
0.8039564885588184	115.59847482083924	13363.007380904206	0.17917891932616004	75.94538413636703
0.7989706732295588	113.1444418483399	12801.664721172368	0.17996562838704777	74.32532708682639
0.8055628384482578	110.63506197439357	12240.116938077907	0.18150567184962796	73.40224178473346
0.808488695049612	110.35488013889467	12178.199570469811	0.18159005096340786	73.79845165724714
0.8288730348390225	105.74458600479012	11181.917469324455	0.19439751378964998	70.81362831379298
0.8228531036275412	110.72893902563459	12260.897937742702	0.1871510381653071	72.84327088128981
0.8154796715846008	112.11023537400125	12568.704875613961	0.1879802336354235	74.50826145461258
0.8238749348036329	108.41565046396492	11753.953265524618	0.18785096555757308	71.15882451812043
0.7981450076002444	113.17531831747846	12808.652676262574	0.18040773010850397	74.8389653927183
0.8122378325200763	111.0993584991114	12343.067458914078	0.1844353827370495	73.92268401319693
0.8302888290167464	106.79803438573722	11405.82014865711	0.19399113355470265	72.16009284982549
0.8251550432819088	108.40991150064488	11752.708911577656	0.1901610804334899	72.8594876978901
0.8172552502861137	106.71598761381551	11388.302012392025	0.18568310087989026	71.78235943170772
0.8252373997791898	108.30720873786264	11730.451464586948	0.1905166790891889	72.98738200869569
0.8237390685163786	109.26545022338092	11938.938612518134	0.18863476860914463	73.07369299906372
0.8100079478406901	110.6746440246683	12248.876829987044	0.1852344811946004	72.77479609882893
0.8210554979530288	104.38515603783402	10896.260801042958	0.18948597018821256	70.58134948011394
0.8126031739569648	113.37477073456573	12853.838639115342	0.18125568723598562	73.51344761389748
0.7994839879699516	113.64454547363869	12915.08271590993	0.1774980067676598	74.04093057532931
0.8230085723227519	108.31183249693933	11731.453058845042	0.18916014673108572	72.71742597520198
0.8174845060280265	108.17977666965568	11702.86408029658	0.184349501352557	73.21161026742877
0.8124223842304881	111.22833581017576	12371.742687101229	0.18664193605097257	73.47466478697991
