r2	rmse	mse	oob	mae
0.8140982279024698	111.78760009972129	12496.467536055206	0.19168368058749485	74.85539547991995
0.8105196825052836	111.99151380675107	12542.099164727715	0.19083595412508747	76.65807097889576
0.8114991837080399	111.3723966722335	12403.81074051733	0.18982992350623795	75.22003560786182
0.8160316641575022	109.84240640634727	12065.354245137158	0.19260791258602117	74.8120257575369
0.7967003003897222	113.61223734540262	12907.740474628099	0.1849927450228981	76.53518185238215
0.81015656822564	112.68366032364213	12697.607303933959	0.19074403684837626	76.89618396204342
0.8206115658787506	110.74626244567055	12264.734645685341	0.19446108083046854	76.06496306826028
0.8230170821562246	110.06527407647263	12114.364557529037	0.19728882521391877	76.14181718661989
0.8064729383740668	113.80053076088954	12950.560801460166	0.18550307725006288	76.24665798778678
0.8110780455788803	112.2217394314212	12593.718801013796	0.18788486486475497	74.17677733326835
0.8248806872767089	110.26572775419069	12158.5307171613	0.19835187935306742	74.54492459506017
0.8187128001107908	112.05950002559563	12557.331545986466	0.19430080577897346	76.46331182858088
0.8118402313251964	110.75454999745556	12266.570345138884	0.1906415551957643	76.49890006914804
0.817556247532295	109.3837817532065	11964.811710633112	0.19223874696501408	75.7235908792038
0.8182892131546884	110.05185898576094	12111.411666221811	0.1902863003471671	74.36789238162916
0.8161190944430905	109.58580332115463	12009.048289542785	0.1903745933440777	74.90433831430168
0.8253742529392571	107.80228550848962	11621.33276085391	0.1962554808178434	74.07364705632179
0.8237788277081901	109.75653746057276	12046.497515334111	0.1961839931669812	75.42925638939417
0.8142867589518209	111.00412712835475	12321.916239527944	0.1913154816006143	76.65840932357722
0.8108744502928362	112.01073601258814	12546.40498208171	0.18765634526637498	75.45109781620822
0.8065200053390331	111.11718825146059	12347.029524910531	0.18747191254836348	75.44499304055769
0.8077869694058271	109.58886132323916	12009.718526124143	0.18491231054343338	73.97062611758639
0.8142135383679676	110.68038868518276	12250.148439503131	0.19090794131961997	74.80702980988335
0.8272800301444383	108.12068557552166	11690.082649320817	0.19757621789185686	74.42400416789371
0.803820157909835	113.73484737221386	12935.615506780783	0.18714423809092784	76.54277555169874
