r2	rmse	mse	oob	mae
0.8321314872169913	105.64679115313466	11161.24448095405	0.18757581543121604	70.84814705625273
0.8342004492039238	106.99028650294426	11446.921405982095	0.19001446604913586	70.01088830810433
0.8200594455586557	110.14952938179404	12132.918823030708	0.18411234406404953	74.38957425294711
0.8229716208361699	107.63334751583592	11584.937497464703	0.1864914502267938	71.48236895991747
0.8297435369622767	107.54538645408041	11566.010147557503	0.18783276086697576	71.09499737599282
0.8085907362485135	114.21959590022865	13046.116087611532	0.17487619116351671	72.12801397320871
0.841562928666824	102.06609089659443	10417.486910911875	0.19196507984103894	69.41990566876385
0.8298150336708605	107.00451439698163	11449.966101333848	0.18700453293529828	71.4714887591024
0.8157948403712073	110.4929901591227	12208.700874303984	0.18327570447031172	71.66182537678668
0.8232507015492316	107.53714739640498	11564.23807015613	0.18580043566671023	70.51385006362905
0.8248450852896392	108.21201286231077	11709.839727712913	0.18499251007454398	71.42006462564292
0.8129304803713076	112.8669885595934	12738.957106511385	0.18534311763892186	74.05412393173023
0.8155744816397933	113.47013642341983	12875.471859949506	0.1795100343853966	73.94252356542009
0.832635991385475	106.47617892134986	11337.176677691306	0.18343849554925784	70.53847603839169
0.7907663338478461	115.52611919464258	13346.284216174763	0.17078764573466954	72.50592438222309
0.819094927324049	110.07157702612045	12115.752069017168	0.18172664484133927	72.59379151808719
0.8207013787931774	105.59757940930034	11150.84877710349	0.18223339862665422	69.59146731242039
0.8254825366383693	107.29366864775041	11511.93133189326	0.1900600800138761	71.10443276923307
0.8117618038996541	110.47345719791034	12204.384745258527	0.17690856049757386	72.0944429104092
0.805259102695379	111.1562653591308	12355.7153285895	0.17427724515851717	70.74169439149463
0.8221849944729259	111.3938673504436	12408.593683288223	0.1838496530755318	73.03824185281097
0.8202765361787943	108.00577834588543	11665.248156100533	0.1842284712812592	72.26458593332539
0.8178597817445945	110.84844800730728	12287.378425628705	0.18229101511981483	73.47848610838315
0.8181990772396921	109.42767522048342	11974.416104159602	0.1846782035191853	72.17229440259403
0.8227000588632316	111.03579371269502	12328.947485408165	0.18306183829918077	73.36995255817767
