r2	rmse	mse	oob	mae
0.8110336253046713	111.59993130019727	12454.544666208749	0.179325154459267	71.46822840217601
0.8270626681570478	105.0004428844726	11025.093005935394	0.18515913723909305	69.78328853196342
0.8185683211288237	110.4154509620827	12191.571811160089	0.18357459882578842	72.53717345692172
0.8259043400364658	106.84596388364	11416.059998224102	0.1847746054751307	70.13266082760072
0.8154877275942687	111.07104528915288	12336.777101625048	0.18077800313254844	72.58594916722517
0.834027803577782	103.69435325154613	10752.518896256435	0.18939760360441493	68.41862051278375
0.810407043966338	111.81378399162277	12502.322290525275	0.17674679918090175	72.46842922833815
0.8303127376769459	105.98669234749376	11233.178954762292	0.1876161882008056	70.40108018113774
0.8215511223970835	108.82472002232005	11842.819687936346	0.185049430000907	71.26934119713849
0.8213584617623657	107.95244555594374	11653.730501508997	0.17934251919390654	71.04277438002849
0.8142684611599309	113.13312927333206	12799.104939176463	0.17975333080288047	72.07380825888619
0.8270033605752715	107.72556618967265	11604.797610885544	0.18619205670742067	70.39805267057453
0.829158230292768	109.27467048606378	11940.95360983782	0.1861329586557141	69.81651891297074
0.8143161267096326	107.88427085466789	11639.015897843343	0.17771694181027808	69.18910939535408
0.8035797035522014	113.68625822673468	12924.565309595799	0.17704034282028147	73.03631493598792
0.8231477809957359	106.5887612224484	11361.16401893612	0.18530582220722913	71.33116064576646
0.8247187617972003	108.12157514115378	11690.275011004163	0.18199691595032297	70.69821908677099
0.8197954593267448	109.28721750420507	11943.695909811428	0.18450238095266347	71.3133005705693
0.8207912644755713	108.64165331522307	11803.008835065119	0.18219327275476116	70.14799689980444
0.8243110008193179	105.94873578041017	11225.134613467168	0.18746258978989383	69.89955652796982
0.7937894865321506	115.22237382460978	13276.19542977812	0.17218645221504314	73.2943407832304
0.8166082752475158	106.11762912229393	11260.951210536727	0.1813574393261561	69.25898265007974
0.8216156900973898	110.56099006463067	12223.732524071362	0.18169901908757213	72.25409634193765
0.8233425987568038	108.30483869116223	11729.938083918672	0.1849056860384991	71.31756832504308
0.8317223964529278	106.28477392457646	11296.453168198326	0.18821576645494842	70.13168068758155
