r2	rmse	mse	oob	mae
0.8259504124859025	107.27663306264283	11508.276001256912	0.18600979404126772	70.20397775129967
0.8302671695802558	106.82804844582371	11412.231934743259	0.18890138405497758	69.81572871051836
0.8305107900150935	104.57216548522824	10935.33779426996	0.1865095800430021	67.98794100643046
0.8189803156451769	107.12633888322176	11476.05248252287	0.17872383668866154	70.19815094462702
0.8021440571585945	115.81350110578909	13412.76703838061	0.1731452710014929	71.66985412658298
0.8143325398637798	110.88346444491597	12295.142687306943	0.18025732677023165	71.4563868979619
0.8213415605629051	110.67530975297211	12249.024188916324	0.18306005003592107	71.39638332145637
0.8263085570349339	109.11823594116791	11906.789414912388	0.18398988239474723	71.03726885117302
0.836933479369776	105.06022967723432	11037.651859833228	0.19170688639076539	70.18697142445987
0.8069956309191566	113.44593004702307	12869.97904423405	0.17617842361054592	71.99891068349059
0.8083704709159711	112.98368141505016	12765.31226609755	0.17717651687477154	72.33084854418524
0.8267004500805978	107.46845574362953	11549.468979920459	0.18341105242667954	70.24390308181691
0.8151715827801933	112.45231395776979	12645.522914456827	0.18219941161718778	73.86718651684895
0.8199612661617258	111.82078199860916	12503.887286780477	0.17979684639788673	71.71388568981328
0.8218032103032525	110.38825961954778	12185.567861832684	0.18486337505164274	71.70616070905577
0.7922697994140687	112.3972298177106	12633.137270695252	0.1741390299187282	71.67843867584965
0.8057191931838132	112.92556979042679	12752.18431249255	0.17393470191652272	73.4988531323676
0.785673581533969	117.1316078160838	13719.813549580864	0.16853854647303468	72.92289459320081
0.8086866448984588	113.70716616346465	12929.319636925758	0.17733192316233914	72.986260401024
0.8141734221293058	108.86851878257339	11852.354381911535	0.17972843959233553	70.14424377207678
0.8041563157658347	112.80107232748458	12724.081918230408	0.1761172033906213	72.0120030287967
0.8236730577348632	108.52492703010286	11777.65978688915	0.18261185183824358	70.55727908485775
0.8189633056701858	111.46069171505238	12423.485797597947	0.1828923951357425	72.46155917814107
0.8115447921004171	112.4916345507316	12654.367843895354	0.17942414817684016	72.13976222027385
0.8128483645594642	107.87875374221387	11637.825508973225	0.18050108376555474	71.16428572398749
