r2	rmse	mse	oob	mae
0.8250309848871837	107.60671255035405	11579.204585894524	0.18595768884970176	69.44862805841277
0.8229204170824684	106.97757982550507	11444.20258532231	0.18268963705036878	70.74247831277755
0.8249216571340314	104.49164622251016	10918.504130290221	0.18668506750754255	70.13618689117064
0.8097624453155704	113.06604628620806	12783.930822794944	0.17575875751859094	72.42781668397969
0.8066985668356369	113.19875043886611	12813.95710092069	0.17894558220854118	73.32180366474536
0.8215234285965849	109.2922513387199	11944.79620268592	0.18341873567156353	71.503035296647
0.8294012168937157	106.07507299093383	11251.92111003194	0.18793298659715008	70.29944366255748
0.8147579780748517	109.65498173566492	12024.215019449008	0.1810768984268193	70.3069872474987
0.8200064430884421	111.16711972440913	12358.128507821113	0.18163471747944837	72.93032327394829
0.8265536270076053	109.17158778079333	11918.435578579463	0.18448984143481661	71.32529548085695
0.831893390969541	107.19357054852127	11490.461566940805	0.18676655123064756	70.81914139253767
0.8162144962261247	111.278490044847	12382.902346661112	0.1782145451585	69.97961031702324
0.8426680325535587	103.43537777293028	10698.8773750288	0.1914687998799841	68.66072717240803
0.8253906628449723	104.26272765402182	10870.716377856726	0.18327713665577572	68.83837656243588
0.8254893458497398	108.08271473748665	11681.873225024914	0.18594438558267146	71.2601527685817
0.8187857113974896	111.08259021344031	12339.341848527105	0.18375623808011243	71.74513665363519
0.8359352078899827	105.43675836865732	11116.910015290629	0.1905273789463272	70.0913174822849
0.8262843399746932	109.09763789830778	11902.294594990282	0.18612614972542707	71.73563847167839
0.8079361226394521	113.2067726386542	12815.773371259944	0.17758543342509914	72.2988183175637
0.8286595861581944	106.01998115318028	11240.2364037207	0.1852043661184326	68.47145343216043
0.8216835359033423	108.4408427004828	11759.416365590854	0.1835009052504517	71.66065720705295
0.8016970583331224	109.9235203823202	12083.180333242366	0.17359382733140505	71.84820098256534
0.8314270916976466	105.77189163541877	11187.69306013477	0.191903620999211	71.54249340930934
0.8323349627895346	105.89201071659929	11213.117933604377	0.18902044874480106	70.2741632097571
0.8251115672883724	108.61952989387909	11798.202274367293	0.18550121911940864	71.21945530345954
