r2	rmse	mse	oob	mae
0.7785115603002051	122.98958982563974	15126.439205479108	0.21964273126481237	88.81650772241142
0.7709578376574353	119.38777540960568	14253.440917254447	0.21965256224001806	86.39463878656794
0.7808798843762546	121.45127592494646	14750.41242379748	0.22450999603727717	87.73329164826258
0.7771673347260215	118.93243857537962	14144.924945486448	0.2181119959558222	87.52063700386516
0.7880114009453854	119.8046483037516	14353.153755185613	0.22182336805802594	87.46539906633905
0.7860443907640442	117.75223301035143	13865.588378924096	0.21840330821600218	85.19522832504298
0.7688016983398781	121.52764134905058	14768.967611863469	0.21748112688090515	87.36954144631721
0.7711836431047294	123.53402673974418	15260.655762535831	0.21389049376447933	88.86149721563143
0.7841234351178574	119.73487406761626	14336.440067987924	0.22580009720829608	89.06751137343494
0.7806921143203029	120.68308544794728	14564.407113236544	0.22020405802363785	88.03781587299933
0.7851091839637325	121.50273785370035	14762.915305945027	0.222296419061232	88.51604346721234
0.7814758874842587	118.28256510006305	13990.765206650653	0.22234151378389833	86.04519977605824
0.7838723744219296	120.88483060370845	14613.142270087288	0.22296521098133826	87.5293139271289
0.7642145801359738	122.30463067216051	14958.422683853585	0.21505505225291532	87.78574074976311
0.7922371699820238	119.66714487882726	14320.225563450234	0.22852161255284775	87.3686872193375
0.7908704721491563	118.8627223784939	14128.346771226914	0.22434188316161208	86.71511011900155
0.7759193096681183	121.04349739859532	14651.528262483753	0.21817042382270746	86.71774391932775
0.7828693186336797	120.81383947940186	14595.98380975468	0.22187374329391918	87.30417397537195
0.7975894039214764	121.13837870581443	14674.506795473317	0.23101455979294427	88.01816414080396
0.7844917206265427	118.93050911610932	14144.46599861696	0.2199604510785481	87.20794805673074
0.7844616095277333	120.28832392918484	14469.280873692502	0.2266466256778309	87.9777900780207
0.780460431624421	122.13828252356194	14917.760057805435	0.22017928526730035	88.87919209803637
0.7849911824865942	117.2831822316744	13755.344834388146	0.2240499543524228	85.44623608320519
0.798088701296678	116.95442389981007	13678.337269736465	0.23389179603250887	87.14440863523436
0.7790493003228856	120.97811272636707	14635.703758833577	0.22075395930588249	88.914002178076
