r2	rmse	mse	oob	mae
0.8248496547327488	108.37088213280465	11744.248094242239	0.18515527867477222	70.401243832945
0.8217615846771477	109.44632587145384	11978.498246760466	0.18214444062001456	70.92647559766405
0.8056868405647688	111.0462614414186	12331.272180115891	0.17539465262895204	71.1760541485368
0.8196613231831786	106.87444579464425	11422.147163912352	0.18011275425441786	69.76309893781007
0.8216900767170139	106.81228908404096	11408.865099372733	0.1855783938389053	70.63040695755289
0.8280556951913782	108.15482502215256	11697.46617557244	0.18647509364638004	71.20654708723417
0.8219695002623435	109.03235083004775	11888.053527526614	0.18491472684155796	70.71737027489749
0.8163393589162946	112.34534257819529	12621.475999012058	0.18175859058080912	72.3103122395721
0.8270652201962835	108.02323778564211	11669.019901693377	0.1834218467362705	70.72212959428039
0.8273665812739149	106.11025518081887	11259.386254538498	0.1836317283312301	68.72021081053008
0.8269316620555482	107.16995392864288	11485.399025067438	0.18475405184205995	69.6330072264898
0.8176740734944902	109.08066687573584	11898.591886055256	0.17767288796672975	71.61446782710568
0.8315929150111614	106.89321178941574	11426.15872665689	0.1854645509241506	68.75016983364515
0.8202585305979864	109.06232106392419	11894.589875850483	0.18276002998640473	70.3314018309444
0.8139906417093299	109.00433661136908	11881.94540008466	0.17968178401745716	69.97640686905545
0.8165991134315921	113.50107755698477	12882.49460659667	0.18207639720043534	73.06723910558667
0.8263492165980242	106.77095918115761	11400.037724464424	0.18568495265545326	70.49120200965501
0.8105918232006059	114.25246794649631	13053.626431865167	0.1747256281492897	72.10981411515601
0.8149269929881808	112.5759999075541	12673.355755185623	0.1786668205914913	72.79778774506721
0.8253533704313923	109.48873394522532	11987.782860928335	0.1842078911825531	72.40962144695297
0.8164928910770854	110.23251846904333	12151.208128027978	0.18179459363976957	70.36166021312901
0.8200616092028433	106.45706565857498	11333.106828634143	0.1822510238732713	69.29654962663341
0.8375651610289447	103.16944637516602	10643.934665358256	0.18848279376755084	69.09829907337203
0.8170197618669118	108.62524790665694	11799.444482782677	0.18119409788936558	70.86399352460886
0.828768505059436	105.68785023152832	11169.92168656196	0.1896841895878698	68.5364213464047
