r2	rmse	mse	oob	mae
0.3522222871173495	205.27722968011219	42138.741025141535	0.6294997557219172	145.80357374704906
0.3637213322706542	206.7495700291701	42745.3847072467	0.639789269643323	149.75995109056515
0.36287964951944063	206.38266389631957	42593.80395694121	0.664323008690746	146.682640054776
0.3309247531746754	206.46682069146783	42628.54804644273	0.639461797353418	149.59962478264555
0.3472260629964361	206.51460012959686	42648.280066687286	0.6446337950824926	147.258628702713
0.37167853769442927	202.4438079762914	40983.49538794155	0.6164824618928791	147.40547422264072
0.35868146997161987	202.44478819985454	40983.89226928396	0.6404232430096771	144.9022201744665
0.37049342304147115	206.87632995159848	42797.81589424264	0.6217934036263021	148.86343500841127
0.35363705788904043	203.97139421218176	41604.32965686126	0.6556630354963077	147.70434131745083
0.34698828488053657	206.51491412131344	42648.409754533466	0.6249920878700349	148.5544775063352
0.3536623823785824	209.2589124166698	43789.29242580748	0.6440850706258671	150.8439516426226
0.3935572270442972	197.56683239626616	39032.653263094326	0.6267696697692084	142.1454121945095
0.353897592545914	207.39025508292266	43010.71790335973	0.636575760428718	147.90047596733467
0.33706108230266707	210.49183312880675	44306.81181392543	0.6393435942629927	150.69304526072287
0.37424238918707176	207.79015335070528	43176.747829509615	0.6296454677216158	149.47192799946316
0.3470875327698921	208.22570695031808	43357.94503495975	0.6417202317701596	151.8847442440413
0.36153143226319384	203.5901811149122	41448.96184640276	0.6333272584745501	147.52427444157095
0.3484066107142866	204.8092264382584	41946.81923423781	0.6450864499421172	146.19303871759826
0.36156468682374543	209.20923601633692	43768.50443453936	0.6213726257636952	152.4286630504258
0.35554234801708584	207.74766055957315	43159.09046797562	0.6433759501940991	150.06105436559744
0.36520084323085344	205.3737720613016	42178.38625068746	0.6255207699038625	149.3258816851239
0.3315567898613103	207.9317705389783	43235.62119947432	0.6553634230919333	149.37005558712679
0.3648769919830699	208.76910521782003	43584.539293449205	0.626568730026961	151.94181429999648
0.36623362243823643	204.99542425844385	42023.12396689939	0.6315350243802789	148.699815301684
0.35788713270269623	207.7161330764435	43145.991940230786	0.6364988267594153	148.4305058191566
