r2	rmse	mse	oob	mae
0.8193206505576295	108.17884922614283	11702.663419892544	0.18647949888682203	73.51528970135809
0.8224207401736173	109.95552935368599	12090.2184354493	0.18777172335442327	73.31757990983174
0.8029907961255476	108.60842885672895	11795.790818727153	0.17934864229515535	71.50399365352371
0.8263360522970649	109.13626627737196	11910.724616965435	0.19286932334827434	73.32749078993672
0.806335641938604	113.38329018853464	12855.770493977456	0.18276362927335088	74.54841349315073
0.8075697442198115	111.2697398706319	12380.95501087809	0.1805105222697433	73.82764601252792
0.7956820202170554	116.6587370861558	13609.260938536821	0.1760294318259057	75.52572198370721
0.8245146960097857	105.97719776259676	11231.166445612544	0.19004854667333604	71.29993096504329
0.8277581743396585	106.6639075652545	11377.189177089156	0.1926552769659089	73.0508167411456
0.8292925092499113	107.90879002387548	11644.30696441685	0.19434261313335355	73.07011463920918
0.8172768385772105	110.5165077095559	12213.898476316326	0.18783944753227177	74.32737749832263
0.819196248243673	110.80946561916195	12278.737670804234	0.18622334213913483	72.88053690231618
0.8187288802869395	110.91238568423641	12301.557298168811	0.19063915656509534	74.84511278175678
0.8218634486261888	107.5531712056781	11567.684636397906	0.18755465301095886	72.42978829883222
0.8290508752835829	108.26624860884479	11721.580587832188	0.19088214369615808	72.35495291007727
0.8226196948861207	109.40786583475543	11970.081106515843	0.19127600311303472	73.53296086239222
0.8088687633359368	112.86079131403801	12737.558216030839	0.1822977625611769	74.52246504048597
0.8146224924584353	109.0785154245269	11898.122527218753	0.18668953408319577	73.19438345908142
0.8121339382951714	112.9716045414905	12762.583432678919	0.18581254291453497	75.29117630321235
0.7996952230396002	113.9516716361704	12984.983468677601	0.17941682399808734	75.89736355295395
0.8001364474930672	114.65025148640409	13144.680165895701	0.17717482271181773	75.34058572661507
0.8216987579280792	111.1062179447567	12344.591665987775	0.18730454516965733	75.3785443325772
0.8231442520908443	109.42978253853738	11974.87730643158	0.18954056576347833	73.4904078238723
0.8263068083723278	107.2650158275821	11505.78362049144	0.19077429599268414	72.42577592560217
0.8230073445243307	107.78404814182208	11617.401033838622	0.18854585546997982	73.03266800923633
