r2	rmse	mse	oob	mae
0.8065121038620311	115.22597745763827	13277.02588106816	0.1878375421218489	77.62619883566076
0.7929391901791363	115.57866630206395	13358.428104163853	0.18104240073895306	77.67414125852764
0.8077389376444037	115.75851029251854	13400.032705143121	0.18739440772484806	78.29200536390691
0.8057587446463718	114.44703525834464	13098.123879424782	0.18852287839585458	77.08882442719269
0.8064376438402528	113.0654191272217	12783.78900241431	0.18575075301853805	76.11366292924356
0.80370194167379	116.51138782873404	13574.903493777676	0.18716152096670724	77.97889428149718
0.8137526083558975	112.42726202966195	12639.889247486268	0.19085381114079147	76.64509733451273
0.8168065178969257	109.5929926152188	12010.624030359402	0.18994641506069887	74.4357670647959
0.8132321473615036	113.59905905504615	12904.746218191864	0.19038579824713453	77.09826971610364
0.8195045234977618	111.7191733854779	12481.173701934475	0.19372074465172462	77.23362858580151
0.8162706824062613	111.34300493683048	12397.264748363057	0.19090397422006022	75.08051016898865
0.7983567797375952	115.16858761382758	13263.803572963881	0.1825295289765636	77.60506305126208
0.8103794333741963	112.35833331728081	12624.395065837174	0.18813859930487342	75.79134064442232
0.8170429797790847	109.33212744638321	11953.514091952182	0.1902773843408586	73.5682270983178
0.8019728240229392	113.58854792437762	12902.35821956863	0.18460305255040843	75.31136991674622
0.8096242474086425	110.52709384450063	12216.238473711048	0.18655386368155447	75.41222885696685
0.8034617750972152	112.95282720677673	12758.341174003963	0.18520178231700268	76.43759181849511
0.8189100602501502	110.85887033859589	12289.689132749616	0.1934839452033833	75.31454712888758
0.8096469888879556	112.05796892670406	12556.988399978172	0.18791705047877372	76.8044059154865
0.8182421821304909	110.32235175712964	12171.021297223844	0.19150651498730364	74.43790474481364
0.8203548890951362	109.83313308509508	12063.317123288209	0.19313849331703403	75.90413428367647
0.8082217198273849	113.51193848192179	12884.960177923598	0.18438167581172882	75.56164636018589
0.823371067710542	107.6871905122699	11596.53100042591	0.1957824216614723	74.8750759448531
0.8086529113185494	110.99788340250052	12320.530119835099	0.186234649188589	75.01309057790621
0.8172958007052658	107.60210190022353	11578.212333346088	0.19144049789381257	73.0751973243309
