r2	rmse	mse	oob	mae
0.7077396540910517	136.18962631254215	18547.61431514987	0.2874844557598797	102.75090248058771
0.7138069466191054	137.24777485257152	18836.951701982165	0.2911330325643373	104.533035195026
0.7156528281358442	139.8394911341477	19555.083280657374	0.3026177208445753	105.66441846289672
0.711097959353161	135.3804284214347	18327.8603995712	0.2880176675023045	102.45022407067003
0.7196765035445944	136.4737101664875	18625.07356660644	0.28848215817623846	103.70629454141455
0.7132925193275826	139.87496106491068	19565.00473291028	0.2890837736577532	104.68440556959582
0.7160139425213276	138.59176573363422	19207.677529166547	0.29190019384248844	103.55093698811403
0.729975199819378	134.89654094722945	18197.076759527554	0.2916962080234826	101.88164913845596
0.7069479649050949	138.62581568924384	19217.116775508202	0.28421824858830436	104.34956141963728
0.7203797832357597	136.58506228924074	18655.479240555775	0.2960929474113545	102.92002586227349
0.7193726809470082	134.12012794291635	17988.208719424256	0.2869983136867448	101.54346500254398
0.7047876991995428	140.78288501483823	19819.820713101162	0.29608762316631854	105.5222960878046
0.7067241551442399	137.15102224499222	18810.40290284635	0.2856381446325764	103.13907516307016
0.7167494595090407	134.54090738275568	18101.255759375243	0.28612405346643544	100.2967383468989
0.7263240013663149	134.87955601161866	18192.49462989138	0.29553257554621215	101.6987396160855
0.717661672338199	137.34982900574335	18864.97552790694	0.29431798918225893	102.7674398108658
0.7044830206688416	139.7246039151168	19522.964939236273	0.2877217995735688	105.61027284076332
0.7183720528572808	139.15628634089063	19364.472028187945	0.292679837496461	103.96560321928108
0.7126510491380017	136.78680234098437	18710.629294671526	0.28625191263873206	104.18938240035627
0.7179082870239715	135.07177132285108	18244.383408292575	0.29078677906546324	101.20453762319343
0.7121174538330288	137.00774907553432	18771.123306744576	0.2899290831472261	102.87897042356043
0.7258402903831294	131.58098835705877	17313.556497020436	0.2913109507822509	100.98388791314774
0.7199373599087678	133.8132226329258	17905.978551408967	0.2942307017845962	101.61098202791423
0.7215450727867845	134.9752098265429	18218.307267719287	0.29344533105437165	102.2029914226138
0.720804043532798	137.34502418319764	18863.655667883144	0.28663300580737194	102.52018539610253
