r2	rmse	mse	oob	mae
0.8247064895627731	111.12383471055237	12348.506640778165	0.1878535528277585	73.05939142601828
0.815563995685906	113.51015060402204	12884.554290147766	0.18478060371140104	75.91758365420412
0.8106019969557265	110.78862542809311	12274.11952424632	0.184075315727255	73.97220941373844
0.8228595772542212	109.51741383954143	11994.063934101381	0.18835151893153756	73.68525343463763
0.8052801537721119	113.85538980522945	12963.049787700747	0.1808022722969883	75.02674513640397
0.8231846105696871	106.62875563363129	11369.691527976654	0.18790966928931563	71.66735087429025
0.8180316969919759	111.69287334079735	12475.2979551234	0.18589157935013512	74.8271818346411
0.8240718667213713	107.88005798143482	11638.106910077739	0.18921139152918087	73.46718639301936
0.8147254152319382	107.59780425111994	11577.287479662325	0.186226560285208	73.37786583507366
0.8159581928856906	112.95525834353873	12758.890387455574	0.18584181887320195	74.72424454967204
0.8047400920110366	113.19817087621222	12813.825889720141	0.1813189824357342	74.91190577396821
0.8188607803674476	107.86081602750141	11633.955634118505	0.18780711260328276	73.97522372688339
0.805130638862207	111.84952893078278	12510.317122038015	0.18059549494086835	74.28953213538024
0.8122161932976032	111.15257914741485	12354.895851122325	0.18291502016651373	73.17829373367171
0.8313795221299258	106.98083012324696	11444.898013859023	0.19433234882686223	73.61687116054081
0.8079454506084031	114.4961113482979	13109.359513881831	0.18149269997719708	75.89796029493867
0.8202208659319529	109.52942064115413	11996.693985986882	0.18629324281213278	71.9699396609955
0.8125395310090506	110.80157997620319	12276.990125222952	0.18686152594034655	75.26202483309557
0.8133781758520573	109.98812355342547	12097.387322803585	0.18385854128878665	72.98938506898241
0.8151906477971376	111.19713707857932	12364.80329447236	0.18638146340982065	73.86779683878794
0.8212750921803513	108.20231764019553	11707.74154270977	0.19000649105228773	72.48427075783944
0.8190832493536652	110.27784235881397	12161.202515315425	0.18679958006197417	73.66686552220946
0.8205973951034966	111.45719265350778	12422.705794201147	0.18963376186016	74.46088207574108
0.8256093158465999	111.25077180368787	12376.734226916233	0.19301988012523807	75.26973819323389
0.8136853571081883	108.10610598245106	11686.930150688939	0.18495737550907054	73.12986271127095
