r2	rmse	mse	oob	mae
0.805521386390129	112.1674593073808	12581.538927472926	0.20839382464017275	81.3073609045525
0.7826980398665886	121.63166267058408	14794.261364010757	0.1988551878331648	84.78674869720068
0.7867313906801663	117.75212876517247	13865.563828729757	0.20294199114008327	83.56337511514856
0.7983298677291844	115.62546981381277	13369.249269664928	0.20435152508557985	81.47493426171795
0.8189204319321368	108.73182735339999	11822.610279609584	0.2130322469980529	78.86740309528895
0.7894286967275398	117.53353033702169	13814.130753483596	0.20058756769500763	82.76639692069418
0.8140826125542593	113.31734190446369	12840.819976293122	0.2134399187757814	80.39530009046865
0.8077453295717233	111.55547773928969	12444.624613641156	0.20701813015118897	79.05886165843528
0.8074877566052923	114.221187609646	13046.479698957946	0.20964526368364178	82.81882634016534
0.7994458202649761	112.99168237457246	12767.120285836269	0.20642574301726202	81.3515724172173
0.7860741783851054	117.1853268875205	13732.400837735036	0.20128802259435719	81.34249473441169
0.7918683588824974	117.3855010268035	13779.355851313683	0.20514438620857067	83.1023259664845
0.8064763145356273	113.86868556785068	12966.077552950046	0.20935198761749063	81.23922580971318
0.804236120780462	114.47883325205561	13105.403262751954	0.21003182704822565	82.77757175802508
0.8057244015342597	112.55527250106853	12668.689367789793	0.2079452487712019	79.88031443616029
0.791287054190014	118.3728937860188	14012.14198327609	0.20651313166769325	83.74067497011815
0.7915814852305	118.9846623515993	14157.349874924092	0.20133892622070448	83.54369991889735
0.7952920087325951	115.9925959507552	13454.282315395152	0.20382283626161002	83.50524356675663
0.8065072568578684	113.34049024157423	12846.066728200383	0.209436196589044	81.46683102102779
0.7944267320757136	114.92856666055336	13208.575434649258	0.20100190318536426	81.26034219965794
0.781934249694521	120.16571051035221	14439.79798245777	0.19817184512747843	83.8123814867692
0.7934220787192257	113.67327530522924	12921.61351861844	0.20353029593375027	81.58395504254894
0.8029159178367513	115.92799371804453	13439.299727490974	0.21100959222189242	84.46497703951253
0.7998504438502774	115.64897773929451	13374.686052143836	0.20787569559944097	82.78949402889234
0.802798296201674	117.07777412870931	13707.205194933074	0.2059376222721988	82.78770561316938
