r2	rmse	mse	oob	mae
0.6745313004654641	146.30143827040214	21404.110839988287	1.0068069293287407	95.39279728788229
0.6755293749363156	145.65718150206146	21216.014523124475	0.9996057336899205	97.37473237869088
0.7004681602002343	141.08976032467834	19906.32046847518	1.025725476049291	98.30635422573967
0.6868855384602448	145.0262365088999	21032.60927593537	1.0037804755131303	99.75836977269836
0.7209730700571882	132.58108049490218	17577.74290519573	0.9914745171772434	92.79831627992161
0.6840016558455657	148.92189271883197	22177.730130959302	1.045405223418944	108.49926510439937
0.7008436832281049	141.63821040931478	20061.382647953324	1.0325349417188767	96.73894979207981
0.7292096982363828	134.37311162469334	18056.1331277023	0.9874318390185449	95.45636721277616
0.6715045319098024	145.37585045594042	21134.137895787953	1.0195166335858121	95.29893759572077
0.7458703855145099	128.88746247243643	16611.977982583707	1.002713666440335	91.44058397638311
0.7176436927246881	137.0378342692199	18779.36802119818	0.9854125367634802	94.63094666275467
0.6713116114572046	145.01494993263694	21029.335703965196	1.0126446381716605	96.82756024873952
0.6997289617522326	139.2374162341755	19387.058079569037	0.9892068526831183	92.85447209854952
0.6764751111472113	144.5678822044947	20899.872565092657	1.0081233341134497	94.76700526648874
0.7185619804164207	136.6219506485485	18665.557399014426	1.0118549838940964	91.70412066943591
0.7225011870381668	135.6939361721942	18412.84431390352	1.025661969939672	90.09546794313552
0.7020211109993775	143.47489066238302	20585.044250582763	1.0702887753938226	99.5257815303869
0.670276942562921	148.33376967226235	22002.907225183775	1.0277212009842729	101.38035038378257
0.6534841858918166	151.5007851004985	22952.48788606743	1.0309499468771315	103.81795573041242
0.6767556139554455	146.39991373135737	21432.93474054888	1.0372523426004825	98.3417029578293
0.7241501191167794	136.41822255174407	18609.931444177175	0.997933103764793	92.30504307654857
0.6668315000923197	148.36319049238512	22011.636293079755	1.0165272365981108	100.448848784291
0.7171137154045149	138.7347082632574	19247.31927689114	0.9675782142736846	94.80923546104361
0.6226544668980973	158.1588140490633	25014.21046140618	1.0024840873945473	102.47776047021694
0.7115954097322332	140.30817499518207	19686.383970478633	0.9833908890785537	93.41610159211106
