r2	rmse	mse	oob	mae
0.7430336374260401	132.54551402162863	17568.313287257755	0.24427422860664227	99.07410749116923
0.7489610497782319	127.9482906391545	16370.76507748155	0.2483207056378851	95.77686594377514
0.7628692221818824	123.63901973658037	15286.607201422508	0.24657903815986937	92.84380030046485
0.750944252638647	129.4551385787904	16758.63290445383	0.2458234565445866	96.84750550534305
0.7496750879383351	130.26616034942379	16969.272532181792	0.245985830186916	96.28555058410817
0.7637500398369266	124.85729210490396	15589.343391769313	0.2527543326226198	93.97297835350588
0.7442122661201326	131.72972440127032	17352.72029083463	0.24395384387217	96.13230325394171
0.7460077912022655	133.49044511956163	17819.698938218695	0.25044304431830966	97.37008443159911
0.7492581712491853	127.44862752977785	16243.15265922405	0.24491939185034683	94.6604722239129
0.751371827717227	126.69649630098506	16052.00217494552	0.24725689473561996	94.75675078188961
0.7565655374524443	128.36362324945196	16477.219773727247	0.24991033800398987	94.74850081206522
0.7547425615731232	128.30412240018705	16461.94782488218	0.2467239336057585	95.40403519879548
0.7520336382788554	125.95724585796256	15865.227784123226	0.2450303101346506	92.89287058915033
0.7510274036656138	127.79846182765174	16332.446845513758	0.24274176797705027	94.39887707954118
0.7604678006663654	123.67837852575906	15296.34131476094	0.24955117019758954	93.85928634756162
0.7415203016188404	130.82747608936836	17115.82849991425	0.24402424698137593	96.48714529122613
0.7584044337123388	127.2814865723763	16200.576824074005	0.2511516818678423	94.83321937260523
0.7594502310415016	122.29853862883223	14956.932550747972	0.24697487713383592	91.85268350031224
0.7484113851883725	127.14877603922712	16166.811248273536	0.24338207606043005	93.9943708112727
0.7592741180237592	125.77907385076091	15820.375418755168	0.24645679462880354	93.61674385381806
0.7509913305098914	127.46309028643786	16246.839385368608	0.24837033966192723	94.72885784008025
0.7629546990314487	126.30971940681715	15954.14521662888	0.25198000125256814	94.95067474884577
0.7689711695143245	124.98470707621777	15621.17700292796	0.2554284230581465	94.03387772481088
0.7424685515859355	129.07964357588585	16661.55438567773	0.23439314195266348	94.86257995687409
0.7602371750690291	128.3539320475882	16474.731872076885	0.2524340753591553	96.15442100753825
