r2	rmse	mse	oob	mae
0.8072084249413408	114.07344434492038	13012.750704713648	0.21452280356288855	79.00010252472826
0.801933065431756	114.40408250232234	13088.294093198178	0.20971898195075311	78.61983661004992
0.8057455250234384	113.81100965950422	12952.945919715765	0.21083284201346209	78.30720640916196
0.7937168045794221	115.60297032789953	13364.046748633218	0.2112150041442611	80.10868503582546
0.7964526175539342	118.58449414707324	14062.28225211725	0.2060218938752183	80.85432468211175
0.7976366970546493	116.42200676914364	13554.083660154527	0.2075967722479175	79.69653473600695
0.8132588441452007	113.0032221050401	12769.72820612102	0.21190819054777066	79.16798888729272
0.7999516490549902	117.70474029026657	13854.405886799103	0.20981994122580816	79.84576695657533
0.7920458056968767	115.14891459062855	13259.272531399869	0.20443550112072506	79.2990166199276
0.7942849287337144	119.24985098584953	14220.52696014732	0.20531086408157095	80.79956353394262
0.7940748283313954	116.76207257509567	13633.381592031908	0.20506433370367105	81.26682063888072
0.7934439777992155	115.88627426952478	13429.62856407152	0.20279376785802494	79.70659630040286
0.8058189920701953	113.93087147183483	12980.243474331748	0.2145039549942951	80.27754971128282
0.8021799656332073	114.19384193233904	13040.233535268033	0.21699892220681838	79.41009934211169
0.7868502802037451	115.3908959064938	13315.058858103288	0.20065896188055188	78.70772671714154
0.7992370772712326	114.09889607302703	13018.558085083423	0.22014394672948723	79.4398430948764
0.7890846335485928	119.67645811805288	14322.454627682066	0.200509865368945	80.63041981974219
0.8096000388455484	111.67228662985218	12470.699601139862	0.2131894796050381	79.90926168441653
0.8033814302084261	113.11024853036494	12793.928322600925	0.20989358817949055	78.21348028540606
0.8038048950228992	115.04738654568112	13235.90115099137	0.21304567476874803	79.6675641428959
0.812024757711933	108.99641028605694	11880.217455246458	0.21624278937650887	77.7443854757355
0.7945179051385369	114.51581135543418	13113.871050393387	0.20439816121438525	79.0896490827992
0.7906574764023064	116.56380305775038	13587.120183286015	0.20737169380643672	80.14633084615427
0.7904778949054796	117.17470628969896	13729.911794077216	0.20035591308979028	78.83689319725276
0.7990821064873596	114.57014411602414	13126.31792276654	0.20808593982739976	79.57105326883759
