r2	rmse	mse	oob	mae
0.5337906394433156	179.40555604910614	32186.35354128896	0.47748663078484954	130.4859165602744
0.5559146420065447	167.25012137306243	27972.60309930411	0.4570611357723331	124.17475853458211
0.5440375617492721	171.90272431975012	29550.546628552012	0.46939676648047524	124.4872278362311
0.5678264465108737	170.01929221856915	28906.559726503212	0.4735708976736328	124.75831620948081
0.544909013668819	172.42766576801162	29731.299922205126	0.4624840348940724	125.8939311865961
0.5686585880020063	166.17216913246398	27613.189794188213	0.4508688602288261	122.24853906882295
0.5223762867729999	177.82456248777353	31621.575023968075	0.4817757140462926	130.33517352980988
0.5779996683368811	170.421413076959	29043.45803514749	0.4394084280274324	125.2659110732198
0.49078996699358524	182.69600946571168	33377.83187469542	0.46712731437502475	130.3676884671584
0.5572642217460043	169.6556611950874	28783.043375542286	0.450800983299798	125.07239742706273
0.5594226443265726	169.83438583187709	28843.71861089089	0.4400179878803345	124.50595397729319
0.5664991719437258	171.805372259368	29517.08593718001	0.4569699453389344	124.73816307729847
0.5531903075471031	172.5506497413484	29773.726726161498	0.458002487973572	126.90517222851219
0.5054553661603796	179.69068336926918	32288.741689714952	0.48689648573047073	130.10814559420209
0.5172757935361509	173.47583608384858	30093.8657049903	0.48026574659991694	128.19932461871045
0.5251456454796865	178.81394351812307	31974.426396502506	0.4727485019958153	130.4807801477865
0.548553011239994	175.262099619882	30716.803563169444	0.4634992222451585	127.53650223768545
0.5557916894593514	172.12134828107006	29625.75853409342	0.4581093175806623	124.88319427287341
0.5320089725004127	182.30476277137987	33235.02652912909	0.48613638243495805	132.36514491704028
0.5564593346311909	172.99469163493023	29927.163333864602	0.4787343674872573	127.30449017347918
0.5438494609438462	177.96486667014295	31671.49376892176	0.4635766504999539	129.36088462462874
0.5505108896869887	174.36124803797492	30401.844817360212	0.46014450149118724	129.04758316730693
0.5440809868167201	173.06702479491844	29952.19507136491	0.4710682183545115	126.64919918416457
0.5486259828123046	176.61192587532454	31191.77236139113	0.4695878029473928	132.00504149155333
0.5307601170019859	179.04977396938426	32058.821558487594	0.4685624285665494	129.57805576447382
