r2	rmse	mse	oob	mae
0.8013531839470531	113.29607011419453	12835.999503320483	0.21381717838894887	80.67342163265758
0.7946675392121765	116.76408382528011	13633.851271557041	0.20713915694296337	82.09604108770469
0.790237959672387	116.65304045974587	13607.931848503107	0.20542723079461045	81.78293475926715
0.7960249709940663	115.81834726298845	13413.889562730186	0.20942513401326746	82.49173037183165
0.7858877119350999	117.24046186747142	13745.32589889802	0.21135148910967705	83.28353301138989
0.8002442418938773	114.63104176140338	13140.275735304605	0.2100089480442191	80.3788152743661
0.7898390526797792	117.68623494762105	13850.049896146662	0.20496979709475238	81.7397687629919
0.8023348804567034	114.82589944126079	13184.987182494535	0.21294238216260808	81.82316081052204
0.7901997930467055	119.4145597461099	14259.83707935725	0.2063169592927644	82.97896910238673
0.801874425290704	113.3078770001784	12838.674990287554	0.21483172117045746	81.3546760346458
0.8001505681821078	114.13920109014248	13027.757225495981	0.210840938127695	79.31630477583865
0.7833974067188053	119.77680115277781	14346.482094392075	0.20809556166559573	83.92919709440059
0.8091323020576731	115.82726331354625	13415.954926705577	0.21504150501388797	83.02697903360871
0.7967148557020458	117.16363778251052	13727.318018431326	0.21072156636228323	81.65294140443797
0.7900428793654523	115.66759930060282	13378.993527964814	0.2097390413150253	81.92614974320985
0.8019618347600571	115.78865325326484	13407.012222204798	0.21488433697650378	82.39843100361834
0.782654494704877	119.79784471475452	14351.523598300437	0.2068193540038593	84.7042341469356
0.7924632266821967	119.57665914409512	14298.577412063107	0.2116640566296577	85.40870718556474
0.7764112166744817	121.83375329523389	14843.463442003915	0.20218134392664056	85.0556832534028
0.798279289358191	116.99075162274237	13686.835965254195	0.21411672605178855	82.45356337521156
0.8003001609760645	116.08906794544718	13476.671696442654	0.21161696257030127	82.16103968871786
0.7941352317370197	115.81601653359998	13413.349685711104	0.2143783539538452	81.73783913357889
0.7816373818865701	117.85284931647023	13889.294092010638	0.2093375327772875	82.75739696272326
0.7909529363411796	116.26293918208899	13517.071027258124	0.2106064833523703	81.38884877680948
0.7860653903243695	118.22575123650353	13977.328255435616	0.2079004764387149	82.57315836533624
