r2	rmse	mse	oob	mae
0.7884280242846716	119.18727306107392	14205.606059734999	0.18799322030771926	80.36833971767746
0.826986353125856	106.28779376754086	11297.095103971298	0.2076422206204912	75.90924892710112
0.818003264419596	110.62156885593498	12237.131496148364	0.20298848475927467	76.95099521352552
0.8129129800671656	113.39735067541051	12858.959140202025	0.20142479848779637	79.27350167556715
0.7878952739579808	117.83189934735711	13884.356503805695	0.189461510301132	78.82642350673167
0.8070283963542666	113.00070672477896	12769.159720299505	0.20407526609978532	78.15877566829127
0.7968093431055471	118.53906565014653	14051.510085209748	0.19983039450468554	81.74013037302294
0.8195908897026696	111.9484762923581	12532.461344180661	0.20635100091989234	78.72868923205097
0.7970726094698604	113.3000540837675	12836.90225538464	0.19701053289959525	77.27234826347527
0.8116025976593519	111.00822430824665	12322.825864070002	0.2048736854208968	77.47248291962758
0.8273214560306301	107.1358158209652	11478.083031623779	0.20595601001823782	75.09678767743318
0.8124594853666873	114.84368779737406	13189.072626900725	0.2100220156691449	80.33730131600757
0.8048005413317459	115.19053315773286	13268.858929162754	0.20290449732782234	79.7051768388479
0.8056585473099553	113.55236387325354	12894.139341203774	0.19554833541725003	77.1895488959122
0.78490149492265	118.12566018925227	13953.6715951467	0.19098055371198563	80.98933867826875
0.7982795644949132	114.43596192419436	13095.589381515661	0.19882486306111247	80.86760203663769
0.820226515971715	110.39917299940409	12187.977398952353	0.20875205999706536	77.97154299766314
0.791248288660263	116.63492890413505	13603.706640472637	0.19309296415491284	79.29762540356029
0.8033528476836447	114.11634032649815	13022.539129513147	0.1965039728533582	78.2322192029075
0.8074898349970062	114.3209464179968	13069.278789906495	0.1993071302636339	78.58941090889947
0.7912042507223682	116.01587355050249	13459.682915686184	0.19497225623420467	80.34663306741328
0.8035236266927521	115.66582882160176	13378.583956988083	0.19859706824193146	79.71041688354485
0.7957855927287332	117.37004093367004	13775.72650877138	0.19296887042788802	79.5866232899086
0.8052346882582275	111.61107958338835	12457.033085769446	0.19880167972437335	77.15847183942128
0.805679610042205	116.28164385661387	13521.420697996387	0.19820813156717332	79.87711432951853
