r2	rmse	mse	oob	mae
0.5175360401806557	178.67850094423392	31926.006699678597	0.46510477950492657	129.691801097241
0.5445155713632472	172.42967353299775	29731.99231469619	0.45950168513702827	125.93385689733334
0.5477819721630387	169.97958296616065	28893.058625349888	0.44991897305402695	122.99102289790802
0.5566584091226292	171.0393486951832	29254.45880207247	0.45522917273450203	125.76519925422159
0.5363670290143547	177.08848050048934	31360.329925972193	0.4864213820530683	129.63852108656587
0.5392358046611898	167.20568131732375	27957.739864790427	0.47275343001442716	122.85832038814345
0.5481279004446764	176.78395479346753	31252.566672418772	0.4620548052122484	128.90580092475517
0.5457023220783349	174.16935826924984	30334.965359922306	0.45244600420971404	126.4997149990558
0.5577118339971929	166.65335262427135	27773.339940909733	0.45471584541291765	122.18107607347216
0.5454775180120761	169.94949644616506	28882.83134230507	0.4467787255252109	125.30305938559088
0.5383710547816433	177.87355896905964	31639.002980319543	0.4519478759992137	131.4201824166171
0.537948960372643	178.27201340535652	31780.91076359961	0.4541111439493659	127.45564660948143
0.537100062162895	174.42528227613803	30424.17909711043	0.4569725683318011	127.76309351441043
0.5478513229708317	170.78498588381058	29167.51140333338	0.4461403581957949	125.28953245298433
0.5521149096651792	171.1447362518309	29290.520746708764	0.4590986670750612	124.46577445822687
0.5454595540507204	173.72748018658655	30181.23737198082	0.47005572150264596	126.19820931440587
0.5505422888346452	169.37772595591576	28688.814049997305	0.4533055628938494	122.83453687205629
0.551760179482431	174.42290222836218	30423.348821764786	0.4523126212249181	128.5893219856481
0.5442747496555678	171.0675017052112	29264.09013966244	0.4576513024619626	125.22263560350329
0.5470544039871982	172.17172027334286	29643.101261882224	0.4490638523567203	123.3604420428285
0.5311842971777913	168.46614055659495	28380.840514034404	0.45764939322845355	123.66513728993975
0.5226877485460175	177.59928129115647	31541.50471513532	0.4906531133086903	126.82874252734437
0.5357958601317079	175.22253470492265	30702.936668417828	0.46027404693844753	126.74885791165194
0.5401009493537061	172.51056794125313	29759.896051413707	0.45089272137382663	124.75799977383025
0.5607352339002869	169.01824275598634	28567.16638432153	0.4481874182426109	123.24957632630894
