r2	rmse	mse	oob	mae
0.803877843834526	115.583160633419	13359.467022010738	0.1972710836670215	79.44236224752864
0.7997518041636874	115.38409687077707	13313.489810684869	0.19786288459123624	79.72839394850385
0.8085212789464752	111.94686516229902	12532.100619665956	0.20083290477245086	77.20304360472713
0.8021690208094298	111.48349274633142	12428.56915492133	0.1975876792491007	78.29337101274383
0.8074174536804534	114.62799059585203	13139.57622804274	0.1992052609744721	77.8268997815472
0.8044772205003723	115.11092498329778	13250.525050510409	0.1982344996032479	78.97891553270738
0.7925773356409865	118.65064043631378	14077.974475947418	0.19153770123530434	79.64357609210226
0.814351125185097	111.82753803286717	12505.398262492352	0.2052208881600992	78.5978921501804
0.8187093350422319	108.24103516976098	11716.121694621432	0.2050250794542765	77.02815632732187
0.8097753268753125	111.95523758805177	12533.97522339712	0.20065559289999602	77.59646527752147
0.7925271838254875	115.04711085480098	13235.837716036865	0.1957972877174715	79.22553868030475
0.803629024318992	114.41879052334741	13091.659624825654	0.1980789480985079	78.88812181623092
0.8125784952573448	110.6584225068348	12245.286471701162	0.20515936831513448	77.77802022973144
0.812701746287009	111.93984020426154	12530.52782495561	0.20645721966412245	77.82339285773635
0.7964117735031501	113.97012834366886	12989.190154672353	0.19279868038208736	77.64490687976195
0.8111751086799348	114.2048925699857	13042.757486921977	0.2016599223774893	78.77323414444183
0.8100050507330884	113.95003712274536	12984.610960275044	0.19783015615526134	78.46547679026817
0.8167766915453181	110.72292310099493	12259.565700028837	0.20414583114640195	77.34661668199986
0.797064797729556	115.26929806645553	13287.01107673337	0.19535829505533453	80.01893732977094
0.7993936119268819	115.21859320045161	13275.324219091153	0.1913397748350909	77.52972928562752
0.8042824180580723	112.63484041328901	12686.607274927084	0.19861332175796242	78.60492771517131
0.8151818654413588	109.71996480697348	12038.4706772435	0.2019365123515049	75.17518029892302
0.8024465439642612	114.69659404432376	13155.308685368405	0.1960009801816739	78.13550173866906
0.8082525631199751	113.00458524437383	12770.036286252951	0.19955486329649008	78.5926994939587
0.8099826913274069	113.85054939647804	12961.947597879887	0.20086044878043663	79.28231817824927
