r2	rmse	mse	oob	mae
0.7967265584582217	115.1488304861871	13259.25316233665	0.17796940148708973	73.84897402678622
0.8221499658865199	108.47990626469989	11767.890063198076	0.18934382270687922	70.84765338465651
0.8041418759401244	117.60351415596152	13830.58654183144	0.1775129863240037	73.62380556347473
0.8075574567987528	115.22584402857277	13276.995132096978	0.1805109194362271	74.01727541475023
0.8116768513805952	110.32928421027135	12172.55095435083	0.18496131228285617	71.90213548407932
0.8370937230950053	104.08051666227635	10832.753948686384	0.19701174274211597	69.98604845299607
0.8048769502296258	115.22877891424916	13277.671490068911	0.17822777223485853	74.01883519636887
0.8092984910828974	110.73668825566997	12262.614125833436	0.18485333232561074	71.83579522064284
0.8282693757966757	105.87504201203689	11209.524521050576	0.1893034613328941	71.9768098529529
0.8259956956094645	107.64529328835032	11587.509167134958	0.19075554358884983	69.97123231957767
0.8229480859637265	109.09354981308496	11901.402610820049	0.1869094514546099	70.87941429231657
0.8188606125735025	108.59975640963958	11793.907092233054	0.18720444078259268	72.01166721650284
0.8066525245241518	112.67285983472259	12695.173343335042	0.17725709186697802	72.65392524496136
0.8304710156914715	105.87085050629626	11208.636986926533	0.19666908972642794	69.96767446139619
0.8177844211812819	109.17750696303844	11919.728026664308	0.18889234444298486	71.68712426212056
0.8344920054387398	108.00384056113066	11664.82957595413	0.19539907488736208	71.50668573896472
0.8291599086336802	105.592900607652	11149.860658737474	0.19006481244379736	69.11314893571608
0.8137326782376336	111.75133513616522	12488.360904715515	0.18385482924581797	72.02614603412461
0.8142948475955403	109.67755794736834	12029.16671729834	0.18533075496879847	70.80591395358962
0.8216071405058138	110.51144389423851	12212.779231589426	0.1891617907080566	72.44078868590906
0.8182800974192248	110.69638167910693	12253.68891684652	0.18664328349143489	71.29169887985259
0.8141944184366618	110.43227811546231	12195.288049770816	0.18485865707776483	72.49125371414692
0.8200208086005863	109.58454341317668	12008.772155074405	0.1898788149656926	71.75647229669335
0.8094636888131539	113.48762215983203	12879.440383492796	0.18717705359131975	73.46665288020912
0.80729618689303	113.87457126255892	12967.41798023161	0.1840366135517021	72.6646182151296
