r2	rmse	mse	oob	mae
0.8334181965751941	106.20786996110714	11280.111641675443	0.1992783190366939	69.98364140028373
0.7984000331234019	115.31130423275228	13296.696883858354	0.17742297458440204	73.94580185583095
0.8156607747716812	110.04069262740272	12108.954033918524	0.1841723384723013	70.34895271237288
0.8030670528174642	114.03729010694315	13004.503534935113	0.1792877295784614	71.57851837121157
0.8225272541338614	107.69815858251977	11598.893362065577	0.18720359069588688	69.87097939089873
0.8096784508238326	110.8206324571321	12281.212578198763	0.18519667999968004	72.61953167532018
0.811613137503798	111.32051772460338	12392.257666473735	0.1844957351063028	72.24626038461439
0.8405176851440744	107.67223624359018	11593.310457695494	0.2006451007056418	70.9048302866951
0.8106352488272018	113.35360737652849	12849.040305272174	0.18238074456100928	72.96224505913658
0.8119464520692047	111.0806946079334	12338.920714580963	0.18432956657528377	71.4005073211112
0.8142359769517094	109.72636083210423	12039.874261457138	0.18794252961280722	71.1801625305236
0.8243356472392532	110.41098592753542	12190.585813490425	0.19372115019394487	72.63737455348443
0.819555579449537	109.52065637727189	11994.774173308466	0.19253620714550312	71.12949651936971
0.8240390875123523	108.72810462857959	11821.80073612335	0.19356111383300534	71.7399830553677
0.8087010023095278	112.88179974163829	12742.30071291133	0.18627791284639494	72.25135468606766
0.8147976543001818	111.03222196038593	12328.154313460407	0.18985469379800257	70.79728297740103
0.8151449048866874	111.22852882349834	12371.785624239801	0.1840362702003182	72.36411351774646
0.8190483215584723	107.31398029069399	11516.290365831459	0.18800990741811963	70.13562732754055
0.814420650905435	106.84855182466008	11416.61302702707	0.18618852566865773	69.88289025552346
0.8275661985349245	107.07720900921659	11465.528689203455	0.19023965823680344	70.98480926982506
0.8047410594648454	112.81921820432876	12728.175996235947	0.18075074510711064	71.82361708595144
0.8198173738648665	108.2528276024248	11718.674683920304	0.18417986178624068	70.95563108847367
0.8087222086394138	113.17136811454154	12807.75856091707	0.183437401012852	74.36441557202107
0.8150691754455825	112.36159660282648	12625.128391136306	0.1884884331960529	72.6340377216563
0.8227243466740293	106.93760290845138	11435.65091580563	0.19071326765497865	70.38972595202613
