r2	rmse	mse	oob	mae
0.5415797092725816	174.30918877160877	30383.693290216343	0.454491125632988	126.30274418270204
0.5521846262801564	169.16483416697938	28616.741118741633	0.46663241714593284	124.83415561486727
0.5477901422397624	170.13853532332809	28947.12120196736	0.45275754953815506	124.22255811121923
0.5418194539537187	176.72260912537706	31230.8805760808	0.45726551297491724	127.66556974861251
0.551973550654314	171.2560825305257	29328.64580370223	0.44097302440253716	124.12349549948581
0.5572777447892012	171.68260934151834	29474.918350312404	0.45142749785044356	124.84951679535355
0.5351330687553575	174.2724756067258	30370.895754096844	0.46334103975466545	125.7175363031457
0.5321703414701904	177.20336590247535	31401.032887166562	0.4659462349476289	126.98524351044067
0.5432306043495936	174.09928534681382	30310.5611582713	0.47255334139375016	127.71136075867031
0.5283900392646234	172.8093488610353	29863.071053775002	0.48239646485044707	126.16663825432124
0.5352621575046344	173.43654444313933	30080.23494837704	0.46731724957069054	125.77902960897231
0.5687509758982077	170.18872670722968	28964.20269822811	0.46883207200391896	125.25502842161262
0.5451371112727896	171.71180271950095	29484.94319318081	0.46210281459221114	126.27329511203195
0.5443689550909763	174.4835935749302	30444.524426821426	0.4610149892278934	126.73259486906842
0.5303467081421448	172.80342255715468	29861.02284746655	0.4669407769938436	126.72628897357295
0.5484688925011831	178.54899226570518	31879.742639098848	0.4582024287029668	129.37258203414146
0.517227176622034	183.85643424086112	33803.18841176409	0.47458058829464367	131.83515475675932
0.5382115131119076	174.0868772720234	30306.240838324535	0.4748680990096996	126.0912430530008
0.552485954954884	171.29776658624462	29342.92483743554	0.4744433161242765	126.08315247156374
0.528607737198443	174.94323697702822	30605.136164000654	0.4484571626120728	127.10444100032075
0.5444437176986394	176.20262227631733	31047.36409705056	0.4593861744569263	128.78437605054154
0.5672760656133062	167.8592125758645	28176.715246589265	0.43809437731355827	123.97402449227556
0.5424106773108557	173.82549976699966	30215.3043692472	0.4679654025357399	127.55575163651923
0.5388910124171117	173.59006440719776	30133.510460895068	0.45162703323582587	126.21419119540884
0.5649634453608414	167.33405352617967	28000.685469502365	0.4319998544280108	122.09040242805015
