r2	rmse	mse	oob	mae
0.804104570463867	112.17733980500256	12583.755565727013	0.1800873911925588	72.533017879285
0.8049889044769111	113.88755586668293	12970.375381286827	0.18099840400557232	71.99663019405526
0.8305169706352137	107.95456844453176	11654.188848045093	0.1947043044846527	71.73349993984304
0.8227006635150742	108.25139858357787	11718.365295300644	0.18926755714097798	70.76956025600423
0.8327884808392703	104.80907834434193	10984.942903390403	0.191582569711217	70.69062141109835
0.8326996088694281	107.30914080459688	11515.251700220799	0.1951372530067731	70.71251888096937
0.8199225429082708	108.04186362551565	11673.044295674521	0.18893071918450566	70.74709569947656
0.8127285835180139	108.88924303555747	11856.8672488567	0.18186704028006995	71.20301220440884
0.8187711851999326	107.39097933442743	11532.822442407418	0.1845872967035147	69.12978838831991
0.8233309930387451	107.41484359880323	11537.948625355359	0.1915630210951078	70.36712894425222
0.8027703836623806	114.18191753995248	13037.510293100508	0.17934114482723773	73.64829149203013
0.8126734243926941	112.68076665976851	12696.955175033198	0.18205516701295954	72.84645351398684
0.8245997292681188	110.6684251961188	12247.500335388944	0.18926982388859148	72.27427833628812
0.7982538995414875	114.40028718880264	13087.42570888052	0.17634505705392178	73.68910415589428
0.8096221786923403	111.5109604047243	12434.69429038399	0.1820892534508668	71.67261875975336
0.8211299503256868	109.73436925241712	12041.631795225829	0.18867672272826075	71.5996041800906
0.7888173975882002	116.35917583428206	13539.45780083337	0.17678786140802294	73.85970398469513
0.8274549626998433	107.93976592652795	11650.993068273645	0.19153161061642132	71.95669618712886
0.8099879024323376	110.54218372252492	12219.574382144454	0.18132781944033105	71.59973918387347
0.8229557568428509	107.99347354646576	11662.5903286312	0.18571525224852847	69.89815808985281
0.8121390887452915	109.39397564905644	11967.041908306353	0.1875187582207135	71.83431591629449
0.8179009156892724	111.17245242857531	12359.314178983841	0.18473661732378177	71.93599160544495
0.819797992804498	110.8510991781441	12287.966189002738	0.18266434020497546	71.78403819813322
0.8097822439300006	108.30650982722892	11730.300070955636	0.17919608273303256	70.21492923150734
0.8201205632883861	108.60914145901636	11795.945608464624	0.18880414017449487	70.69827730110029
