r2	rmse	mse	oob	mae
0.8211798369495052	108.53979948857915	11780.888073020968	0.18835453114129852	72.57349719176544
0.8117717759590377	110.06668115383073	12114.674300219036	0.18595453006572527	72.33883411217553
0.8157527086959127	110.39518203340873	12187.09621618945	0.18567905050086242	72.28094463034776
0.8311760738202959	108.4730217238495	11766.396441902725	0.19162168155651504	72.45857173421457
0.8110938724840081	114.90614372822883	13203.421866492381	0.1814342371139679	73.75473200195498
0.8322902685112593	107.74197394284897	11608.332949101548	0.19136761259771817	71.89671169142018
0.8126867029607221	108.7794282124531	11832.964002228236	0.18366617837679367	71.54560491182205
0.8264705023814518	107.17807443024135	11487.139638574354	0.19043811142596845	71.52273669634828
0.8302372451580569	106.94851654307303	11437.985190763964	0.19030018376131075	70.90502099312742
0.8091158820824023	110.6944649467919	12253.26456985654	0.18405082583297372	72.82443427722067
0.8075798976310558	113.28837334946459	12834.25553616768	0.1840166174819079	73.28286349391318
0.7966890212740181	112.75441822341433	12713.55882890063	0.17769208358335353	73.60571040834247
0.7963541248789732	114.40378105685093	13088.225120103885	0.17688465718176272	72.76690627969342
0.8198807397723294	110.44887431455683	12198.953837352772	0.1885762703938556	72.16307155585719
0.7974399495862585	112.85853245198771	12737.048347216365	0.17893567551950273	74.09356045142792
0.8335473995801059	106.15597790921572	11269.091645861896	0.19222532124848357	71.49555192972343
0.8092875996845843	113.89139161747522	12971.249084565105	0.18235420616907672	73.61621788795061
0.8265360238830837	106.15287841085434	11268.433594909626	0.19373262295501803	72.03514813301886
0.8144470168602819	110.96385681879255	12312.977520101495	0.18498463565664724	73.62620076087295
0.8301953756528967	107.76375869947051	11613.027689037708	0.1906949503286932	71.79126981108121
0.8241535700572479	109.83636729225712	12064.02757995961	0.1854574674289673	71.64756669065389
0.8115906052266374	111.20241841259069	12365.977860808887	0.18715076765245275	73.02924051507539
0.8269139415429231	107.04696530102254	11459.052780158323	0.18902557953464982	72.75384946145375
0.8118264871865017	111.19163172250877	12363.578965114019	0.18396624562932762	72.6237534971526
0.8145348448009609	111.75385887990599	12488.924974549942	0.18400129274252652	72.881176633455
