r2	rmse	mse	oob	mae
0.8148412078393508	111.13923072013289	12351.928605062929	0.18487780099475726	70.94228002885646
0.8160877100113848	112.74422312147074	12711.259847263978	0.18194614956503408	72.14128498007763
0.8160339565822843	108.97360094632097	11875.245703208006	0.18424910443183506	71.70353050810962
0.8298199207320283	108.62499013705194	11799.38848227463	0.19328607126940045	70.18172741018908
0.8296814482340089	109.13063766299436	11909.496076731763	0.19024562437809545	72.33251346554943
0.8232895207765676	106.00775005687687	11237.643072121278	0.18973763308898595	69.06671700079026
0.8224520323862263	108.30656523139625	11730.312072222692	0.18675020275967458	70.81791777287475
0.805811556205523	111.32002170818149	12392.147233109996	0.18200143040466865	73.09040963051625
0.8249836535258481	104.73776102890861	10969.998585348767	0.1890699918382528	69.76513326064995
0.8008089734621904	115.1730128951322	13264.822899342289	0.17739232234991376	72.87396851485536
0.8148436002013679	107.11539916899156	11473.708739132397	0.18592292709267322	70.48253182050982
0.8135774061631196	111.67071602913508	12470.348818459726	0.18456936252143608	71.7338791547097
0.8089754373615854	112.15265176988906	12578.217299017999	0.1797132862747921	71.81316122527437
0.8091533295107591	109.39173538475472	11966.551770488199	0.18175536685578098	71.66433179400894
0.8361805868633397	106.98114852815208	11444.966140402534	0.19082522325034212	70.8103621731832
0.8169601150962231	112.7596888961654	12714.747439960007	0.18563982399135037	73.27652248468036
0.8217022451964474	109.24344455173095	11934.130177527115	0.18774076566850117	72.52482628492369
0.8007669542793163	114.07558452672363	13013.238985113667	0.17776419750972317	72.25496562172145
0.8224190590827505	109.18971875444547	11922.3946816749	0.19005709549789362	71.66323279378787
0.8195983040662169	108.54662382284614	11782.369543338471	0.18461849517476936	70.514372790314
0.8206313825855025	108.36188661216922	11742.298470148618	0.18705099816244608	70.89627821986238
0.8267480600988694	108.8104484650082	11839.713695156204	0.1902973583417188	70.33154139909402
0.8199377998015811	110.90764206352176	12300.505068090262	0.1861688472975752	72.38686452377382
0.8283828004578856	109.90020982287368	12078.056119111661	0.19318114946220022	72.39371254467311
0.8206366981172911	110.72430645151022	12259.872039167945	0.18779001817380214	72.84459798075746
