r2	rmse	mse	oob	mae
0.8091337690897081	110.6533206407442	12244.157368823347	0.18577809416968682	72.04963204651013
0.815881850626551	107.52625271176531	11561.895022234417	0.18584599753835196	70.73101237815197
0.8378383878912973	105.06392898326678	11038.429173400926	0.1955138524880844	69.57140995565848
0.8190224016476577	104.03544779525626	10823.374397959491	0.18672505347294166	69.72146569742868
0.8222311277961557	108.57323191825415	11788.146689175002	0.18827114888306307	69.3449347449427
0.8095531270660666	111.11886952118357	12347.403163665818	0.1802677216870976	72.98116117280402
0.8367318648433163	103.73697467047558	10761.359913782891	0.19801536452115553	69.19356252451229
0.82161680486408	109.15466443392357	11914.740767682459	0.18944532399827785	71.10845397024053
0.8222826214890031	107.04566508683341	11458.774413882506	0.19000951477981498	70.31374063157693
0.8232342285665288	111.13313939374007	12350.57467150846	0.1895273358540377	72.10125438859677
0.8110765572067332	113.71466544934414	12931.02513825626	0.18095756517370987	72.82315590498594
0.8247049879112989	107.56390773878343	11569.994248037512	0.19100407564342148	69.95520296688494
0.8165512446359806	114.14839636748675	13029.856393268863	0.18369484889733811	72.42606135387402
0.8142806197458491	111.05140444436176	12332.414429065211	0.18612126123335093	73.05775330064553
0.8254482372693497	108.64790085006773	11804.366359126148	0.18795178454927608	71.78002136636019
0.821567083862996	109.2574987396262	11937.20103083942	0.18605196520949774	69.78495581148499
0.8168667966864175	109.54518745246014	12000.14809399463	0.18630788167604095	70.33779977905017
0.8212196599946134	109.64954205240262	12023.022072301612	0.1878463192264278	71.09087703801221
0.8191654840095427	111.5665953102704	12447.105189125648	0.1906761842172775	71.9174023485823
0.8039350256160557	115.25780094420146	13284.360678493167	0.18015821152991418	73.6474817559254
0.8106975398499414	112.65011317706916	12690.04799880649	0.1826257052512782	72.30124236746329
0.8187111987050666	107.19140542693586	11489.997397401736	0.18710298397131964	70.48608217915887
0.8213193055647846	107.47694521305785	11551.29375233064	0.18653042315669732	69.97577171791006
0.8204326710355896	109.21159707657311	11927.172936015753	0.18999463817675477	72.00136734510889
0.830915996076456	110.40648390899905	12189.591689148067	0.196114582624356	72.69334373413422
