r2	rmse	mse	oob	mae
0.5443733459932454	176.16465588647674	31033.985983600767	0.44705902303387623	126.6822029488681
0.5582124846805632	173.23218044634527	30009.388342195125	0.4488290033084772	125.81397042134753
0.5545217130029962	171.03077773958353	29251.52693420682	0.4676058098887327	123.38519617262635
0.5531041776909531	175.5092951257435	30803.512675535338	0.45014247413816144	128.5572049855787
0.5419273870627582	173.33440487547543	30044.815913535236	0.465247407498825	125.03853967237502
0.5382223261265453	178.8849869766505	31999.838565636426	0.44366954412613735	130.64307092350273
0.5512566743643281	164.48347903630855	27054.81487588775	0.4485052905609632	119.6169680524083
0.533955660849041	175.4010788878715	30765.53847502932	0.4753604140775042	129.54374946878792
0.5457103581688559	170.43494388260422	29048.07009626645	0.45367280344040384	124.5258238252775
0.5442401971899624	167.8655062534569	28178.828189729382	0.4554397066434235	123.73989044433706
0.562609316462706	168.5305262920381	28402.538292271343	0.4494487314975303	122.72270433294135
0.5459518158914802	173.08038300706014	29956.818981870627	0.4660691508434719	125.21354612596701
0.5437488188366921	174.12435239070967	30319.290095484044	0.4780498729601521	126.76086365112097
0.5498584495281533	171.07425575057704	29266.40098061384	0.4558308952463408	124.44721915686418
0.5204721019703334	172.521186323009	29763.55973029839	0.4704672073706522	125.03167504144864
0.5466866007075523	174.62399303324815	30493.538942875904	0.46118863089247	126.93560728277207
0.5395320881332811	173.61490446887552	30142.135053736776	0.4616995502829524	126.68908214427017
0.5391497429241002	175.65031389380997	30853.032770993974	0.45129298800888407	127.313569083117
0.5293259631793388	176.62267806349675	31195.570406321618	0.45071310983948565	127.33876461068444
0.5233229878621122	177.7440813983509	31592.958472143582	0.46439455069705127	129.5097270485182
0.5212105881628712	176.3157614417794	31087.247732794458	0.4664903680998267	127.78563588593241
0.5442970535604252	174.75256772919397	30538.45992794653	0.46060827567430873	125.50646972081744
0.5682166733677932	165.34058610627298	27337.509413965865	0.43316718041537927	123.53390463868244
0.540488627295689	177.61223279177102	31546.105237278258	0.450008516299895	127.48577446086638
0.5580299695862403	170.1391777673916	28947.339811364076	0.4457654592376932	124.13980938701344
