r2	rmse	mse	oob	mae
0.3403493291660623	209.51741843112146	43897.54862604164	0.667010514950027	149.20740970943774
0.3728375159234133	202.89640709894235	41166.95201365974	0.6282526673914949	147.6369837279734
0.36917418248689915	204.73554523146	41916.643481223204	0.6510674643000013	146.61064910567944
0.3311061235180973	207.60578872271512	43100.16351118063	0.6242726679453199	148.86280349436004
0.36924999809647885	200.91015794263132	40364.891564533056	0.6109708496792228	144.75206831874493
0.34393032790830447	208.34796070435803	43408.87272966471	0.6594194638043908	150.76157289304857
0.341908343695698	212.848111215877	45304.31844816634	0.646827431059767	150.72007659110812
0.3689448461551845	202.4171051673988	40972.68446434978	0.640773394334691	147.11241373802784
0.3603186798296404	208.11225470820509	43310.710559732834	0.6731706131227486	148.63680250566088
0.3591330996581028	206.42357600869246	42610.692732216434	0.6447473983799777	147.37116083657392
0.36938459540427915	202.76129220867313	41112.141618130925	0.6449683744310651	148.31575317584455
0.3804512848277657	203.77239475218	41523.188863038275	0.6365237086038043	147.76329131298326
0.3673015330958217	201.32540631156678	40531.91922651745	0.6293630791835116	145.10809661461207
0.3559216063684667	207.93891672263365	43238.59308778237	0.6473920291517502	148.7644386497289
0.36857963607918	198.7283951172853	39492.97502589186	0.6239051052548171	144.29133168802713
0.33812014145918334	210.0760258212108	44131.93662483403	0.6751436579334961	150.0190949004468
0.36159893437247903	199.06962643579934	39628.7161692887	0.6355229815101769	144.3728024076977
0.3694581330516902	199.31769435704112	39727.54328380687	0.6445836639313702	142.41668367090463
0.363114862064728	206.5150796456156	42648.478121034954	0.6453933257593307	148.61597739090854
0.33168679219199626	211.64825374321214	44794.983312551114	0.6655683552314907	150.26292585963205
0.35922175143427126	197.17573846552233	38878.27183942406	0.6267069187876628	141.1407630378451
0.33174544373417536	209.88262877866651	44050.71786304353	0.6619510442585288	150.19704612164387
0.3846355187975735	203.19395324241378	41287.782634280244	0.6358436124339216	146.94854740781614
0.3493087627417033	208.32223757644798	43398.154668858035	0.6424544321918331	150.93234768846202
0.3872306209280494	203.91512090147936	41581.37653226494	0.6408998690556678	148.64639253635391
