r2	rmse	mse	oob	mae
0.8093098591838397	113.68594580415032	12924.494273384205	0.17955424732248448	74.1208795492313
0.8207446963832119	108.65786847019879	11806.53238048702	0.1854778204210228	70.84348846667199
0.8330086669150137	106.85828254972705	11418.6925494773	0.19210243768643553	71.47061629675711
0.8359015750982459	107.34770377614927	11523.529506011893	0.19334549715772642	69.68843247242755
0.8131132286770719	112.66728126880926	12693.916268504978	0.1801625309627921	72.04267636120471
0.8250007467759459	106.31427781363426	11302.725667034605	0.18837897667416237	69.5288575443464
0.825069881615712	109.07476033754249	11897.30334269233	0.18678253797908173	70.72942295436873
0.8275817439545385	105.80276414146859	11194.22489997523	0.19056672251702422	70.80426504253919
0.8056233759325299	111.3346644653486	12395.407511611756	0.1761515350855256	70.80419788159847
0.8101162291955425	110.35155099821874	12177.464807712471	0.18067751098752027	72.20032275812613
0.8156613921880939	106.89476897056763	11426.491633271027	0.18286785791424642	70.92837054840518
0.8161267775372841	108.76782043305305	11830.438761756872	0.18313220569840905	71.60192851660335
0.8175542877701988	110.3532651807338	12177.843136049356	0.18413164139681126	69.99150964649154
0.8383156133291684	102.64255746613621	10535.494603189074	0.1913614417263304	68.2302675813585
0.8180998759111723	112.11551263101765	12569.888172515877	0.1865514344981849	73.5643962919152
0.8112944022384028	110.81716789220178	12280.444699648437	0.18497872268467164	71.64550385930062
0.8286223513192374	104.2309381282119	10864.088463087137	0.1915560350627541	68.54435424136132
0.8182127903456364	106.99093889019912	11447.061004606323	0.18662178073872282	69.85006448473867
0.814832161968468	110.50706157612483	12211.810658189444	0.18596365032971074	72.47328065310566
0.8085989394448553	112.54271446514018	12665.862579182072	0.17929073775448123	73.1538111880949
0.8148010109413627	111.45050135071274	12421.214251325224	0.18445845943827832	71.339150022812
0.8274384346872277	109.48477145250797	11986.915180007903	0.1884622214613979	71.00954781433923
0.820139264584194	108.18734135074614	11704.500828542865	0.18542524140070848	71.16934751756371
0.8341734575054733	105.04556415000671	11034.570547593175	0.19434205675426597	70.76613745210358
0.8216701915426627	107.64851969621577	11588.203792786555	0.18477098705994743	69.26654537702119
