r2	rmse	mse	oob	mae
0.8122514340404186	112.98270680184854	12765.09203627247	0.18288352868360147	74.41769735201207
0.8229395281539066	111.9378781705875	12530.08856933329	0.18967282836511945	73.68975274760571
0.8100800296805235	111.51186998218877	12434.897146924572	0.18199793562910738	73.7626564243522
0.8133277421630465	110.97222845543023	12314.835488364197	0.18277895196771832	72.77991750658205
0.8084498406573597	117.0827602855536	13708.372756084409	0.18288122972239262	75.55890091139503
0.8141080659926095	112.1373061782169	12574.775436907163	0.18606440442549177	73.43241250795225
0.8101533491422357	112.7898726509784	12721.555372623923	0.18245496222099677	73.92840348936456
0.8172134144727817	110.96412066700111	12313.036075400783	0.1858288627946031	73.44137720183465
0.8190272538280267	108.65221635717191	11805.304119325696	0.18889421876060242	73.02315610756598
0.8229414174439577	108.6624775152242	11807.534019746603	0.18765404384672513	71.95176867874437
0.8166864362418926	110.03601032194105	12107.923567570318	0.18621058577384353	73.26943986436339
0.8186456830901714	110.18485408352417	12140.702069407513	0.18599916690128893	72.51932909404076
0.8142208709395418	113.89129791044962	12971.227739726788	0.18395414713383196	75.27677186390247
0.8264667559023942	106.53111374407017	11348.878195552015	0.18838372403047476	71.63692698161218
0.8076529201372071	110.20339947358134	12144.78925553375	0.18082265327165548	73.22583823908762
0.8076527265720017	114.05597432922062	13008.765280187834	0.18284314073675145	74.54432646134055
0.8229423065686249	108.53620179444754	11780.107099965036	0.18774728523009976	71.09424959521152
0.8149956671914313	108.36113031747712	11742.134563681258	0.1829489874543555	71.81933474265092
0.7941125888467021	116.07287797240804	13472.913000797527	0.1749246812567723	75.127246402727
0.807611247247355	111.15495172653236	12355.423293327738	0.1800380453030168	73.36272628533531
0.8167962113767745	109.68736210356006	12031.317405237505	0.18707363750850847	72.97986696828423
0.8074308404650479	113.65845520447577	12918.244439467824	0.1784754720774826	73.85320743213936
0.8053380257846666	114.30300244295796	13065.176367474853	0.1798080664824846	74.01714837755186
0.8371416226886979	103.71487533112987	10756.77536495181	0.19450472260718	70.28363632010064
0.8156650471036887	109.65656447511873	12024.562132485871	0.18457334208560916	73.23155745811572
