r2	rmse	mse	oob	mae
0.8110047815645532	115.68313195851108	13382.587019730288	0.1903709520607877	77.10303719270527
0.830125111303317	106.64386807201306	11372.914597360928	0.19842406856606543	74.0809599256766
0.808040175274775	114.37395673897564	13081.401980129069	0.18984529330298883	76.85039337755934
0.8128131412824808	109.87489161546871	12072.491807510996	0.19254819934454592	76.12958322707809
0.8086901614676711	111.75275121166473	12488.677403376234	0.18985535885272953	75.64477105386925
0.8028204655728342	113.66851050308698	12920.530279990395	0.1867268532212174	76.21822580078025
0.8043371489599939	113.28871855283113	12834.333751342585	0.18701321885285616	76.15412842996146
0.810409447836431	114.85777300041323	13192.308018614456	0.19038415868585967	77.49022904329263
0.8035616718369503	111.8487137340888	12510.134763970145	0.18928685837908166	76.46737724291619
0.8098754005902282	112.36214847925767	12625.252410874748	0.18920499682234382	75.0934564813009
0.808388291458997	111.25939554020884	12378.653095972644	0.1882522521784593	75.00497810113802
0.7959172066415249	116.58346242623495	13591.703711289334	0.18606453018888325	79.17257208318821
0.8223840685466586	106.92151342173412	11432.21003239407	0.19403844264345904	73.97010725604187
0.8150150717383833	109.6459952170211	12022.244267131013	0.19312124913141127	74.85742986245513
0.8127034265871027	110.8513026085251	12288.011290006803	0.18991053615083175	75.34357907525758
0.8100648062856294	113.34807031679652	12847.785044541448	0.1900090577225655	75.85367517418611
0.8122509243685032	111.88729577704804	12518.766956300631	0.19129488747136802	75.60578501349671
0.8069306494593378	111.53535955459785	12440.13643097342	0.18801906454093587	76.53166716472808
0.8141933325281979	110.62407781105769	12237.686591546946	0.19195664402577584	75.05863744607531
0.8177692413208675	110.89091322637067	12296.79463617847	0.1916126761152911	75.70855849106866
0.8079042662020007	111.6485737926321	12465.404029928817	0.19004388000995376	76.6307858152924
0.7941956229176782	115.3149470262944	13297.537007677085	0.18267397767254634	76.292220149468
0.8144951898794998	109.84338851216575	12065.569999834586	0.19325415020706538	75.47928147304806
0.8020299534290193	115.06073372756293	13238.972445925137	0.18640317788666583	78.63034512043106
0.8172561489983647	111.24937481432973	12376.423396579221	0.19334905235622324	75.34684956253729
