r2	rmse	mse	oob	mae
0.806987561332048	112.90131231360313	12746.706322133754	0.17832390478899507	71.33410628385052
0.8053964617821184	109.67141847746225	12027.82003085865	0.1781118707484557	69.517554458345
0.8110700695972081	112.21623940097956	12592.484385297957	0.17984342849268609	71.8204897322565
0.8173913731554641	111.5800979924022	12450.11826799408	0.18238598162707098	72.60907733213637
0.8122074843854947	110.7434421976584	12264.109989786106	0.1799076555135457	70.97841414183054
0.8151867979772937	110.63117035318716	12239.255853715918	0.1807400892403943	71.66779053295677
0.819723346668699	108.13961736980124	11694.176844887019	0.18589798037340033	70.88241188376259
0.7974245654806619	113.80345728430838	12951.226889861402	0.1737622631806428	71.57615043466363
0.8189374750200316	109.42408496292924	11973.630369974357	0.18589830211185976	69.42880154206986
0.8216739142523374	108.41040376844744	11752.815645237803	0.1852857847070537	69.77525557331731
0.8182333618177857	108.46645714325489	11764.97232520955	0.18608154093919094	71.6964581362877
0.8089355101031089	111.40093320589362	12410.167919143973	0.17790036923191743	71.72627532175781
0.8235274018760494	107.9149254106357	11645.631126383067	0.18762555589065444	70.4676019370928
0.821246003541549	110.82866353759279	12282.992661528948	0.1855212427132803	71.25724926049074
0.8248788453266441	107.86523848628369	11634.909673702856	0.18698993877630354	69.3697292854177
0.8366683655305923	103.64392556392855	10742.063306301163	0.19159994617306675	69.7884688569201
0.8205229640958644	110.67305752583351	12248.525662116454	0.18601316131163392	72.64479007884701
0.8184752913010245	110.35847372451299	12178.992722804023	0.18487702928551175	71.89727955268803
0.8145524323365848	109.68097443119893	12029.916152177315	0.18336809241766938	70.88301101899721
0.8136832028383627	111.11291618576195	12346.08014330416	0.18544862020559505	72.85865632467359
0.8095123632654454	113.45046420620864	12871.007828604228	0.18106087765872458	72.85335056951503
0.8084484892969919	112.30743140525978	12612.959148847129	0.18100429201740698	72.04768793533047
0.8181469101096539	110.09787763735643	12121.54266025031	0.1857951013143737	70.53056874440468
0.8266936107230917	108.37152961972096	11744.388432118058	0.1894117770000605	70.47706388058442
0.8053342198059299	113.86930747077875	12966.21918387475	0.17356381631200657	72.27089124441774
