r2	rmse	mse	oob	mae
0.6336741503971905	20.54903353757719	422.2627793284722	0.5110798034477305	4.004178527384574
0.629930128043048	20.507130964567637	420.5424203979288	0.4854349688928803	3.953860983344959
0.6357173779872125	19.976151017701152	399.04660948200274	0.43708726470699455	4.049399202011395
0.5924094494502822	21.593281350881185	466.2697994983132	0.4786001228581308	4.028702806005761
0.6362067857986797	21.222955997356692	450.4138612657384	0.4613428516767787	3.9856020987948817
0.6166821341625424	19.94661945705012	397.86762776437035	0.48620071638282014	3.9043508265448357
0.6425430380578552	19.986727382073983	399.46927144534595	0.49017321339050757	3.956734523347383
0.6513095777972825	20.778862450778096	431.7611247483559	0.48195070660260797	3.9254637132732375
0.6309607004100857	20.215745808150462	408.676378579753	0.5009833258672817	3.9458800417120417
0.696371303631012	18.073075764815798	326.6360676007721	0.5019562812766387	3.856397472244345
0.6579169099356933	20.007433942084624	400.29741294687983	0.46450133101856284	4.014024987281751
0.6621879061735254	18.64828353387041	347.7584787596222	0.43883257990750413	3.7470054242740005
0.6254211010179095	21.477443574696327	461.2805825042645	0.4666276011459698	4.069669874049983
0.6405605245929803	19.479883316117164	379.4658540095398	0.4369803617716489	3.8580294957274046
0.6122299337575599	19.49463331623004	380.04072813426626	0.47473640596400923	3.902364048181153
0.6295739065197368	20.85946630442432	435.1173345054136	0.47448515241476663	4.044026329836626
0.6233800705412836	20.446773789848496	418.0705584132354	0.48644974396827945	4.032939334933651
0.6045253020223977	20.691924174044928	428.1557260244249	0.4568651842438963	4.090659891922969
0.6280864338542006	21.561624087010404	464.90363326954724	0.4490255182037013	3.930822267560372
0.6064353938209346	21.7551865604218	473.28814227875745	0.4618742266561833	3.9755159965704445
0.6465583314854919	20.28086454469169	411.31346668013236	0.45858140623629196	3.9891026251221207
0.6711678090095268	18.22498083493048	332.1499264335833	0.4703007798162593	3.815678263316782
0.6630135246555379	17.865064963729722	319.1605461582833	0.5134252838802211	3.809342092717323
0.6567732191265999	18.69271165520805	349.4174690247509	0.4848665324983489	3.8565478912407727
0.6458871914154499	19.604083365852034	384.3200846152764	0.5136035709189496	3.991591668966229
