r2	rmse	mse	oob	mae
0.6749269533064808	20.498948934118044	420.2069074035793	0.34467505292908873	3.7765879684249626
0.6781210477816857	18.653886545918585	347.96748326800235	0.33041145299412866	3.683707467556736
0.6246681991696748	22.153097951971763	490.7597488696555	0.3048260769318428	3.909495114999055
0.6992998675599736	18.591400087811913	345.6401572250928	0.3526711804108613	3.7943668693620327
0.6544904204466208	19.852006181847614	394.1021494441159	0.32649495192723443	3.736205101844953
0.6316599787405279	19.167615079089682	367.3974678201461	0.3140454332678625	3.762242228194647
0.6774010180440969	18.933935477129907	358.4939126521186	0.3490459307794831	3.8055768993490986
0.6920304563255681	18.229348113693394	332.3091326502169	0.3370392407432943	3.7512796444390335
0.6808601727250192	18.79562936105132	353.2756830780144	0.335637874249449	3.746556701674023
0.6369621571303444	19.569879335196987	382.98017719417004	0.3272000748434003	3.7289732117713155
0.6504120786736806	19.951901394457916	398.0783692541717	0.31832347181610643	3.771031359040334
0.6710054172397594	19.301273473212344	372.5391576877305	0.3272156813964646	3.77534013129822
0.6702342362704257	19.099254099312027	364.7815071500873	0.33642669851448626	3.837318347015567
0.6688679005226732	19.541542520804345	381.87188409240423	0.33156753851383625	3.8546912286258266
0.6596613387793963	20.12964769313633	405.20271624978886	0.3374345953159057	3.9021697774089303
0.651171998340137	18.407047220633963	338.81938738264853	0.3270826864746008	3.7245034403830197
0.7293806417277782	16.935915351789443	286.82522880297734	0.33702213402095516	3.5769813024955432
0.6637897661290709	19.205782216135017	368.86207053360806	0.33628354903491764	3.8112432310607582
0.6571777221362073	20.426245469522566	417.23150398119117	0.343842046734224	3.7810803916800197
0.6365989622917023	20.12671565622184	405.08468310640535	0.30735881968659684	3.7207997800004153
0.6689606915236931	19.136493400559534	366.20537966965856	0.3278767438014911	3.74469216305878
0.6725831687878274	19.138751183025697	366.2917968457676	0.33708149055927283	3.8534122227636263
0.700859108906875	18.304500693524137	335.05474563922564	0.35182302845979274	3.731219098328955
0.665687599624488	20.016823798089145	400.673234963748	0.31778244395425626	3.800342540264378
0.6422755973009895	20.83411360189782	434.0602895767837	0.3272730432410389	3.7764150144920094
