r2	rmse	mse	oob	mae
0.452310277951647	24.2090103127064	586.0761803207248	0.5522920720943947	6.113839614919972
0.42122100064712664	26.633818915040443	709.360309999166	0.5527380092644734	6.362277787118272
0.45286671629762776	24.49489922054184	600.0000878245012	0.5684954070342841	6.22037962835692
0.4421983928382691	22.575812699494907	509.6673190426755	0.5523996865092765	6.009577554701812
0.4743781796179811	24.945315426497086	622.2687617274335	0.5356536324440985	5.964997005257739
0.46000474939312985	24.676058366080333	608.9078564862033	0.5485750048120779	6.023927306366171
0.45417260337220156	23.81900687182198	567.3450883599028	0.5537966131911214	6.190912806207327
0.45235609314842073	24.1274292678539	582.132843075293	0.5360810628149268	5.948099483489362
0.4560918812341803	24.663828262876947	608.3044245806876	0.5565544668600952	6.133876594256574
0.4609074237413455	23.117450507992427	534.4165179894793	0.5522939774874366	6.091275967290856
0.46105390235199606	24.696138807804015	609.8992720143235	0.5398846449085954	6.034461502966468
0.482089947805436	22.32194200884023	498.2690950460262	0.559050748808918	6.114497216920944
0.47421697630306714	24.42281250780704	596.4737707914961	0.5353942899454516	5.984203739502235
0.43219503239176715	26.055981900666104	678.9141928078396	0.5663903438283359	6.3554300013252885
0.41701388094949987	25.412558736368176	645.7981415293625	0.5423274142593408	5.979844106953115
0.40835606092930277	26.36838082944208	695.2915075664886	0.5421199086181798	6.272849475966622
0.4636208849718292	25.288704995621053	639.5186003555492	0.5315925828260306	5.8600749535267695
0.4780646614067413	23.86564560136616	569.569039970008	0.572601009112222	6.029273876225414
0.4365634575574143	25.73866145276924	662.4786933802692	0.5443630669879622	5.978960267165431
0.47529628921282197	22.813825178577794	520.4706192787102	0.5420361414481467	6.0223208257723275
0.4839358019367669	23.67267267369037	560.3954315156868	0.5508931878568294	5.8965107605614815
0.48057753877082143	24.067599072707203	579.2493251245767	0.5519570642165308	6.033657853448925
0.44833756224684296	25.32017340116999	641.1111810653163	0.5492775000689578	6.084874141036205
0.48447790803822555	23.412377957805397	548.1394416391321	0.5465333326594388	6.007987574505135
0.4791825297806971	23.468004278091836	550.7472247965367	0.5550169884380862	5.9748757148048846
