r2	rmse	mse	oob	mae
0.6358332567393715	21.667160367853743	469.465838406292	0.3527025630387305	4.13661293677506
0.617186638702085	21.587150997669617	466.0050881961884	0.3231561673803254	4.066910870442071
0.6784818698711894	19.463413461942295	378.8244635905166	0.3458702848821331	4.004142879658489
0.6758108730728564	17.873875715521603	319.47543309391284	0.34330266915860697	3.8868547453513873
0.6377414996772446	20.336867905064807	413.588196188055	0.3427116935248651	4.00071799163018
0.666971853142736	19.19398010413156	368.40887223779816	0.3484079012540322	4.0073054127470265
0.66143878665467	19.069943675655846	363.66275179268644	0.3516983814741159	3.9229392954801856
0.6418560086241313	21.481597072642383	461.4590127913578	0.33801235855087886	4.065946818085073
0.6831310929156915	18.4175910473703	339.2076599881746	0.35570657919545967	3.9767202703632942
0.6524019141463662	20.414598397762372	416.75582774192196	0.34609995586589193	4.04129282479211
0.645816035574436	20.425859114225354	417.2157205541829	0.3555098094081258	4.083068388316885
0.6359040294510117	20.68856003316013	428.0165162456707	0.3315057188867465	3.9971519975878333
0.6790941746518371	18.913396392817155	357.7165631118289	0.35417419696732977	3.9913237901242384
0.697280547229015	17.350862210134654	301.0524194350788	0.3707034069929174	3.9137182291099037
0.6505880694473836	19.422958681320445	377.2513239362812	0.3384929169412294	4.03243175136872
0.6460669671406781	19.62556219892423	385.1626916238436	0.3464906013260176	3.9131240284632014
0.6693752094293111	17.940380926331052	321.8572677818631	0.3412152843556766	3.9116833013880026
0.6649558426143723	20.237591435396066	409.5601071060162	0.35351270912996813	4.05116232634167
0.6904724961803244	17.265497639518664	298.0974087402246	0.36070838189282806	3.9237244189187734
0.6759348307355423	18.532879313683335	343.4676156555517	0.34302887199850596	3.9311299570552753
0.6283420471252033	21.256545867004533	451.8407421960674	0.3368050657996715	4.036887725917364
0.6537328435707941	20.254346337003344	410.2385455392807	0.332990165442526	3.9575842040285347
0.7292692235899505	16.453674651386876	270.72340953369104	0.3604664251862405	3.859072181685699
0.6658746229900647	19.291801760505003	372.17361516662396	0.3441740174653969	3.923547982318945
0.6865534019079195	19.050450937003706	362.9196809031854	0.3584568903533605	3.963932069332997
