r2	rmse	mse	oob	mae
0.5256964429406631	22.85702473676672	522.4435798171658	0.49098126784998297	5.662876250765988
0.49411647606092346	24.21923588301214	586.5713867569829	0.4740921234793325	5.587999786641101
0.4961091909330547	24.21019025433593	586.1333121511425	0.478102731039041	5.568922252334012
0.5127292647893811	23.07619748138258	532.5108901997677	0.48038750843327116	5.33015379513142
0.5212099122598415	21.509920960896295	462.6766997440058	0.48841492008010123	5.470684203779081
0.541863839224319	22.102188966728797	488.50675712098814	0.4973620814772032	5.352945149248622
0.4922435770706711	24.128356724665707	582.1775982327208	0.4951323247373086	5.562650548592475
0.5439504302179679	22.960392080627805	527.1796044961561	0.49145927584572335	5.43923693909868
0.4961635096357716	24.014855639534176	576.7132913876663	0.4846568534351813	5.497244188095486
0.5393949608171006	22.42919274219017	503.0686870663163	0.501878014461919	5.525240751513748
0.4869839434560853	24.186653311627214	584.9941984168478	0.47137289678678296	5.3914236809805365
0.5135372595773295	24.155144816695287	583.4710211155211	0.4949363190532212	5.601429655571345
0.5787616176787687	19.287797084291526	372.01911636480474	0.4942982078276744	5.431270147066311
0.5134534190108268	21.842297725950093	477.08596994904457	0.49865732721823064	5.37279927703645
0.5254401403311945	23.696975949134647	561.5466691338659	0.48781469128928756	5.441004051725468
0.5010483801730754	23.79227428932895	566.0723158586634	0.4847466344453708	5.538704137500782
0.558834802299542	20.970453971450993	439.7599397687447	0.5024382393128182	5.355855361332832
0.5169722635644599	23.701807530959968	561.7756802346706	0.4813804222679652	5.472916793183607
0.5262855089397026	21.787648974904023	474.7016478536363	0.49495046902761575	5.4029454026240336
0.4978590104385352	23.1277270042579	534.8917563834801	0.4815308453743459	5.442862940807351
0.5149303393403335	22.90441297224807	524.6121336032857	0.4871103149478171	5.497630605517465
0.5256651580667501	22.16022438141994	491.0755446348787	0.5004040201496194	5.504181399423327
0.525727420198348	21.704775294551766	471.09727058698473	0.4866506945617546	5.367479848123228
0.4898287025448169	24.754993851210322	612.8097205734609	0.4745808204157367	5.714623705826664
0.4902069546216218	24.8182257755302	615.9443306451916	0.47466996142302076	5.610588414990305
