r2	rmse	mse	oob	mae
0.6508304469572583	21.495220980006977	462.04452497933204	0.37268240071275627	4.317124200697154
0.6763851144266047	19.016110401865642	361.61245481594267	0.37542485115779567	4.2387663131993625
0.649489920688961	19.733245629806614	389.4009830862819	0.3713519948920533	4.230960617846102
0.6443523008757392	19.701726744274755	388.1580367060712	0.35191949939994394	4.105357842427886
0.632147997699824	20.3720423701551	415.0201103313946	0.3657770934912892	4.271969915415339
0.6609288917608571	19.570979053684646	383.02322111976315	0.36835982723435456	4.174970565293483
0.681925571067368	18.96159885537442	359.5422311521364	0.3764031137813606	4.198468974666893
0.627124276171894	21.44193829058486	459.7567176572492	0.34900127552671045	4.267912928737674
0.6461811795867605	20.22020861680286	408.8568365070286	0.3633060117124498	4.256187148165655
0.6539920665386333	19.351957163925068	374.49824607439075	0.3675571137342415	4.159930290018673
0.6733455540799439	19.07271530525059	363.7684691151401	0.36345228703573895	4.126324178640102
0.6242415235485306	20.94407581949139	438.6543119326039	0.3452158837781487	4.191178937816726
0.6291500538449711	21.121085420557183	446.10024934247315	0.3590112938770136	4.293285794222718
0.6086168628388575	21.10350174958216	445.3577860946174	0.3348646404412996	4.164185453444482
0.5997698589537348	22.693588531154287	514.9989604213374	0.34983794795725665	4.322588956221617
0.6651052099147873	18.83698861330771	354.8321400178844	0.3804938619188962	4.208558478729807
0.6354454396093463	19.428396796102362	377.46260206680046	0.356387181959096	4.196534229452758
0.6151950355946498	22.112625755653763	488.9682178096022	0.3481978859995687	4.318200818693794
0.6796813541836565	19.217316192911678	369.30524165834544	0.3872774064487491	4.243459313129268
0.6555276820639464	18.78492934898491	352.8735706463546	0.36193596522262905	4.120129135485412
0.667903699743952	18.00850096734456	324.30610709084993	0.3767651635413718	4.124092931552817
0.6333082732229058	19.219091375098305	369.37347328437806	0.3584324375686274	4.212781972871907
0.6420733554029572	20.535791883359618	421.71874827665874	0.3516392814101218	4.160050950956301
0.6373627801507213	21.187580514948984	448.91356807744586	0.36057732960759314	4.17565074018871
0.6388657628085539	20.02444238450065	400.978292810186	0.3654059668879893	4.160250591457824
