r2	rmse	mse	oob	mae
0.6517268582825888	19.930876988997635	397.2398575505555	0.3826471380982306	4.055484449190769
0.6703338643229297	18.717508803330084	350.3451358027392	0.38516141799878345	4.091543462951307
0.6570738524808187	19.452065984187286	378.382871053176	0.3566496425874661	4.087255487543966
0.6166835374629203	20.576065623968674	423.3744765618653	0.3783946403802023	4.163225966278482
0.6304386047607073	22.18509571616023	492.178471935191	0.3826751236992856	4.376825972960004
0.6471360103927196	19.565468117426352	382.8075426540271	0.37717877022737634	4.151264635418676
0.6669117632025812	18.619876465241177	346.69979958084224	0.39625825017021	4.036980784960529
0.654268673984802	18.930659080423677	358.3698532192275	0.36608279354401496	4.067513542872728
0.6806242010635202	18.869743307249312	356.0672124814802	0.3705212623670777	4.087476536639231
0.6677843939572259	19.18177391439446	367.94045050294375	0.40943362507420367	4.0998733341015985
0.6372751032657695	20.716856414710577	429.1881397077348	0.3784538353460116	4.189456081893283
0.6488792013428255	20.505026137637596	420.45609690520104	0.403100038558012	4.316978629941989
0.6464459628661247	20.823745275356895	433.62836729294855	0.3595979871708451	4.126901322017906
0.6260539861225287	19.21601845123808	369.2553651183224	0.37555236465518704	4.1044361903604685
0.6514606781562979	18.268840238193963	333.75052364865485	0.39904242793186895	4.09621328964192
0.6604598389672098	18.931310727766068	358.39452587123066	0.39110338683842905	4.115693792568987
0.6636482884694553	19.049278959607424	362.8750288809421	0.3784047039140114	4.044297240824024
0.6087578565044981	22.216589839468075	493.5768640951561	0.35694981055390107	4.304214658101522
0.6556241306393557	19.43146797549105	377.5819476825342	0.3707838547599085	3.9816008561968785
0.645142485839726	19.55392109749522	382.3558302870687	0.37714112292528346	4.157407168337039
0.6378979488421845	20.35482400532501	414.31886028775534	0.36229438456761476	4.194099294374113
0.6362855244158432	20.25230726841575	410.1559496943254	0.36989604440796153	4.155538847284825
0.6614544579731948	17.675177011307927	312.4118823810682	0.3984368657893701	3.9617076025575026
0.680067372879435	19.172632743761785	367.5898463271665	0.4000660819358879	4.122257276771599
0.6365608671143357	19.950190681662143	398.010108234679	0.3924899843212557	4.1958704707152386
