r2	rmse	mse	oob	mae
0.6140058720174021	20.78099828295241	431.849889636071	0.36006713498146414	4.360851609084525
0.6472047701473896	19.45043610877833	378.31946482166785	0.3532357413990699	4.193557454465728
0.6230888651941543	20.61682894924947	425.0536359226111	0.358130053779502	4.222944117215296
0.5842963633712054	22.311506789013453	497.80333519619336	0.36834533806683156	4.331874155672282
0.6421595239689022	20.684822228796335	427.86187063690693	0.3576539392257889	4.1710740833808355
0.6528390372116379	19.605288532180772	384.36733843005885	0.3740171060739256	4.268722909768214
0.6081971667943851	20.844853655584146	434.5079239227197	0.36514385200075894	4.24378002593583
0.6113831467779068	19.754062584945874	390.2229886099585	0.3568315610489814	4.204280373146783
0.6569695024670018	17.79298784767821	316.59041654762444	0.35387695198505376	4.025945221179378
0.6550165840691382	18.921983099122873	358.0414444034916	0.3714807707807988	4.080787318218511
0.6352074029334647	20.057139975054692	402.28886397893694	0.3659458779667748	4.121138348275535
0.6785488929823225	18.386892816905775	338.0778274603812	0.3767383334914227	4.086619420431292
0.6431962679830443	20.53744784654064	421.7867640493768	0.3682950616677416	4.21413085759974
0.6129512664773342	22.93621009854427	526.0697336845641	0.3589308972491392	4.403311502086095
0.616747176294504	20.781542646622498	431.87251477338964	0.3666050820320236	4.287860491162756
0.6169284592321523	20.243279513719337	409.790365470569	0.3618297928742058	4.308459594874725
0.6663847581388194	19.86338330749766	394.55399642057665	0.3753595118822709	4.208432241403496
0.6312180779792619	19.310820279217893	372.90777985625306	0.35841007244246303	4.211304463514897
0.6750014410228419	18.48749165784786	341.7873477989942	0.37859319001399516	4.132943945016644
0.6156892725718239	22.101107006408814	488.4589309087327	0.3726357696927225	4.336510796898107
0.6951553829856829	17.63839796194174	311.1130826638306	0.38185080168811714	4.213296888518952
0.6296360767917271	19.936770152312352	397.47480410613264	0.3685899883440166	4.267679893202016
0.7131055294088158	17.347538099660188	300.93707811916175	0.3826388771105893	4.017053598172623
0.6362554520730233	18.87783969526583	356.37283156015434	0.3525266836022989	4.12489241273094
0.6702490172023103	19.182024770504324	367.9500742962415	0.3887017022068451	4.116225015805565
