r2	rmse	mse	oob	mae
0.641198205208048	21.30494366488828	453.90062456406326	0.3465848271372203	4.140247944995696
0.6964968399579011	18.591087059387156	345.62851804971257	0.36991095749858194	4.032823285419001
0.6824309666810253	18.72179548581053	350.50562621251555	0.37193209238413005	3.9077568621221763
0.6806653482847727	18.016256941899204	324.5855141965312	0.3442351762417728	3.768698062612999
0.660658371224984	19.621297715294325	384.99532403221434	0.3598106712406318	3.9205447340141952
0.6626429779870933	18.503726891972097	342.38790889269137	0.3544211483846058	3.915531134114569
0.707050617094846	17.6709056200009	312.2609054309794	0.3893630472705851	3.9599570314306876
0.6640503442894452	19.56550988280888	382.8091769742919	0.3529014627532925	4.07970800099644
0.6067404208315715	22.316306981870774	498.0175573090943	0.3321647694265645	4.164010568641017
0.6488215869822079	20.51253523898772	420.764101930713	0.34008064730573295	4.028375686726815
0.6397355780267688	19.92392125960213	396.96263835882564	0.3453910069588093	3.997954958948976
0.6452093943714066	17.77011137103789	315.77685813909005	0.3454825497967493	3.905115830002872
0.6720227341960853	18.992432189458235	360.7124804711694	0.3633312765421032	4.039313504114376
0.6946922635200903	17.86773644229925	319.2560055714686	0.37122287139675403	3.9368429076892824
0.636455793034592	19.630315104616173	385.34927110652194	0.35577457757675435	4.0142550930134275
0.6914410266405825	18.35839790018822	337.0307734616352	0.36398456326247297	3.9485537422197416
0.6957068744696424	17.632060865946592	310.8895703804453	0.3554884364890478	4.001744557968073
0.6569622103489143	20.52109960548426	421.11552901820625	0.3505690708538065	4.024274345001801
0.6260240549185606	20.630810460338772	425.6303402504237	0.3386024337266029	4.004484822370797
0.6802991713124453	18.798564372291228	353.38602245917707	0.3615338182015999	3.898826524892648
0.6346839533191437	19.752147530722112	390.1473320754116	0.3455264720257767	4.059449312237661
0.6673648040677915	20.106362419247294	404.2658097341199	0.3380774524013651	4.053591891350102
0.6443286601047857	19.11568997133292	365.40960308011796	0.35124915766432263	3.9375742098099082
0.6681745432028738	18.503885622786317	342.39378314115817	0.36137739558933757	3.8954216914789566
0.6358751061809218	20.072335273391147	402.8986433274224	0.327342791522351	3.933813310081843
