r2	rmse	mse	oob	mae
0.36821485319610925	27.147977856912842	737.01270171943	0.6319733484681292	6.7340051377718275
0.36147333607787857	27.95000396204529	781.2027214783475	0.6399671459928491	6.872614568519556
0.4007860076785089	25.36292798666106	643.2781160565548	0.6366964682139151	6.585914575276817
0.429959933871799	23.863782815109584	569.4801302467195	0.6343327798958717	6.513419250466191
0.3469232427089909	26.812767475222426	718.9244996803457	0.6326330301501881	6.791071783757014
0.3556027484156704	26.93193454886064	725.3290985441132	0.6464586208696234	7.007656666604658
0.3570172152247386	28.072131762767075	788.044581706156	0.6543614035528984	6.93695870903949
0.4025046007407851	25.011510281605805	625.5756465668729	0.6133424778640916	6.52187026655579
0.3762222852152445	26.88329713188936	722.7116646814507	0.6216176973447401	6.868377298339206
0.35058039193525836	28.25013645383746	798.0702096604361	0.6269453203756469	6.755303602997901
0.3596417227637656	25.440905057192225	647.239650129069	0.6550803283151065	6.925660145503137
0.38587111759446224	26.097762209301315	681.0931923332358	0.6305429648646917	6.617196640448842
0.39799305201468616	25.777567995492785	664.4830117622539	0.6263491891473153	6.679687197709305
0.3876755502293979	26.216339371896705	687.2964500624613	0.6194284758123124	6.6146299878748
0.3317877897206265	29.739905445781122	884.4619759240018	0.6136518327503876	6.842867466003665
0.40603181307359837	24.447316256741562	597.6712721571403	0.626062178942972	6.74735217788582
0.4004323348655041	25.968450129921273	674.3604021502082	0.626910249476634	6.684465288578209
0.38339594687758294	25.495851683968105	650.0384530908992	0.646124437873581	6.860518586869857
0.3689655858379043	27.099920693624764	734.4057016007516	0.6316936910008156	6.817689035257486
0.37858768246412433	26.162029900027523	684.4518084899341	0.6191139632980509	6.64856333047027
0.40381572694128254	24.49635164359222	600.0712438465233	0.6295798719757045	6.5909950068813865
0.37214575777165326	25.770193620751932	664.1028792510436	0.6210798972613457	6.781230211250577
0.3521097918592544	26.134910897410048	683.0335676155624	0.6060008957224967	6.514249509045635
0.38065074492018836	25.25534227883733	637.8323136212283	0.6287456921789601	6.758890974421135
0.3974251350960305	25.03518527380748	626.7605016938669	0.6299407828292661	6.677367355405556
