r2	rmse	mse	oob	mae
0.45117588915596296	24.62700990207963	606.4896167171282	0.5609277546776247	6.009231067708932
0.48195372660744906	22.671463048539792	513.9952367613053	0.5664052659526159	5.983007172837381
0.4235713742836634	25.211445514491363	635.6169849301667	0.5539669650404826	6.106918581694028
0.4473560802168306	25.196184016197066	634.8476889780645	0.5458389492186406	6.032294226682306
0.45887877365250274	24.43301794990162	596.9723661402146	0.545603230297181	6.042994078797854
0.4243063607980815	25.527995827112516	651.678570949074	0.5382929032959015	6.09126015356889
0.43106635992451536	26.218725467704292	687.4215651508456	0.5211050221849425	6.036153383316181
0.45155821634116966	24.496463984988228	600.0767477678254	0.548944503196059	5.955520257083829
0.44868477690914765	23.521453487901404	553.2587741835091	0.5766620135126597	6.215633619728132
0.46986385436139255	24.43264633432972	596.9542068984356	0.5581847461888967	5.916113634713893
0.44762205961703705	25.562906180788882	653.4621724078144	0.5273695311685538	5.975286470948344
0.448772792755752	24.90738204124559	620.3776801485633	0.54520677772227	6.050362052250899
0.48756089110470846	22.71274706673703	515.8688793175716	0.5565267223048429	5.910088731396605
0.45233202350918045	24.285096915578432	589.7659321990371	0.5641291926169744	6.043402337965695
0.4789518921198703	23.365662405604997	545.9541796527027	0.5498094477033647	5.89189063350847
0.42622019350505813	25.729858326253108	662.0256094890565	0.5279837203620271	5.979111845983355
0.4144265311265224	27.165095236855983	737.9423992274556	0.5398372409413094	6.340099837229778
0.4645422779405112	24.373541561636117	594.0695282568031	0.547722255090768	6.052239604317225
0.44671681520496564	24.14195821563416	582.8341464854257	0.5490677783690356	6.106642467251017
0.47109473609446173	22.575126110200852	509.6363188914722	0.5379754154066628	5.959450789252258
0.46970761342016	24.022794985607177	577.0946789205133	0.5558962832404938	6.039290782453623
0.43851945748891663	24.215431034966855	586.3871002092359	0.5423061715692333	6.073612615425758
0.4720310562340666	23.554653340781403	554.8216940043845	0.5474651726552056	5.922468109835843
0.4551830147005713	25.423393307616767	646.348927273773	0.5392329171426967	6.00916368496943
0.43982508353150807	25.632397636512174	657.0198085962749	0.5255100116572331	5.8952949608949
