r2	rmse	mse	oob	mae
0.6197801970324607	20.836275662814117	434.1503834967799	0.36607271372121253	4.299567017200696
0.6565307522499262	19.727029298671226	389.155684950633	0.3549601856147453	4.2099668962655725
0.6781645149453432	18.30605545398645	335.11166628442703	0.38086623502086914	4.246571570183192
0.6052932548429644	21.670851321942635	469.6257970177428	0.36108734623158534	4.286641255146055
0.5910812106720297	21.68410409977871	470.2003706100399	0.3459498683372597	4.257757751477662
0.6173560088258672	21.64398533921261	468.46210136405034	0.34293780798594686	4.228569489235574
0.6689303564012368	18.804058285901096	353.5926080195657	0.39027070360090266	4.2178039405140995
0.6694035611703661	18.88620274312663	356.68865405448383	0.3788160907420509	4.2057318901498855
0.6567724222738882	19.448630684157035	378.24923548873454	0.3618268452264828	4.216943611113237
0.7029200606487038	17.86231785475408	319.0623991442664	0.38074651611776145	4.127469815336833
0.6577056369371441	19.135106258525987	366.15229152508044	0.38181180397319925	4.2043189870965065
0.6680626503500453	19.414457849253665	376.92117358044726	0.38065300809344393	4.288348524718186
0.6425383280953363	19.55233326822619	382.2937362317846	0.3754197914143488	4.200185945710631
0.6460816548139402	20.49545263629598	420.06357876665186	0.3677909881190411	4.324109275272688
0.6359352332093245	21.52014000945842	463.1164260266931	0.3638395876660303	4.204319135156769
0.6119663398152324	21.49298109451376	461.9482363291258	0.36007050691083653	4.297394893174994
0.6676801223125798	18.68520840734237	349.13701322581795	0.38958122849281995	4.267601203783617
0.6817014179401766	18.3649500313019	337.27138965221565	0.3818386734021746	4.219631874698094
0.6660021641106244	18.99184003448502	360.689987895468	0.38009777189755645	4.244153394798154
0.6808147684280922	18.699797587651005	349.68242981911834	0.3669480633832034	4.069101101699937
0.6412238448172933	20.135444680495816	405.4361324813073	0.3764305471467482	4.309936682512596
0.6321416189004478	20.354834698707077	414.31929561168954	0.3615993018355439	4.201468360407243
0.627545207732427	21.242579749864152	451.2471944293385	0.35903138001313795	4.289268074840882
0.6405943354962369	20.020549870565155	400.8224171197864	0.37280102203970134	4.194648623507314
0.6722772633713808	19.074460840713822	363.8350563639251	0.3686760529389155	4.179241128081777
