r2	rmse	mse	oob	mae
0.6485933358707223	19.71218815749623	388.5703619565346	0.3391262111987452	3.827672517425613
0.6719321384221675	17.91391414102908	320.9083198521616	0.34476736704688205	3.7075117262051247
0.6875232246862903	17.408239023819426	303.0467859104295	0.3514031171116381	3.7136879181920563
0.6844890758771704	19.122676623631147	365.6767612519691	0.3572149809069678	3.8209500002528256
0.7057071112182187	17.619655440455585	310.45225784037603	0.3549219287944918	3.7381107595897145
0.6818665174844682	19.267459970749897	371.2350137244497	0.34568472751255674	3.82113529917898
0.6777966174953793	19.34207910342944	374.1160240433219	0.33806746709530766	3.798599350578543
0.6522311544368296	19.908552060623236	396.35044515054574	0.31833366300657273	3.769776901785656
0.6698933010979482	19.8023812942462	392.13430492271175	0.32274018708092345	3.823005395016924
0.6851038543678333	17.72188180982858	314.0650948815331	0.32795173025650937	3.6534516248222504
0.6931288026095854	17.780966255546193	316.16276098087246	0.3591969977057483	3.755334884192129
0.6692333547421687	19.744880914465412	389.86032232642054	0.33876506318478417	3.8859951788170934
0.6290369781232619	20.50515653548757	420.4614445448486	0.3334128078164913	3.885845898337692
0.6548862211572924	20.55356872631259	422.449187387255	0.342526032085428	3.845836428839471
0.6932288852908373	18.35162911264365	336.78229108803	0.33694173854420506	3.7957070866318605
0.6991446959324128	18.006208459934303	324.22354310260965	0.3517225758409932	3.6934689177160216
0.6728656650567897	19.902345675546567	396.1033633889471	0.3298762286133723	3.898592662984434
0.6965150891790548	17.701994689864414	313.36061599998794	0.3439194454429171	3.752570057005686
0.7073486449324793	17.783976116115067	316.2698064985512	0.353652041843336	3.727834437893489
0.6722928603113318	19.627718355052824	385.2473278252776	0.3420603568203848	3.740495960528451
0.6428205961189317	19.95332979379322	398.13536985987616	0.3170893953263805	3.8201940639603342
0.6870914680510464	18.558398691493824	344.41416199243963	0.344914174451324	3.6916758938270644
0.6758590800887576	18.995315805237095	360.8220225406901	0.32742957156305175	3.6470530109973476
0.6879044925572693	16.252264525462213	264.1361022055975	0.33518286536237396	3.5630984453983054
0.7163528390615086	16.654685547341234	277.37855068081694	0.3500856104233194	3.6925423665876584
