r2	rmse	mse	oob	mae
0.6210525345953777	20.61443548317294	424.9549502898995	0.36431613430279386	4.287423461629545
0.6470229866282589	19.527302310451628	381.3155355237694	0.3649588330642959	4.262857626293957
0.6316711482634698	20.510433481350816	420.67788159291655	0.3638192362948769	4.242843318261496
0.6767532666372749	20.05842458989306	402.34039702842665	0.3908321801455551	4.251884311460118
0.6301467335038106	19.633779026384406	385.48527885689214	0.363633296055084	4.183774330338709
0.649021526771016	19.64482834109709	385.9192805511714	0.37201437079461475	4.236401205130583
0.6529926009434421	18.258955429888676	333.3894533906611	0.36723069328717906	4.12584747970681
0.6359787905593992	20.091202161636527	403.65640429974826	0.3455573370485505	4.044734081764408
0.6434006011679477	19.827662760549163	393.13621054606807	0.3506044681307834	4.210550094249469
0.6268104684974931	19.6588058882577	386.4686489521956	0.34671572190471456	4.167407747389687
0.6020691184022393	21.614809417306542	467.1999861464835	0.33019739753852995	4.276569626249124
0.6093133863116653	21.33131060261329	455.02481202516213	0.3583987634129051	4.331128398755597
0.6772715503032001	18.320312926154912	335.63386571223873	0.3741864015751286	4.158107712634413
0.6519682515746118	19.848136393530922	393.94851829620666	0.3677557157746095	4.202272513025742
0.6805626732620007	17.518067703268315	306.88269605629245	0.37134699953225525	4.0613878450267755
0.614469410714505	21.940694773352963	481.39408713743796	0.3587150136557905	4.327340841667248
0.6430568379769609	18.255482256581157	333.2626324203494	0.3610076037064459	4.077526224831928
0.550562176654025	24.527435663596584	601.5951002318695	0.3198019150458635	4.365025333851295
0.6326276051114892	20.262846866082903	410.5829631183257	0.3761402890960561	4.296309276253667
0.6341419426295244	19.527328703212977	381.3165662833254	0.3609914686472009	4.210198431237681
0.6206726055754088	20.575371755442312	423.34592287465324	0.3635758460164644	4.248882113247495
0.6864957378377599	17.881503193719823	319.74815646701217	0.3856842420722877	4.0715723581229755
0.597430852032139	22.135641215899703	489.98661203903765	0.3288618305684323	4.318664214335489
0.6550300691417006	20.011426483749215	400.45718991449945	0.3719016800219703	4.394550717397504
0.6456031250633313	20.594190253613412	424.12067220202573	0.36880311139217214	4.265993564093754
