r2	rmse	mse	oob	mae
0.2516688939686167	28.9178283907887	836.2407988391049	0.7253673349702459	7.8239350439425435
0.3066264834118869	25.157888388537813	632.9193481701258	0.7261873125182388	7.302412190391438
0.23340146274515128	32.200540385915644	1036.8748011449843	0.7170104955796621	7.823903583999583
0.2875334857777284	27.263198730550332	743.2820050214812	0.7140009919103997	7.608263981661841
0.27385157155569995	29.15366948131975	849.9364442260346	0.723084398653988	7.600358877658755
0.28996657977493734	28.214805431495847	796.0752455371676	0.7105594652705653	7.573575363660722
0.28665866439764154	27.146124332470922	736.9120662739698	0.7316249962649377	7.642444893251345
0.26560495098218617	28.39664041644653	806.3691869409645	0.728797127624381	7.700365290438804
0.29262287799302067	26.7307522601922	714.5331163957704	0.7294174263928793	7.535446604653701
0.283182902820195	29.400624759990656	864.3967362777756	0.7171247729532481	7.56858871212128
0.3042475287375507	26.635239178386282	709.4359660898435	0.7129628941071071	7.356250769699683
0.28046428865393336	28.627427592825985	819.5296105824946	0.7141572566546008	7.540875980333336
0.29965391266394925	26.327981555017917	693.1626127613637	0.7233386734545173	7.439139100741964
0.2693103873624677	30.130876352086602	907.8697097447317	0.7276903839490176	7.762229925642635
0.2730062171098754	29.747554293683493	884.9169864556472	0.7154614033232689	7.678489204520279
0.2592780557419405	30.15187912539253	909.1358147922817	0.7154005716474807	7.636608746988232
0.3041083110652908	26.46768651705094	700.5384295648801	0.7351699947095754	7.548379495181192
0.2754877308031436	27.96887566177965	782.2580057840901	0.7210292802712169	7.651305931266703
0.2833640441599057	27.789862386017198	772.2764514337736	0.7275339714404078	7.650104137159868
0.2509482124668543	29.93015729319542	895.814315595419	0.7291165063097994	7.81730027050298
0.27008896657400927	28.586674354064378	817.197950625322	0.7188826389408987	7.698962159218353
0.29712614061249176	26.608256979817956	707.9993395040309	0.7216090124635064	7.483457685765287
0.26616978157052495	28.863223191582453	833.0856530071031	0.7238661802160296	7.699908333798977
0.3025146109958059	27.759799545313157	770.6064707959686	0.7309921639847314	7.5824026905078865
0.2597648475066502	29.346519400610134	861.218200930387	0.7351477551115929	7.7150262823345965
