r2	rmse	mse	oob	mae
0.6814933139584088	19.0488253328765	362.85774656243757	0.33269174230366716	3.7263185569830415
0.6621036041907008	19.572443923585094	383.08056114188315	0.3275209664192015	3.7847228777362916
0.6510928794713624	19.616077403908147	384.79049271611575	0.31048892925511695	3.7050742073053087
0.6571966370482861	20.912198925353934	437.32006389357423	0.3283948811567724	3.908880735866387
0.6408902229746254	21.317035146442258	454.4159874346545	0.3246004170753427	3.9481337822784717
0.7011877052781175	17.611915579261108	310.17957037102013	0.3504049193650849	3.706730224561951
0.7011439147971885	18.761110528906652	351.97926827785204	0.34748220162378907	3.8239805422820754
0.6909213183257784	17.92285890138134	321.2288711988243	0.3439629941944189	3.6806156741601277
0.711825020969836	17.36437456606589	301.521504070636	0.3492046061089291	3.7039305403610756
0.676693493343896	19.931079395237873	397.24792585927577	0.3402576685271108	3.8500400602827383
0.7056868951253816	17.822274008126204	317.6334508207309	0.34460178063547	3.8328026003676317
0.6791926913736379	19.317190145649462	373.15383512317675	0.3396883347472588	3.711055089180854
0.6698506228494063	18.28568563322263	334.36629907704446	0.33062268793416616	3.759714631178335
0.7147795672071695	16.325586504676828	266.5247747216862	0.3426633960648383	3.747817390513956
0.7219921790926336	16.187587439085576	262.03798709804107	0.3369428879537526	3.60783077120126
0.6305996261093155	21.52724470497066	463.4222645876872	0.322903117622395	3.845403846558828
0.717315682952747	16.3528628258947	267.4161226025288	0.3442719027313317	3.677646350397429
0.6743225324603849	19.308933563238266	372.8349153495492	0.3356679089870296	3.793173757010111
0.6792915803807755	19.440876374516307	377.94767420922636	0.3392228119100279	3.787625228219132
0.6996965990528274	17.07980973264209	291.7199005032555	0.3385838127893015	3.7933663124444434
0.6297642094928575	20.508392144910562	420.5941483694293	0.3275425381508832	3.8291290302763037
0.6808470345413944	18.306175437978837	335.11605916605964	0.34615365623147254	3.7099816051171053
0.699874793108923	17.84759260873708	318.53656192744654	0.3459982354209745	3.704136795801992
0.6528777272790371	20.017237992036293	400.68981682982115	0.3268819048092082	3.7784990689865716
0.7054548747222649	16.674934739453004	278.05344856501665	0.35303946101833095	3.5895259764417924
