r2	rmse	mse	oob	mae
0.658287859703016	20.084433213074313	403.3844574904426	0.3542442369457385	4.098956021708037
0.6305517300289042	19.90738063947357	396.30380392488706	0.3427258293732357	4.025012398644522
0.6467891561044948	19.872937491577723	394.9336445441554	0.35521022069814945	4.133648376784641
0.6343905589243436	21.399515447397192	457.939261383391	0.34442390124685707	4.18724037451138
0.6982186125247907	17.745314819892492	314.89619805709606	0.36181563372790715	3.921951884083072
0.6508486939706627	19.747975690042754	389.9825438545195	0.36451745906371036	4.113846008194681
0.684262086730959	18.42094909892394	339.33136570514677	0.36900535970915893	4.080184804195414
0.6462834004191345	18.77283330491945	352.41927029429286	0.35380555886186515	3.91541725277381
0.6083104280828	20.75573391446387	430.80049032802566	0.34931982647626614	4.128328629466218
0.6515160125794403	19.117874134968417	365.49311144049443	0.3510924690424111	4.023622736866261
0.6381231516424783	20.386937886615453	415.6272363927166	0.34837360292110797	4.185211802497798
0.6719047130456728	19.112570804193616	365.29036274531427	0.35695949209508393	4.113842035523313
0.6212302234498951	22.038566359141196	485.6984071662701	0.34991299196144265	4.278323473135912
0.675702877302814	18.808641483726884	353.7649944633718	0.3634969563478485	4.047288260874728
0.6709444739180004	19.46265597132561	378.79497745817645	0.35801701663593355	4.040441938969651
0.6488617565157117	20.051076507931107	402.0456691269067	0.34343145776875716	4.032456842844143
0.6300595545310045	21.821698707322103	476.18653447314307	0.33213485583118674	4.1533954313263655
0.6376121146791096	19.760270021644196	390.46827132829037	0.3553298756083012	4.092820432162137
0.6409935686522683	19.07427481142909	363.8279595819182	0.34573537570613566	3.9831465343406727
0.6096571876213868	21.7267419471723	472.05131563901637	0.3497733504301229	4.200913728591884
0.6420302291314669	21.27378011896825	452.5737205502088	0.34423465909814566	4.138147537126883
0.6225476813446427	19.83229929354031	393.3200952685595	0.332987384976283	4.034295572414427
0.6734801657053993	19.051580176301947	362.96270721406137	0.3654502351440895	4.031057018741131
0.655585568192129	19.819772426994714	392.82337905786	0.3554307451577188	4.181957195722894
0.6655970938338709	19.00358044823616	361.13606985258366	0.35887008116398844	4.0282832382635245
