r2	rmse	mse	oob	mae
0.6558091883406304	21.097232848882207	445.0932338799544	0.33637573468317505	3.9198060169481317
0.6810140642025007	19.34389702539127	374.18635212894134	0.3442344688575195	3.8741744027462186
0.6596086445790837	20.303657441239608	412.2385054912045	0.32417564415814404	3.7265276211924547
0.6612959745837871	19.371148025704354	375.2413758337497	0.32951532865630995	3.7322423307612063
0.6698236124481959	18.994080923817755	360.7751101405375	0.34039070517963976	3.7703964473897376
0.6553104714851872	20.70215520304295	428.5792300508782	0.33972478339324685	3.8615990768101085
0.6773514550116047	18.369429542068257	337.43594170101	0.33750669506781916	3.7457501504877193
0.6838796045124278	18.425118352789138	339.48498631428714	0.33405493482325666	3.751406921426615
0.7153335102672334	17.026923171571642	289.9161126906033	0.3373508200966826	3.665750122578689
0.6766018778617423	19.05779835371932	363.1996780910268	0.33822378508657713	3.7249073433581215
0.6402318841454819	21.063869881337155	443.6866143779026	0.31213609782037444	3.830739732471804
0.6548761377290355	19.700922229890956	388.1263367082117	0.3275665261539573	3.8034525065142937
0.677315847799355	18.995149239408445	360.8156946273992	0.3450538312855522	3.8572030680388485
0.6896525214573344	18.923972439900314	358.1167329061067	0.3390840340272028	3.7901510666456937
0.6992972320831512	17.337330449293127	300.58302710798665	0.32881035931911573	3.706156227428382
0.6656217224890583	19.650294515688923	386.1340745533142	0.32280856238302846	3.873512728996835
0.6887169783480436	17.84117110253251	318.3073863098411	0.350798770415903	3.6845719153433585
0.6813349129490391	17.28858962419036	298.8953311936626	0.3415160742718756	3.6231312181069284
0.6698589337134804	20.59949737347713	424.3392920398913	0.33706387895139833	3.7925869692194683
0.6589617678452407	18.862200665340875	355.7826139395858	0.3315405071644456	3.770436776909874
0.6737206984585379	18.59483091346115	345.76773670021043	0.33926364475553816	3.7964428691610337
0.6707538096474956	19.743547117473334	389.80765277988957	0.3397418087192625	3.8101274942683507
0.6539442453575137	19.677158242354842	387.19055649467316	0.3215816292931628	3.662956488104943
0.6449617420643469	22.09089958279187	488.00784437699406	0.33211794120125515	4.022796507134192
0.6798506653993248	19.29241416880818	372.1972444608305	0.33278222722534423	3.7855207807203377
