r2	rmse	mse	oob	mae
0.6495628503720929	20.33378644388163	413.4628711453842	0.31976390441833835	3.8629089992423697
0.616277043323683	22.76570424484175	518.2772897636056	0.31674289374546594	3.974382060106679
0.6978651723715674	17.050948733601725	290.7348527159143	0.3426640136411311	3.691139824728221
0.6817259724725384	18.05758815822315	326.07649009200094	0.33635108288506266	3.7063177940322634
0.6785957718630483	18.989687547175663	360.6082331393584	0.3331063198015165	3.8002296089868204
0.645414324079659	18.904083176760174	357.36436075386706	0.3149086959963565	3.7416792493870337
0.6628996283337029	19.829535552864215	393.21048024230583	0.33385729815228715	3.8068201015138463
0.6716409574842093	19.019645615124684	361.7469193249316	0.3478528024111943	3.7861721572713174
0.6383186740573702	20.18732827535092	407.52822289678284	0.32284096452358213	3.796692933711493
0.702618258136025	17.998080732747194	323.93091006248574	0.33247895990097076	3.615566310361016
0.687370150239487	19.87220404949184	394.90449378463995	0.34601820026508145	3.7085405985826534
0.6602526230620904	18.854114698739046	355.47764107320774	0.32771085133627675	3.789821471415091
0.6412024542813972	22.083230120560156	487.66905255761526	0.31257672148966753	3.9029003365273036
0.7006102964394372	17.934433404092903	321.6439015258433	0.343660088588412	3.715434426107001
0.6856954356773567	18.660055737277503	348.1976801183031	0.33502924926411337	3.7501175830872167
0.6958731034742023	17.97693439496096	323.1701702407304	0.3460707350720563	3.655010492688162
0.6713546454008695	18.107735638797703	327.8900899645845	0.3314484074969444	3.6134281037941673
0.6876204824135015	16.80366370979061	282.36311407173383	0.33020074975284097	3.6469659754086003
0.6713040863561466	19.404219156495984	376.52372107332565	0.3301935336520532	3.6564421787266688
0.6860517963202939	18.32838281512048	335.9296166176038	0.34355596455601667	3.734943149006063
0.6279316681920748	20.958006430265396	439.2380335310457	0.3060629002870483	3.9062531556832893
0.6871806181505302	19.16144825303931	367.1610991539032	0.3379464853244494	3.693230190027878
0.6944213091619511	18.043291965174312	325.5603849405239	0.332074797178169	3.606453660288511
0.6577602646802048	18.903896871299143	357.3573169207136	0.3122311615208382	3.6536481799671066
0.6545466168302153	20.55570346356657	422.5369448820827	0.32248668720936524	3.7733845152856653
