r2	rmse	mse	oob	mae
0.5600620009960642	23.015350419527696	529.7063549336536	0.4053416893655848	4.808333143440804
0.5860550331063428	22.420327877664036	502.6711021419592	0.4149582794628116	4.820039107503661
0.6301956216065372	19.448579159233525	378.2472313129726	0.42948369716007595	4.78176479779119
0.6287596735384642	19.017716163466734	361.6735280741839	0.4158925993856222	4.68652909264872
0.5932108089661888	23.406584832939046	547.8682135415721	0.42649756503118263	5.088622321245312
0.5825164275697041	21.315294080711897	454.3417617472317	0.41836787088628324	4.844531221377945
0.613273019782107	19.776005699133485	391.09040141216	0.4221597983982346	4.712873899900991
0.6229572129627521	20.058673931515255	402.3503998908496	0.4346646488682304	4.750872655318794
0.576432438540646	21.226522753759514	450.56526821587045	0.40031536260864575	4.719562308171058
0.5983104367236189	20.60689057321297	424.6439390963735	0.42351193493391004	4.815233601813253
0.5398788536556949	23.635808894374986	558.6514620914156	0.4054693621401564	4.917706183382287
0.5928765259090787	23.57099540625569	555.5918244417269	0.41603402529974165	4.962318222821543
0.61910440260511	19.137250079761685	366.2343406153387	0.4198376825722575	4.681321793560646
0.5835576355349439	20.749280765049637	430.53265226685886	0.4068345366403132	4.674384938507363
0.5853545836067648	21.404537673633737	458.154233022006	0.4041336189214376	4.822556681561938
0.5545082644722594	22.958560012572253	527.0954778508817	0.4133149881782623	4.971583763704705
0.5654791250303923	21.921954589761782	480.57209303557767	0.417769162906517	4.893513720120441
0.5924111466176125	20.494841070043485	420.0385104863412	0.40306698817639	4.7348900155072595
0.5981443998809151	21.421479485676457	458.87978335525725	0.4052053135093523	4.731242123294654
0.5999984502494624	19.90464333990871	396.1948264889721	0.4165172879062271	4.744916478622538
0.5713872968880152	23.62386944973188	558.0872077779752	0.4207360470317887	5.025460990513885
0.5772556853548092	21.014121605266507	441.5933068409286	0.40954680017009437	4.82969575601833
0.5971589717322932	21.210339954163402	449.87852097118036	0.42072704124342153	4.758078054430583
0.5581688156926952	22.346064320194724	499.34659060227966	0.4167354947874109	4.948433594502431
0.5741641126424253	21.70570892245674	471.1377998264181	0.4140505331692632	4.805646609270123
