r2	rmse	mse	oob	mae
0.6878002598078212	18.686375330410993	349.1806229889926	0.3399912031397445	3.569902040014998
0.6907267446167036	19.296610671642917	372.3591834129633	0.3348545138867711	3.65303863160946
0.6139934018253357	22.268589400646746	495.89007389459664	0.3109880056258998	3.7692179129091823
0.6910242711934027	18.577616149045042	345.1278217812592	0.3334683993674701	3.6446434983490255
0.6697686913932193	19.92510968084677	397.00999579377367	0.3235541630602812	3.7438390117442832
0.6962902922127772	17.976146551835107	323.14184485305316	0.35469022151778995	3.60367281560169
0.7074235279805658	17.649751224668016	311.5137182926701	0.3424550206041348	3.810714228144793
0.6798792790508201	19.469255607045092	379.05191389245675	0.33946090555860453	3.7876557831618296
0.6578684990630275	19.68187664461056	387.37626825366664	0.32238306624209123	3.7114351877879797
0.635417259014952	19.388451285922514	375.9120432665904	0.3124915985307023	3.671088001753434
0.6305839215384532	19.980371073257167	399.2152282250517	0.29800747338846656	3.7500806984712147
0.6918973937296204	17.86093871786406	319.01313188329544	0.3304786571218623	3.735651012456484
0.688525485185547	19.111901467232453	365.26477769320206	0.3511041351602111	3.7604935917131566
0.6940330581141951	19.44768284314946	378.2123679677299	0.33199639865050923	3.7645612193404796
0.6417708885310842	21.332447900872317	455.07333344343175	0.3143171705013773	3.7022549835535434
0.6714023070153082	20.428884316138255	417.3393144021596	0.3304238525252916	3.718237528871181
0.7175853549044294	16.074318603162787	258.38371855598524	0.33678884113834306	3.487891790962214
0.6878470732944892	19.23632294585782	370.03612047733617	0.3435314840364839	3.7505250103025283
0.6388583034520219	19.962324141959996	398.4943851486789	0.30038382756990223	3.638516463428398
0.6922676251147002	19.37581617357897	375.4222523923243	0.3267337772691198	3.701051294011235
0.6843997905768351	18.0189299609584	324.6818369379243	0.3382793618155513	3.574307926341361
0.6487111655100313	19.97941429261051	399.17699547576916	0.3197532995924658	3.6494561004359234
0.6485393698138266	19.266682007085684	371.2050355621592	0.3115036848928857	3.6481345476005935
0.7015254934900347	18.00538752479097	324.1939799178982	0.3374558091306159	3.71880337406195
0.6695810121400343	19.361477413179905	374.8668076210756	0.3238708551777507	3.572947917116687
