r2	rmse	mse	oob	mae
0.10658609743167091	32.468567670924415	1054.2078866013983	1.0544594526736562	5.650574045713086
0.2843383340345168	29.668297832620834	880.2078962850941	0.8618014241295506	5.317374452795628
0.25128794797412424	26.872255433740527	722.1181120961973	0.9531048757899813	5.247022293717358
0.34358812066514766	26.28088833688819	690.6850917759856	0.8956134980292381	5.180158437677891
0.2712377993428571	26.422960958387648	698.1728658084778	0.96376680084804	5.056579968743792
0.30100991632289564	27.086799560871913	733.694710450851	0.9702866793626718	5.09810889455787
0.28783364138313017	27.280226582353794	744.2107623845626	0.9295897734012615	5.035847509555844
0.2446675594150799	29.96477369558679	897.88766262773	1.0122464671559155	5.322491031388987
0.3294296842094301	28.81469308460327	830.2865375598835	0.9082321209436688	5.489978959675945
0.34793728187175554	26.789786929171576	717.6926837104122	0.8881454992544308	5.392829275021632
0.2604839459107203	28.579066796943366	816.7630589841507	0.9450874370260176	5.451099255080194
0.31659175969649334	26.837735440964718	720.2640435992137	0.9559056832174975	5.309967601234942
0.23522705583460668	31.911270286577512	1018.3291713030048	0.9100188109738796	5.665685526335708
0.03724266487393979	32.92662144513069	1084.1623997909403	1.0303568221132506	5.713583154228354
0.3421720989003679	26.443035806671144	699.2341426728923	0.9099109975079573	5.35836649970545
0.37893451498622	25.38067681882234	644.1787557815057	0.949887097019542	5.112369599121866
0.23039169857905362	28.992621480660308	840.5721003208455	0.9883750774328389	5.517863653361976
0.30291700592283266	29.096827568872936	846.6253745727241	1.019912534715891	5.282067316183409
0.3331710619101731	27.151499828191735	737.2039429202957	0.9149624646297165	5.116948415641828
0.24682540645480266	29.429661484058425	866.1049750662719	0.9162139744495815	5.361481141278284
0.2162177567371364	26.582466367337382	706.6275181706231	0.8736725529654931	5.278274408266603
0.14577151132098787	29.738063776830323	884.3524371948279	0.9498760791536149	5.226716280307925
0.04984256937150078	32.55868472217749	1060.0679508381538	0.9658009203685629	5.752849535083904
0.3022336705404719	29.222379389141263	853.9474571629081	0.9033152009807222	5.489931187437391
0.28309796843040225	29.742463844207315	884.6141555239793	0.8986003642110437	5.551013399199278
