r2	rmse	mse	oob	mae
0.250852706991337	29.228397564365274	854.2992241805939	0.7595141861251875	7.841797127482872
0.29372341399042046	26.906948967315234	723.9839027297063	0.7236240829018618	7.658081869502447
0.2922992716959182	27.048909803428735	731.6435215540232	0.7368830230394571	7.734937578179335
0.2727909364867821	27.48015509404015	755.1589239925007	0.7280678377102152	7.454732092954014
0.22618530141558624	30.157242844600074	909.4592959881824	0.7672023731697236	7.964797109420498
0.3032065175318067	28.104301952617906	789.8517882439226	0.7336413482047894	7.615589610706375
0.2525709695217666	28.725259572511877	825.1405375081852	0.7653069895115369	8.218747379100742
0.274249831163765	28.00005731452399	784.0032096166283	0.7351031650826092	7.600655669116485
0.26545984485243	28.9659733712024	839.0276133412065	0.7381367002769083	7.779094289378797
0.26406125646289336	29.835909926486885	890.1815211414386	0.7262714361804871	7.662997872841848
0.2947123257297246	27.095616205155657	734.1724175370938	0.7267149294451697	7.644103103718024
0.23383306126173142	32.06267238169451	1028.014960255876	0.7183308692894077	7.822338872560224
0.26815763483731225	26.751952883885068	715.6669831016065	0.7659521363057846	8.097267322191534
0.2874581481100087	28.012572761493463	784.7042327179654	0.712446205865919	7.371480384775001
0.29195103769161224	27.62491045094274	763.1356774226055	0.7090720965483265	7.3924078511994615
0.2825281285952831	28.879548267956412	834.0283081612242	0.7502294315043906	7.720733888026887
0.2334028078211462	31.070191613802248	965.3568069183874	0.7387191405084694	7.765644192000346
0.310265066754449	25.655839590024716	658.2221050690795	0.6971786770803586	7.195278189549302
0.25856214949392076	30.25092908706344	915.1187106305409	0.7450460865371678	7.761391724851329
0.2855415340181079	27.16429651696109	737.8990052613844	0.756109940331566	7.7225849527614505
0.27071600030654364	29.248373865410592	855.4673737708334	0.751367232486646	7.777850139839999
0.28278345781661207	27.80280569208321	772.9960043517345	0.7469152631154624	7.935234204070013
0.3007230434230137	27.585833380319933	760.9782032867735	0.7259295408549682	7.677494529351558
0.27852907845167685	28.63384643044962	819.8971614025725	0.7449160677390874	7.59721556190973
0.2606703181759704	28.957292505488947	838.5247892484463	0.7188305229579759	7.731879089707
