r2	rmse	mse	oob	mae
0.5739851496852442	22.91446606906362	525.0727552302681	0.39995742944430623	4.708748561331868
0.576500522124372	22.218430418605557	493.65865026641666	0.42182677297056126	4.737947349483932
0.599546077504503	22.97079250734817	527.6573084156428	0.40338269255208803	4.6849902171940245
0.6167623065211248	20.867120578935722	435.4367212558427	0.42583184323182066	4.525229419808133
0.59525480287027	20.782393775373627	431.9078910346885	0.42359956152353107	4.763295932541765
0.6343319703732309	19.97025417405456	398.81105177634356	0.4034171988290365	4.487804050387671
0.5799233535109323	22.190225534015184	492.4061092504595	0.383221642875206	4.689497991394186
0.5722932756859794	21.21044346088142	449.8829118072475	0.38484578470572295	4.598665154014187
0.5665267395594267	23.261254337237144	541.0859533416339	0.395275407139539	4.7053428548988
0.5864574223114798	21.533292592650923	463.6826898807151	0.44997504545430544	4.8277095479364345
0.5801827406493905	23.687462143551823	561.0958628022007	0.40856480770193326	4.809979269592366
0.5683488874527536	22.7412098051309	517.1626234009817	0.3832137778262059	4.636471756674095
0.5886860276667603	21.89899363186442	479.5659220884385	0.4070564806488446	4.5651513057195805
0.5805346300046381	22.676766592654975	514.2357430977528	0.3947124891008589	4.665840051716425
0.5778685762887469	23.243020081787655	540.2379825223842	0.4044816985123827	4.727026524495936
0.5538623994695754	23.708135954935482	562.0757104577046	0.4082410486011149	4.861488793452038
0.6298966998354831	19.863575057551664	394.5616140669886	0.40981401293331676	4.504561795419845
0.5886244158419325	20.777310405874168	431.696627702047	0.39699980422941383	4.625961628030841
0.6060114516471273	21.22917818351672	450.6780063475023	0.42009358847034073	4.638029128649892
0.6191988556369322	20.155653320939095	406.25036079388315	0.392073667207105	4.496095396992174
0.603350523844797	21.550069094804456	464.4054779908461	0.42033416189573514	4.615014810148351
0.5757528139698116	22.803005081449623	519.9770407446173	0.4161421206851321	4.603314123299087
0.5921557531534551	20.694344741688827	428.25590428786404	0.41237767417836013	4.461566777003874
0.6208047964652295	20.037169649032982	401.4881675441285	0.42805599621122425	4.651899032329742
0.58604931931613	20.504629277622872	420.4398218127491	0.4095533871303736	4.750954797553689
