r2	rmse	mse	oob	mae
0.6394170475657412	19.44236067160103	378.0053884846184	0.35350854424393074	3.8297656240849407
0.6144334644576586	20.674433319853797	427.43219309708087	0.3478223838629707	3.9411675973267024
0.6484000304135535	20.09767195337053	403.9164179452964	0.37640439410277726	4.015420164093919
0.652340018772497	20.02739491982711	401.09654727471667	0.35887367521004987	3.987964793799664
0.660089029323726	18.953041767464104	359.2177922392388	0.381404583320917	3.9916464312546776
0.660781396903767	19.597256229077697	384.05245170812464	0.3852071948990372	3.942357328280347
0.6300360407833876	21.066812222346773	443.8105772116193	0.3611468848740589	3.960983740313508
0.6619603598016384	20.105836098575313	404.24464522277424	0.3697590298062806	4.053562220172715
0.6158070975789851	19.769822251824532	390.8458718687364	0.3646941167018629	4.015022840904677
0.6267591306939844	21.59341935234943	466.27575932641884	0.3781865137372278	4.1443597510671015
0.6502789434282024	21.18595659858505	448.8447569971294	0.3684531978422345	4.084015964375121
0.6707386948369947	18.821559665580267	354.25110824499797	0.385720184172907	3.948909990419927
0.6486702693826925	20.661947411220552	426.9160708240437	0.38223590683527964	3.998215655455264
0.642990281388518	20.847932345837375	434.63628309661226	0.34436112509277406	4.047709594323314
0.6782324367467023	19.15406974724678	366.87838788239435	0.3830357426109664	3.969482611774444
0.7046165120482211	17.580140554781998	309.06134192589076	0.3726575157772931	3.8277395590825867
0.6810726406908219	18.96212031272348	359.5620067542005	0.40329481023989255	4.052511058129798
0.6167009351829885	22.043373730740157	485.9103254330853	0.36515039374667735	4.015845983522329
0.6748889273530174	17.360672632332857	301.39295424703107	0.39708082595492433	3.8598842072001194
0.643252484684715	19.324173100412757	373.423666014716	0.38702033082677945	3.995135202449033
0.6977174579670232	17.85576485533261	318.8283385689311	0.39823618050166254	3.8817467612139356
0.6379572036236281	21.237847185382954	451.0461530696787	0.3689744077438599	4.035170293645014
0.6259555503699958	19.969759413652163	398.7912910391492	0.35109259008180826	3.8665916956441726
0.6979379871871154	18.164221233701145	329.9389330268396	0.37665277904322736	3.780882212752768
0.6332491520108461	20.3316915166684	413.3776799289658	0.3417714351166026	3.994977441597951
