r2	rmse	mse	oob	mae
0.1540125795686228	30.305893398565342	918.4471746852063	0.8566241000149045	8.89306730122582
0.15306950669672104	31.25314718011691	976.7592086620496	0.8627027606865662	9.245447906515203
0.14786017838305066	28.01808822922342	785.013268020548	0.870871944114735	9.027045066603986
0.1579380712665649	31.107618100768185	967.6839039032405	0.8320503332467238	8.888817355702137
0.1345083002772124	32.301316866477386	1043.3750713085765	0.8643823132031327	9.280574867167687
0.2002227450481182	29.76967984511877	886.2338380808708	0.824716513993367	8.72096882731241
0.18023384494186734	30.946579707019964	957.6907955629399	0.8283530834610583	8.610290464120945
0.16345985444123523	30.808218562194718	949.1463309759591	0.8402153748627808	8.982870473060729
0.16014039155912607	30.912285620551277	955.5694022865412	0.8375462423395985	8.95367576631997
0.16243920377576837	29.757498213690763	885.508699937809	0.862320388301686	9.025102549814504
0.20078184424077383	27.74529036203607	769.8011372736917	0.8352702031215595	8.627385773167296
0.17887285121808472	31.6774959925751	1003.4637523596115	0.8067095014683253	8.697684685714185
0.17007332385602292	29.051556463130805	843.9929329304772	0.8332383070113665	8.768589745057861
0.1696949343010523	30.312447537951996	918.8444757410921	0.8383222683181176	8.899030639128478
0.1320375038617464	32.230538457277156	1038.807609246022	0.8717013830929413	9.352884235607544
0.16541438456160673	30.40174285957336	924.2659688996198	0.8501714564288385	8.847298634533843
0.18409227604001221	30.385480406667728	923.2774195439883	0.8325977024103725	8.627156335600654
0.18315914043752357	29.03316481836666	842.9246593704437	0.83520808741594	8.603235064318657
0.17386725044332996	29.64436496669609	878.7883742786786	0.8359118539654744	8.841635838223862
0.19458134170699515	29.9269698613596	895.6235250827257	0.8268197442362542	8.53289975183517
0.12496681919598585	32.41061677738969	1050.448079890814	0.8567814990012302	9.147706822404752
0.1662582322227617	31.618091179285642	999.7036898216206	0.813139532762772	8.792865699773223
0.1655419107565277	31.882182913612827	1016.4735873370657	0.8321893076918532	8.897356663533714
0.17142496303843657	32.16784391507958	1034.7701821449225	0.8053641863946893	8.580646769535312
0.16031712635621442	30.402582977126787	924.3170516810794	0.8460675083426693	8.773972599082654
