r2	rmse	mse	oob	mae
0.6593039389652811	18.269197350405122	333.76357182804946	0.3469469969291914	3.7086356303064365
0.6957910446321938	18.8530829854899	355.43873805776866	0.37301564201116344	3.8166497576324483
0.6807927231053965	18.97305320207769	359.9767478088705	0.3568213277451584	3.691219019372345
0.663317951147758	19.551129666965938	382.2466712545156	0.3267513498304204	3.682581857706009
0.6781158363298686	18.66272233422656	348.297204924439	0.3556307500999478	3.709475326092242
0.6581761583017979	19.63355544337856	385.47649934822	0.3539478948495862	3.7365556826875124
0.6472303201846552	20.403279381662	416.29380952615367	0.33575911178564966	3.7695145917237913
0.6989499299301614	17.564055542319817	308.4960470936955	0.3590008258943924	3.5849437215552045
0.6775183948667838	17.465232523242964	305.03434709094375	0.34091819045405924	3.658151915632854
0.6505791027683394	19.988247779871564	399.5300493095405	0.34508514022367565	3.8389138535006966
0.6661863065842668	19.42656750174758	377.3915248999553	0.31975361569763683	3.684849604875509
0.6473253760635467	20.33464906001221	413.49795239385554	0.35049645144991526	3.797004757276083
0.6435591300063601	20.97601050565742	439.9930167334504	0.3378408900970229	3.805868503681931
0.6501724106418011	20.766508191397993	431.24786246339994	0.34597158169057884	3.7221732990240888
0.6490546007975129	20.852517222442444	434.8274745122588	0.3467017093980411	3.8182309286282687
0.6672118985563336	18.67731791218948	348.842204392994	0.3554559204656875	3.7155653450986836
0.6941618719843452	17.88410747740795	319.84130026347896	0.35829314191700024	3.7191083940630385
0.6474211486660022	19.755399640046836	390.2758149379626	0.3433467324613093	3.6350953380062676
0.6935585443156462	18.268714820986485	333.7459412105313	0.3482504475752298	3.689820194080559
0.722829662955074	16.19793070281099	262.37295905306695	0.3688595197410668	3.670403368560665
0.6870104843274036	18.93239670192438	358.4356448790371	0.3510946901586407	3.6513094994233053
0.6638831700163061	18.37545443009985	337.65732551267627	0.35076421109165756	3.7736051317721295
0.6550916570323675	19.81410317320898	392.59868455857026	0.3457913494347762	3.773397605704265
0.6380073892067182	19.549035289135553	382.16478073586717	0.3332453155102414	3.6916579719365203
0.6800702956702726	18.55402676953184	344.25190936450423	0.3624619189221443	3.7195943398651434
