r2	rmse	mse	oob	mae
0.5427732962876165	24.523486242975807	601.4013775094236	0.3712434367335363	4.896497617635306
0.5654778342821736	21.635856546216292	468.1102884884504	0.41209778704768085	4.707009671422991
0.5734168625893568	22.610533049351268	511.236204775806	0.4211851341634083	4.913530492581053
0.5855686636064554	22.00087763952793	484.03861690947997	0.43087896299794437	4.963929434744918
0.5863867864696889	22.53662450137793	507.89944391610805	0.40630833611044703	4.927151724810259
0.5665486058578537	23.668698424046905	560.2072850884805	0.4179947379007405	4.986856840856027
0.5501703250784258	23.917710812482664	572.0568905095502	0.4102559713627527	4.943070785407168
0.6290774153669467	18.690868848695686	349.3485783191428	0.42536191673062274	4.832908860703404
0.5663639573204502	19.857810881991224	394.332653024929	0.42549850827373636	4.918118341008523
0.586313866325318	22.088802049326087	487.91517597431243	0.4336485055698833	4.838914076482382
0.5970866551869711	22.157495882516958	490.954623783756	0.4169094038254806	4.863491213210106
0.5806695661828069	21.307455786212895	454.0076720814173	0.41838809447980796	4.847599414040044
0.5810290471008929	20.622439525651444	425.2850119891509	0.41593177249008284	4.7444313418899915
0.590445840676595	21.108879329084544	445.5847865298527	0.4149231654096954	4.84508953316691
0.5555177573422956	24.042639949123117	578.0485357231709	0.41234337921513986	5.063362592189078
0.594504254675174	22.269587276822755	495.9345174800259	0.4223874074292252	4.837092001596458
0.5751736623424308	21.602149976740353	466.6528836175832	0.41593858520743787	4.780655473961691
0.5896134084768943	20.421202813236174	417.0255243393251	0.4146728677533664	4.764229377621906
0.5809297281552439	19.902220611874895	396.0983852837379	0.42950915999967565	4.801716809170425
0.5491906843828702	22.40545657290135	502.0044842401683	0.41864332097667956	4.90978205593121
0.5989797523883598	21.09146543566491	444.8499142238477	0.43123913986505213	4.781342383140896
0.5926145429946419	21.68841834030623	470.3874901041317	0.4091884145190421	4.85791296038839
0.5698796053740538	21.15278940403986	447.440499571661	0.405284864842852	4.874008726184536
0.5836668875235915	21.29320558871916	453.400604243461	0.43265323867591776	4.926719670638632
0.6011946315296272	21.750523938999873	473.08529162100655	0.4175383898095042	4.863565640504908
