r2	rmse	mse	oob	mae
0.6633763451884859	18.921377671788356	358.0185329984509	0.34641879542313525	3.6900786734144777
0.6862619509368466	18.200676166186785	331.26461290639963	0.3467515617354927	3.6073909529037897
0.6441506139115134	20.31841556865286	412.83801122047487	0.3235320083179666	3.7036292761325327
0.6652560774133185	20.171307685114016	406.88165372753974	0.33637010714414406	3.7174244296200794
0.6967059451322428	18.35544480955752	336.922354156712	0.3392352124893091	3.6242578379838575
0.6157940046503514	22.943092680438664	526.3855017431981	0.30355448229690785	3.8258677251652657
0.6667934512663157	19.077250529202967	363.94148775397485	0.3289607144517003	3.7324332179054367
0.6585692964187724	20.407861757614768	416.4808215179153	0.33178431376099016	3.8117004740993767
0.6782147515071133	19.7758457401184	391.084074736959	0.33990501260041883	3.724039422222727
0.6697834714577089	19.038960178561602	362.4820046808544	0.32221947403392015	3.6596326106036887
0.6744487155380883	18.858916402854003	355.6587278898358	0.3411405967854746	3.6643094151751914
0.703199418127229	16.778829531215305	281.5291204375828	0.3476531271194486	3.5726447635603282
0.6856535176602492	17.713500987989352	313.7681172514998	0.3278650326064878	3.509320363500332
0.6617169952251516	19.5522169102719	382.28918610632235	0.3269836983292619	3.7539751126986167
0.6411775554800099	20.652174535640647	426.51231305056393	0.32006024686821566	3.771066901823105
0.7066820441802305	17.509147664044757	306.57025192132403	0.35502585718281743	3.60034371469854
0.6440004965889481	19.815263886129006	392.6446828769284	0.3251029460553623	3.7048092951877107
0.6636103917706719	19.788197931703717	391.5727773842832	0.3322408446727021	3.7177226558556926
0.6514300444495289	19.363630114817106	374.9501712234519	0.33239220845545814	3.698993728160543
0.672528574758711	18.754781624032304	351.7418337651398	0.34458360384978315	3.7888632744210198
0.6921255528621727	17.95564867571133	322.4053193655741	0.34694778765984935	3.5979004429889505
0.670179743847102	20.05868747569995	402.35094324780215	0.33877937456223384	3.7387733980817406
0.7236687706544487	17.002926525055738	289.09951041644393	0.3593249634753277	3.5836851069927587
0.6593491494974704	19.901803372288814	396.0817774692464	0.3395631890335453	3.7567880266416944
0.6949219210320986	17.935157494332696	321.66987434651827	0.3380222283495349	3.5925039313062848
