r2	rmse	mse	oob	mae
0.5009327046429294	23.086169852260717	532.9712384474317	0.48217443898382384	5.448219296734113
0.557504222328097	21.3647723680193	456.453498337281	0.508131801493276	5.398588313669486
0.5349920480414443	21.957213109582632	482.1192075396274	0.47349275729964835	5.317782155522655
0.5231005018834846	23.626524930115295	558.2126802733595	0.4883979509420262	5.604473427571915
0.5357064215500913	22.069907347867076	487.08081034343724	0.4854422898110021	5.30510740198592
0.5018037229136452	22.899581076281795	524.3908134692033	0.48686740765936465	5.603390491591108
0.5089287835649439	22.32883630741522	498.5769308433442	0.5082074848146999	5.575484748814736
0.5390806197959975	21.26985236438239	452.4066196026232	0.4896814626340834	5.357092871097665
0.5413911629075188	22.13237832868394	489.8421704839986	0.49869720143722496	5.462385883027068
0.4977082850149286	23.879487220409292	570.2299099096907	0.49503072530455505	5.662365108829762
0.5565706063512315	21.14844596723142	447.2567668289069	0.49001571658560406	5.331799960116477
0.47550317016589194	25.235790602322822	636.8451273242849	0.5008869079213338	5.698345254051703
0.5274786908320395	23.16841078476563	536.7752582916444	0.5112301539819837	5.6275471647416815
0.48975707025165893	24.317220918386937	591.3272331936352	0.47345191517072216	5.605583922953371
0.5425402901426524	20.769845455390072	431.38648024078765	0.49160374394374373	5.357367606034667
0.45392751007882837	26.445327776657496	699.3553612148525	0.4793716959921791	5.648250603823195
0.5593336189053775	22.240646345466807	494.6463498641261	0.5010593163392121	5.3643508072445165
0.48105943290725406	25.46067117387283	648.2457766240789	0.46936085777465575	5.528537040937019
0.48867578595686556	24.732338657661114	611.6885754772383	0.4972830876241394	5.647439326895274
0.5128665705481221	22.525843565292412	507.41362832802554	0.47750209190251436	5.459330364709149
0.5172660142788426	21.67435979605839	469.77787256899234	0.4763470990158689	5.5146305814675465
0.487862004030556	25.176630004119904	633.8626983643505	0.47737018896101513	5.610936138028639
0.5051238679065213	24.03373832443531	577.6205778474306	0.4883909246516236	5.4070340645211825
0.5037264452630182	23.78004305581755	565.4904477365365	0.4923699903514337	5.590440976451753
0.5102267836158985	24.592052049948446	604.7690240273736	0.48530102421850996	5.390606711457121
