r2	rmse	mse	oob	mae
0.5717827939330358	23.337623892461508	544.6446889459903	0.4148986440682698	4.900475781472281
0.5412979144167867	24.074243011013724	579.5691765533431	0.4046852374678698	4.929157932714742
0.5946410362325376	22.740018056085393	517.1084211910896	0.4312217306035615	4.857878556523142
0.6169548095977275	20.838366427193534	434.23751535398657	0.42978469930701024	4.734332496732359
0.5634172395508239	22.94416091813959	526.4345202374842	0.4258753745464787	4.88270795155508
0.5908876181800293	21.464687765382358	460.7328208653551	0.43185733630286993	4.78920228074851
0.5559828962073226	22.827573209846317	521.0980986508932	0.4033581353004594	4.818156492542887
0.6002088067647982	20.497154249699832	420.133332335988	0.43075175066248506	4.757425025698093
0.5993022318632795	21.556904453788125	464.70012962975034	0.4259596738698742	4.884149693324595
0.5909094410193416	20.573565112742738	423.27158144826507	0.40989287553787035	4.715546964184817
0.563980506699305	23.23941357203781	540.0703431722152	0.42784412823867535	4.922467281121063
0.5596495187657233	23.262529402647555	541.145274209042	0.4148175338028477	4.854861054999794
0.6031330537497607	20.4121740649229	416.65685005671105	0.4303816437549497	4.662381089541599
0.5881051529929264	22.792480756199105	519.4971790217065	0.4324029464018493	4.933329254265429
0.581903849204376	21.629095974098135	467.8177926567481	0.42546045754518613	4.838781648683583
0.5787280617969234	21.822565549608193	476.2243671669463	0.42288598005775857	4.848144410037923
0.579885818139237	22.436534859855225	503.39809651749874	0.4363059245577543	4.871823286799972
0.5916707231024974	20.852692759364366	434.8347953164471	0.4228725454301381	4.856025546815993
0.5607499016960534	22.739091718161696	517.0662921669698	0.40124636502840483	4.830608126653373
0.5779475497936195	22.387720855713198	501.21004511333575	0.4280647740590675	4.856875242123572
0.5706872728543562	22.139954481548607	490.1775844450442	0.42441090974512785	4.812647500950645
0.5933074232572464	20.670326465675476	427.26239619760406	0.4365044304260173	4.846939881059771
0.583059125556538	21.834212040952416	476.7328154492715	0.4284536114347608	4.8746004821894395
0.5879635820985998	21.510065738763213	462.6829280859151	0.42597030457094087	4.87401122385272
0.5723382595293727	22.28708107358666	496.71398278062463	0.4217146198179348	4.841253574848366
0.5696074134069298	22.589589015538223	510.28953189092516	0.40953090221952604	4.78149564049269
0.5850886990611387	22.408971384206133	502.16199849816934	0.4313960777836614	4.825232349259782
0.5691956705948904	23.31399095080008	543.542174053988	0.40781510203652827	4.836552163383736
0.5905261243914409	21.821017411149672	476.1568008576972	0.42259444019596637	4.920204343357107
0.5912492466629296	21.94111330672161	481.41245313839613	0.4296776909381015	4.801167434973483
0.5827352467049247	22.35012172579591	499.52794115789425	0.4309135492100751	4.855935544008303
0.5485306111602205	24.513635286921737	600.9183149802146	0.4139703062891341	5.051394473371079
0.6008898379238241	20.920802421831965	437.6799739733303	0.4244932681286907	4.862201712786019
0.5435701724749964	23.344968523767985	544.987555375718	0.3992675176806626	4.848480282786462
0.5588828134145951	23.80439621843678	566.6492793243273	0.4185250375674212	4.884975769369649
0.5724601827464049	22.729463611209223	516.6285160532842	0.4244890838915072	4.878937711544152
0.5687223533530773	22.302323439480222	497.3936307991889	0.4092106977001928	4.840600551838609
0.5618388601215077	22.844343979914115	521.8640518726382	0.4214115031260117	4.964150470186191
0.558989922056071	23.439352410281504	549.4032414133693	0.41624555211370573	4.972238867882135
0.5543133636278903	24.19242650417526	585.2735001599216	0.4111956554353364	4.92452864353783
0.581399676362709	22.958094931415776	527.0741228798987	0.4268421424232567	4.832414089988539
0.58537553957608	21.939015169418038	481.32038660395483	0.4293228868919998	4.84855300494275
0.5876195895397306	21.87257714155522	478.4096308132839	0.4302688169107811	4.872283049339579
0.5957162013789253	22.161672111649576	491.13971078426664	0.4253045012363459	4.901452484931666
0.5645441030797497	23.45888622636268	550.3193429814286	0.42178190376075364	4.888183733961954
0.5686392031807774	22.107711665466258	488.75091508339284	0.4253857416603537	4.83956188674823
0.5743160047412816	22.72267576822436	516.3199940678505	0.4108041120724608	4.8363235961815905
0.5701809043196702	23.17280915770386	536.9790842593638	0.4157055927889748	4.829240241287547
0.5662628355824872	21.60736980443168	466.87842986546593	0.4201329929727742	4.8224542555504435
0.5652682354285705	21.555470514968107	464.6383091216594	0.42121895613112814	4.769853700895297
