r2	rmse	mse	oob	mae
0.1614934648490477	31.45521607142842	989.4306181002488	0.8429595666641194	8.919498731122001
0.14269903878380863	31.77679498023474	1009.7646992158717	0.8494305118378979	8.945042479435257
0.16219871632411864	31.5514381856166	995.4932515807853	0.8421725073467817	8.920401087269616
0.16725941173601522	31.996744032257848	1023.7916286658283	0.8248334562714278	8.744738263022978
0.1724099596991311	29.887832861472667	893.2825531553254	0.8399407874036771	8.74311815610408
0.15309022877933953	32.58644326986148	1061.8762849799007	0.8359012747177954	8.99377479288733
0.1746802516413194	30.24325702273501	914.6545953432103	0.8378824205110313	8.805636865702587
0.16224040805777307	30.51366124115464	931.0835223399429	0.8508215169769721	8.967713030652662
0.16000915391494275	30.06264890372765	903.7628591087972	0.8464062855633377	8.910511427883467
0.1630024901339856	30.030177341348093	901.8115511528164	0.8538823522371529	8.901545877451328
0.16494012908700095	30.739914162708505	944.942322730687	0.8460203752652378	8.91462363788566
0.16433249298604136	29.28271474796306	857.4773830105731	0.8514895836671785	8.873731451199696
0.16549809581454866	30.095418859761086	905.7342363444633	0.8425089236425963	8.88230339715782
0.1606110032439766	29.415475192883637	865.2701808231526	0.8555251527045268	8.862530054565184
0.14259109298204065	32.082450574491794	1029.2836348647088	0.8546738541289012	9.073480499336284
0.14197373425002335	32.41500298932683	1050.7324187980673	0.8567552330395073	9.232297277070744
0.15076115103987486	31.785253015199086	1010.3023092402226	0.8522320999283487	8.88996573919573
0.15245799710004482	31.565112193575857	996.3563077930313	0.8398606922156561	8.855296614083855
0.14886789303837022	31.364423286488908	983.7270480940476	0.8490123986656436	8.904739114547542
0.15107533187671096	33.54396582976242	1125.1976435882686	0.8414169373208502	9.010613376785287
0.16349890793475874	29.10743460895738	847.2427495147299	0.8540703583644753	8.938019264414399
0.17053418801390197	30.48962626890582	929.6173100175519	0.8389828957493554	8.71944400003471
0.15245593396990653	32.63305794340885	1064.9164707378793	0.8426040833851696	8.942230616825407
0.14292058735650592	32.0694316733372	1028.448447850843	0.8587825891484243	8.944022833858893
0.15017582630474513	32.317991397607294	1044.452567975819	0.8519551316425836	8.949074949300599
0.16196143342658842	32.21631926277256	1037.89122684089	0.8333897622986972	9.010609185809093
0.17178529561446787	30.52657953682367	931.8720582180217	0.8391424683871082	8.824937315483789
0.17663381293419866	29.677468545815525	880.7521392878699	0.8415844655728714	8.719074735399206
0.16753564339877203	30.32242321039299	919.4493493501795	0.8403735809367123	8.800768275534523
0.18032698073943232	29.794851921230165	887.7332010080328	0.8419808187275003	8.722006121072091
0.15548134297659577	31.594337000758095	998.202130517472	0.8411775479904876	8.884443137688356
0.15488741064715272	30.020847719265575	901.251297783333	0.8464416121473917	8.710577488862558
0.1745078903114592	31.045871969337377	963.8461663364882	0.8323351269797263	8.765374085755656
0.14406851895224937	33.36004975575028	1112.8929197061345	0.8445859494853546	9.085303706534832
0.14857108978997213	30.443879458347098	926.8297964743683	0.8576661423146481	8.937849721879207
0.16193313546725308	31.433201564152174	988.0461605726188	0.8418281066145266	8.923952391938567
0.16171666308717458	31.8563089683903	1014.8244210895443	0.8257986754507506	8.861255651790863
0.16665236630688318	31.370465540899378	984.1061082527553	0.8330738810337677	8.78922251616308
0.1634606456683485	31.445293583645057	988.8064885616291	0.8353050392907932	8.763376353425285
0.16914523530026981	30.95709266660129	958.3415863685394	0.8369361511135527	8.804831464366957
0.1760916847066094	29.7946622387269	887.7218979198187	0.8422894480082584	8.793556598440096
0.15554548239766375	31.953534515099843	1021.028368007677	0.8472724876414907	8.9343807725975
0.14478343440755836	32.12831486176652	1032.2286158568072	0.8504548467070179	8.978733952332822
0.1475188084807556	33.467935998446514	1120.1027399961122	0.8323121244623025	8.982331261094668
0.17136002397831762	29.729293727657147	883.8309055453146	0.8470001051792755	8.917162145627321
0.16955037459833122	30.41290518922192	924.9448020486016	0.8378579862090523	8.840798952477972
0.1639765265502009	31.863073091841446	1015.2554268560303	0.8413977184644897	8.838983605480307
0.16584089776071698	31.645854799771083	1001.4601260081945	0.8349331097113395	8.826236080848703
0.15354742142302558	32.05093906966666	1027.2626952474848	0.841536045442591	8.958532979107176
0.1567204904329882	31.480949647810974	991.0501907280099	0.8421097184333566	8.872683720375257
