r2	rmse	mse	oob	mae
0.5978555999574744	20.84991551789702	434.718977103443	0.4705102798203784	4.6554911840526865
0.5229903029208471	22.48374798664035	505.51892352675395	0.5000240239088092	5.1326881833144435
0.5465647826051467	23.335143317525212	544.5289136494415	0.46210070874755216	5.0196158074082975
0.5328790520923119	24.55680195064361	603.0365220431338	0.4829530531034565	4.898568918308107
0.5424176087618057	23.338989340263325	544.7084234249251	0.48527962735743035	5.0951030083657995
0.5645401406308335	22.264473291845565	495.70677096330445	0.4685360585770486	5.088917137101042
0.5741296071911146	23.073382328385044	532.3809720718313	0.484402366941455	5.126735490066263
0.5462403256993074	22.575146099028473	509.63722139248046	0.5108638952709711	5.041572466243501
0.5730125779887529	22.792847667598174	519.5139047983356	0.5018798984003023	4.966399843106932
0.5744784517595023	21.81073979450019	475.7083703833942	0.4787357295009014	4.817092200994992
0.5180813275094087	24.756020014634732	612.8605269649954	0.5093029823888543	5.399481385472187
0.5206159497518417	23.13037084490394	535.0140554227822	0.5097217289619137	5.280836434125734
0.5443109288628925	22.876966796776028	523.3556098207928	0.4566654833259005	5.007243058591011
0.5731563462635444	22.16462010183873	491.27038425883353	0.4780318857589111	4.999250785575296
0.5913756757595479	22.005762899085408	484.25360077076374	0.4520845828863449	4.84830516302427
0.5554512797109799	22.74303302681	517.2455512585705	0.4815577127447672	5.043842374106897
0.554685005907023	23.479156472788464	551.2707886736844	0.4912921487867885	5.160347065095448
0.5715600552976068	21.9622296661322	482.33953190793727	0.48448686461611423	4.862351135775808
0.5453427206350114	23.0833757259578	532.8422349057379	0.4821643278507626	4.98164663953761
0.5486722775135426	22.609980168678582	511.21120322803876	0.47381895405272445	5.05409899765865
0.5677065810166833	22.97269102933478	527.7445331292786	0.45189697835543763	5.051738106258812
0.5699784981433383	23.02142007957982	529.9857824804809	0.482523073783687	4.8784877585294
0.5362142441068363	24.71037562223278	610.6026633918361	0.48719746173434464	5.16022986250783
0.523659454484378	24.180980868293588	584.7198357527806	0.4898321667683019	5.214894410931525
0.5660613022747256	22.495418123905882	506.04383656935323	0.4826252593800856	5.0031902205595555
0.5367651815491462	23.006315631156358	529.2905589203895	0.48809605631396336	5.061978099749845
0.5442385561420688	23.097411291800437	533.4904083825903	0.46830026591854657	4.948531696723116
0.5935886994138864	21.968117885144316	482.59820341559754	0.48746754020452343	4.839897958942926
0.5578529215044792	22.209195589900272	493.24836875044565	0.4731642667817173	4.894673114482796
0.5301248808581256	23.748031429380628	563.9689967708501	0.501345774089066	5.280474470091318
0.5550970589325785	21.903298686572757	479.7544933532198	0.47401931579699486	5.004020690234704
0.5736099079997365	21.75197292506411	473.1483261327221	0.4906255814694015	5.052720918075927
0.5636277367614094	23.338362058420117	544.6791435699037	0.5158059448997725	5.032400726815393
0.5829577717792771	23.40710890326158	547.8927472091475	0.4657647199120438	4.873815763297177
0.5664198875299256	22.245871831499667	494.87881354351026	0.4936728197505156	5.044225758420073
0.5538750855072323	23.07710258757232	532.552663837337	0.4971785997833058	5.027496015381621
0.535448758039702	24.31851532157374	591.3901874456168	0.4550740631994634	5.002959857258253
0.5628924328289096	22.08214316612092	487.6210468090609	0.4919887595752055	4.989332222550042
0.5412508691816216	23.442349791174454	549.543763731777	0.5164465409179161	5.253312078594455
0.5829500282515034	21.86014070430426	477.86575161198	0.485841159264667	4.989471633041772
0.5332985797599479	23.07848582183565	532.6165078286691	0.48935358112021543	5.033375185945686
0.599522295532209	20.706996220224195	428.7796924643791	0.4749788277505409	4.838903463674272
0.549749200965121	22.755274105064107	517.802499596601	0.4999092883592795	4.99317083392033
0.6010882107372302	21.887839406595553	479.0775138889172	0.5012926319538229	4.871895151900854
0.5790412975631228	22.75642644373717	517.8549444892203	0.4600529202244039	4.952535979586153
0.5668965511496935	23.168910242039235	536.7984018036706	0.46187974145745603	4.981768302216942
0.5515363794247741	23.588387891685286	556.412043328605	0.49135321254446973	5.115521302932037
0.5623042875108606	22.317959947844226	498.09133623357906	0.5209849146907529	4.860994643570789
0.5459840375918132	23.17895589910761	537.2639965727755	0.4776479923351822	5.111468808525398
0.5503796230216689	23.242412561685754	540.2097416876078	0.5018887910716957	5.239185825408832
