r2	rmse	mse	oob	mae
0.619058992833631	20.40564049319948	416.3901639377024	0.4352231170605094	4.246748331900393
0.5966967229484075	21.264012613077835	452.1582324091332	0.4546338340701854	4.544289197054949
0.6333023081426464	21.755651218424685	473.3083599377435	0.47955601765792355	4.395009778543005
0.6411362832005996	19.683587888241664	387.4436321541339	0.44925247418447145	4.341061821331364
0.636495016462234	19.296969760523503	372.37304193855846	0.46606392589785817	4.246708648477845
0.6066536396959001	20.3806268333011	415.36995011827287	0.4884608327200901	4.4495753754779415
0.6448243371407147	20.62122428087923	425.2348908423231	0.43536648342149153	4.291172698051168
0.6116312994288019	21.182342104057327	448.6916170133197	0.4618684067902954	4.343913392915223
0.6502452785426045	19.76822151417027	390.7825818333044	0.41514563392922077	4.225624733877083
0.6403007436333638	19.601180087906137	384.20626083852807	0.4348663919133633	4.154833798796816
0.6495709479594605	18.444680824909987	340.2062507328022	0.48713987422496463	4.220673483821656
0.5896330720929241	21.105471407419813	445.4409233294153	0.5285955681578017	4.61701220013874
0.5896309041237779	21.070121613518953	443.95002480847853	0.4245691570397321	4.376015822282524
0.6119053578568221	21.0552892293014	443.3252045295356	0.47684151332307234	4.3707560417631885
0.571685902433595	21.702697676632127	471.0070864432936	0.4785993727158071	4.535232774915682
0.689659753303909	17.215264656729556	296.36533720124174	0.4925145503104621	4.234544599999321
0.6387362581022333	20.602146277183007	424.44843122644556	0.5047021939470553	4.420277347819889
0.6387377827602978	20.48246669956316	419.5314420987138	0.5029326567325735	4.3479286545508815
0.6241153173889102	21.209185314598038	449.82954170896113	0.49526841073070815	4.47951830435333
0.6411224326807765	19.153462883677452	366.8551404364097	0.4749549801723052	4.2470727286359615
0.6228028863530839	20.93400362306874	438.23250769065515	0.4563916839333644	4.387025218370851
0.5832709774762911	21.642531062737277	468.39915080154793	0.44938102853358586	4.4242484627129555
0.6334349776162371	21.184786137520526	448.7951636924818	0.477806862581428	4.370404033766169
0.6421395401297294	18.780979996102317	352.72520961399545	0.4581040611060263	4.259730104139541
0.6372214206187434	20.906428215914662	437.0787407471927	0.43633127688812745	4.2551415874858565
