r2	rmse	mse	oob	mae
0.17802003801335065	30.254531734713506	915.3366904867866	0.8573636898940439	8.994306533388418
0.1013861893586604	31.61801097258516	999.6986178625156	0.9125887674692024	9.475631368456137
0.16191092138626184	29.867295808578287	892.0553589171182	0.872740448343138	8.782291837948561
0.14126216848414086	30.119148444875904	907.1631030444705	0.8899350414102035	9.10366787322498
0.12081426059712652	31.992025295768347	1023.4896825250817	0.8939612099607644	9.259965849618048
0.1157604416270186	33.419638670812105	1116.8722488876401	0.88906967821298	9.31060252539061
0.1542297811720007	29.89451118595206	893.6817990470128	0.8696670016657445	8.972311328080028
0.16162739061822795	31.40176506982345	986.0708495003843	0.8566339031358147	8.94779004214594
0.14112739735828606	31.771460633343562	1009.4257107760998	0.8750002313830167	8.995505159491179
0.12882848743438324	31.593253122043592	998.1336428335172	0.8845501274017098	9.084578178940001
0.1193908014712537	32.517165367157986	1057.366043515099	0.8932131357798294	9.233716780843212
0.1931551413227165	30.760436824504506	946.2044736343328	0.8434218482120465	8.63834088847969
0.15939868683252656	33.11971467363069	1096.915500062708	0.8302783059164588	8.823781420058626
0.11727153175103677	32.88072108541034	1081.1418190965485	0.89306798417383	9.357885468426687
0.16247951715063236	31.106095180876107	967.5891574017238	0.8566991102692904	8.808120187808626
0.12660530852243101	32.40701206318259	1050.2144308632621	0.8854692063766414	9.259809348951974
0.19620728676754806	30.723251701720237	943.9181951272554	0.836322894674773	8.578344404378146
0.16747868028808066	29.96415961961479	897.8508617097536	0.8579206774710486	8.705621610733942
0.18765620313641296	30.28073312702724	916.9227987102449	0.838320478722782	8.590133686053202
0.14331623903756874	31.868821909143392	1015.6218098766979	0.8719564089474964	9.208903100613044
0.17511534072045953	31.66375387634206	1002.5933095415669	0.8315937502525508	8.640604029906505
0.1693457628294529	30.08680263271592	905.2156926600015	0.8487496685505378	8.757688355315917
0.15287272107950478	32.746490818931186	1072.3326609543444	0.8461850326659388	8.860195730291892
0.12168814350950885	32.728957275792034	1071.1846443606205	0.8884009184231131	9.434492866257267
0.1450992064796719	31.862442148948166	1015.2152196950685	0.8477023614769889	8.991524469357772
0.10342766310187845	31.73306882234916	1006.9876568839484	0.9141870662134127	9.607492534278126
0.15024557755646994	31.813192152162667	1012.0791949104242	0.8518968206557043	8.804163897802043
0.13275779208314797	32.81378924459255	1076.7447645885377	0.8789447675555279	9.246749451845677
0.18232935881016044	31.579710992060264	997.2781463420517	0.8433333470363322	8.90969082134125
0.14004881127716906	28.35610973606554	804.0689593637909	0.891885865125883	9.332404631960909
0.16929078310351398	29.69770676561114	881.9537871362256	0.8565010986808587	8.79780579459437
0.15655151254504718	29.837422519721276	890.2717826203702	0.87416078223573	9.039381601856286
0.17486084468687535	29.95261762225909	897.1593024252659	0.853934218849007	8.880876428093039
0.09871421277403303	31.7809356864918	1010.0278731089281	0.9154640757985397	9.66486499572011
0.19691126748325982	29.3290521140988	860.1932979115234	0.8439249399050496	8.819197587116795
0.1601896338246156	31.73244097578881	1006.9478102819205	0.8469091693495954	8.578740273680685
0.13945333934919868	33.47688880939951	1120.702084356898	0.8706421453550316	9.095031819756725
0.17287587969374008	31.611885694049025	999.3113171336215	0.8380243467472064	8.519186835751714
0.17027243963395078	31.350479065504437	982.852537636632	0.8486545086847359	8.686303428580366
0.13167993317602145	35.07735914341447	1230.4211244760827	0.8635655329750227	9.065296523691366
0.18879136066740976	30.538227634499634	932.583347056517	0.8485255694100959	8.671962575206534
0.16833190189724834	32.239655668651295	1039.3953976331998	0.8509609942075024	8.812110983959151
0.0971347615044017	33.51158957757453	1123.026636015802	0.909967826736804	9.623018128475925
0.18566360143725802	30.62668259091481	937.9936865246443	0.8485485301650901	8.835143419917467
0.1419216663191022	31.759798737083223	1008.6848158200331	0.8719248049403395	8.976531821545871
0.1850497919451214	30.662423701647263	940.1842272593399	0.8395581743951094	8.784939503203756
0.1280658365318147	30.67323341408863	940.8472480751634	0.8873748919227982	9.252001453627772
0.20192140025609684	31.423136910969433	987.4135333255297	0.8205041436737204	8.768542537089584
0.14051678466712791	32.72035819340502	1070.621840304727	0.8677809191403866	8.905012457751763
0.12250348530933453	32.24752681544262	1039.902985712691	0.8889093190807348	9.134575250979339
