r2	rmse	mse	oob	mae
0.31310474800958854	29.842773539650718	890.5911325388771	0.6665883044830376	7.168693630541875
0.3535228804892283	25.68121259286172	659.5246802397593	0.7167714792424079	7.044294480376882
0.34868576695561515	27.349076644445464	747.9719933037525	0.66893567199572	6.742196153326166
0.32571822038575116	27.602185104075765	761.8806225196621	0.7207026135443247	7.342525591561894
0.39588481432098366	26.435262434468736	698.8230999792339	0.6621089913508638	6.677922459409234
0.369055713216355	27.39779729315703	750.6392965169226	0.6914899381936029	6.87282822990201
0.33821607114401164	28.05371966401187	787.0111869869661	0.7018645752449492	6.877347246666994
0.34707849732966567	27.930310423362407	780.1022403453867	0.6849943447106612	6.867604726801835
0.32828166778494083	28.2331574857462	797.1111816149468	0.7044423086816335	7.401593049182539
0.32186019789366205	29.37322819751167	862.7865347430946	0.6801504796289892	7.2630081004999765
0.34149514650394397	27.317920116880227	746.2687595122494	0.6970771526524505	7.0380552171687345
0.3931022335660761	26.260745222940677	689.6267396642015	0.6420240791554659	6.571527982406532
0.39611376951661703	26.353055463348277	694.4835322543104	0.6512003312759171	6.5460630236423505
0.40572652774599804	25.888850624937167	670.2325866803095	0.6215409454678512	6.263990059649669
0.3126241712525053	28.078262885723294	788.3888466797862	0.7140943536785495	7.32666632369065
0.38260705095136716	25.83720507428463	667.5611660506394	0.6588761371350831	6.591535568344642
0.30694010177498676	29.821183763124903	889.3030010340643	0.7025985908056764	7.227675027329934
0.37623603543801165	27.28037067785879	744.2186243213778	0.6577830924675536	6.6166980166221245
0.37204952656400503	25.706249486300578	660.8112626519287	0.6768323119691914	6.902801642321692
0.3641587885466818	26.556065403555213	705.224609717902	0.6867430598640805	7.0736835829039
0.34657173405918773	27.639246233828427	763.9279323741989	0.6818193745755473	7.009125629337828
0.37606076863043325	27.446239001415233	753.2960353228066	0.6681099541608522	6.781983707778574
0.3371910233845703	28.163362480410022	793.174986202967	0.6952622523092572	6.802721200938609
0.35983366775439574	27.157535773041282	737.5317492640169	0.6883832916836922	6.832094854738828
0.3608228310208921	29.26050168025798	856.1769585803802	0.6497595351993746	6.911642736790136
0.3695407631584289	27.571763910620003	760.2021651429676	0.6679169181538308	6.711197896364344
0.3435896614538444	29.067463343961574	844.9174252525497	0.6601053079931384	6.984679641175909
0.29151143063739515	29.84245452285639	890.5720919487517	0.7179079220069776	7.177386902391376
0.32928215263165017	29.63559367219191	878.2684123032611	0.6710699791205991	7.120567644217145
0.36105637741145236	26.883957762101215	722.7471849544422	0.6899123740293558	6.759712976187131
0.34768304413201623	28.72127360306472	824.9115573821023	0.642292000896752	6.665377371221289
0.3252518685298048	28.338639101143997	803.0784661048875	0.6776746746215518	6.838347610147744
0.34313223326112496	28.996148540840224	840.7766302024706	0.6580838972466764	6.954036435278883
0.3239987037649067	27.3334086015584	747.1152257797467	0.6914702945728392	7.0568732735635615
0.32497194322314826	28.796993689101136	829.2668455301306	0.6553387311458254	6.986215506621165
0.35629629339329394	26.66792391615775	711.1781659979785	0.6867220199116854	6.983008612563022
0.3094220453174378	29.971188663393193	898.2721498967086	0.6804485460087175	7.009606044978057
0.34669375223309973	27.699232290762783	767.2474694976357	0.6541316279840321	6.560361906885798
0.37615364309052524	26.3147334229363	692.4651951202007	0.6885366436960276	6.987538790070648
0.3502962257102782	28.14712188058252	792.2604701603674	0.6981250910469722	6.99345659598888
0.38279131230778496	25.447906266170644	647.5959333318071	0.7027554683448506	6.548752962649291
0.33059008698858117	28.873454220420353	833.67635861871	0.6810397596837209	6.842713678239738
0.34747457294546835	27.672492226144364	765.7668260060202	0.6875455468562	7.039080243657521
0.33000140225766095	29.10716410602689	847.2270022951801	0.6732984429171005	7.024238903189714
0.38713031931239317	26.559403264763805	705.4019017803463	0.6731566103648964	6.784550146836235
0.3496327816167655	28.25809196407015	798.5197614498461	0.6636919647835272	6.787216036993472
0.3742241021192173	26.143215331126843	683.4677078496655	0.6886072541567856	6.89960356356459
0.3574806726046297	27.99589667835076	783.7702308248912	0.6569259885900239	6.488591907069867
0.3520482799668816	27.954511025238094	781.4546866601582	0.667441452445916	6.525540094399847
0.40312560722116775	25.54570121784751	652.5828507115357	0.6607228589162883	6.885571288891267
