r2	rmse	mse	oob	mae
0.5668836463779692	22.41502147210379	502.43318759487386	0.4036801524097735	4.868573875810379
0.5933070723778118	21.46039111329438	460.5483867355645	0.41619557703733867	4.804661382108253
0.5938782196278646	22.072298797226804	487.18637419405974	0.41325666494828606	4.914735567558081
0.5402463102621295	24.245875057142655	587.8624572865724	0.4060376296563776	5.000715020056306
0.5592243507400326	23.16896813679666	536.8010845238989	0.4033524859735411	4.96715639570667
0.5784641336195759	21.44292595186508	459.79907337716907	0.40210267764343643	4.855797031964295
0.6441421417176549	18.75590262737302	351.78388336749805	0.4378961483109729	4.689054318210929
0.5995105002543892	20.932484733245943	438.16891710757443	0.4200541615099771	4.768503064115361
0.518599386094903	23.347714579370923	545.1157760797696	0.39572226996578075	4.958314183000448
0.5730566587626542	22.296317503690005	497.1257742253534	0.41029824645357804	4.8881977054844326
0.5651658246446931	22.23929150485681	494.5860866379962	0.40216864820544806	4.853916116779207
0.6012823886836576	21.050309734448337	443.1155399162105	0.41778443617812533	4.800879014432888
0.5543352076214993	23.701026946797963	561.7386783328432	0.41530547041322186	4.997039430428092
0.5911962600877729	21.58257324468294	465.807467862104	0.4145684651338557	4.926129192889205
0.5427643760316706	23.637537330279162	558.733171040341	0.41649644731666347	5.018519882516618
0.6024755775270694	20.50331877052198	420.38608060563894	0.4324628879884296	4.80778276728947
0.5634336332506646	23.408390474407806	547.9527446023461	0.41259043148448704	4.878597460648384
0.6147619221001837	19.659574787983537	386.49888084431797	0.4205174515015011	4.7248004219533835
0.6017352543759478	22.33593414588048	498.89395416910946	0.4240433511606241	4.891122291230024
0.5781502172550095	21.18363289323325	448.7463025552737	0.4092336686812371	4.715795240628679
0.6077229154294486	20.02518155451471	401.0078962912761	0.4396183657906497	4.880102027847079
0.5499172696614718	25.19574430496669	634.8255310812614	0.40968071226911507	4.9386622650949885
0.5519514090363462	23.888281772728806	570.6500060532874	0.3967532202101596	4.912090658725172
0.6223864725785464	19.925927875034127	397.042601681062	0.4291013258610099	4.710699916864294
0.617120318689417	20.774526781029927	431.5809629757296	0.41867692338252294	4.696094359391754
