r2	rmse	mse	oob	mae
0.6131991968909627	20.05082840971807	402.0357199159572	0.3642074720405861	4.4115529997669505
0.628458227430635	19.127558836423724	365.8635070408513	0.38441465269316577	4.287469210526746
0.6292770269038491	19.896136147478046	395.8562335989826	0.3812052057111128	4.479707099376752
0.6337167212689511	20.64004109902205	426.01129656931926	0.36404253756466143	4.4044056383127606
0.6376760967185586	20.017999051153815	400.720286011995	0.38311008360526166	4.531462450048285
0.6283377630736595	20.177988893433994	407.15123578354564	0.3778796581161208	4.341136352728975
0.6395271841437132	20.458139416588065	418.5354683885542	0.3633018244378372	4.332602902890136
0.6324103629016267	20.224844712962334	409.0443436634405	0.37663335315101965	4.365659342019346
0.6115370825713744	20.94548915610934	438.713515988694	0.3716683240538621	4.349259143680894
0.6472831573205817	19.750651272886966	390.08822570319154	0.3851992440530422	4.32439209553572
0.6637474886669479	20.02053332133185	400.8217544705589	0.3851126040779871	4.2984442296659795
0.6733308413780787	18.060695372617342	326.1887173424814	0.39068037929170873	4.254443750513505
0.6369658742978238	20.336824697784298	413.58643878840945	0.39143484118682015	4.474178045652754
0.6321802590301822	20.495097397591127	420.04901733674654	0.37603668370543564	4.384485580971801
0.6048786371980939	21.671621090789348	469.6591607027456	0.3640122099746481	4.468847588569521
0.6061712747265455	20.639264543260957	425.97924088670885	0.367076158347555	4.477391364764143
0.6541483378819709	18.681091347807367	348.98317394512327	0.3868745299448756	4.3442526435038635
0.6270455128367336	19.566778002391978	382.8588013948906	0.3818090863014194	4.348827920808998
0.6327834411484171	20.408490257732225	416.50647459995116	0.38854243622891693	4.406536912811106
0.6092547829871439	21.052239785034345	443.196799966583	0.3736447188399722	4.451838146613013
0.6607923921366929	18.601946454130694	346.03241188234546	0.3839314564575831	4.285398515045974
0.6641009206068007	18.970053499393302	359.862929769844	0.38186925779191927	4.403083533098334
0.6096729121844173	20.776923927318162	431.68056788156593	0.3642716528946375	4.38045600141621
0.6727351076375939	19.14384787114512	366.48691131354747	0.3705305049381815	4.245553484653714
0.5874884828318505	23.13343318993781	535.1557311533163	0.3566334436543165	4.464958298236949
