r2	rmse	mse	oob	mae
0.6989591143746324	17.609723130700395	310.1023487399245	0.3331676631689223	3.6384740813188983
0.6546253241497353	18.355228507635726	336.91441356752324	0.3217735845085512	3.5115997495863223
0.6641105603188222	20.808315837582207	432.9860079965744	0.33550281100202284	3.8737447866900503
0.6479817668519687	20.472969689097642	419.14248789071075	0.3256972329283696	3.7770607590608276
0.6554046399816207	20.44288200243426	417.9114245654506	0.3318466414623371	3.6883207594644167
0.6964308653947022	16.416675496903764	269.50723437064045	0.3286851212228179	3.5603432989651767
0.6593458020757479	19.856449007048976	394.27856716953625	0.3356390108300429	3.690209827679258
0.7059807392952757	17.229190717826963	296.84501279125476	0.36448345302474894	3.641000104743863
0.6520749945736668	19.432372937942237	377.61711799926985	0.31560711195283764	3.5452016748295043
0.7091320491264919	16.65562406158344	277.40981288079723	0.3437610297500414	3.5455806665650473
0.7029365587045071	17.465227280935412	305.0341639747306	0.3507438499186073	3.623547694019685
0.6855929928405999	19.30638937744589	372.7366707935555	0.34649361498666464	3.7355141801519927
0.6617378077679676	19.591925907859906	383.8435607790722	0.3245741380064132	3.7053064797714033
0.6620092121887353	19.011949125926538	361.45420956681886	0.3261918568943293	3.7216061330342214
0.6503147578665669	19.39058127339788	375.9946421202486	0.31070288265296475	3.6009893083660933
0.6723933916212992	19.16640004637503	367.35089073768484	0.3270645143325871	3.742134309397527
0.7258669070077988	17.274939617830142	298.42353879967743	0.3472764906383319	3.7182284775933843
0.6502338840205985	18.94278385443105	358.82906015569364	0.31217229234132815	3.6658572705022174
0.7128923267320824	18.085306934512268	327.07832691551755	0.34486088699347706	3.6940051966333356
0.7123811850398329	16.928911304551374	286.58803795736725	0.35243760603594376	3.629008747491038
0.6350213346886573	21.10241701898365	445.3120040430908	0.30839831452232014	3.7335617999484585
0.6650374335384277	18.54918877317323	344.0724041428158	0.3392558447223575	3.663767071570724
0.69127672101997	18.095975295307838	327.4643218883916	0.3340814377000063	3.613529508847034
0.680047798368404	18.945793298418195	358.9430837063878	0.33816654903886745	3.6529552318782814
0.641646956773938	20.542052208444307	421.97590893445164	0.3186443687179856	3.6677741650611804
