r2	rmse	mse	oob	mae
0.6791328230305869	18.506329002200946	342.4842131377039	0.34971760941349617	3.7963202925978075
0.6704804524864622	20.912164631931628	437.31862959301213	0.32913520779887007	3.9424282015950496
0.654635408194741	19.16985921831782	367.4835024501247	0.33023192966901893	3.7823695601848497
0.6353535105947985	21.002187988950176	441.0919003232031	0.33246166946136224	3.854758129068633
0.6395391912318547	22.250051829985583	495.06480643704487	0.3259533969728663	4.024844206635206
0.6679652353742784	18.57330643050705	344.9677117615145	0.3277813393612037	3.9341986095299735
0.672178893674076	19.227397849043438	369.6928280454003	0.3346864988723782	3.7299824724619306
0.654333047884365	20.430855265265727	417.41984687023626	0.3355585741328576	3.9145558565196277
0.6660631729661599	19.76580122529656	390.6868980779349	0.33711624295297726	3.8760066749925985
0.6212752164298343	20.46664820876616	418.88368890139105	0.31541655804185054	3.9589103991666557
0.7063631338464962	17.38154538939164	302.11812012348173	0.35886636902925684	3.7368910980044565
0.6493428316720063	20.502511826864133	420.35299121070364	0.32131679582734796	3.8903769187732604
0.6938268137415169	18.07877437343736	326.8420828456554	0.3425424171739401	3.705113099706833
0.6625395296322085	20.449397397541215	418.1778539225654	0.31570392849337603	3.8525386227978564
0.6397203955845128	21.575364448857467	465.49635110102275	0.34576704863865415	3.99815488052472
0.7002850942074716	17.45638196894476	304.7252714456997	0.3429221848071152	3.776878927152664
0.6803851269860599	18.357559959852352	337.0000076795743	0.3325937969621555	3.66910123739142
0.6907205434597388	18.654977881054602	348.00819974263646	0.3502084572942281	3.8144745432046596
0.6813658159084031	19.010582127541337	361.40223282799406	0.35131064201205797	3.8273651109931452
0.698852836145483	18.360831028025434	337.12011603970154	0.3486118113780734	3.745995234696503
0.6681659338827212	20.23670711594547	409.52431489655805	0.34221862439182615	3.7916601617778665
0.6804157693610072	18.476967046150044	341.39831122451466	0.33851764791402794	3.7814817443387936
0.6784607543128656	18.18431974579648	330.6694846173637	0.3507506387873318	3.8137642579618953
0.6938505493396514	18.25144926278545	333.11540019203153	0.34525539631330315	3.7931151620678007
0.6596757077276167	19.832354080398456	393.3222683702973	0.3416816649299541	3.6751290370617715
