r2	rmse	mse	oob	mae
0.5021705301545223	25.05533529510596	627.7698267501823	0.47835285279066975	5.641427991399883
0.4973487751509159	24.531712273128925	601.8049070515842	0.48243046284448776	5.554855571677759
0.5496084779070936	22.325115144567647	498.41076621820366	0.4974273660708226	5.39302950644891
0.51055220265694	22.19323815979556	492.53982001740576	0.4912641227842438	5.512084579775482
0.536772601444645	22.96834898889504	527.5450552756758	0.4884071122904826	5.510276145333836
0.532592272432264	21.98132898731908	483.1788240487541	0.48987267943819923	5.456342485236841
0.5205798495131702	22.626785965363005	511.9714431223482	0.48961430209770906	5.486395876987625
0.5523257576653977	22.76174849938002	518.0971947490285	0.5093498789627348	5.497319584425558
0.520489944950109	22.776581376795775	518.7726592138001	0.4882413446383749	5.636769023383771
0.5179004854847409	22.96436563725743	527.3620891216498	0.49904412595742165	5.565670918049801
0.5383851333264869	23.25758143880465	540.9150943826305	0.49851158501728665	5.631306359169516
0.49711850666208135	25.593760583425272	655.0405808016931	0.47643822864613394	5.723621863583743
0.5010982785975603	24.089473547509005	580.3027357961362	0.47916141904635645	5.552585030917261
0.5210614488460009	23.497638639357714	552.1390216258366	0.49020842336433523	5.511674264698846
0.4903095127030588	23.485295860881383	551.5591216731322	0.4815522369890095	5.553752796550734
0.5344044821666945	21.420091212563825	458.820307554554	0.49635561420556273	5.412418744343071
0.5397865802446529	23.14615649355711	535.7445604242359	0.5014448111180771	5.5071210316619235
0.5442855900530135	22.182199232304875	492.049962781667	0.49828097742116995	5.358447223726555
0.5340898499679123	21.708510902764377	471.2594456154398	0.49120185498343516	5.402370888401732
0.4806909084388079	25.92578973651279	672.146573461872	0.48439976970409104	5.743422838944916
0.5094869438992258	23.186879951577097	537.6314018888479	0.49503324970869245	5.595527426569293
0.5144081062181312	24.778027541979885	613.9506488711137	0.4838333553892544	5.656640549878055
0.5094257333415271	23.208362801620208	538.6281039316286	0.5086484353291917	5.614833220155967
0.5188708302108964	22.70800506046327	515.6534938260256	0.4847165616310234	5.603844839891869
0.5406294580719391	21.399902464681354	457.95582549787514	0.4925767794478151	5.35873414819644
