r2	rmse	mse	oob	mae
0.6345478446389241	21.27796825016873	452.75193285518856	0.3193534204543349	3.776242928654663
0.670418879329835	18.24051680229735	332.716453214892	0.3135837988774095	3.5776832798718345
0.7231200703500809	16.526214290484052	273.1157587749993	0.3505918951145365	3.5446401477455396
0.6904216691946663	18.972751075718683	359.9652833811845	0.33557586580680254	3.7372030271432055
0.6828775051206104	19.00684125983798	361.26001467667936	0.3324372562520832	3.7655504391410246
0.6740386225966588	18.554048880252317	344.2527298507922	0.32321059589352397	3.662414190001564
0.6919154551500648	19.657275969390252	386.4084985367675	0.3532626829119838	3.733576263584972
0.6642023878159597	18.899230093232962	357.18089811696245	0.331340233867478	3.700496917492772
0.6654461289856806	19.44908284633878	378.2668235637493	0.33170283557400704	3.7622537444585613
0.6721832968856032	20.273323359967982	411.0076400578235	0.3346013989631753	3.826372184979222
0.6774265239180466	19.093873844798654	364.5760184010862	0.3400795455304584	3.6697469502874855
0.6772851042418118	18.661922145877895	348.2673381788078	0.3368725020395211	3.7958641524036816
0.6660483859517994	19.830496436496666	393.24858891790706	0.3339002180541759	3.8357341611033577
0.6640615193186993	19.1956393422742	368.4725697586652	0.3237049559007905	3.688253679708114
0.6789823398924559	19.11691872697521	365.4565816137755	0.33001290806911276	3.645309795116066
0.6562798786097779	20.47074069740232	419.05122470028357	0.3338908240289893	3.79084852572566
0.7020388626220918	19.039614277894945	362.5069118510211	0.3487025564719588	3.7639564100042096
0.6636341019191594	20.183443901892005	407.3714077408215	0.3292410835988393	3.693009092076459
0.6698875022923948	19.151774697423	366.7904740608518	0.34024474308994	3.6806961837316163
0.6648839462911205	18.440017780299872	340.03425573777537	0.3213598522673412	3.704630683146465
0.6532389415097317	20.698577078479115	428.43109307374095	0.33139299169160985	3.8049866491697815
0.6913981620016625	17.50373325911587	306.380678006279	0.33716383395754923	3.637402998066556
0.6963764193785618	16.909891831936932	285.9444417678074	0.33130397597693395	3.6337480453244537
0.664059606894044	19.364994193047103	375.00300009674805	0.3224866392902246	3.7319817312565875
0.6678184084476646	19.398203078721515	376.2902826833208	0.3331024030206906	3.745027169917059
