r2	rmse	mse	oob	mae
0.6340719835664417	20.102658284534105	404.11687010474765	0.38008641918322694	4.31405967031987
0.6053073899991672	22.15776005339727	490.9663305839278	0.3595283391360471	4.418244632079228
0.6425416394292143	20.930372079077816	438.08047536864024	0.38723525652056257	4.352905863912853
0.638309388972671	20.51754763954	420.9697611407933	0.381498847974459	4.345151085520352
0.6354861713537856	20.492033945639818	419.92345522925467	0.38200271024687704	4.350667558225717
0.6436049412879857	19.576524034268044	383.2402932642744	0.3817514921082532	4.382181597114524
0.6475074391411872	19.14909243590747	366.6877411189286	0.36828446545855376	4.205775623627397
0.6099442703109311	22.623220112810017	511.81008827265174	0.3707814588373861	4.405650298976106
0.6400377102644501	19.68512479522091	387.50413820342106	0.3876598188848599	4.309741858953709
0.6443724310981546	19.67591265578031	387.14153883789567	0.3810774760469082	4.352112187559384
0.6133170506412493	21.203122038464254	449.57238417800863	0.36867979922163796	4.434394661652672
0.636282996441646	20.0346821842619	401.3884902243812	0.38097961445984196	4.502889952343443
0.6563483012454185	18.361000252479915	337.1263302715675	0.38694931686399237	4.280316584666849
0.6371922680676756	19.55833535179942	382.52848173344705	0.3796987293332039	4.357312578984616
0.6331347591186562	19.94990180035855	397.9985818439493	0.3660937194204503	4.344295891961649
0.6395386457257695	19.743005439801664	389.78626379603804	0.3734612746556689	4.29365835293361
0.6191073849469124	20.467915159107704	418.93555096043093	0.37114186139297933	4.340961422284937
0.654726277443437	18.846633213790984	355.19558349516944	0.38607338296316485	4.218730606517809
0.6008576216960451	21.18593672775249	448.84391503233195	0.3590853518059992	4.319327875525455
0.6454902653245859	19.63092875184514	385.3733636600202	0.39345875659838603	4.449983099126211
0.6304823992864395	20.682647699401976	427.77191585757777	0.36693199096516826	4.412159817928686
0.6037889357067372	21.24556955581034	451.37422575077517	0.3644419415218916	4.487835061648329
0.6252963941390544	22.147243158228342	490.5003795096921	0.386348994587863	4.467222955373958
0.6184860734698148	21.17291344063971	448.2922635648217	0.38290826770774244	4.425327573594815
0.6117214886519708	21.230056482142324	450.71529823495337	0.37522761925456094	4.3610734676116705
