r2	rmse	mse	oob	mae
0.27089314921858343	28.505947016053955	812.5890152820755	0.7347192470110645	7.71448853747685
0.26982522655169083	28.86076088086838	832.9435186226625	0.7343592092290062	7.7406010908095535
0.2959571414584833	28.19997235049459	795.2384405686594	0.7299972859030394	7.480445190661539
0.27208934388437	27.769561587573122	771.1485507660167	0.7342249717977902	7.774182315869083
0.28701292542631607	27.424742690660967	752.116511648962	0.7295582392049333	7.589890243805144
0.27733520384973664	27.415606275618682	751.6154674597425	0.7215941014438003	7.562321147344637
0.30270230954339417	26.03162232098529	677.6453606624195	0.725023653473056	7.4458165332418105
0.26795836997108347	28.169664526524134	793.5299995369121	0.7260583940445395	7.658603110122082
0.2590756379383473	29.845373244551478	890.7463041065892	0.7107710944061111	7.501299760181166
0.2739703002844178	29.230421175018986	854.4175220689983	0.7227629439545423	7.635360624204349
0.27140928176793067	28.6668367747739	821.7875306715291	0.7139503438689989	7.511512055282282
0.2634327677976944	30.282761285817113	917.0456310937836	0.7108434657511388	7.536088366290826
0.2351850297793615	30.473016735281078	928.6047489487207	0.7177882373696394	7.756084547984225
0.26532937136554646	28.16021399824537	792.9976524269745	0.7213774755549013	7.679749410665339
0.3130675438602615	25.08017880692258	629.0153689872084	0.73924955063549	7.473082274282064
0.3210530818281062	25.68580885579988	659.7607765766875	0.7289640503904775	7.373067675901632
0.31237574061339635	27.15791559068632	737.552379230843	0.7293882352735452	7.563082183445332
0.27611135320423275	28.20803810881497	795.6934139483577	0.733772192534293	7.713803845155737
0.31140465168573617	27.73120053466926	769.0194830940407	0.7181734110333035	7.466763239885605
0.27564710338648923	28.248770382602594	797.9930281290056	0.7246755748638831	7.647692920107898
0.2546928975915387	29.735098507898826	884.1760832744469	0.7382251026720384	7.904829867573697
0.2804052876304549	29.25357655321702	855.7717411549286	0.7265244086960986	7.732667409517183
0.2625246171922293	29.62996362134067	877.9347442019715	0.7058821074703711	7.491698517268285
0.2814470096939914	28.244599335765013	797.7573916378975	0.7170980405008399	7.5587125753525095
0.28588392585983036	28.676830083721583	822.3605836506392	0.7241223719063214	7.666347201436419
