r2	rmse	mse	oob	mae
0.6988768459130079	17.835721890350293	318.11297534992065	0.3310018071720212	3.655604281292428
0.7205900361244567	16.015894318660543	256.5088708265031	0.3400587161570823	3.537259465469928
0.6893434176824809	17.19958545313078	295.8257397595479	0.33627221153376863	3.5876342020616865
0.7056325200812538	18.191168732025325	330.9186198370159	0.34126634596116	3.71186174457921
0.7063019461889211	16.54886572891888	273.8649569137858	0.3348154480071529	3.5638700641062204
0.6315255025306474	19.945676968144515	397.83002971757054	0.319544384810867	3.6263237349834414
0.668294501768109	20.339461330393654	413.6936872105788	0.3400887127075394	3.823990819080269
0.678686911176656	18.943215077864167	358.84539748622035	0.32466330844500413	3.6004889811355776
0.6871094736934001	18.367787653534894	337.3756232853489	0.3343225456398876	3.707444128620757
0.7099584008948181	17.038654840248178	290.31575876511266	0.3441982354863815	3.6273900838281765
0.6526437257001743	20.481246969429197	419.48147742275273	0.3252516181541314	3.7574737124575117
0.6919734212075381	17.721241024572855	314.04238345100396	0.34287515475365626	3.6759800271633067
0.6388154101212895	20.404997521749234	416.36392386259234	0.3219339998060404	3.7245759443343607
0.6995502965290429	17.882424035774285	319.78108939523787	0.33274412166533396	3.601766931183935
0.6877232070865988	20.108734090655343	404.36118672868434	0.33940802843263684	3.830764137060849
0.6680961216064911	19.597687212272216	384.0693440700579	0.33686762897650013	3.755162114766311
0.6891347702993857	18.157668216515276	329.7009150610491	0.3346575203028339	3.619460223924818
0.6718586138866567	19.29386025973336	372.2530437221182	0.3315858395034763	3.746684619563854
0.6735176438677203	19.337104817145047	373.9236227092542	0.3185163016525838	3.6659586763704075
0.6826073553019212	19.297445805736	372.39141462531796	0.3358021610019315	3.7382067785720063
0.6776669992103697	18.380222265664496	337.83257053522885	0.33996550857508745	3.668843483893615
0.7048121296831612	16.740473529952276	280.2434540070328	0.34115185063484577	3.6240208422253164
0.6910491497880582	18.288654664349806	334.4748894318439	0.3354903579472991	3.579817602748864
0.6768927363817039	18.094771550585207	327.4207574678678	0.32414163270620655	3.5947565287101497
0.6839923638471077	18.41619240694581	339.1561427696485	0.33775433076047456	3.7107765137203472
