r2	rmse	mse	oob	mae
0.34867456439868805	27.40825731679187	751.2125691434752	0.6323753652888479	6.964715579860449
0.3729500690659123	26.614028724920953	708.3065249709175	0.6205215232654399	6.741981890618084
0.3527854148726731	27.54769989744507	758.8757696396952	0.6184524664195232	6.874129807592784
0.36287356881264543	28.71260933143327	824.4139346195088	0.615408537345574	6.757937436367897
0.3846641818650405	26.589956548533294	707.0257892528887	0.6295448602702657	6.8053064293384296
0.40153872296373705	25.341607479213412	642.1970696305252	0.6235923122150131	6.641963886906448
0.4150074041793984	22.86860634901828	522.9731563463591	0.6257925779958657	6.499681081150487
0.3698446254750939	27.516462994404066	757.1557357224084	0.619513039573751	6.694175415368874
0.3683108861215717	26.855606694016604	721.2236109037095	0.6139911180409662	6.547297613421474
0.3876094867763259	24.438221007258313	597.2266459996016	0.6156122763510467	6.686619506956278
0.38567771186879807	24.837802954916345	616.9164556272511	0.6419315338585209	6.783367092970489
0.3988664929456629	25.462581247223827	648.3430437714745	0.6249306047505033	6.651282653053693
0.3799148466016036	27.55151163758933	759.0857935162203	0.6323664912046602	6.847644423336478
0.3984307498200276	25.274538483239706	638.8022955407648	0.643790064724586	6.888348666874046
0.3470697366567127	27.789680342860184	772.2663335583497	0.6253511339079572	6.880532647119278
0.35935207674245173	27.002967132760524	729.1602339729451	0.6147051565833872	6.609156174447849
0.4078329625095608	23.607395647041123	557.3091292359361	0.623948661158849	6.565609876067272
0.3878041182583477	25.798307513321372	665.5526705518939	0.6284639768152501	6.762401696590563
0.36899459374943355	28.238271349132948	797.3999687872628	0.6327307907549482	6.918417640752835
0.34804308099448455	26.11643177556905	682.0680086879528	0.6278664092125937	6.726741465991802
0.39005160324878585	26.388375280546953	696.3463499469815	0.6286240364511372	6.69527707623344
0.4082469419062156	24.483131173749964	599.4237120710472	0.6208886620808811	6.489977733202909
0.40791754445041484	23.967412908626162	574.4368815325801	0.639457785208161	6.793734607901782
0.3755168909468102	26.710331257881172	713.441795905744	0.6193677362071761	6.626710526674437
0.3684186630851848	27.11797362969958	735.3844937810819	0.618932905679224	6.7054812489077324
