r2	rmse	mse	oob	mae
0.21818443851195757	29.389977953652053	863.7708041161537	0.9574576618287132	5.22059996074576
0.21532496899295794	30.065879294950204	903.9570977785153	0.965868445240696	5.342032458626514
0.2736351030230919	28.004746987947655	784.2658538589633	0.9326174373151755	5.238000753004998
0.3400103031604069	27.916150595619488	779.3114640773063	0.8889506608228511	5.178729180107497
0.24308006918433833	29.089680383073024	846.2095047893436	0.9271174790617527	5.335171711816569
0.26884519182961386	29.087042515423434	846.0560422940505	0.9019241472922318	5.158593117707721
0.2357735356706473	29.947061587101626	896.8264977016577	0.9562727158751595	5.143504087938638
0.2311899661316158	30.563503467658613	934.1277442175801	0.9246395346885142	5.012936359889769
0.374137675491954	26.787036086508976	717.5453022999341	0.8812970284464058	4.936995880853362
0.3953939653421369	27.350826568450124	748.0677139774372	0.89735742132364	5.1253229679021555
0.35414990652555534	27.319542573146077	746.3574064059409	0.8890063445374561	4.866347173147681
0.3845796828867424	29.16457651741569	850.5725234401946	0.8985727137419924	5.170162745301593
0.30460793962101584	29.393627414742383	863.9853325966949	0.928642925194079	5.350718904566602
0.27610755233912154	30.465430814848432	928.1424747343164	0.9218636627096938	5.369311455733873
0.37000969316595334	27.113359694910177	735.1342739455796	0.9367711188324888	4.764316768741195
0.33086937157916674	29.097584802392607	846.6694413324292	0.8945889849462584	5.380927605983663
0.190517278875858	28.693199477741075	823.2996962694407	0.9042561155962006	5.115138743799837
0.4050611901291754	27.74672100792547	769.8805266916526	0.8860397016717922	5.066604612225416
0.3000221895412436	28.03223002001414	785.805919894982	0.9350751785385263	5.03455787657208
0.4453804898739674	25.63413951574188	657.1091087125193	0.9014708102797168	4.87623304000755
0.1431959628114342	31.684868219767928	1003.9308741040596	0.9259767355000826	5.436303540011683
0.3996271044466443	27.62441403962944	763.1082510328761	0.9888104141365816	4.982187453546666
0.33487705838441306	28.010977215625598	784.6148445742963	0.9432192996050697	5.083997888517131
0.4426057595048186	25.234131181836375	636.7613765021268	0.9276156828546371	4.872993811299487
0.16244087502696758	30.948107367745397	957.7853496454969	0.9782696814154771	5.43151726445443
0.2198390657728282	30.256874756688347	915.4784700419245	0.9263687134878714	5.04004554767869
0.33485361929878144	28.694905874804284	823.3976231638775	0.8966899196907075	4.860224569712414
0.3727073179641055	27.008255180459035	729.4458478927924	0.9095096967120749	5.011767272597211
0.25932331494953875	27.785402794929116	772.0286084764548	0.9513401499166703	5.253229947445511
0.3483970533636527	28.44593876620334	809.17143229059	0.9412057048265341	5.382128076153706
0.3874301099913776	27.685555583397306	766.4899879613818	0.9319582009280664	4.905397339932334
0.3937239190590688	27.677471363336032	766.0424210682861	0.8756840034497224	5.036978749638674
0.2379929469906218	28.15810230046653	792.8787251635385	0.9220192997563126	5.016746573623608
0.36367008110518706	26.82627206596131	719.648872956976	0.8617455266702069	4.941939086903158
0.18067384371677309	30.74944375443851	945.5282912073774	0.9419378578080713	5.280482721725515
0.3229159528174813	28.613006913812576	818.7041646498863	0.8710798846596982	5.131016236866945
0.19660938519396653	30.728321600507215	944.2297483841983	0.9342776299105694	5.134522728966312
0.2596209054736174	29.223799962059495	854.0304842224684	0.9173882722922401	4.961981126278305
0.2572357047438104	28.69464373645802	823.3825791622494	0.9286067713599626	5.134712396411897
0.21353203831802403	31.54143858291885	994.8623478800419	0.9132207968606184	5.512688163184734
0.21530675480287575	28.723763818415797	825.0546078961324	0.9382982673469764	5.23202180365729
0.4024280390602082	27.597853093561366	761.6414953737947	0.9331714508259328	4.970756035837833
0.22148385129415415	32.989862677793425	1088.3310394996674	0.9770909002096632	5.276607156822352
0.23992163708223602	32.63531707502648	1065.0639205875148	0.9153882232605774	5.685935136973686
0.3728010197653493	27.547402873584474	758.8594050795701	0.9076104530919297	4.94462465974225
0.24379192305761233	29.537403497984037	872.4582054027196	0.9067172453325358	5.3710389275786925
0.29814484948478925	28.39966081983329	806.540734681574	0.8999150575828394	5.082436148345033
0.2125378201205358	29.449093082495793	867.2490833815016	0.9474408604262953	5.153753568874297
0.2554487440478266	29.168517274261337	850.802399978882	0.9490158831365313	5.121655636613514
0.19988393360828416	30.256952140528615	915.4831528342391	0.9185584589698012	5.131216505446173
