r2	rmse	mse	oob	mae
0.6431819300095644	20.64794071319548	426.3374556956356	0.36154185569587094	4.193180779680701
0.6485202953217535	20.48131716420285	419.48435278067024	0.35748604668268635	4.240925376741197
0.6745711962101406	19.53400758316952	381.5774522593242	0.36221456019312337	4.179243262125065
0.6476875799343224	20.55245705229799	422.40349088655336	0.36585828661404873	4.22406973681923
0.6534883686129195	20.634521408380657	425.78347375291963	0.3632979178602931	4.1825734252265345
0.6800195895388154	18.412125156012074	339.0063527606526	0.37136465387746087	4.083455113974614
0.625037673331297	21.390372619028952	457.5480407809035	0.3499965226120041	4.254038290152118
0.6878142766490105	18.329243745608085	335.96117628591315	0.37207227982460056	4.1191042648607175
0.6432053263808493	20.77221823853592	431.48505054936436	0.35634614296811573	4.23903084745569
0.6326568174712867	20.685208219423053	427.877839080887	0.35440505153861146	4.1282617897098985
0.6597005265819628	19.949399127415514	397.97852554492687	0.3633950395848977	4.199332308769111
0.6514627207778392	20.520722607906706	421.1000563506534	0.35989744383622413	4.071530667748532
0.6807130522660365	18.43857074827126	339.9808912390046	0.36797619658020797	4.11044880039891
0.663405218350269	19.33647747307077	373.89936106657336	0.36008259027858114	4.093147491390131
0.6586253170876486	19.773554401782064	390.9934536802349	0.36756677038039787	4.225281248270843
0.6445140770722317	20.479845659541503	419.424078238641	0.35930646102001174	4.203846372630752
0.6548512899732125	19.94825211514636	397.9327624494412	0.3606780042077845	4.12101437816525
0.6352013706069353	20.12614204763106	405.061593721423	0.34972376420615947	4.154410260007028
0.633585093158862	20.0005721403374	400.0228859408406	0.35569751985693887	4.18872461538992
0.6411100752797854	20.491942021894097	419.9196878286691	0.35672338653549485	4.248438038931731
0.6381685608406646	21.32049196254016	454.5633775247395	0.36210916912769997	4.2323241562817335
0.647851263130556	20.19262468851533	407.7420918112388	0.35968382832420365	4.172483368284904
0.6506335545192192	20.280476857135955	411.29774155282706	0.3638125227281055	4.153814111160011
0.635429945632221	20.600188522537284	424.36776716407684	0.3635774354311986	4.249127353024832
0.6786442550043768	18.193531252501426	331.0045794357461	0.366993499509608	4.045473047500904
0.6349649393650976	19.718223072443525	388.8083211346442	0.3580161878244572	4.121770330013096
0.6401145225978484	21.215731366572488	450.10725741856777	0.3535493149479263	4.226480834632986
0.6522926640254141	21.17344525145794	448.3147838164869	0.37198684713915786	4.261894393952885
0.62914640169965	20.293939991873028	411.84400039374344	0.3572377829317376	4.167257821002931
0.6558956683601612	20.299189010956653	412.0570745025433	0.36618776550600995	4.183319962092554
0.6444022428679143	20.646673326722745	426.2851194604045	0.3634583196432434	4.180704521494361
0.6337538298457408	21.90152686430981	479.6768789880844	0.35252836003599497	4.287513274079259
0.6198303138664112	21.028729055639452	442.207445695495	0.3561061305905374	4.232235377367701
0.6456235844483534	20.37109518167664	414.9815189009293	0.3703467665993565	4.244450427692306
0.6427511328406021	20.997609145999522	440.89958984816275	0.3662494691201046	4.308318649356223
0.6368631160131959	21.44088022469587	459.7113448097545	0.3589822415554944	4.199074618987961
0.6598217365934014	20.242123070269518	409.74354639193746	0.36806774843089096	4.201975768595549
0.652873486780846	20.887723942704017	436.2970115066107	0.3724891688230014	4.319413176595169
0.6310657342066275	21.45090133972482	460.141168286608	0.36317981691697443	4.372962623030762
0.6405576985041934	20.922607682963704	437.7555122552119	0.3567476109781471	4.247597474379791
0.6512634317085284	20.011461964193764	400.4586099443737	0.3597795381918718	4.104935095418558
0.6474911328173202	20.01388754528089	400.55569467514954	0.36215027810918343	4.191998042938956
0.6446685405290953	19.806932217098236	392.31456385272406	0.3533346447999811	4.094935113129662
0.6129632904048303	21.964020392237448	482.4181917906225	0.3525519212677206	4.260403427947366
0.6450135963771237	19.408675927552984	376.69670126077466	0.35724125702228227	4.189727761097381
0.6474889126554462	20.45386577236758	418.36062503402997	0.359961998394178	4.252520314488618
0.6240505607085218	21.15611794587658	447.5813265398411	0.35150736416996753	4.280932225951156
0.6324784129621263	20.834084179815566	434.0590636116413	0.3538095603953686	4.162811647765968
0.6483526031553408	20.516655540457187	420.93315456577255	0.36673414440527585	4.154544949713418
0.6426870523841626	19.79740113004745	391.9370915040041	0.3590745715238496	4.1275510594769935
