r2	rmse	mse	oob	mae
0.6671885143846975	20.586258306382803	423.7940310571149	0.32108353047285887	3.811854767571963
0.7094590856297284	17.81968435532625	317.54115052345907	0.3367609335469286	3.6622352814491723
0.6677995682410438	20.625142609140237	425.3965076473722	0.32601839828086365	3.7802131835739834
0.6687959110168565	19.8210671220915	392.87470185845655	0.31846809863911607	3.721686700417837
0.6772763546025118	18.334290792018972	336.1462188463116	0.3184021746215847	3.683238284213942
0.6851303969825129	18.12964218058644	328.6839255960991	0.31485436624289487	3.6463197255962796
0.6703375662596907	18.980139386202534	360.2456911196767	0.3185830980159311	3.6369018017797763
0.6663203295033219	19.414196400639963	376.91102188262164	0.3189483344583435	3.636459805899778
0.6423137998725447	22.122893194532356	489.42240329668596	0.31309571005661385	3.811770017096723
0.6750163151449713	18.687249753042515	349.21330333258754	0.31470534757245794	3.615600687883862
0.672005323281367	19.214343842997902	369.19100931695135	0.3150991929356317	3.6944337030642416
0.6420580113857572	20.997034433233384	440.87545499038833	0.31016687545051247	3.7740618201041687
0.6609462775308921	20.088525662372113	403.5488632877829	0.3165434629126507	3.667256929976383
0.6899044541769392	19.45532324932617	378.50960273577147	0.3350041893256466	3.6976598324907455
0.6935834839495354	19.174226991317582	367.65098071457163	0.33501827076661506	3.725318268251465
0.6860471896920914	19.146296297514066	366.58066191220087	0.32059977865685285	3.6536426787318286
0.6968820278857131	19.26034118769354	370.9607426663642	0.34073212812625053	3.6943016073377675
0.6461104688205342	20.68419436702955	427.83589661305706	0.3100885761956522	3.710262553383431
0.6822424036644696	20.16458084438404	406.61032062969986	0.32811651001589426	3.7747007945653457
0.6798959070827254	20.056641517974768	402.2688689805492	0.3231201887359769	3.7791556353203934
0.6702459639907126	19.83451491278616	393.4079818255366	0.32915228555358456	3.641452082284259
0.67730854377105	20.330943778403892	413.34727492061995	0.3229891725615075	3.6889299471019497
0.6938810389491112	18.449676486275635	340.39056244823206	0.32191888395650814	3.60233347330771
0.6764345053239982	20.17095331354263	406.8673575771163	0.3298717030236604	3.7294822177578073
0.6894225182484756	18.434425279575954	339.828035388269	0.32101945655795794	3.6491107109714234
0.6660212518088438	19.538547134560286	381.754824129434	0.3075694362977095	3.667480100990049
0.6764552131224884	18.49699982006868	342.1390023436208	0.32322799177772565	3.6068725239495003
0.7177354459525427	17.750278290888822	315.072379403999	0.33724114978111674	3.547430601417866
0.6642656544150924	21.007944562487392	441.3337347405436	0.3210407528450483	3.7229590137000557
0.7251853098994541	16.16014302007084	261.1502224291443	0.3307362035160215	3.4844864339110706
0.6768125459462917	18.657849863892206	348.1153615435424	0.328327173330931	3.6301175202306393
0.652897692616883	20.963953347982443	439.4873399763843	0.3208862250626724	3.7368284723521437
0.6739359441576482	20.3069379391523	412.371728464583	0.32028379341588775	3.685183716720567
0.7036229321346338	18.61777431500322	346.6215204443937	0.34092022862226146	3.6402683516165895
0.6762282701125675	19.43219036882532	377.61002253026754	0.3196244078852224	3.5705857567121853
0.6954619763945906	18.535421420930305	343.56184725148205	0.33329013705886834	3.6712290744295766
0.7065664799516309	18.810505409807433	353.83511377239466	0.3314767681592987	3.631725965825868
0.6504864543334266	21.210650746704886	449.89170509869246	0.3127109120129674	3.701742042959377
0.667807762098232	20.069987250098528	402.8043882191175	0.3189965677569324	3.7589730660703355
0.6776866096060256	18.955269874024474	359.30225599709985	0.3283870534285599	3.679351427282349
0.7042860248094911	18.942909573894873	358.833823124758	0.3424786780162732	3.627655199378658
0.7060604288237462	17.520626336515747	306.97234722380915	0.3328304921768078	3.6288510322141367
0.6826460617459358	20.33924038801858	413.6846995616062	0.3321804403336086	3.7084699232759193
0.6750279920412213	19.253561877470343	370.69964496957925	0.32769900493524595	3.6444552472103613
0.6627400368222176	20.114133775688224	404.5783775462818	0.3303443355116833	3.7718068813725685
0.661742276876917	20.074341060189415	402.9791690008066	0.32204175104100674	3.748403046544116
0.7140137307230661	18.124103318266293	328.4831210911912	0.3472080449903583	3.6085166022512216
0.6764155769832623	19.532382404052477	381.5139623781388	0.32268491957834855	3.7401231361353315
0.6888944578441953	19.658391667799226	386.45236296459797	0.324394646633702	3.7482862192150193
0.6832232006791696	18.87744591940234	356.35796443996014	0.33246953626825015	3.6392534501014464
