r2	rmse	mse	oob	mae
0.658977176238852	20.55085457256749	422.33762366281815	0.3465271857544524	3.898673879970958
0.6304476018336317	19.61360264156227	384.6934085810985	0.3435481049755431	3.803012695334037
0.6437178094132342	21.455017880183973	460.317792239014	0.3731726471121376	4.006243465898637
0.65633892245827	19.648134514913593	386.0491899161388	0.3874264408970063	3.9274748731048374
0.6833000220733997	18.307324866692376	335.158143774613	0.38317547190136425	3.8412054649414764
0.646225084082055	20.07838836447439	403.14167931466045	0.3486047418657915	3.8728312210008937
0.6721216644106671	18.268069081078785	333.72234795106664	0.3692169831046078	3.688345703564273
0.6390381283162705	21.47436691332189	461.148434327974	0.356001094341597	3.9716681709262387
0.7086488454936992	16.926698564059034	286.51312427851815	0.36750625251480984	3.691789857842549
0.6288225675970578	21.50719902775092	462.55961001929023	0.3373987081346723	3.8882291620442735
0.678989097276834	18.570535662037212	344.8647947749959	0.36837097228075644	3.8051010833117584
0.6864130217554997	17.875836327634875	319.54552441239065	0.39347742154460397	3.7860357699524445
0.616561011440564	20.62560835251215	425.41571991121896	0.35310508010785535	3.9406219363215853
0.6665873128324025	19.138593985862833	366.285779755705	0.35560335247059327	3.833618594605234
0.664013639638817	19.514160474585466	380.8024590278737	0.3528279315953	3.7258477844691127
0.6728172046130365	19.471550358458877	379.14127336200005	0.3623680748129242	3.8052182159325674
0.6574690426596281	18.74478836594658	351.3670908841263	0.37172137354699997	3.820439769315925
0.6077196415000254	22.548458619377957	508.43298610980014	0.3633485823490159	4.0339585959163005
0.6331031143491674	20.37801338493461	415.2634295165742	0.36920553119413013	3.81485517969451
0.652945722584392	19.16959176871679	367.47324857925446	0.3513295588865841	3.7059190458546847
0.7079987180379449	16.20482500032565	262.5963532911792	0.3838191257356782	3.624526821499886
0.6047440344760924	22.06249922917719	486.7538722374441	0.3448578005750981	3.9568152572315394
0.632048318945234	20.713275235729892	429.03977099110125	0.3484159893675063	3.988223123320736
0.6744629333806943	19.421069104627296	377.17792516670886	0.36897090699432344	3.777490737060866
0.653855567869424	19.96003370239896	398.4029454009023	0.35703164323454084	3.832494357518201
