r2	rmse	mse	oob	mae
0.6703588041923841	18.525710565746152	343.20195196579857	0.3675285247281803	3.9605594607840775
0.6782891731321277	17.683777697433623	312.71599365225086	0.35115402260829087	3.7409762105592517
0.6292609784154495	21.089074906093565	444.74908039482534	0.3430798324345532	3.931548393803434
0.6881599172093884	19.349325294725645	374.39638936110964	0.3642288834207059	3.849675181534191
0.6612022931694096	18.848994652083547	355.2845993942742	0.34287909631973734	3.8594263311730423
0.6288243838601056	21.658999471409405	469.11225810251295	0.33602061334855493	3.9561587289338886
0.6938689528708282	18.551895396318876	344.1728227959576	0.3537979374942457	3.8492166599311535
0.6590922475228607	20.058176977348833	402.3304636546468	0.3590852488068279	3.8791314076943775
0.6551006797812217	19.442116835913364	377.99590706130584	0.3483009294223456	3.8342275120487352
0.643919843967312	20.314638865456235	412.68455223390504	0.34168357706685115	3.799350465311249
0.6765380187602503	18.031606232309883	325.1388233170767	0.34210122108882934	3.7723481981144027
0.6535525743667219	20.43698670259959	417.67042548223253	0.3632641560434231	3.9280518967438645
0.6444210062364529	19.881162605067235	395.26062652912384	0.3653912313179605	3.9371261328104934
0.6437083457391439	19.85840469767028	394.3562371364531	0.3651467122513422	3.8444497799071877
0.6623443209325829	19.177625118150313	367.7813051723099	0.33236611989646225	3.820072342374602
0.6510736674507752	21.20620593016778	449.70316995268314	0.36477042244168556	4.039271691169816
0.641301429601979	20.98420139352684	440.3367081240937	0.3527107000919063	3.9671396941909647
0.7011083639536868	17.35560083740626	301.21688042737685	0.37812486672763534	3.874457440681028
0.6878769322438014	16.836623329627265	283.47188514374915	0.3489271617427635	3.7183056572429654
0.6661033505363267	18.3223622820326	335.7089595940509	0.3680118615853719	3.8561712053458295
0.6762089757606371	18.387286979376945	338.0923224619649	0.3674147309853566	4.001988773777472
0.636028284177045	21.365801296497356	456.4974650414081	0.34282242209052227	3.8660995623859598
0.6437776206981225	19.315040702284854	373.0707973309206	0.3391247479112294	3.8643917712606095
0.6367106871188145	20.741161475671433	430.19577935987684	0.35258795553897904	3.9049149170871735
0.6377371785704695	20.721062760431966	429.36244192176036	0.35018713729720263	3.97295375829994
