r2	rmse	mse	oob	mae
0.48780436850249387	23.626247773886554	558.1995838730794	0.5155433007807919	5.6375400135821225
0.5056475662002916	22.943941162523085	526.4244360693212	0.5164661052954649	5.590172151800338
0.47107263981586533	25.19232335425786	634.6531559854859	0.5219352637545963	5.771975931342039
0.48196113026056475	25.434108438358344	646.8938720541711	0.5191545871885467	5.72050733812259
0.4731848453714138	26.02835100610228	677.4750560968655	0.5174910507210811	5.6902548314349755
0.5136380585143698	23.51486019284744	552.9486498891612	0.5150690874645008	5.56827706146451
0.487278377002634	24.26771460144504	588.9219719771888	0.5039341850009414	5.599043336423127
0.4996884876554758	24.842071496564447	617.1285162404198	0.4876972274657083	5.553090718762943
0.4767583843988248	24.367914942145447	593.7952786276353	0.5237381191313788	5.818051776402679
0.48281515361056304	24.209904756205344	586.1194883045341	0.5127048169351719	5.594489897355791
0.5076126542840498	23.89153695384639	570.8055380170076	0.5050204086953688	5.480494048996026
0.4799647415094124	24.71870894225677	611.014571772005	0.5144380493640991	5.671931720245616
0.4977299201317881	24.609359970552973	605.620598160255	0.50586380503105	5.587983198970954
0.5020149640309293	23.94422999232685	573.3261499254446	0.5096946246772588	5.628994088822429
0.5211034024614575	23.54377345298772	554.3092684056093	0.5029162971391764	5.530247873242288
0.4913522406116705	23.614657644147346	557.6520556502867	0.4899585320068084	5.636989203351498
0.497348201653375	24.36200384508046	593.507231347715	0.5153187768992282	5.638842013667211
0.5165660443143258	22.645477919191112	512.8176701885722	0.5094579069330759	5.6192858786003175
0.47242024167725727	24.90545360937672	620.2816194888159	0.4957515958907184	5.617005780068899
0.48972975536445074	25.621123635532037	656.4419763472183	0.4893049371300551	5.6245583308534455
0.5014509214423652	24.117322645962776	581.645251609469	0.5052341959286629	5.6039960191752005
0.5156601734865636	23.666796894905396	560.1172752647037	0.502443833293119	5.370603521294132
0.5232937645543612	23.262614659488207	541.1492407958357	0.4880233485853571	5.427128277175715
0.4946777840014249	24.460674938297533	598.324618437057	0.5018072024324737	5.597910607938641
0.5137091295633665	22.376682167663787	500.7159048326425	0.5178801982591804	5.590121561093686
0.47002587658600103	25.429107872197722	646.6395271758681	0.4910866848743455	5.6245867235981635
0.4815843685515111	24.833007705571255	616.6782717049614	0.5004613843943393	5.611255101993729
0.5028139926403181	25.42972405606507	646.6708655676144	0.5136591895409947	5.620866059444756
0.5001108937411529	23.60335340973615	557.1182921849032	0.47583956505822766	5.4156397906984095
0.5331046882987158	22.33874412288197	499.0194889875938	0.5150431900538638	5.414845941285169
0.5013445524022107	25.525724829827876	651.5626280880913	0.5049004492493232	5.6439647634187695
0.4595675214841334	26.27504214138008	690.3778395312992	0.48126506875437514	5.7237532442252
0.4834602080467968	24.052343684104198	578.515236698267	0.5059365986581802	5.623616088773259
0.4859383820879759	24.61531001881607	605.9134873224268	0.509500845929307	5.588962799709878
0.49897406518763354	23.61083958425087	557.4717458732277	0.5133850781900223	5.558781197630622
0.4774085390533721	24.800187893767436	615.049319566169	0.49920293559605666	5.525578154219553
0.5214105766914798	22.055550626428392	486.4473134349458	0.5164525087980301	5.54158806229404
0.4980108063513944	23.5860974574276	556.3039932712727	0.4929014786033352	5.540492178013637
0.5250176564226998	23.02418457073019	530.11307514705	0.5007198890681794	5.377719404084314
0.48354535574301916	24.625343369323136	606.407536057067	0.5093696605270294	5.523431324107892
0.543983745836367	21.068817818900627	443.89508428602454	0.5230834731156631	5.567860137409259
0.49816165048385386	25.50539909817655	650.5253831572652	0.5115106347803915	5.600680638346082
0.5182583632046367	24.671261233921246	608.6711308723853	0.5216507554933558	5.765051289963099
0.49272120124975083	24.699264306038568	610.0536572595508	0.5083750638316398	5.5991576533059995
0.506530240117424	23.25046380570663	540.5840671804741	0.5134965263973079	5.57448684291387
0.49277802983363117	23.01389379878529	529.639307781768	0.5045218392058785	5.52042334233895
0.5103099272349384	24.760246527347043	613.0698080950013	0.5168390356627728	5.722025250851055
0.5529841577984413	21.944456598344807	481.5591753966389	0.5042835749734331	5.480976057594143
0.5195781257595424	22.382776676207154	500.988691736963	0.4984421240619138	5.346743921686548
0.49532467138021274	25.356710429239634	642.96276379231	0.5045563350750032	5.619416193621333
