r2	rmse	mse	oob	mae
0.7163257729393051	16.485888575728982	271.78452213135137	0.35483350569413963	3.603283438139645
0.6674103014570212	17.936632522026372	321.7227862302141	0.3393306615284657	3.5637802382573565
0.6519579100250987	19.831444882149107	393.286206113718	0.33353761549359584	3.7272855478415674
0.6665598348142147	21.094701871606954	444.9864470519779	0.3322808161810318	3.817615572351781
0.6369450142198751	21.495869987245857	462.0724265085773	0.33286433016906614	3.8702546294647173
0.6292764487434992	20.27999438809625	411.2781723812153	0.3438236702258869	3.714696659610841
0.6897719978545498	18.86481584568726	355.8812768916932	0.3589609660332729	3.697117894405187
0.6924331810824289	18.21559788250829	331.8080062172406	0.35183680808048945	3.707762966569055
0.6503126501667773	20.136298867484104	405.4705320806416	0.33471471954048304	3.771513633145819
0.6619967862932783	19.56274436219778	382.70096698070097	0.3443885586856297	3.6182679143864376
0.6927342816526755	17.768304477645557	315.7126440103192	0.3482280095908745	3.6263271099385324
0.6309948356792037	21.884710586102692	478.9405574374752	0.31640155840676887	3.8347144955229506
0.6553652453891512	18.924188894555655	358.12492531682364	0.3317916179023247	3.6824396886122392
0.6715150861960875	19.374173310761694	375.3585914754307	0.3415483822940135	3.770040494916526
0.6860040096008198	17.83323001177188	318.0240926527614	0.35648081382093233	3.692366508453848
0.6014190797013259	21.062100289749946	443.61206861548476	0.3240501231516658	3.7001056793768656
0.668947793934267	18.52904250753428	343.32541624601225	0.33498630489932735	3.73044220852661
0.6516037320102801	21.212768861185808	449.98156275809424	0.34803775928212455	3.8828771920224634
0.7063792244402192	17.414944941940014	303.28030733080215	0.35313341969344336	3.6811632540637986
0.6458214299013477	19.658696487337988	386.464347581275	0.3407422113804184	3.846018654973958
0.6255588330649264	20.63100208717384	425.63824712097136	0.3299615302488266	3.778695798108366
0.6393779268476849	21.25571218292016	451.8053004031405	0.3298178968484795	3.7851737548849864
0.6617998626360186	20.261075993412184	410.5112004108235	0.3343882309215367	3.7785425522783287
0.642197826504034	21.7209766234862	471.80082547803397	0.31619221984152324	3.7510053332894295
0.6387548084774656	21.965644291141636	482.4895291249631	0.3293742268014992	3.7755362410175333
