r2	rmse	mse	oob	mae
0.6362584865217893	20.312795764194835	412.6096717578916	0.33715625081808653	4.192915313324109
0.669444289923208	16.971858832195124	288.04399221995965	0.36338351137916214	3.995482038288391
0.647952472530068	21.311238220488683	454.16887449041764	0.35201429222709146	4.194245103291623
0.6774780724264516	18.030992511178734	325.11669093818364	0.3694142299682357	4.078429715028754
0.6760011813528797	20.24889410056759	410.017712296001	0.3651237150561608	4.149362459006957
0.6789238698285067	17.922666639916383	321.2219794855716	0.3691087153805843	4.11381367748485
0.6495837612841346	18.998085905155513	360.92726805966856	0.35047154534960456	4.07674448555745
0.6471067795001497	20.416288346839636	416.8248298613	0.3511746004872871	4.066782013298133
0.6120873541708384	23.15061898977979	535.9511596099527	0.34366713719600295	4.215098771149753
0.638531621925859	20.347665338923022	414.0274847448094	0.35742104567095045	4.048563474943798
0.6590978590321055	19.91058399770557	396.4313551296891	0.3685934196419409	4.162991226776073
0.6227741242972826	22.153765760130835	490.78933735474527	0.3291319366482246	4.166740933827071
0.6408818038332124	20.707024087481585	428.7808465595425	0.36945375045386597	4.2024182663706995
0.6506117683063484	18.937064088802533	358.6123963034145	0.3707157414301683	4.031745434222142
0.6655269686846927	19.69186749210593	387.7696453266584	0.38275349021881877	4.232430669829263
0.6060614415461261	22.093264006838805	488.112314475879	0.3428032621960868	4.189261460128682
0.6284534747626388	19.998184292465286	399.9273749954053	0.3593733111652656	4.093811743664955
0.6670402193031391	18.987364661223445	360.5200167782769	0.35967052567588265	3.99316093614978
0.6237549778969432	19.296215544471586	372.3439343387069	0.34803306953969537	4.064504148881144
0.5983864013308181	21.746000367264735	472.888531973078	0.34353387667055957	4.1621626887439165
0.6087355439297881	21.761099048970088	473.54543181908684	0.3512375752835428	4.296733764446488
0.6573596492025351	20.14398715574492	405.7802185308163	0.3654543467347904	4.144776979924021
0.7021821595234555	17.363306146526757	301.48440033801387	0.37966641250342936	4.0199849783397115
0.6321385836387823	20.58993442161864	423.94539948655614	0.3658613325565896	4.061493483321779
0.632551104771564	19.633221821333585	385.4633990856892	0.3436736928760442	4.012978323788105
