r2	rmse	mse	oob	mae
0.6929552592199981	17.834109275681154	318.05545365693655	0.3450320855396496	3.735141962011316
0.681959502986833	19.60675991265747	384.4250342725919	0.37293315058097143	3.9308312359216893
0.6640561356539159	18.41840786163939	339.2377481576997	0.34424969154809726	3.7148479688218536
0.6659550161531038	20.207809135993248	408.35555007673213	0.34171330216219287	3.8861260609100077
0.6360572507136131	21.045133163155178	442.89762985493394	0.32820649349140374	3.8243221283281432
0.6787941540906137	18.116058605300758	328.1915793906916	0.34249639695528045	3.829699716745546
0.6810783610711697	19.817060900124133	392.71590271922867	0.35853905659497953	3.762557185734077
0.6371464190358854	20.560615677213267	422.738917026068	0.33150558495543114	3.87739666614889
0.6730485067863006	18.99626327664221	360.85801847550545	0.3430653311395755	3.798155093834855
0.6528940247229313	19.90742319691947	396.3054983412474	0.3591311956697758	3.9551681340387264
0.7162454506125071	16.344284380752633	267.1356319189145	0.3500221562064798	3.76507915897439
0.6710191572623685	18.948844931474426	359.058724237064	0.33082859573796153	3.7400779871884318
0.6845278639949446	18.874500284737184	356.24676099854406	0.36338409812262307	3.827770934302685
0.6366364308702663	21.19808369088424	449.3587521657324	0.33537479087814326	3.996885350087428
0.6650944054918712	18.43395123032361	339.81055796194937	0.3267571280953332	3.8178917333110256
0.6550885992476672	20.194977775795795	407.83712736488616	0.3436036894552532	3.898481762874946
0.6849636354656986	19.232053038328825	369.871864069093	0.35214073212667785	3.8808330403511833
0.6733739934774723	18.876894024559835	356.33712801446285	0.35420380592139544	3.8595497201187268
0.646063244779237	19.59172961307547	383.8358692318583	0.33330505937183763	3.8352703501705654
0.6642480645951983	18.300310356369852	334.9013591394576	0.3326274786539052	3.7790893191360087
0.7125166485130641	15.267463765649207	233.09544983541147	0.34592157640000665	3.668498810722016
0.6835079001787918	19.24633090009141	370.4212531158135	0.35010164804945254	3.7826065617424716
0.6732038975131573	17.90856775691818	320.7167991041295	0.35467305747655953	3.7687374196470387
0.649114320681422	19.957103464963687	398.28597871126567	0.3488064122865553	3.9661057987507347
0.6742072014515872	18.552840490785222	344.20789027651966	0.34433649768125574	3.839497377968961
