r2	rmse	mse	oob	mae
0.6604558068376334	19.123517107779183	365.7089065715231	0.32414612885613703	3.6558231784570854
0.6588862624038212	18.717156979280972	350.3319653870464	0.3415990763473262	3.68873326956738
0.6814830035376237	18.364857709371872	337.2679986854755	0.34119393476557336	3.73125745446962
0.6691249561064548	19.58852786194064	383.71042379802475	0.34149992808888396	3.77407445173393
0.6738409162203041	20.046622679593373	401.86708085798745	0.3324181975866284	3.781751791354906
0.6274644249637353	19.26536047026936	371.15411404941733	0.3241476315381592	3.70231024952883
0.6939214194674224	18.747592431590334	351.4722219810232	0.34999108940935875	3.7227962026452732
0.6183951225797678	21.74536201320348	472.8607690852728	0.3236105352874744	3.7381716432007246
0.69888551951517	18.170633451177686	330.17192001705746	0.3558002831204168	3.6138604237278162
0.6610336775478958	19.434099202499347	377.6842118125857	0.3255471867691596	3.759511264873696
0.6704194724946961	19.509340008749437	380.6143475769914	0.3374915454792332	3.7428174345398038
0.6749166817369643	18.472395240903854	341.2293859361673	0.353249787245307	3.760779136671959
0.6755573402928985	19.29011962345461	372.1087150871886	0.33327400847611144	3.7927082132019314
0.6785074461974631	18.807756169927647	353.7316921474515	0.3457327990665826	3.7557049405784437
0.6597353234600846	18.076664677944628	326.7658058788509	0.33677912910560437	3.7310746520106184
0.6521673752996521	21.021812124463306	441.9165849962324	0.33638498668613126	3.862089966077066
0.672872038043195	19.061859874493155	363.3545018748122	0.3502277992537771	3.7803806581325206
0.6354857521723658	18.892593534071246	356.93009044363066	0.33030022019908634	3.7494583713511545
0.6290868318723033	21.52000965781211	463.1108156723265	0.3208696896501866	3.827121133370559
0.6676688358328334	18.60113449082226	346.00220434565756	0.3389666580119036	3.7017379727526443
0.6618063330925488	20.367457603194385	414.83332921792083	0.32102080316869486	3.813532542708218
0.7018941965896999	17.843764462897983	318.399930207381	0.3597761946987592	3.7698828547312195
0.6749499016364144	20.355599769448727	414.350441973981	0.33708250914695004	3.7660566797546404
0.6984243613210548	16.659723986372512	277.54640330211566	0.34795469031982773	3.6314114324534175
0.7200273610771996	17.134763730682383	293.6001281063085	0.3561407639271259	3.6523017269219396
