r2	rmse	mse	oob	mae
0.2840759689470391	26.864637509640406	721.7087485243784	0.762667987468029	7.81359270535002
0.31438510454699387	26.34237880478484	693.9209210947776	0.7174848600071881	7.596866048041522
0.2938273293504632	27.229593893945168	741.450783629176	0.7432818571070282	7.722477517113122
0.3070135542373117	27.952030018492703	781.3159821547172	0.7250897220281042	7.448003075268514
0.26342531370365596	29.275616838679042	857.061741285148	0.7463681428168061	7.888490416876389
0.28923212263722986	27.565336198808662	759.8477597533512	0.7207313024674743	7.461151343146132
0.27831055773283697	26.924049084936293	724.9044191280589	0.726866460361957	7.611965927244112
0.24089663130238104	30.642351773856177	938.9537222327467	0.7161083361659178	7.812469293960417
0.25785967567667145	28.79273902637479	829.0218206409259	0.7418642821516431	7.9434098824736115
0.24003360471262436	31.99975094759417	1023.984060708054	0.7229642232897898	7.648922969716031
0.29269061235313953	27.40132217618128	750.832457002884	0.709129397096154	7.322789285683428
0.2714815710847076	29.96138751383524	897.6847417542024	0.7277483375582529	7.739509808249
0.2816933876798866	26.614478033938013	708.3304410189689	0.7507624002147365	7.638023755033573
0.27031033593995735	28.745169822812983	826.2847881423583	0.708642169201926	7.377640853274948
0.2610701879808349	30.46927819424774	928.3769136784607	0.7334657362295814	7.732970645943913
0.28649888230745235	26.471013432510095	700.7145521441299	0.731378698380396	7.6548288823923984
0.2780510725298122	28.496611479714357	812.0568658257881	0.7241242133060034	7.745047384372027
0.2868741909502741	28.569658975668666	816.2254139860052	0.7252398461246685	7.6084281920914805
0.26599780015032704	28.906551933983724	835.5887447120981	0.7246595270002666	7.726350216597283
0.2817398926275051	27.596781331806604	761.5823398755495	0.7167338642787031	7.594797886604586
0.27068286897918714	29.6085859019092	876.6683591107363	0.7216301262084026	7.748491381841237
0.3041660941088661	26.778066879832945	717.0648658208062	0.7295259447337538	7.545873889904031
0.27817922483437485	26.632201029782134	709.2741316907286	0.7242144422254626	7.505946653524812
0.26852446488353354	27.1080692467634	734.8474182873196	0.7417135953434321	7.867911316113242
0.25822327492131036	31.128252379117257	968.9680961780191	0.7030484433782732	7.6219262723571415
