r2	rmse	mse	oob	mae
0.694298942678671	17.928769117065755	321.4407620530507	0.3464158263418762	3.6704754084656868
0.6780613720173614	18.31567567807671	335.46397554449067	0.3327239122541147	3.749110510238032
0.6824321340840456	18.376921526197552	337.71124478002304	0.34541884267850187	3.701860076531666
0.6683181967301463	18.906482533407523	357.4550817860437	0.3237922539447602	3.6372391740264916
0.6571401792782445	20.27162559098759	410.93880410118294	0.33865628091359834	3.7287605532300887
0.6595076396875494	17.735890800822883	314.56182249871375	0.3364313124153274	3.5995651688271706
0.6591706119825431	19.825850293575606	393.064339863272	0.319746122877538	3.6853197091236134
0.7035706925214142	17.185971014346364	295.35759970595336	0.34852266994256886	3.6531937091220326
0.7283255459799334	16.492823790263326	272.0132365766759	0.34863683028616554	3.53902290635396
0.6626055969808309	19.86762471108232	394.7225116604088	0.3469854793022582	3.746431719157518
0.6792423574413222	19.231012020357717	369.83182332714296	0.34412783512973777	3.6930609563981776
0.718973257373773	17.97778865729072	323.2008850062109	0.36704324767571384	3.6526829706331223
0.663291689833361	20.304139175672116	412.25806766506315	0.3343650992009961	3.7357865704908626
0.6724502744212157	18.635156942262235	347.2690742627443	0.34143265112755405	3.6932597309032795
0.650426712124917	20.046320277969127	401.8549566869162	0.3137164811388786	3.68469174690108
0.6466021775267063	19.21028394014568	369.035009061019	0.33726535877075037	3.7616637143577885
0.6475801764294772	20.434241177519805	417.558212501046	0.3425909389604649	3.7208914622245213
0.5929851540681607	23.429335361986492	548.9337555044308	0.30684255579970676	3.980103797886668
0.680681499310315	19.060031632031073	363.28480581402516	0.33360224343351796	3.6478744131368703
0.6849391437656738	18.75786220696638	351.85739457553757	0.3498653105361327	3.605876227411602
0.6635690441175568	19.712584218411322	388.5859765679591	0.3329361156047994	3.777250083462102
0.6593210495155797	20.90151246426341	436.87322329375866	0.3379615670883389	3.7252758275234226
0.6651324452587886	20.226939050606227	409.1290633569391	0.344541284043995	3.864450585939445
0.6450074373104097	20.86636299060238	435.4051044555807	0.32243935353364295	3.6939626847735854
0.666632561199857	19.00017364418282	361.0065985090994	0.3277532721964651	3.6161099127204466
