r2	rmse	mse	oob	mae
0.5867887770606663	22.420898964238198	502.69671036457754	0.3790358617026218	4.58711004993142
0.6014475696759936	21.748787344380393	473.0097509510807	0.4127000888991199	4.801051681923732
0.6046828979202408	20.288408641145885	411.619525190123	0.40760971878911234	4.5589372132030945
0.5722462490132398	23.262724511068107	541.1543516778489	0.37349754781565836	4.600094513863502
0.6101338683169686	19.6110103071475	384.59172526704543	0.3940657628079063	4.495395422063645
0.6046864569659216	22.61420695284985	511.4023561063226	0.4060174805183935	4.69925819966321
0.614542715417015	21.76057657679828	473.52269295470194	0.4038130528849777	4.608504546006148
0.607728084998709	21.314441267994045	454.30540656676754	0.3867548233191729	4.614623506049512
0.6142870737441758	20.20135296813233	408.0946617430689	0.40352955706781346	4.569756498581925
0.6097087830600422	19.185470364030195	368.08227308908096	0.38595183073893247	4.3958210146829
0.6040814393355249	21.065673251580364	443.7625895423484	0.3906487974308781	4.577830019760452
0.5972233311645697	22.819311609127613	520.7209823144663	0.4061446498714296	4.762149485050456
0.602156123991048	21.65389950266425	468.891363671483	0.401249002899563	4.606550389148028
0.6412202227197241	19.78939881659531	391.6203055222638	0.40391064491973316	4.555951440229947
0.6224927594344921	19.968536186347656	398.74243742547577	0.40467743139162715	4.581272587038543
0.6126302458304699	20.697328661165468	428.3794137083015	0.39724817602930884	4.5980280546073855
0.5687795444514261	23.379415846450872	546.5970853212781	0.36302692041338236	4.614437889482665
0.6132721797268541	21.304287954747586	453.8726852588031	0.3936644223897763	4.602503465874801
0.6247182424756732	20.033754631239006	401.3513246246904	0.40195274773638623	4.519048269010944
0.5669051329008645	22.84745519425732	522.0062088535959	0.38947880655010736	4.794018736505091
0.5920929965345199	20.246991406748823	409.9406610249607	0.3832290211526901	4.547552097089143
0.58525981315558	20.52654063489303	421.33887043591477	0.3880275863015922	4.602915207579811
0.6207612866976424	20.633236551313434	425.7304505824567	0.3937901274240636	4.56735426997728
0.6210321604336908	18.714766779271223	350.2424956025137	0.40506017631417146	4.527413463540915
0.5770049802834258	22.42618622194201	502.93382846122165	0.3779621415522888	4.6588594814639634
