r2	rmse	mse	oob	mae
0.6850361680188624	18.886426620826644	356.6971105038693	0.34639970196589986	3.7080671212813
0.6931570616048714	17.79473918596274	316.6527426964378	0.34758559746351037	3.6823956361100874
0.6713038461574728	18.88566987289862	356.66852654811055	0.3310284977987512	3.75424085671795
0.6816817948127151	19.583008549835654	383.4942238629363	0.351892154454462	3.70309786755055
0.6884553959396313	17.33780304789894	300.5994145277338	0.32810078359217765	3.586707971980098
0.6257224423778331	21.35293317618309	455.9477552265404	0.31718669784407005	3.7929248465670535
0.716303508217861	16.433737917118492	270.06774192853806	0.33805612025670784	3.556670848134492
0.6961977503718547	17.471705077969016	305.26047833152825	0.3256029603039434	3.5630904931479006
0.66129837842073	19.01749634264426	361.66516714248786	0.32477777544768793	3.665909581039345
0.6907386479104075	18.59044209930219	345.60453744750725	0.3542678240761439	3.6596483554919974
0.6883431977014951	19.144782350059828	366.5226912311623	0.3480775558032614	3.744855377814113
0.6691991601567923	19.74759544658376	389.9675259219356	0.326534307678495	3.7057362519051145
0.6696240927474297	19.97952335938109	399.1813536680546	0.3298113462279666	3.790437716107969
0.657663776050516	20.97397642571808	439.90768710657784	0.32657290390010063	3.752495336151549
0.6665896992933578	19.390296057168243	375.9835811846343	0.33150102483439936	3.717398897069939
0.6927092897278759	18.5892117535899	345.5587936198049	0.3454545181010813	3.6543871531083267
0.7215593008378547	17.285626861978592	298.7928960115559	0.34553509389037806	3.6102362481444334
0.6814067911761577	18.533900836350128	343.50548021166003	0.3580006458859931	3.742580273084258
0.6823602820407706	18.053893319560956	325.9430639940877	0.33492605642106066	3.6635971858129754
0.6719845884360583	18.972340758809015	359.94971386836585	0.3272488852146781	3.7105747474927484
0.6808905694482432	18.607651776889924	346.2447046499947	0.3439556642783812	3.768052917347887
0.6976096893392597	18.288846448058866	334.48190440067543	0.3363250482009622	3.6250893386627263
0.6869941664007564	18.35890903740871	337.0495410438473	0.3334898086587602	3.5433863357223947
0.6540780209622612	20.63943373385684	425.9862248542677	0.33093729141734984	3.8348511981081645
0.6315598442693506	20.301557116973427	412.1532213737345	0.3226726994373912	3.6962296535217036
