r2	rmse	mse	oob	mae
0.6630547617893757	17.84053707542694	318.28476313968326	0.3264869909114909	3.675833137128829
0.6016563021573738	21.652029705577267	468.8103903712004	0.30044458384730066	3.8312515227754944
0.6515413981877743	19.135185525621846	366.1553250999678	0.3222694981520672	3.742407233024925
0.63806395703692	20.176358570750903	407.0854451755134	0.3353522985154407	3.8627377336375153
0.6791189266240523	18.76102221361196	351.9759544996414	0.33498165066161123	3.8175131333112033
0.6846921134054342	18.698425255070394	349.63110701945425	0.3484343132278185	3.6484099291149326
0.6568775897793866	19.721708368838833	388.9457809855276	0.33746409904919017	3.855712389963736
0.6576733968541629	19.764424250490222	390.632465953366	0.3158901667125771	3.6806474399155875
0.6908486329930819	17.730177053836584	314.3591783603934	0.3505495996188186	3.664844326612601
0.6937492569439725	17.919285306651783	321.1007859011865	0.3380432737862087	3.7280685941798155
0.662587675441779	20.92307958603434	437.77525936352697	0.3307451415725571	3.8390818682478507
0.672411856100986	18.59678682304187	345.84048014166376	0.31799231662227856	3.718219552777432
0.6411698819998548	22.1628734023537	491.19295744875706	0.32854860075193215	3.868226363285926
0.705928523747881	17.422037741933135	303.5273990813426	0.350470383781073	3.7324160306630496
0.6218865750490763	22.46800012958065	504.8110298228361	0.31396665801254886	3.8484148165510033
0.641563628163486	20.7750288221434	431.601822560889	0.33559197043159794	3.7011532685810797
0.686167999804784	19.10647708941845	365.05746676847224	0.351182380537469	3.881689905320776
0.692435427071386	18.036647745680725	325.3206619017696	0.3447592680503464	3.660327889686389
0.6700188141306688	18.919370784769782	357.94259089160033	0.3321280707220192	3.714768843061504
0.6794901077820448	18.936853322862397	358.6044137716046	0.33179507992239987	3.6970563243078627
0.6618775881353411	20.032146098601597	401.28687731571915	0.3393073770896171	3.791239554628779
0.6893182046622834	18.62178864116259	346.77101219613195	0.35494124081318246	3.789640044431983
0.6307108308078296	21.37265642184958	456.7904425264281	0.3155203646996434	3.8755579790210613
0.6422916708173998	21.587057742981628	466.00106199882305	0.321816600018376	3.957387156669325
0.6548737850824066	20.641773188840567	426.0828003795373	0.3237169636390407	3.813290449407152
