r2	rmse	mse	oob	mae
0.42934271370421795	26.828839230234426	719.7866144417657	0.5318388288947855	6.215375711596338
0.49825220155723293	21.20924801731973	449.83220146018084	0.559562771925305	5.878415904728454
0.43606438723671825	25.378568136852266	644.071720676853	0.5398260252714645	6.10094418732598
0.43372493762180087	26.778203255584085	717.0721695973741	0.5282572235549986	6.103762340780797
0.4657366115730034	23.739473972100814	563.562624472052	0.5508505243448604	6.113018682672772
0.5044165836987196	22.12045319209826	489.3144494238102	0.5382733832612887	5.847802449689189
0.4656382200604515	24.528021929568666	601.6238597774014	0.533740719877257	5.926819596335308
0.4581216340576385	24.733002338753764	611.7214046887991	0.5572536126499184	5.9741630262495855
0.48468735647552597	22.124631153248863	489.49930366731013	0.5525894232241513	5.922807835822961
0.43022099800953584	24.859231589373678	617.9813952141142	0.5497814435527669	6.143691698886974
0.4825592513140715	24.77543671181435	613.8222642611183	0.5496439196374824	6.001472747762691
0.49594566716392696	21.721530726493068	471.8248971019824	0.5416293877330178	5.905783757344987
0.42879976308875367	27.11060450928434	734.9848768588284	0.5470103031547148	6.138008620226265
0.4473183051053111	25.265356602875332	638.3382442704561	0.5577849659914195	6.079009907989951
0.4520472845179133	25.171183450970872	633.5884763224299	0.5610621395781639	6.095637382899398
0.4977625433233689	23.5191143324068	553.148738980823	0.5382051224010669	6.071306307612826
0.44966675415868174	25.48114295732617	649.2886464116931	0.5386829691689775	6.125977680430977
0.4708130180462764	22.89245737982198	524.0646048869659	0.5675918113878087	6.028312311685687
0.46518331808105906	25.543737576743176	652.4825293895213	0.5519629324340081	6.0798798931548905
0.45535824162192573	24.466027377485837	598.5864956358864	0.5465955095021131	5.950900886409996
0.41809857947785445	26.68566959173161	712.1249615590691	0.54264720682714	6.10527361330719
0.474405660965878	23.27712159966481	541.8243899655821	0.5457845083492373	5.787219593578972
0.43394472709036214	25.400584520878134	645.1896940022738	0.5518841875956126	6.059389125713792
0.46150062719050533	25.7801705976064	664.6171960416896	0.5558301966358818	6.149193214191521
0.4110465317947829	26.093996816149872	680.8966698412397	0.5336883424019686	6.070914319680202
