r2	rmse	mse	oob	mae
0.40025451037916004	26.13109725147701	682.8342435661492	0.6027454174239101	6.373837523410304
0.4806317994764894	23.497515350614545	552.1332276523663	0.5621435812802101	6.042804300307662
0.4532600051826329	26.113828353943205	681.9320312992081	0.592834247376372	6.264186549524259
0.43877088458448354	25.77537712294032	664.3700658297952	0.5904437672329841	6.147699331467057
0.43299306315755715	24.931422502762622	621.5758280112585	0.6028128948599895	6.3899613052219735
0.4317346029890812	26.24913693473931	689.0171898186954	0.6036640483889999	6.249475703564849
0.45714363996349516	23.66623071695424	560.0904763481084	0.5830869430794344	6.062503813439625
0.4380397182027598	25.360651832761803	643.1626613825646	0.6214391995064944	6.438299489368772
0.4845379438144788	23.396768860267624	547.4087931007888	0.6141269044721807	6.027896064772531
0.42653332746598194	27.72380615052869	768.6094274720924	0.5729119991329638	6.021584545261917
0.41728986645604393	26.979374881018533	727.8866689705337	0.6193457450748012	6.416332720818698
0.45232979061347633	24.387365151707435	594.7435790427141	0.5799303737443445	6.071320385367741
0.42086299743175803	26.71229568303399	713.5467406578364	0.6219698497744068	6.255192119584961
0.4034627074427426	26.11914772587184	682.2098779259161	0.6294597581788078	6.728155167376711
0.4439103156086055	24.26707108075199	588.8907388382696	0.6047491622658386	6.250271244390518
0.44708233594576074	25.000595859537054	625.0297933319013	0.5987089178509455	6.295435190253872
0.4737668772873497	23.97043012884738	574.5815205619541	0.59683819407845	6.256760337677677
0.4264126806061239	25.32330383694143	641.2697172180526	0.6510272901578887	6.659805061166128
0.4902327778344625	24.644839648199707	607.3681212854761	0.5435284628027447	5.985329111759848
0.4476498049240789	25.121273667723784	631.0783906886724	0.6163275152961991	6.330935499111344
0.46634276682169873	24.58501401968138	604.42291434793	0.5509531875413771	5.980519140082355
0.4908995782938207	23.20310378692659	538.3840253468871	0.5627168215609315	5.712416209740517
0.3833005205576532	28.31084230623759	801.5037920886521	0.5877499580923946	6.449542359292369
0.4504850580166221	24.146965601583712	583.0759477640671	0.5942246786648306	5.933616641418156
0.4303606882192914	24.07347007134324	579.5319612758587	0.5828796301714425	5.958516154390349
