r2	rmse	mse	oob	mae
0.5601810235098001	22.86202238340984	522.6720674595325	0.4443940686240284	4.193750867414124
0.6619646740006815	19.153768896419418	366.86686293744395	0.4746673630330449	3.9299060956020644
0.6447164055776085	20.139191554491003	405.58703646848176	0.4375265499116876	4.077483927331975
0.6425765217090225	20.095631145385806	403.83439113139997	0.5087400272587654	4.175406112600499
0.6313038112179243	18.55549636422566	344.3064453227917	0.47199270579950103	4.048109696685234
0.6370577657624992	20.511733323518612	420.73120393514387	0.4571251371576397	4.0791558530525975
0.5854678348831186	24.12175047262044	581.8588458633645	0.4449086189459509	4.299014312278562
0.6494171189886988	20.58324359758646	423.6699169975839	0.4618551740005161	4.212489636237113
0.641927179299706	19.293485059103027	372.2385657258317	0.4894675108617319	3.9807196709958697
0.6348272526281175	18.392449098250246	338.2821838317263	0.47001204450805445	3.95785898282058
0.6313063840233912	20.937181257287406	438.3655590005071	0.4760669588620956	4.129625201342318
0.583352339227549	22.41741991204326	502.5407155128737	0.4527974092832753	4.082687556705209
0.5982602526228439	22.823699640667446	520.9212652874032	0.4392275816367339	4.225844136565017
0.6632197710185135	19.301516888017392	372.54855417842066	0.46190648775688814	4.027672358921302
0.5942883615773327	22.536597775187023	507.8982392805647	0.44837659105558014	4.244307134697508
0.6077272989960432	20.824551958959905	433.6619642914208	0.48773261878351415	4.043572838450571
0.6203545395033457	21.654514498615093	468.91799817073127	0.43811744515933637	4.0409020779668525
0.6381717587700433	20.168493207069464	406.7681182436071	0.44598755298813564	4.038786081485246
0.6484639063264527	19.66626209213637	386.76186467660006	0.5027696944819094	4.130478733491596
0.6570036164555695	18.72847864505844	350.75591235841006	0.47618966471883817	4.050815961834916
0.6263537955445189	19.192256961347372	368.34272727038666	0.4471299413470088	4.124331485498933
0.6170151654124191	20.37673615869981	415.21137648126427	0.4690517462883097	4.081108568564158
0.6094445656273714	20.510474117730922	420.67954853411	0.43969548164926897	4.001736724775083
0.6466687742141317	20.22686280010217	409.12597873415706	0.49685235615406875	4.098770983220999
0.6289535744620461	21.185022855353683	448.80519338185786	0.46860479834727997	4.036601345978321
