r2	rmse	mse	oob	mae
0.6176654390664571	22.74903990428267	517.5188165666453	0.3414233102318538	4.2111631107287835
0.652862236982007	18.444858129803226	340.2127914285681	0.34489438451967735	4.058112123047311
0.7095111516261027	17.395966785742925	302.61966041067103	0.35801200414160583	3.860599242149029
0.6162838642916189	20.44323535822294	417.9258719116966	0.3285598675182628	4.005004456314004
0.6316871308152795	21.141042856473387	446.9436930592445	0.3424824437194707	4.112986524527033
0.6452330825253665	19.168717782341883	367.4397414190699	0.34397518612832667	3.891778596032895
0.6627077106673825	19.845515486040078	393.84448490665653	0.3542052152319921	4.012229172211716
0.6345234062123283	21.24177001856701	451.21279352169233	0.3296677500391383	4.046294641361159
0.6807465297025503	18.31557411777782	335.46025526381277	0.3653326752038063	3.896867641466562
0.6250975121557352	19.342026315960354	374.1139820073028	0.33004320680099464	4.00313983882014
0.6389204138221714	20.578289181322067	423.4659856301168	0.3371143861003878	3.990276020432856
0.620755161325721	21.907912175614605	479.9566158944427	0.32381575587883493	3.9943466447854163
0.6297784086206542	21.73245682098252	472.2996794758697	0.3379043168922379	3.9488245133940123
0.6552605776510294	20.026769413303782	401.07149313363993	0.3324887143622526	3.9758101080200685
0.632893221902332	20.664962874247845	427.0406905940417	0.33946176201598477	3.985677061750886
0.6649000137123111	18.469347438658342	341.11679480987544	0.33767105879883685	3.8819577856458722
0.6595362142212275	18.767941605566946	352.23563210997077	0.3563953629422437	3.9331225077622864
0.6835197807460793	16.740513552709757	280.244794008459	0.3670315673343847	3.8024453611150837
0.6402025019212414	19.72978537446957	389.26443092263344	0.3483701310373275	3.927924837521146
0.6938921589782637	16.90525149164743	285.78752799584765	0.35817853331471783	3.87485488522768
0.6745977708217317	19.25559837302029	370.7780687030617	0.3512506430873297	3.977563106316807
0.6346779356632084	21.29614745992995	453.5258966350809	0.3352131903013075	4.0386237896752535
0.6196365463187855	21.12636238078359	446.32318744418814	0.3234243815462543	3.9740923546240694
0.6421954384320392	18.652803458651956	347.92707686709844	0.33603752622770466	3.7909753774501125
0.66142886448884	18.48706355689299	341.77151895660097	0.35483745330375815	3.9114192548507276
