r2	rmse	mse	oob	mae
0.62996557627543	21.377294166599373	456.98870588532367	0.3631677053406366	4.199790870711045
0.6347457715131939	20.849049729146877	434.68287460843953	0.352898361486196	4.134681373808054
0.6610004894231941	18.912093078206148	357.6672645987329	0.36619237356909107	4.150102555210619
0.6280729794680059	20.452029049968857	418.28549226077007	0.350801321808089	4.15129027602864
0.6354069773336826	19.715811753951	388.7132331172325	0.3570527233928291	4.194802916109769
0.6622633867517624	18.3894007225975	338.17005893626947	0.3765751981269675	4.134098835468246
0.6417345681129114	20.58936437393395	423.9219253226205	0.3755658955418799	4.275686067256514
0.678312680223568	17.219770358676577	296.5204912055564	0.3770447953281746	4.072666451533029
0.6955652908632866	17.188088785324307	295.4303960921912	0.37243275761381256	4.168766631644653
0.6080810859664746	22.1669875747427	491.37533813879713	0.3471344918534287	4.223485497597403
0.6523317249255598	19.04127462969548	362.5701395234847	0.3590677668285227	4.089283494329838
0.6444441123261078	20.549139942053316	422.2671523580909	0.3684308234970699	4.163145957437011
0.6441369429323416	20.20211268517195	408.12535694438543	0.37078037966730504	4.195998670300582
0.6088791661343048	22.053207876434424	486.3439776412293	0.3643904239655176	4.3576253519694745
0.6594544829982324	19.64254278601795	385.82948710054575	0.3504088712521649	4.1148753468872465
0.6394818235670815	19.54807602934762	382.127276449155	0.35721559740606745	4.264806500272707
0.6453569529371523	18.643321103582846	347.57342177129743	0.3588639292768726	4.091893241666371
0.6585685097919938	20.282501944538964	411.37988513022685	0.38040677416470414	4.316559161875328
0.6329152016954602	19.870296320458873	394.8286758628414	0.3665410068390411	4.2587216360203595
0.6438485634050526	19.342788049387227	374.14344952351735	0.36451748653010485	4.163683261234344
0.6526280717682337	18.606552324426097	346.2037894016062	0.357389652948795	4.146637171148267
0.657635064392124	19.294040339378235	372.2599926175546	0.3717514935161168	4.202400702814107
0.6451247457027236	20.51319462401005	420.79115368251485	0.3552706899790241	4.249980974446137
0.5922708402989798	21.46124094129994	460.58486274052876	0.33549118207465656	4.255953985628903
0.6699255390123875	18.50224669454406	342.33313274576653	0.36840946395747753	4.176747573064185
