r2	rmse	mse	oob	mae
0.6364066669195123	21.525899687281953	463.3643573469253	0.326929414703782	3.826514593387081
0.6287549296365758	22.010107843010296	484.44484726094333	0.3042504579181986	3.726996487866897
0.6644858499378883	19.286974172718992	371.9873727391294	0.32662094857917334	3.651219541317375
0.6694126676408981	20.31000963745923	412.49649147368683	0.32307840969084944	3.707064395251245
0.6584463853277958	19.84474456932671	393.81388702182204	0.3214544919375468	3.6142678386310916
0.6633836628015322	19.95708671119534	398.2853099981697	0.3281377573715296	3.7681707266355846
0.6651212630175336	20.76783594957365	431.30301002840366	0.3263121783049393	3.70602641749768
0.6612386698672754	20.02356120179488	400.9430032020253	0.33785906058898396	3.7571363361244217
0.6696651026611449	19.872551815285426	394.9183156512041	0.3323213092475048	3.718840684103188
0.7156424458770192	17.316915683812972	299.87556880028774	0.34882171742358037	3.6561664083924565
0.6595377210340162	18.916906410992805	357.84934816226064	0.332313419231803	3.676709656483321
0.676784968443652	18.544658488902265	343.9043584700148	0.3359922027035419	3.6431928333361814
0.665222051184174	19.447429346654996	378.202508193138	0.3400484953907267	3.8858349345577317
0.6720415729609384	18.73906453229523	351.15253954552514	0.3480523688623114	3.7500594435087593
0.6770717578636379	19.537577867146126	381.7169489147982	0.33256725530576925	3.7821236779331358
0.6767003246764438	19.20572253011166	368.8597779036387	0.33184820850188923	3.8191433097270298
0.6739414064546032	19.54322146135906	381.9375050877254	0.3332436841869163	3.8538781093738397
0.6842210103181314	18.320637124341904	335.6457446418148	0.33071626071484994	3.6139444921455093
0.6504464278995695	21.202062756669296	449.52746513774326	0.32559050161919945	3.921748943174037
0.6871731508662321	18.61428383456593	346.4915626737826	0.3400476406126077	3.701811005783032
0.679202003768255	18.912853050139766	357.6960104961811	0.3296399760809745	3.6824575730491076
0.7134462573534641	17.475778220806664	305.4028244228205	0.3568657321796689	3.6931049012820956
0.6647790992483029	19.76535322607617	390.6691881515596	0.3257951098422105	3.597515283090305
0.6985705068157441	17.22550222818524	296.7179270132146	0.32875225737678626	3.564790872964305
0.6826173596351117	17.562904976881985	308.455631226986	0.3255716945222604	3.632573908355998
