r2	rmse	mse	oob	mae
0.6384614162233471	20.479249480998604	419.39965930498164	0.3204580155097041	3.7448897708167417
0.6609846515818555	19.982232078127176	399.28959882413477	0.31589096855736565	3.709474927322243
0.6822529687244467	18.639643233617566	347.43629987654515	0.3486212491563436	3.841877856786691
0.7205647590955716	17.15190765983508	294.1879363715093	0.3407929570111643	3.594124217525682
0.6675567614265403	18.758848175737754	351.8943848803796	0.33313174868120565	3.6711572189255754
0.7020166261765444	17.878767725068226	319.6503353669413	0.3518970416305919	3.797903739318807
0.6552480701712906	19.88210345166951	395.2980376628887	0.3306724649104418	3.692281365779454
0.6571245524671199	18.011331064174918	324.4080467033123	0.33161006001657456	3.699805601198813
0.6908149806532573	18.630358992532294	347.09027619062886	0.34653134764870375	3.6931525808231456
0.7203189109526515	16.76482756801745	281.0594433853579	0.3546010269008829	3.589856800030126
0.6876148682564264	19.636678230661644	385.5991319345409	0.3472740781731537	3.757349558281836
0.6915792118755733	17.717164642403915	313.8979229660475	0.3461985124292495	3.6488194862125276
0.6470370193141506	19.583652170893703	383.51943235054966	0.3376980318606011	3.665478345490835
0.6735747040387648	20.00317213821528	400.126895591072	0.3346814007278782	3.7189525412216597
0.66525105740977	19.96624627514493	398.65099031973875	0.32997310848629346	3.830725955315513
0.660207225131608	18.50728740362848	342.51968704050546	0.3187337651476442	3.6700098452947194
0.6689060694429521	19.037305634536768	362.4190058227653	0.3394645818297952	3.672626894988328
0.6401750742114561	20.33442792353642	413.48895897749776	0.31645575058779896	3.77680284256706
0.6753785479952346	18.38282202936435	337.9281457632831	0.32335048114757625	3.629338993610572
0.689679613817086	16.861736313187283	284.3181514954586	0.33803088397202274	3.511224861457645
0.6767876513994637	19.916740419265025	396.6765489283852	0.3380572118708285	3.73190234612678
0.6412479561121611	21.83253981558011	476.65979479889074	0.3374580496409254	3.9257862991654866
0.6867373272553137	18.620848954753345	346.73601579573875	0.3336659461234488	3.7270446142493436
0.6929683918526095	18.76800680057046	352.23807926625904	0.3615004782463269	3.7735422907978733
0.6524296276118075	20.58728081368916	423.8361313016937	0.3288766128408409	3.7069136826070355
