r2	rmse	mse	oob	mae
0.6971552806514184	18.822659303716687	354.2925032637924	0.3398582039509741	3.6405242993778186
0.616920572891692	22.37802296329048	500.77591174555596	0.304636975918102	3.76151973239104
0.6560884811531902	19.04114857403086	362.5653390183175	0.3236012379157306	3.7589994760262466
0.7105289118357154	17.164520313569273	294.6207575949322	0.3388668819674321	3.536896338186553
0.6705477867350234	18.856139703035474	355.5540045003907	0.3359660384291363	3.6271272192036146
0.692318346438614	18.012576257062793	324.45290341650224	0.34360358075998054	3.7384417015980462
0.6501771550095181	20.25144600637076	410.12106534895014	0.3120635384110284	3.7725741016567738
0.6923951799160787	18.22269240270027	332.0665184034302	0.3309384950303137	3.591103935271868
0.6670666752760874	20.48332056641627	419.5664214265718	0.328335486123273	3.738927893383773
0.6763355772665703	18.97043678874866	359.8774719559086	0.340523938247248	3.743173023423127
0.7257668263130661	16.558485652414095	274.1834471012034	0.3465707821430988	3.626181363381867
0.6364806492608228	19.744392804701544	389.8410472263501	0.3336111299944624	3.7728099293896586
0.6595000625482577	20.574673487729758	423.3171891266898	0.3284796805226122	3.664067345033277
0.6865054085903269	19.087876882006913	364.34704386265395	0.34443350284736884	3.7375167528504467
0.6624165785470999	19.531779836940306	381.4904235987078	0.3359168282150875	3.7447079577498155
0.7068132027996614	17.115467677463144	292.93923381828563	0.33849105975591975	3.500168627304068
0.7045403389539608	16.331910205080227	266.7312909468037	0.3377412665573092	3.5162625876274527
0.6854164755416613	17.89309846221379	320.1629725784774	0.3391283051671461	3.6603846201970254
0.6524760092846076	19.838886602728387	393.5814216359159	0.3233938257687825	3.7349431984492556
0.6703962322471677	19.561627217008898	382.6572593772233	0.34759934042759966	3.7152527014807113
0.6501777527093291	18.684428821862216	349.10788039923546	0.31324297160178793	3.70300091299489
0.6228666887768053	21.425783232994696	459.0641871472767	0.30306750981000197	3.873250320497726
0.6985304617325252	17.149448109570717	294.1035704628586	0.3375209749895438	3.5125422316855612
0.6848203669143703	18.131513631561965	328.7517865715174	0.32887236944798204	3.6513069706834758
0.6664495519481144	20.088944454962146	403.56568931455433	0.3273896191996035	3.7321689372480384
