r2	rmse	mse	oob	mae
0.6185249656085592	21.32312903191543	454.6758317117145	0.3005175252185416	3.80800670518886
0.6970543718576803	19.265352076915132	371.15379064749817	0.34585263701042157	3.815090398016535
0.6775885485744695	16.659930009262634	277.5532679135297	0.3359343884313435	3.533370145692613
0.6726528659891237	19.84240159525543	393.72090106739523	0.34691395318979223	3.7966916084975884
0.6509199871753866	20.076169196659936	403.0525696129173	0.3180115985058385	3.773939127453252
0.711970276619917	17.407765113116238	303.0302862334268	0.3486953231598088	3.6793778487310873
0.6820690527033556	19.34753186735822	374.32698935844195	0.33132154242912115	3.7683739506534075
0.6752428519734164	18.69013079389835	349.32098909302744	0.3270422577362271	3.6897157592840526
0.6736975121949671	19.648519244420747	386.0643084983724	0.3278017284413086	3.7078273987669013
0.6804500942031464	19.434907646617116	377.71563523253644	0.33786790400970435	3.7882457481299
0.6993624422656793	17.961180486572445	322.60400447123084	0.35154238647109737	3.749417417064101
0.672373098476181	19.951959717150594	398.0806965548	0.3322610300555324	3.7713100467007017
0.6400717638922675	20.616845835558873	425.0543322072013	0.3281775119803396	3.94274969686585
0.6685188674476452	19.669097358201338	386.87339088640283	0.3405331758041945	3.782124730263607
0.6789670593938301	17.627490393731957	310.72841758111247	0.33727794691662816	3.703100012177849
0.6806388451746082	17.882656813732765	319.78941471774294	0.32381404491979804	3.590006967642316
0.6530052552154134	19.600449261619044	384.1776112573025	0.33064766198534856	3.7967461029814795
0.6925189633833488	18.88958163748452	356.81629443919223	0.34911693786127906	3.7429260436634886
0.6578793591132696	20.37924387759366	415.31358102243865	0.33617745690506284	3.7845605183355326
0.731170345322975	16.29623064478931	265.56713322817023	0.3497944881513557	3.5556387702223313
0.696684320169179	17.87557488693794	319.5361775385264	0.34700030613009847	3.6648135565669966
0.6725642143595312	20.346078787401414	413.9629220231458	0.3316888045831765	3.801421185203758
0.674918085841405	17.483629487316694	305.6773000497698	0.3356819083299336	3.591331021218054
0.6581067941266809	20.196592689013826	407.9023562459268	0.3289848112919107	3.8324731785453876
0.6882611301967225	18.466762104948973	341.02130264077937	0.3433251981969656	3.843436517436468
