r2	rmse	mse	oob	mae
0.5802232643519993	20.215114500268154	408.6508542589518	0.41265601315471745	4.712747317887263
0.5383253915032891	24.788999194803083	614.494481079948	0.41224241294880903	5.093484758769183
0.6239265673370453	20.439666093417426	417.77995001039795	0.432521041764647	4.796702626371849
0.5983926352083926	21.42272702599016	458.93323323008923	0.410216775165161	4.773221929717452
0.5810980834539037	22.906879625976977	524.7251341989992	0.41074956903871707	4.788802208557176
0.6095329718157506	19.784117101836785	391.41128949919073	0.42143562154189196	4.657280308911863
0.5572090049680274	24.12311498757469	581.9246767037507	0.40152079775647775	4.977373102330247
0.5984051083613915	20.75739897957273	430.8696123971671	0.4240711313057053	4.86205424823509
0.5918279447698898	22.48231250704255	505.45437566432196	0.40057585833532716	4.7791802088340205
0.5950977991442847	21.275122618794168	452.6308424447272	0.42308058232428225	4.83929072798456
0.6181676171306458	19.574226943310155	383.15036042820924	0.4303366776638904	4.752934535693129
0.6180494500669504	20.238199393702804	409.5847146992726	0.4202557913910179	4.761566403100237
0.5648066115713521	21.821224735321184	476.1658489493931	0.4090154471647808	4.866461425329837
0.6029802866783041	20.279711181925098	411.2666856222978	0.4132853260530369	4.736937506429163
0.5623389296139941	22.6102155118255	511.2218454911946	0.4149044512580342	4.928338646008861
0.6041583376310972	19.324319841913074	373.4293373525553	0.40984680904416515	4.742827406399988
0.5951822585070314	21.263074703224735	452.11834583491566	0.41772051789105924	4.857862597544936
0.5955540620428655	20.57517843736032	423.33796772921716	0.4139042410859022	4.7174237684463955
0.599372144397474	21.822917208345736	476.2397154823125	0.41648853732343216	4.82134044668311
0.6224713357630576	20.870648070378515	435.58395087759436	0.41345283434068403	4.649695517367565
0.5921085188322044	21.88631355306943	479.0107209432707	0.43888784861155417	5.03395839449854
0.5555292532625937	22.061585528533904	486.7135560328166	0.41956930252302227	4.86895384229923
0.6106102654068922	20.384611502381894	415.5323861030402	0.41921422424138877	4.795252024728467
0.612265482897881	20.81641496852585	433.32313214186706	0.41082354247446906	4.749238603474875
0.5817817916622863	22.118928188614092	489.24698421306704	0.40710424024171077	4.823514883067512
