r2	rmse	mse	oob	mae
0.45480873527561716	25.121340232967018	631.0817351004873	0.5707681234123995	6.335891128818141
0.4013065911317155	26.79515292954154	717.9802205175185	0.5374406264130391	6.216380275055187
0.477709472111013	21.394321610901653	457.71699719069346	0.5570893830310795	6.104320341973154
0.45515129258135356	23.69501535783682	561.4537528081228	0.5441426163711055	5.918323192936365
0.4547059463300519	24.251108235160242	588.116250633457	0.5517138169557038	6.004934386050383
0.4459116508311781	25.600755811978992	655.3986981445761	0.5432025673539249	6.1863221016773755
0.4210585338284677	25.67526481002329	659.2192230648202	0.5487605144245629	6.15103685533904
0.45644348892609765	23.98498655338633	575.2795799661232	0.544790606844788	5.9264064806978425
0.4665871416272259	23.440185358744863	549.4422896523171	0.5424442003698262	6.014409942690047
0.4419587604662556	27.36292118244197	748.7294556365314	0.5440010012180638	6.184083953944044
0.47372109413355334	24.73615140422477	611.8771862927312	0.5434951485852957	5.99623573629768
0.4717123791235561	23.19087082421312	537.8164895853394	0.5534340453210331	5.969415414836072
0.49823693180615014	22.829246575899433	521.1744992232159	0.5658104348479948	6.025788983888829
0.4769997096280135	23.550954475080605	554.6474566873192	0.5454895550494785	5.943881275192958
0.4549985770817756	23.100734558749117	533.6439371537857	0.5354098954086521	5.934123834529252
0.44377474130821914	25.574824435211355	654.0716448918837	0.5597988905120962	6.172032440449924
0.4470320374452128	26.297534171430488	691.5603034975542	0.5364690105323141	6.134037885566859
0.4500041044938812	26.319871699033307	692.7356462535744	0.5437067369701589	6.032602613997192
0.45954744658556945	25.012912470002234	625.6457902319933	0.5363348563739987	5.940382381426951
0.44552577091504275	24.601199852886598	605.2190342016676	0.5473392458756597	6.014406374729635
0.47544090364004	22.961970090902113	527.2520704554832	0.5495531918588146	6.059690730992644
0.47278334921864384	23.55861169831505	555.0081851519867	0.5406579561489531	5.816854327343259
0.4160229234064612	25.366019601375733	643.4349504173779	0.5252581902362956	6.144086469497161
0.5137746558845955	20.65307364516966	426.54945099280155	0.5393831812548582	5.829016115083065
0.4856554283155883	23.578000280299587	555.9220972178074	0.5526000977978478	5.98856176462596
