r2	rmse	mse	oob	mae
0.19668706192632857	28.120159338407557	790.7433612174297	0.8417356137373477	8.638254058779419
0.1574242345409409	31.116523034114156	968.2380057325569	0.8454404912884922	9.097160064142349
0.13378763898806145	32.85586157032291	1079.5076395282215	0.8534870761731341	9.247922940626541
0.15951383551687948	29.222533590347176	853.9564694389691	0.8488211125402563	8.85292523760536
0.16082809197216663	30.41580230147801	925.1210296425951	0.8493850306652255	9.0117159256801
0.15857152993546597	31.904736255261465	1017.9121955177955	0.8423763706862554	9.001812455415704
0.1472061289838722	31.704264561540768	1005.1603913881697	0.8319474923775552	8.877140418029901
0.15401095339788973	32.88621370631618	1081.503051937498	0.8322938832585368	8.903050242335308
0.15432969491980097	31.085579253391103	966.3132375188594	0.8456609476039468	8.802330767566984
0.16238480142824785	30.0061738380603	900.3704683998943	0.8344089778772811	8.62135278326056
0.16162371640371698	29.658629930332342	879.6343293444054	0.845132607524777	8.783778297672969
0.16096515656466615	27.17111617047571	738.2695539494866	0.8455530350888948	8.98127046488578
0.15901758579628267	31.307599084777838	980.1657604531822	0.8442839032840478	8.796337002603586
0.15750794347799413	30.764975443559074	946.4837140427928	0.8456516720253165	8.757907781897284
0.151289162212076	30.56003779919662	933.9159102883262	0.849449313223595	8.87324583870592
0.17183420447505005	28.75731243172885	826.9830182960667	0.8427441335652228	8.792817740741667
0.14936337378898967	31.08425756832958	966.2310685742547	0.845139387593762	8.96796623144223
0.1560185556845176	30.610434138381606	936.9986781401981	0.8422583840474116	8.964639304525717
0.14783103665183484	31.059723438911764	964.7064201016848	0.8487596790686633	8.797108329684136
0.1519123746344332	30.963788603818365	958.7562047019521	0.8495305522773698	9.026159582068372
0.16646971920195797	31.640546178589467	1001.1241624794525	0.832130994095243	8.927742436565316
0.16390575037131616	29.024685189955044	842.4323503759957	0.8446689128321254	8.944673954857963
0.15918495895885043	30.081433426675698	904.892637003522	0.8515869518617492	8.986259114951364
0.13443606648424378	32.81485160990214	1076.8144861798974	0.8397133760702405	9.195777575198791
0.16804759469912345	28.959712866534197	838.6649693121063	0.8473933793127767	8.834547373197445
