r2	rmse	mse	oob	mae
0.6320618893025873	18.95824100591917	359.41490203851515	0.40350440426466194	4.535501993305624
0.6336358602528744	19.99998272223305	399.99930888962047	0.4108192676925492	4.5140131603545495
0.5936421985022955	22.513619902497492	506.8630811141312	0.38896237522395394	4.671846183376859
0.6021274889003719	20.582263629572775	423.62957611723425	0.38653252677666505	4.716013743571577
0.6018723183626287	21.086494733332156	444.6402601388447	0.3853443424991314	4.679072348364963
0.5864016449177684	20.94136341344298	438.5407016138882	0.3775289549006391	4.4637147222796765
0.5954393505641322	20.289164885695552	411.65021175894145	0.3826315111103664	4.525718421384531
0.5783520151681477	22.76826055830838	518.393688851021	0.37094049821434005	4.575906286660548
0.6425889848802482	18.544048792909855	343.8817456338214	0.40598173142907956	4.4877805647360125
0.567980706205394	22.11437181578227	489.0454408066652	0.3747578561676381	4.7084866284823566
0.6023655869549766	22.248561563244607	494.99849163348534	0.3883900105493058	4.677299943384502
0.6404150195208405	19.04272177903742	362.6252527538261	0.4051593425953779	4.483242070286635
0.6118912839280621	20.603532840786993	424.5055655213881	0.37226500566121	4.486673320272973
0.605634809178823	20.842396478399483	434.40549096279915	0.39918254021940336	4.546949887245164
0.6159605976353406	20.694919540179967	428.2796947745226	0.39910366402012776	4.559302797789308
0.6837895981897535	17.375916502358756	301.92247429694334	0.4034012403281063	4.3994309254124255
0.5919504859615266	21.966529044156115	482.5283982477542	0.37524846214126373	4.517358329863098
0.5488170007465193	22.723273134263273	516.347141934331	0.3698784148849301	4.682401914888832
0.5960513136003294	22.805040415727206	520.0698683629513	0.39322155920988067	4.584018986180908
0.6585880424087373	19.09479065841446	364.61103028867217	0.41427242465620984	4.575977355889713
0.5992042970100193	22.36394877945554	500.1462050101109	0.395462248237781	4.708489116174036
0.6089790987622219	20.76383964246184	431.13703669786975	0.3905245181201723	4.60211544624365
0.6185263090727435	20.95171982937606	438.9745638086699	0.40159129764531465	4.517948819922834
0.6409905093805448	18.352882059147078	336.8282798769627	0.3910526204555136	4.428113852080971
0.6115292898836888	21.01460355550422	441.6135625950106	0.3919105415980748	4.475167125299005
