r2	rmse	mse	oob	mae
0.554735565555426	21.848078768887824	477.3385458915269	0.45350533677182336	5.149622380443954
0.5194476179907752	22.3487575654314	499.4669647184271	0.4288668926669711	5.019463873546561
0.5140233829020886	22.579574870940682	509.83720135241595	0.42130643381663657	5.026049030284197
0.5746197946586136	21.403525691979436	458.1109120472238	0.4481900968075776	5.054538228152385
0.5783742198568347	22.173202882846894	491.6509260838898	0.4642647473516276	5.125973258297734
0.5777818016246615	20.459943135813482	418.6092731207213	0.45496486913695455	5.105624567262066
0.5882750815820544	21.32779961645397	454.87503647961404	0.454956944646167	5.1358819184819655
0.5840907127798374	19.492581997304363	379.96075292163414	0.4487670753793134	4.921421071345343
0.5244988699772024	24.20585463787788	585.9233987500742	0.4315311830562446	5.203604318037942
0.5793769974732167	21.066240627671306	443.7864941829492	0.4478304954704885	5.073515546951909
0.5509694869910868	22.419627019679933	502.63967570156257	0.4481624984883057	5.169721928068896
0.5553186168076272	22.378917313914187	500.8159401430081	0.4506902428028613	5.153868791550552
0.5419982638622427	23.1393010300261	535.427252158167	0.44177788502956605	5.085056000851899
0.5629040530864062	21.6892838616516	470.42503443130045	0.45022910980255615	5.130599714761855
0.5574745178663205	21.46595403026772	460.78718242956694	0.42605160143482046	5.0286576928006195
0.595921264155646	21.58717889865247	466.0062928024265	0.46262094405859444	5.073596124279869
0.5764377045692253	20.55011240194713	422.3071197326612	0.44430624334912894	5.02213964213766
0.5701021443104696	21.126748491411092	446.33950181934085	0.4661773974115244	5.087848393570147
0.5887314849300785	20.81784637360464	433.38272763500396	0.4607261560460518	5.160828900628765
0.5729664355193937	22.038445048132605	485.6930601395606	0.4378116377178729	5.033921685553963
0.5713437551933789	22.83046706079265	521.2302262139382	0.45719804785108087	5.306468830375796
0.5884114278653731	20.655057932992165	426.6314182152626	0.4513227272262248	5.068485919096015
0.5917264450073334	20.730391309414355	429.74912384144227	0.45313706802009923	5.075058441941882
0.5296207931980048	23.740802509023776	563.6257037724697	0.44340084953559467	5.25221316729677
0.5974167732284539	19.702535268430672	388.1898960037545	0.4630315892975825	5.071255255991471
