r2	rmse	mse	oob	mae
0.16428563407674868	30.25890970306768	915.6016164184033	0.8285257725152708	8.666179552193698
0.15041575318089795	32.27824677019899	1041.8852145578617	0.8458613553452623	8.849879253113853
0.16878457713382133	30.106172403839278	906.3816168096937	0.8419208942865422	8.87141531503018
0.16872224984512374	30.440810758452123	926.6429596318945	0.8326881879247148	8.893831799832276
0.14461524624258126	32.32317932034031	1044.7879213748752	0.8384254773312427	8.981220732844712
0.17144474587737824	29.66859502463734	880.2255307359355	0.8475231172562862	8.645077655981279
0.15695224042540545	31.361077194867626	983.5171628224464	0.8382301493421966	8.891111452494409
0.16385843564419167	29.372307723183553	862.7324609853881	0.8415188769068069	8.934601491352284
0.1671888779442996	30.371369732183293	922.4200994089796	0.8488101426693548	8.890815965312264
0.14328277536088185	32.56825320341552	1060.6911167217854	0.8443400136529591	8.905140328223949
0.17246673322729522	28.67468442319551	822.2375267698513	0.8479843349705599	8.962767215389798
0.1570041712841499	31.724449322804144	1006.4406848351683	0.839832566902201	8.83084056936621
0.14859479096646522	30.794455302719236	948.2984773911728	0.8568534583460914	8.916285088691284
0.1448767156375742	31.043426065648955	963.694301893413	0.8474961354364915	9.005564088604425
0.15191188672492828	31.735008166994568	1007.1107433592119	0.8469846885593465	8.909843432490211
0.16741072553652714	28.806317086437566	829.8039040843848	0.8452464146756349	8.796793015869676
0.15098266033056007	30.427561982460073	925.8365281964495	0.8568477962696328	8.954959969176809
0.1408073657168596	32.32817995414098	1045.1112191473228	0.8555461747128292	9.01831920588071
0.15769210035218173	30.83563224046601	950.8362156692667	0.8428815933455911	8.9031991312389
0.1684233718601651	29.680291260159127	880.9196892878782	0.8377628718432476	8.803830892066804
0.16092568298246412	29.09649338336074	846.6059272079555	0.856992859553366	8.973259733739447
0.18209724462067933	27.679427267082144	766.1506938336904	0.8470723703980355	8.585790389408496
0.150701198242726	31.87425550744216	1015.968164153707	0.8454628155936544	8.996455617953165
0.15779795583446132	29.65099438676331	879.1814681238693	0.8420805582818178	8.862965756882422
0.12653139777469513	34.524895147666804	1191.9683849573867	0.8402915138484645	8.956627406989181
