r2	rmse	mse	oob	mae
0.6567155440272472	20.468851776362044	418.97389304267966	0.35645967546842905	4.102313084961276
0.617430238641939	19.59813640725055	384.08695063719955	0.3317071514757046	3.9249947255488413
0.6643641031940337	20.484506805131353	419.6150190494727	0.3683057552608604	4.160159450696023
0.6662458922486236	20.235548990382785	409.47744294218177	0.37445059201168207	4.065502597815487
0.6806482599703226	17.28107710344391	298.6356258551733	0.3632697066872219	3.9546541722113138
0.6978009234526408	16.709557958899097	279.2093271818082	0.36006597095432613	3.9908415429380257
0.6512458664563321	20.806679045992723	432.9178929229526	0.3643602180755663	4.191274965850056
0.6153313470563841	22.233814920290374	494.3425259097268	0.3308455677618364	4.2012153872790945
0.6632860951412509	19.44064631764747	377.9387292478601	0.35693794434574744	4.178225098775766
0.6642524597928745	19.414491581070685	376.92248335146456	0.36309649396387056	4.079425068616359
0.6684653911915969	18.126980832357532	328.5874340966574	0.35691880768749806	3.937043148574693
0.666548424927668	18.456040592114526	340.6254343377791	0.35357607965468296	3.919871129277701
0.6516129106105273	20.131959550401216	405.29579533899073	0.3532197208472272	4.135212129007341
0.6687280440918251	19.05749929211855	363.18827926909904	0.35346690810777626	4.011631922255639
0.6426771579784384	20.57595855040362	423.3700702679278	0.3422950963703655	4.0866126955136775
0.6824958568600445	17.585838180480586	309.2617045100487	0.3554533921742422	3.921513330667596
0.6649628414227717	19.330085805783607	373.65221725895685	0.3459945138579471	3.9745163728316313
0.7063911252155817	17.475230495472804	305.38368086990266	0.3643574507047578	4.005844022877326
0.6401496648835787	20.289186822955127	411.651101936776	0.34131077107717767	4.035935657102882
0.6579618124901808	19.67787737265632	387.2188578932995	0.354037637659109	4.087609880733017
0.6746625615055029	18.152924234510934	329.5286582638944	0.3623655132370043	4.0136642013330395
0.6614184263081002	19.09129924753015	364.4777069587452	0.3644959569581986	4.119994445216159
0.6335160525130136	21.127276607774803	446.36181686142834	0.3271670362425063	4.139957196010163
0.6267531451437839	21.481916522875792	461.4727374958039	0.35990153582478457	4.232656953199537
0.6718205085490585	19.277884348116828	371.6368249393678	0.36164464335820334	4.050619122938237
