r2	rmse	mse	oob	mae
0.5610384194787972	22.946531176645784	526.5432930407769	0.4369181927936924	5.1315815784259025
0.5506994961399897	22.331696575569822	498.7046719433169	0.4402062683724173	5.07207442249854
0.5534460170288296	21.88084527632102	478.7713900062999	0.44773922927835574	5.126174091692313
0.5552598210086732	22.985938740358232	528.3533797755015	0.44673473922727025	5.121413581542997
0.5246908232463905	21.80093315404083	475.28068638695663	0.4395326250948819	5.069568087807372
0.5462803559032476	22.57520866447951	509.64004624479077	0.4398529882636316	5.11933470004157
0.5588036142036742	22.433049388321397	503.24170485886697	0.45169078619678094	5.124031952619433
0.5677079244248211	21.50653042671375	462.53085099516426	0.4569860550508611	5.10461903575322
0.5595200515931473	22.937149074040097	526.1128076447385	0.4428096612103347	5.1242816224138235
0.5535319601766633	21.875954329483104	478.5573778256306	0.43645034760407153	5.058492922133793
0.5570141178298195	22.970731593588013	527.6545099446625	0.43664683051437714	5.065703430372592
0.5463207690348415	21.376178549730195	456.94100938994535	0.4305992115083149	5.065303167536393
0.5850210475699129	21.76080710658123	473.5327259298361	0.46030783692592325	5.064036746411419
0.5988446756430587	19.91076663207531	396.4386278769635	0.4541801543695452	5.031254328487013
0.5599290100185772	21.220211290210568	450.29736720118	0.45799787703817474	5.10866666840384
0.5681037076098576	21.38727730392419	457.41563047495083	0.45709305146517587	5.068091430510239
0.5853044230306476	21.37058630530791	456.701959032614	0.4628559903707936	5.091823669368477
0.5714766298452367	22.13196100843723	489.82369807898596	0.45263201179348855	5.165794173194222
0.5737501791780599	22.46198999067261	504.54099434107644	0.46296419523048427	5.234547718554002
0.5522382382295681	21.740116213609596	472.63265298125077	0.4527747486177751	5.163900243953495
0.5048178214056791	25.320597248456714	641.1326450185537	0.4371729132890343	5.354419956126719
0.5576541191648103	23.385008003320728	546.8585993153745	0.44301063435372257	5.224944888968748
0.5576536518536199	21.73291069975831	472.3194074836692	0.45394379957202347	5.172886707517137
0.5431231394143546	22.71655530188604	516.0418847836467	0.4321889170999381	5.142876671295876
0.49794444642901603	24.13886588235035	582.6848460860977	0.4218753669561178	5.181753184347859
