r2	rmse	mse	oob	mae
0.2871913310222197	28.94943294812909	838.0696680182222	0.9171219655067903	5.49934420346936
0.2938535574295754	28.749506688612087	826.5341348385512	0.9458597176064399	5.467780282165227
0.17250981910459717	27.736148908768484	769.2939562893793	0.9214484240498124	5.350828441478035
0.1243181054003546	31.03446016957092	963.1377180166838	0.9458341263774077	5.384301753039465
0.3970400433646252	27.099674148218952	734.3923389396466	0.8569291376448975	5.178042294384521
0.4223229837255542	24.758108004116913	612.9639119435179	0.8822373929007503	5.038683852234393
0.20970195714446138	30.296291604312785	917.8652849735532	0.9723532363666345	5.508188277241489
0.36119579815822866	25.28263792658559	639.2117805268241	0.9057067539628996	5.272467218358719
0.13805160088831325	30.98628636228847	960.1499425257444	0.9410017459938996	5.7015322700294035
0.33455099620331874	25.678888447411104	659.4053118945835	0.8863997752583447	5.119529589722292
0.4191221098975686	26.90552627190239	723.9073439680296	0.9030161651170225	5.141590280349085
0.234173678456436	27.218233716299984	740.8322466351293	0.9345618560004327	5.188991380456991
0.466437768998027	26.64424907740897	709.9160088990086	0.9032412839056819	5.283221880251898
0.28040468477103075	28.538207635148403	814.4292950268426	0.9515323111760543	5.550376976058105
0.2805288667491518	28.193700382273445	794.8847412454058	0.9810214078908249	5.393269710612107
0.009768637909279732	31.86785182942294	1015.559980222055	0.9817412944950763	5.547485359971292
0.31900093865931134	27.788154463552672	772.1815284902623	0.8686655577831707	5.233706277251867
0.321756560641267	28.4844515134367	811.3639780213263	0.9403132770597311	5.419301179217456
0.4888789684327334	25.704819030936953	660.7377214132187	0.9113185195843245	5.065327974238845
0.24165408480706774	28.35145090122056	803.80476820432	1.0285573286143217	5.4626000995562185
0.3064812626826461	30.612409784584777	937.1196328193419	0.9059309911792172	5.4397861808011285
0.313653619493108	29.05381721808613	844.124294941958	0.9232104017150542	5.48228449187249
0.007209221968640489	31.368723497577598	983.9968138674768	0.9871126412653767	5.699283687455106
0.22604919455542694	28.028096853888208	785.5742132509381	0.9401152777681986	5.517495779733675
0.3603889648540616	26.67748239415614	711.6880668905109	0.9130974612587905	5.200294801966085
