r2	rmse	mse	oob	mae
0.11050196518742095	30.05097822835427	903.0612924810224	1.0051763795269988	5.655990649014195
0.087863704386265	31.138300821762517	969.5937780665762	1.0063814006596532	5.444418731980009
0.2603526875610094	28.464753993753355	810.2422199248977	1.000591130542542	5.421478405990552
0.18015343474342682	29.883184537320993	893.0047180915806	1.0009642934024225	5.371656620044369
0.23260703309642794	30.038002286982817	902.281581392785	0.9925725169216956	5.285335452205521
0.37501424803885974	26.91873261762351	724.6181657391079	0.8381134049431852	5.17984935804193
0.19565863124199023	28.73311733919693	825.5920320280593	0.9584675026675954	5.132182372585138
0.41885104808417684	24.67566474331989	608.8884305247202	0.9409579935512138	5.073446225356189
0.060695085950492556	30.64555332359816	939.1499385094983	0.9420338667681778	5.302917147834618
0.10263395552859489	32.884890195198864	1081.4160031502865	0.9150883202644576	5.7008470218494605
0.25853691621223374	31.483956060105978	991.239489194684	0.9829038992814795	5.726034754804786
0.19759518519564223	31.946968253541712	1020.608780592802	0.9643269630431891	5.576996178571866
0.0477818595419951	30.74586755013455	945.3083714104167	0.9918275758856603	5.5017866669394015
0.3369246129467226	27.802650810826798	772.987392108768	0.9339304517225901	5.175436099870716
0.29515619617686406	28.36010797392254	804.2957242925448	0.8924197863018708	5.237149833855892
0.24084042365257974	27.408705873460704	751.2371576578793	0.8949836764331033	5.076702979472873
0.21083860644668095	29.145041066451657	849.4334187651535	0.9794391874728879	5.434333643630222
0.05492519072880053	30.740819337376386	944.997973533214	1.011825767475528	5.546654442714732
0.4029437821101032	23.90305689501593	571.3561289263686	0.8224212346572983	4.762883799955301
0.27758256624877287	29.195421543365082	852.372639094786	0.9525257379232812	5.281917904458815
0.23596262864700424	28.48101402873049	811.1681601047429	0.9267815164223333	5.004366303980601
0.16131912348845867	30.389727700626356	923.5355497182168	0.9202726828367054	5.648847448675121
0.3116671513713023	29.18154255642553	851.5624259724742	0.8752051607388407	5.329485354337316
0.184816477367996	31.828285967456306	1013.039787626176	0.9319996094609326	5.3179335891678585
0.38471273269681294	25.908613188655384	671.2562373593677	0.91117010910998	5.107646404744206
