r2	rmse	mse	oob	mae
0.603327008927249	20.956162155241447	439.16073227677384	0.4127160945937729	4.81734161904202
0.6037536222769189	21.329784498372153	454.959706746997	0.43370992492812177	4.832760877879536
0.6161678064883125	19.46324718972533	378.8179911683509	0.42531603512506133	4.740337622778883
0.6431670536963896	19.550736871690212	382.23131222606725	0.425996948799633	4.739159935140628
0.5915471213404992	21.875751836497813	478.54851841203737	0.41342657063371013	4.874329579523564
0.5969948996493961	20.972565714572138	439.8485126520468	0.4168456958426854	4.813995420246213
0.5708227486248991	23.395870054625107	547.3667356129038	0.41264704950723297	4.876952418495722
0.5798466018923137	21.249706580714726	451.5500297664707	0.42420947417303867	4.909685655886629
0.600251896198984	20.94264607416406	438.5944245876993	0.41873765484749814	4.641538142731063
0.5654707654709619	22.511517353526447	506.76841355812235	0.4029154635818608	4.809237151284961
0.5909029782475876	21.186713251180983	448.8768183877678	0.4136861292072458	4.855651694308274
0.6184189189325253	20.44249459064179	417.8955850884189	0.4285155961041913	4.734961021309317
0.6053890307821873	20.586361140673354	423.7982650142259	0.42234739163947077	4.877392438442843
0.5728889506572594	20.680502938293117	427.68320178075027	0.40569094094651115	4.814424637010663
0.5939051682673935	21.736194676055007	472.4621589953621	0.4105929300760004	4.761835914006831
0.593849330174784	22.07260512109337	487.19989683171724	0.4229949355054956	4.964989819540965
0.567756283675559	22.662399293996334	513.5843417605256	0.4150853740545304	4.87643354988654
0.6023600103676605	20.874566962759516	435.7475458827311	0.42311096147770344	4.782812471295145
0.5839829962809777	20.91293793378721	437.35097302243605	0.41430625342432825	4.748642965906796
0.5638365729495604	21.892773262665866	479.2935211304974	0.41965247278259465	4.793770969975689
0.5620172928305722	23.444861651370903	549.6615378519219	0.40547066986753877	4.935476309585094
0.594622316437243	19.410017544414224	376.74878107446796	0.40406564296915537	4.665757519106677
0.5813034204236436	20.774979962216193	431.59979243048434	0.4173053667142832	4.702821767703117
0.5304608327306214	24.360745233933496	593.4459083526135	0.39218231264654124	4.849487539945485
0.5820033286860962	23.018376893855073	529.8456748275612	0.4155900826480382	4.829840823648321
