r2	rmse	mse	oob	mae
0.6901404516902643	17.710202346553675	313.65126715587536	0.33444339668930634	3.6948746922304223
0.6655801696958775	18.843119895082385	355.06316738044956	0.32296291202993244	3.701544766668276
0.6576098952955521	18.70635321414427	349.9276505723256	0.31814823895972155	3.6293029225827933
0.6503323694507515	19.21215017831376	369.1067144740814	0.3160467953312648	3.695918980242928
0.6940007528650529	18.232728169650525	332.4323765083678	0.3323769108391268	3.641470497833428
0.635120543849264	20.91203412264912	437.3131711468412	0.3180597523825235	3.8105804594649633
0.6741859277237392	19.879761297836186	395.20490925894546	0.3364801937443471	3.7714262017621176
0.6351437271908407	21.081042979887712	444.41037311987293	0.30964774129612416	3.7277914659300375
0.7119689861432053	17.774859614490538	315.9456343148467	0.33481553668426434	3.5963213413602775
0.6388781123498705	19.045313626236386	362.7239711217054	0.31874412542282626	3.663602212649805
0.7099752088708304	17.71369432081396	313.7749664912368	0.32948813113552333	3.7005990873635852
0.7114939363415478	16.37928578766436	268.2810029139838	0.328853940410635	3.5418854127107786
0.7385097919486667	16.506901836718317	272.4778082470545	0.3515943554150922	3.525582907342479
0.6319792774987542	22.031150560015497	485.3715949980711	0.31466469841347455	3.7799852345684117
0.6590305891881032	20.08390714541744	403.36332622574974	0.312620249218479	3.618955324537135
0.7158969074360775	16.07536756625037	258.41744239005436	0.3324914926350597	3.4472345684768815
0.6848225902793329	18.066255070767298	326.3895722820251	0.3216601697313455	3.6415657951078955
0.6889654289867047	18.339150420600884	336.3244381494256	0.33485096512222223	3.5798811195058815
0.5859596335062802	23.960175499673188	574.0900099751393	0.29442336565526794	3.910870610665468
0.6996598786668895	18.222769629670637	332.06933297604655	0.3369818840329881	3.6504084547434132
0.655419391755421	20.973126134427797	439.87201985061836	0.3200594070451632	3.6969124154045008
0.6617156002642959	19.321357695747857	373.314863207035	0.329448419262772	3.7825678400401634
0.6238393756755323	22.334837853692672	498.84498195074315	0.2954223117110534	3.8682701981122802
0.6455203866289605	20.205723318823	408.27125483682755	0.31172088033300405	3.6449614180084318
0.706085515477102	17.399259618289097	302.7342352646257	0.34274075086838207	3.606107712650391
