r2	rmse	mse	oob	mae
0.15690230196483013	30.84702604555446	951.5390158551154	0.8369034787951924	8.803150571892308
0.15904508320413902	31.890409676288787	1016.9982293215335	0.8461371218467189	8.875151228014534
0.164050556480146	29.374265602114974	862.847479663595	0.8496797865559981	8.91011524509285
0.15895456644237382	31.875213634431784	1016.029244240666	0.8361167388247138	8.954454133708568
0.16535256319029257	30.027241449119078	901.6352290436948	0.8363139881430199	8.768342337517414
0.16697601002086804	30.661818441586224	940.147110144797	0.855359944008357	9.029552391393558
0.15665514931981606	29.51914029047896	871.3796434889781	0.8446892097905885	8.879148039847738
0.14363592699972527	33.00564735867955	1089.3727575655105	0.8431239676508486	8.876938226434811
0.17428139504016726	28.038065025291505	786.1330903624747	0.8493828301039472	8.811882778947522
0.18191580238339333	27.30309097547677	745.4587768151611	0.8538112764068851	8.634321900537367
0.1808693359426401	27.937671271863763	780.5134760947218	0.8395298055954334	8.809348557964155
0.15230221389558274	29.467228685358457	868.3175663952122	0.8377253350826012	8.994085930794588
0.1546883350234135	30.591609540977004	935.8465743075952	0.8353182233091364	8.923830546434772
0.15563775975311456	32.63216078342896	1064.8579173955588	0.8425997643513008	8.988437470631013
0.1528774584989402	30.364422395756815	921.998147427938	0.8518882551937697	8.930690099638488
0.17355335811859285	28.359920121795394	804.2850693146153	0.8417501833516449	8.67684447418763
0.16367975501415066	29.808471469977125	888.5449713764401	0.8409048230932966	8.784051952047538
0.15783716805212722	31.95602307983165	1021.1874110787331	0.8396591609710101	8.929629799645054
0.1612774750329149	31.251709652985685	976.6693562345187	0.8462552954406952	8.86206794381028
0.14688759434800136	34.09847713883986	1162.7061431879847	0.830274770938435	8.958927074688079
0.1687658414463471	30.37862045899413	922.8605809916169	0.8385543718764739	8.793286451042599
0.15071410641758554	30.917517715166973	955.8929016676635	0.8446832264581571	8.886809913166784
0.14987844734546507	31.093981248768703	966.8356698987797	0.8436819532012967	8.829305889588069
0.16785409077213864	29.113012352966123	847.5674882639581	0.8465415252092047	8.892555440148776
0.15877120881851092	31.02668087528892	962.6549261370193	0.8371789214593385	8.919069340982917
