r2	rmse	mse	oob	mae
0.6629255133271604	20.37945766904753	415.3222948845002	0.3248001838149278	3.8745627276264525
0.679137691004245	18.883958752292248	356.60389815827494	0.340195092151963	3.781438868917676
0.7034826168645012	17.927919290083416	321.410290071745	0.359252786108764	3.761359623081862
0.6926902335260691	17.314814503741403	299.8028012989737	0.34227178112338796	3.6995780274165044
0.6658862132154426	19.15364824387897	366.86224105024786	0.33836466018298117	3.9174383986940615
0.6628706343114331	19.847058934049596	393.9057483316378	0.3199077379966262	3.8093085017837702
0.6621721742430298	19.779863130567435	391.242985463981	0.33262502299085606	3.915610785256653
0.6707017265834434	18.96477273207243	359.662604779158	0.33199946310425243	3.8636800248350642
0.6932312424894719	18.663617430198897	348.33061558082414	0.339229887579908	3.7184806892873086
0.6600835092425041	20.273257401017215	411.0049656478993	0.3258307522748358	3.8652992796823797
0.6791987529392183	19.01335440645999	361.5076457856515	0.3363355259379608	3.762990714167461
0.6723404686607081	19.21278114875647	369.13095947001204	0.3419068413385197	3.7319339754939347
0.6616813762529281	18.6854100492162	349.1445487073497	0.3309555898428088	3.8282816681640846
0.6850474122387347	17.619618994711544	310.45097351879986	0.3357100799971149	3.7570278517366202
0.6428645499391926	20.34098831418773	413.7558055979218	0.33083298530255845	3.877263485884778
0.685648830807231	18.05877646764111	326.1194075082283	0.3400217765593394	3.8102801161544697
0.6445659827219175	20.258462421488034	410.4052996828428	0.3147400317715673	3.8371315182727876
0.6735564168338064	19.172133955374353	367.57072040281827	0.3314936470323695	3.8077249092043655
0.6363441641554963	18.774166022862122	352.4693098539906	0.3367163039871832	3.786788647380438
0.6246334824135238	20.7665328554355	431.2488868358821	0.320602407981444	3.7970222747422104
0.6581611277864983	19.1015352014567	364.8686470524894	0.326012942341285	3.8416230280671977
0.6585429523727999	20.22358094419599	408.9932262064472	0.3274332181118518	3.9048752504151096
0.6460136039374625	18.858367046621332	355.6380076650934	0.3352239491290002	3.762284336216588
0.6877332785753891	17.956632821013446	322.4406622686973	0.3443126743515472	3.764121469318099
0.6633574331362521	18.68245599964016	349.03416217849053	0.32928989266660413	3.7747086515511237
