r2	rmse	mse	oob	mae
0.6644994264734917	19.337212833548136	373.9278001699388	0.32916589301806587	3.6217509603295497
0.6846466786510887	17.597603919465964	309.6756637064039	0.3274202279854729	3.632316480225643
0.6875434798111739	19.7773516743135	391.14363924947105	0.3296923441380146	3.744566552429669
0.6615144151334051	18.73022476753145	350.82131984224856	0.3115992773728796	3.6051246298464026
0.6483625034189461	21.270283110876864	452.42494361685357	0.3211674254824093	3.804404074120025
0.7117502346394858	16.897705354416736	285.532446244684	0.33909353125748476	3.543338517071354
0.671429473942514	21.10518129891524	445.42867766008163	0.35086472353377807	4.0219051073735645
0.6541646799362355	19.610582831395615	384.5749589870285	0.30892738676452614	3.6637854075322998
0.6693194606969644	19.3984000624739	376.2979249837874	0.3324209909184055	3.6541277090911364
0.7117421461628369	17.227173981849464	296.77552340091114	0.34357849413638974	3.617897511803386
0.6757834257786435	19.585975068630205	383.610419389004	0.3275143721885849	3.733862661197722
0.6816699577884417	18.562483993610602	344.5658120130498	0.32454132607430786	3.5686860554451334
0.6216534915383403	20.36089326838456	414.5659746865478	0.3127856200939876	3.7634587970312343
0.6652638497065071	19.092103312989362	364.50840891385934	0.31950624915070935	3.6241657071814433
0.7200519690647805	15.799636953794886	249.62852787172093	0.34223925980582404	3.5313879495045284
0.6113589819885512	22.19194867732733	492.48258609713014	0.2907238240892309	3.710325727164758
0.6753741570407078	17.827889393883666	317.83364024054976	0.33083669590041453	3.6420623927924427
0.6204998300568609	21.19512777581124	449.2334414329651	0.3033334135475281	3.7557842336805587
0.7020511252118312	18.0546814630643	325.97152273271763	0.3405766549695961	3.682944044315588
0.6937677526787227	18.199740144704343	331.2305413347629	0.32433560736313294	3.597107452045804
0.6991087687262749	18.475502671302742	341.3441989573148	0.33178119989166666	3.621588433951569
0.6749307842989143	18.427101956422817	339.5580865124016	0.3321164116952344	3.64272455391545
0.683562399765587	17.944403704149305	322.0016242974873	0.32998063501312225	3.5090897983771527
0.6753569850161165	18.071990061380717	326.5968247786434	0.3337026621732454	3.65092766384645
0.6212454053222198	22.96504196837339	527.3931526091512	0.31480475105928896	3.7962359684942455
