r2	rmse	mse	oob	mae
0.6267679444057376	20.654499091116016	426.60833270491236	0.4043863358663937	4.472372919378618
0.5953057722736828	20.926513930796858	437.918985295835	0.39829420320674114	4.232409847084085
0.6134169705055824	19.918379929907776	396.7418590321529	0.4634959341230025	4.5164206067392385
0.6210687140022749	21.2981748705872	453.6122528181121	0.4056268836172785	4.420665017615367
0.6018986791979619	20.929518049381745	438.04472577939623	0.4220677559645807	4.46343517345148
0.658081317360083	19.048651536076964	362.85112534288726	0.4015128932660209	4.24648358753162
0.6649296254620679	19.356300594053398	374.66637268735195	0.44663172389809813	4.431124786197376
0.6498561400309109	18.958861337579943	359.43842321758353	0.4109683464781192	4.304892515475835
0.6015656388560414	21.01717813530899	441.72177677131026	0.4299654310111377	4.596640485323356
0.6219317832314659	20.34239479987004	413.81302619377965	0.4327040706037224	4.532658816163999
0.5915796771281583	23.0857974005237	532.9540416180267	0.40430873741765005	4.645310914900186
0.61519490448594	21.61941715523496	467.3991981320677	0.40221303614382875	4.378458200427067
0.6467617043085997	19.65467066931175	386.3060791191036	0.4256454035428916	4.431160913768923
0.6345405219163294	18.872978356536795	356.1893120463063	0.4201284314849244	4.447831097488948
0.6296703443619334	20.440541907433197	417.8157534695327	0.41096137655485554	4.342419388583832
0.6177434860050638	21.053817846838484	443.2632459278546	0.40796013131868336	4.451133396247478
0.6342294765269492	21.1475546769318	447.21906881382006	0.4201595782118398	4.403000431918573
0.6111049828805406	21.74700500632924	472.932226745309	0.4101591852720812	4.504545784646262
0.5356809614413447	22.08088585293743	487.56552005045233	0.4186620191884689	4.565609165597726
0.6330322619598205	20.316820928657172	412.77321264712214	0.4070042836156531	4.4036735861999725
0.6132805937477288	19.31959638025829	373.2468042960892	0.4089847340902544	4.324089436408171
0.65119027672165	18.968042332438404	359.78662992517536	0.40278890074982376	4.38476581480254
0.6087167577255048	21.29248360918226	453.3698582472952	0.3967670255362922	4.371823812536806
0.6509782087876241	18.173323446458728	330.2696850896066	0.4040883198084415	4.390310743936143
0.629121139864004	19.7114014328892	388.53934644850636	0.41521906929987784	4.343200036451219
