r2	rmse	mse	oob	mae
0.6343936335467835	19.961423187835436	398.4584156838542	0.4034578948939074	4.292102501049478
0.6003611850632407	20.949950793716074	438.90043825912477	0.38398500374595623	4.292322107199292
0.6439892111939716	19.422191072246086	377.2215060468356	0.4356019131919653	4.350407628301969
0.6204052474411352	21.110179102087944	445.6396617222305	0.39526191140326805	4.262738569373662
0.6165449755293261	20.7254436713308	429.54401537350594	0.40821051348265003	4.2988127263417955
0.6124873509324886	21.684836393681532	470.232129420735	0.39395817879662665	4.4274554779005335
0.6346340370931582	20.55118238827323	422.3510975560718	0.40379008978111564	4.306944147834152
0.6091002238335592	20.629047197770547	425.5575882878449	0.4092158855090635	4.31983359356814
0.6420522276935285	20.302001875695275	412.17128016073445	0.4031558514420358	4.2865960857697685
0.6211003006875229	21.166707906385064	448.029523594224	0.3953277335070903	4.365335969743804
0.6427629654079212	19.857843385966852	394.3339439415875	0.4011833412948642	4.3109760020897046
0.6068499781725203	20.045473687390913	401.82101535188144	0.380056204528209	4.30110062216484
0.5982873393924115	21.09911452890346	445.172633903785	0.4100680940054855	4.331197943805021
0.6106405669135944	22.429397227700676	503.0778599979867	0.4076946416595484	4.374343637374892
0.6187565223127811	21.6695105267429	469.5676864686214	0.418707602997926	4.451927229404133
0.6436060361701404	18.958502920030433	359.42483296880243	0.3853992056916904	4.066713157691172
0.6214301046126371	21.273817678508617	452.5753186184258	0.4032594146735544	4.404051190965634
0.6040626427550982	22.956259303889755	526.9898412274249	0.36761048483340975	4.2400288394082555
0.6284723158700665	21.29638222230311	453.5358957584279	0.4082234529960519	4.4313955409604135
0.6479060539262861	19.755271252855504	390.27074227389915	0.40280858412412324	4.387652850891097
0.5996848062688496	21.233448322071336	450.859327646074	0.43419260317129726	4.463161741187856
0.6137717292507582	21.6389896792637	468.245874339281	0.38098945949201557	4.268524492178862
0.6452455441124292	20.237903221041858	409.5727267842564	0.4243253861297164	4.269621357287755
0.6309750793542788	19.811639679862715	392.5010668047109	0.4050644619938255	4.362992807383928
0.6112224081322041	21.250971190052503	451.60377652044156	0.3754963945924934	4.355880797826812
