r2	rmse	mse	oob	mae
0.6668325674478173	18.521065169410072	343.02985500953497	0.38674205153043295	3.7143690573208827
0.6848586338606948	18.48657166434808	341.75333190107733	0.37020099139277884	3.70541872929702
0.7219201237584074	16.391465794156865	268.6801508810146	0.38252271617490796	3.6908311855649325
0.6897781464631885	18.395472737401775	338.3934172324919	0.36660569448719704	3.763582237684254
0.6855141401348754	18.58764083023588	345.50039163385196	0.38287403561815414	3.7406178897336186
0.6966947673888517	19.244636576012063	370.35603694278126	0.37485469252517545	3.8867090219928127
0.6758800023192226	19.644558374574498	385.90867373206504	0.361859958237164	3.8608584864011104
0.680576686312365	17.31752985691536	299.8968403451549	0.339611748713881	3.594604327172123
0.6703165344777853	20.355859606039083	414.3610203007736	0.35589667555369475	3.82153781303142
0.6831082703280434	18.44200295507344	340.10747299493755	0.38808422366127737	3.7662137533586284
0.6736551943981326	19.282472528369247	371.81374680731466	0.3803372749637277	3.803943605593585
0.6825719433332316	17.4805707479683	305.570353674725	0.3625893228372453	3.7003772924642884
0.6545843559335709	19.12330641995178	365.700848431369	0.3544365687106976	3.740780235142513
0.6522016227503249	19.31278807770047	372.9837833341695	0.36236354432202056	3.821588557888559
0.6688705612925179	18.957948636476132	359.4038165032673	0.3889089927207424	3.7547715191284174
0.6255342355210243	20.805831388521387	432.88261976758173	0.3221129688872435	3.85809469972211
0.6683520585510997	19.663798973852348	386.6649900840767	0.36046792446047304	3.7446344993879492
0.6658218580510807	18.27016920746988	333.79908286958056	0.3664599102783881	3.8485516888802884
0.6595194407590763	18.512397298109867	342.7088537230655	0.3535499516401531	3.749130292879539
0.6872851139948679	18.143094696357586	329.17188516099884	0.35644100205542784	3.7275134102213716
0.6710051213892453	18.767504678904558	352.2192318727044	0.38356427053718045	3.7807444273157205
0.6884583243064647	18.55185330233723	344.17126095144073	0.3761797301477421	3.8693049529892662
0.6686112445600094	19.451391278141458	378.3566226553575	0.3739952142371865	3.860431121706168
0.6645982969055181	18.93721024787068	358.6179319720583	0.37860266280031873	3.707956010471394
0.6925802991002186	17.142386540278935	293.86141629633636	0.35870891094669255	3.6375246273687947
