r2	rmse	mse	oob	mae
0.6295325562700614	19.94954328451375	397.9842772606877	0.35364486344192203	3.879560567700771
0.6813773229631591	19.00236331886324	361.0898117020791	0.3664277299376477	3.8192680960233614
0.6622296047945684	19.803438589164333	392.176179954803	0.36399902529635497	3.915218084643832
0.622053707886574	21.096174323660463	445.048571094271	0.34463415751039594	3.882813469315996
0.6624102500652337	19.27208409262495	371.4132252732077	0.35213032901296293	4.009683422070046
0.6870908311873045	18.858532481849895	355.64424736898764	0.3805949145077201	3.8772928238470934
0.6854527531863973	19.402644882967724	376.4626284545537	0.4037292150939158	3.975811864887327
0.6646837739470248	18.812978002402538	353.9281413188817	0.36866981040644153	3.863635622180179
0.6433023706589277	19.820114659747187	392.8369451255254	0.3413904923788009	3.9209543856150564
0.6467617535159806	20.09046648657964	403.6268436483797	0.3723217928223226	3.9447450200730234
0.59410825567411	23.098947687504587	533.5613842700735	0.3447994676276156	4.0636321767866805
0.6490627819503676	18.706276869463217	349.9247943170145	0.35548744983265923	3.9549556734248377
0.633036850103464	19.781047815490428	391.2898526787186	0.36206381018184963	3.892714161289258
0.6483895869690492	19.28415908396618	371.8787915757153	0.363452033898656	3.7730160173383225
0.6737391053217765	20.07905554274709	403.16847148872256	0.3735725786629629	3.938582532118426
0.6545344379412076	20.117618380297596	404.7185692952877	0.3747489484036183	4.024142059597689
0.6471809597585709	19.919751065967578	396.7964825301164	0.3766820253211859	4.042455615825236
0.6627452188653054	18.247220035789308	332.96103903451075	0.36831986297865393	3.966507310237031
0.6524805047290678	19.3401208019566	374.04027263427446	0.377863401634708	3.9567600224696617
0.6261339381672714	21.500782344432547	462.28364142266236	0.364470888496748	4.027098208299264
0.6643786604648394	19.314311735537917	373.04263781753775	0.37297715739288373	3.8638326109511127
0.6648926088317875	18.35005650845051	336.7245738633269	0.3668310524453223	3.7368944082872435
0.6770262918230803	18.531248664960096	343.4071770825853	0.37749495327927374	3.7321518966811054
0.6899190941224976	17.170948873081798	294.8414852019891	0.3961538595347842	3.886673212640926
0.6160717314776059	22.88081380474933	523.5316403676076	0.3571774711844973	4.1548405556118455
