r2	rmse	mse	oob	mae
0.6655327065790935	18.38724075984699	338.0906227605785	0.3698776552909908	3.7400611530556382
0.7079753749547512	17.502313347279447	306.33097250635626	0.36958523434408375	3.660724531764204
0.6585274779695999	19.593257271011012	383.89573048802583	0.3649746047710458	3.760653678576762
0.6422308007191899	20.34918503339652	414.0893315234089	0.33991112931691014	3.7999256752913197
0.69085121987373	18.14537057159862	329.25447318063715	0.37306253321295313	3.8158966328556954
0.6730499168219098	18.58002898821145	345.2174772027778	0.355470111302427	3.6334861266040317
0.7205499859647392	15.84630991484338	251.10553791726358	0.35688949610341447	3.5994684843631792
0.6377370647679845	18.514594118425133	342.79019537002256	0.3621209804954977	3.7570117586286718
0.648937004128107	20.378777505498338	415.294572618605	0.3763486740265778	3.8884758268694046
0.6869173223243015	17.582768337716324	309.1537424177996	0.3630123140108681	3.6623546877761073
0.6414341363978047	20.739083903766442	430.1096011674643	0.3640318055799101	3.8813748522009663
0.6672146238617304	20.218369153057758	408.7824512093174	0.3748444790110911	3.8361064577960007
0.629550666981607	20.741098460536236	430.19316534965856	0.3563825339309712	3.8425992916614478
0.6554417752383292	19.2427654217644	370.2840210770516	0.35588847535260326	3.7226816372303033
0.6670111684973749	18.16367737626514	329.9191758290461	0.37396033784127947	3.6824551774385443
0.6470201768431421	19.42301441525176	377.25348897507763	0.35033097507127886	3.7774332411827976
0.6919897845398113	18.275726723394577	334.0021872681986	0.37957112880900334	3.8191703752097346
0.6500366449807446	19.973192062488334	398.92840116504703	0.3533870230409837	3.7477473457077752
0.6909478668816466	18.43066032379388	339.68923997107	0.3761216251351909	3.785295895052581
0.6954209444352676	17.825955054887643	317.7646736188744	0.3771042110892717	3.681836034934257
0.6636666881372061	19.389466033083277	375.95139304809015	0.359504177176027	3.745199611748753
0.6571034149657975	19.76915411598287	390.81945446148256	0.3722568282502787	3.8187172681421466
0.6403638331456033	20.004835761689332	400.19345385216434	0.3575374011562418	3.871163443585107
0.6611520991437578	18.552993166711577	344.2135554440465	0.35151832538496663	3.68327762032019
0.6411372945851739	19.679761728309828	387.29302168304815	0.3527025395305048	3.748887203010845
