r2	rmse	mse	oob	mae
0.658233245716684	19.623706743386858	385.0898663504468	0.38302793846780026	4.2461348329403386
0.6813188636850227	18.08066023578755	326.9102745619891	0.37478588478029085	4.0152028688062735
0.6242029065405861	21.156711533918475	447.60644292943897	0.377405119094794	4.282146673481544
0.6538818764254526	20.568257744631914	423.05322664961074	0.3631634084723909	3.9500707445912737
0.6459484760137494	19.4136875270177	376.8912633966827	0.3696904282354694	4.132243728723401
0.6287405387146918	21.025419427026936	442.06826208240165	0.3631385400091407	4.302847141269129
0.6376892443219881	20.96823671565617	439.66695096379146	0.3777933614401142	4.294015189760793
0.6832433880322564	19.43332424006686	377.65409101957016	0.39614995548931264	4.170558428157207
0.6477996216275206	18.911936477742238	357.6613413381575	0.37720679134754076	4.134654493016427
0.640063343341263	20.758909010113108	430.93230329015523	0.37393440648092013	4.140691673531491
0.6535147867463422	19.364347043764255	374.9779364313414	0.36774093339489244	4.055583100256986
0.6573182449346784	20.26368318336732	410.6168561558835	0.36275148766696796	4.141615359285697
0.6633678257403635	18.625115343084136	346.8949215431881	0.3810413598981379	4.066636129191044
0.6573015846480081	20.966129483385526	439.5785855140879	0.3637491474579344	4.162048366485615
0.6346202806734038	19.219175505399374	369.3767071073433	0.3599150645086445	3.998137127487317
0.6535152037621251	20.51409823283794	420.8282263065247	0.37555283939193995	4.045428381154197
0.605804763645355	21.943044244461955	481.49719071441496	0.3671454208419649	4.180230940673148
0.681157475068338	18.39180862795031	338.2586246071475	0.4012634813276488	4.082732404804163
0.6060793402421543	23.076555412479575	532.5274097052403	0.3689472730440655	4.371372215315803
0.5899361539798658	22.336575831664717	498.9226198837084	0.32925157866398147	4.133190470973957
0.6501742652441043	20.79203140479571	432.3085699380111	0.37189375929739654	4.254931303312906
0.639257859076737	19.40321495534822	376.4847506034488	0.37614580490472727	4.078956125777918
0.6696132216039308	17.371943905693175	301.7844350625503	0.36542735632476253	4.0913487535856925
0.6273962442643848	19.419458847553244	377.115381931814	0.3797908590121257	4.154042054551652
0.6635543808856537	19.41346864847203	376.8827649652064	0.3950324179043494	4.086778710801426
