r2	rmse	mse	oob	mae
0.6566944653226615	19.971639434996664	398.86638172151385	0.3573287663736602	3.7856737183658655
0.674522112950747	17.959502479642254	322.5437293162762	0.3463954998526003	3.74775793509955
0.6885983702393564	17.711198732531805	313.68656054323617	0.35421533868435806	3.6452059264050822
0.6650635855741539	18.631581136453306	347.1358156442427	0.35452539696700014	3.792977271843214
0.6439980882898217	21.357262331233557	456.13265428512784	0.3748073928380964	3.909413077959822
0.6377556852870236	20.93940964468897	438.4588762680933	0.3315737283666026	3.7242421793011102
0.6616310993679915	18.71847881847752	350.38144927779166	0.3617280380772936	3.6754964564871213
0.6295476332209029	20.57508047389456	423.3339365072371	0.33565190331399186	3.8033970020688903
0.6946965361710933	17.330550926893128	300.3479954296363	0.3633359418141897	3.5804195022068592
0.6506821448814688	19.94642841116308	397.8600063616537	0.36101186104516314	3.7806261690934675
0.6379223561632881	19.78061609734683	391.2727731906165	0.35729781056408405	3.871430687067349
0.649066445946427	21.666509826904637	469.4376480793552	0.343717770814169	3.872756314469654
0.6933478764696213	19.278513532067468	371.6610840061085	0.36343230341379795	3.817722383534434
0.6773999681990264	18.8748255598443	356.25903991455175	0.3607860081596068	3.711625114088349
0.6760816746837739	18.287457909263217	334.4311167830738	0.3659309621224892	3.8230617129977627
0.6223966062668682	20.569387913505896	423.0997191362824	0.3275191044103296	3.725758613836379
0.6582914736628673	19.257951378289256	370.8686912885531	0.35922561170695255	3.7395487005806682
0.6547697711177767	18.203876379882352	331.3811152540386	0.3615898199098677	3.659003233696947
0.7220483561930964	16.88474557363362	285.0946330863401	0.3626517457066065	3.6565149544758797
0.6730078258229203	19.656837659551602	386.39126677396604	0.37389784966763295	3.8356456472015785
0.6483552675105044	21.27186064936045	452.4920554858095	0.37646288643287007	3.877480106027386
0.6759567374675212	17.896024919432527	320.26770791695	0.37464361565773396	3.7699044075578376
0.7113674147836773	16.940368834787463	286.9760962586384	0.36496421369081	3.621514109090225
0.7002086450077558	17.99961692956263	323.98620961099766	0.3634686127056168	3.842699284493348
0.6427867939144261	20.758138430201033	430.90031108738907	0.34429970036357704	3.839917282801658
