r2	rmse	mse	oob	mae
0.25384774738089366	29.142770235368964	849.3010569915072	0.7453973975457023	7.735959573391671
0.2554384448074437	28.348016384612905	803.6100329422817	0.7109825326458883	7.5950033408778435
0.28771213526706796	27.761632493686974	770.7082387145364	0.7422088328468758	7.572135264361842
0.27857365140610935	27.95010274174664	781.208243274193	0.7280720249827927	7.7168633527306305
0.3092370707984524	27.651039359613577	764.5799776668991	0.7022674481607164	7.190921772830844
0.2677216451140342	29.39648429819148	864.1532890938183	0.7325463879551388	7.576497157691656
0.2811225376582419	28.569856759491195	816.2367152578448	0.7201150945096766	7.533900086341654
0.26698057136307085	28.470888340462373	810.5914828950763	0.7360029036674416	7.742023215185159
0.24225681469708382	31.49078255045989	991.6693856403492	0.7094365272669813	7.699061519024308
0.26092506542589367	28.73661027617754	825.7927701649126	0.7509585487505324	7.871335356595478
0.2527083065542337	27.541007191371143	758.507077115157	0.74507124154696	7.6192071307443054
0.2913972935397512	28.74142789162626	826.0696772495518	0.7030714483638897	7.449206189533968
0.24956361680309525	30.36596929370359	922.0920911461493	0.7049670391889417	7.541692124299673
0.2723237979141421	29.212096496438278	853.3465817172215	0.716991902585546	7.577645235108127
0.31168334333977876	26.720583697341617	713.9895931266385	0.7458335152836514	7.607643968822647
0.2779556571913182	28.194837776219437	794.9488772273305	0.7298330096361827	7.445508574650992
0.29652964025798845	27.468252458527527	754.5048931254034	0.7202629599266585	7.451849948641969
0.29265578343715837	29.30971053292469	859.0591315238365	0.7275883978999798	7.8168589758707085
0.25949606400069336	29.158955356418186	850.2446774775889	0.7364727146997742	7.770872300237009
0.25265091400874773	30.60032701888748	936.3800136628552	0.7306535148378057	7.751386264861958
0.28912546885047197	27.354052447833922	748.244185318849	0.7052362264440086	7.47523863964516
0.2808053488666229	30.266781946466917	916.0780893949757	0.712795799624449	7.637378217786288
0.2750515560402763	30.45023164241076	927.2166070764736	0.70932496693234	7.6418286661569645
0.28712605213246634	28.359271671453488	804.2482897353043	0.7156462392736841	7.680954566716347
0.2891767784797008	28.25128018936071	798.1348323377648	0.744901768535634	7.498816402603537
