r2	rmse	mse	oob	mae
0.6508092696149952	19.98235015017781	399.2943175243111	0.338693792734849	3.7888508609048235
0.6904085648717577	18.527265793526873	343.25957778399095	0.36411568276042416	3.7872450962776467
0.701863053385962	17.748057205406354	314.9935345663764	0.3385395723341652	3.637915322081509
0.6610455958226912	19.692984142415156	387.8136244334148	0.33345685620465493	3.8893882412558805
0.6974542667211103	17.139658473673414	293.76789259416483	0.3736287207410043	3.6670285040032646
0.6663054279309	18.644627353656695	347.6221291567234	0.34163099404708563	3.6116390135136207
0.6545510561849608	20.085843574197266	403.44111208712167	0.3307243839989076	3.7477170627422396
0.688010153144716	18.748385783154365	351.5019694739847	0.3592731537922931	3.7329393036913148
0.6712757648426201	18.787811365003826	352.98185588696697	0.3583237137124733	3.6728368496128514
0.6510297913191276	20.040204922594736	401.60981333959023	0.3546512164544009	3.851030639728282
0.6965571772379184	17.56683159150509	308.59357216430124	0.36502861900719563	3.6984441141179962
0.6867434914270947	18.687421899334023	349.2197372437088	0.36717546274900004	3.8430441101148323
0.672859964754615	18.69428585191264	349.47632351302104	0.3531439410533188	3.6926172130493233
0.6592903722999092	19.650400434044027	386.1382372182777	0.36902411795596635	3.843670361420676
0.649399009624803	20.24697955021751	409.9401809069261	0.3439652072855841	3.735239199784309
0.6864169580687943	17.609414287335806	310.0914715430264	0.34850819041320036	3.6501847110030425
0.728716787775187	16.342332102145956	267.0718185368302	0.37729597134202186	3.7001667667949834
0.667819846431037	17.397595293686333	302.6763220028969	0.34694342240064047	3.640301424822566
0.6869354868059354	17.954524022392896	322.36493287068356	0.35284834614683314	3.71118419024586
0.673975890524839	18.281175241621618	334.20136821487927	0.3609355883762353	3.633135822608524
0.6444817820635234	20.137492750824666	405.51861428951605	0.3387758577112532	3.9170553735951614
0.6828401840341468	18.665696110206717	348.4082112785861	0.35532321763594	3.7371416551143697
0.6244990796480796	21.007240861871487	441.3041686286831	0.315605232541873	3.824538623087633
0.6650986631398995	20.39034863487676	415.7663174518205	0.35287015991365667	3.795943886835912
0.6690680891541145	18.60460208758953	346.13121883754076	0.3501563658654834	3.786957729728436
