r2	rmse	mse	oob	mae
0.4328041808490939	25.866336125880157	669.0673445770128	0.5516655009334154	6.005505392908518
0.45314000773894203	24.371365633647756	593.9634628489468	0.5718824992101289	6.301577514638427
0.4042553173530854	27.39842757102734	750.6738333648312	0.537729377827115	6.049146095064981
0.4469403029538006	25.01441277153913	625.72084630494	0.5755615029329613	6.05829232931423
0.4899143321367143	22.224855298567384	493.94419304225875	0.5328509507461866	5.826795981076599
0.4520468077720896	23.66052655008381	559.8205166272207	0.5480504225440894	6.044084874616117
0.4671754080895911	23.894707671928884	570.957054726937	0.5449102514083298	5.993503434128035
0.4725627482463647	23.55449076470544	554.814035184594	0.5443157046406938	5.8933569323583965
0.45169792341033443	23.32114371479416	543.8757441660832	0.5637570701347169	6.076154647732642
0.46928011589030505	23.370930891342763	546.2004107279195	0.5416577248654271	5.855989193972202
0.5134703722171319	23.0505792141653	531.3292021085093	0.566888650874616	6.0750402011527225
0.5062841281640141	21.578636551508094	465.6375554220811	0.5639195307058	5.82822616925479
0.428556112262936	26.051677784626076	678.6899153939798	0.5831223075542865	6.293292222937944
0.45017757806704084	25.0740507033255	628.708018672938	0.549367787506695	6.140581012798726
0.49530109743703743	22.826598507631427	521.0535994286013	0.565338844817268	5.898509813331548
0.4705749268871594	25.06925308506758	628.4674502431703	0.5617519706199491	6.208276809979876
0.40859422257833533	27.211746309769495	740.4791372272537	0.5377152445514319	6.1696202566109175
0.4591803994515943	24.888672221756686	619.4460049620429	0.5619645700863772	6.179030848574441
0.4289415858880191	25.65392943485047	658.1240954482872	0.525054226092296	5.970220627732405
0.4461678636759341	25.895949016394585	670.6001754597078	0.5359417339227017	6.11133014875605
0.4236787271093011	25.748386784330233	662.9794219954717	0.5650128373383212	6.218055491587781
0.4350080204317859	25.919537152318412	671.8224061904144	0.540662567253159	6.071180847411022
0.4737614347315142	23.858774634112915	569.2411270413899	0.5358273008172882	5.971457742575945
0.415353555798068	26.520126161591246	703.3170916267164	0.5459727603866759	6.144740283061073
0.4952801629405045	21.501734189190415	462.32457314259995	0.5611497363333346	5.839199527880985
