r2	rmse	mse	oob	mae
0.6665562037738575	19.411567886227704	376.80896780162675	0.34008617297106736	3.753670535206104
0.6542602657871821	20.60189081674797	424.4379052252044	0.35208803230785435	3.8535729623182347
0.6880070103023407	19.50494357300951	380.442823786285	0.35924666634461033	3.812201830698582
0.6350278796761438	19.971201547215152	398.84889123948886	0.3446615119807406	3.818110221235379
0.6303017818373908	20.629517991111822	425.5770125456063	0.3194177057723875	3.773060613306736
0.613958177756454	20.22533413217307	409.0641407580451	0.31481205678060564	3.662267476507926
0.668639514993212	19.560797652088265	382.6248047859418	0.32720622025910306	3.6859351941780214
0.662485509017315	18.551185845813514	344.14649628591167	0.35066383596442874	3.7116988109677087
0.6286858953483673	19.63466880446134	385.52021906088737	0.33443012148310114	3.724760144385902
0.6338815153794916	21.025119412696935	442.05564631816543	0.33544128781713156	3.8391601222981757
0.6547175956612398	18.300125347930894	334.89458774998286	0.3313519403402426	3.65821885554242
0.6839887091867349	19.474975155170398	379.27465729450427	0.3587053394074101	3.820971476766672
0.684935437588007	18.498259286389867	342.1855966265089	0.35171255492475684	3.7081064859052653
0.681756980644691	18.186883346332575	330.76272585310915	0.341528700387157	3.683867195983061
0.6636604057103623	18.906698269093738	357.4632394385522	0.33305366356976496	3.7820141389782425
0.6435295412391784	21.867240014028585	478.1761858311329	0.32634091308460533	4.033167976137613
0.6606535045645396	19.188121834394302	368.1840195315594	0.3428946164008623	3.804790112460212
0.6660666854259631	20.570806206831914	423.15806799903436	0.3516905092619693	3.8268006046367375
0.6655636564068259	20.386982256108872	415.62904551089804	0.33835869839861954	3.87469981394274
0.6642983391971615	20.327333939592872	413.20050509172427	0.355325222943605	3.9316292768338275
0.6855300252781618	18.480496383161576	341.52874656804806	0.34281677457547566	3.7188246987172384
0.6714742052646785	19.87913147711447	395.17986828440326	0.35080774985794594	3.7877074132421704
0.6915747069037127	18.547049097672	343.99303023145586	0.3519450904206394	3.8856646374031154
0.6713637007328532	19.244110023818777	370.3357706088424	0.3327013398794366	3.8170149675879244
0.6554430200647605	20.215505649535114	408.6666686663861	0.35012173610147124	3.8108610034961172
