r2	rmse	mse	oob	mae
0.6817529360544903	18.298496504190002	334.8349743138537	0.33457813206457643	3.6947729722180864
0.6714343438230277	17.188889741331153	295.4579305396393	0.34293238400168014	3.6798731158388858
0.702071692772501	17.106486176151233	292.63186929485323	0.342291303961643	3.5830308329812257
0.6626569765983434	19.504719514068896	380.4340833225	0.34617321657542877	3.7795143175657167
0.6436952613244344	19.754162709115207	390.2269443381979	0.32803652082072055	3.739003689648023
0.686291700067112	18.835157546273425	354.7631597929407	0.35048632214735376	3.741322034266592
0.7098529771178239	16.961633907672542	287.6970248179069	0.3599963750365265	3.6938336085530756
0.6901552498837009	19.17644629574432	367.7360925335661	0.36708938393987867	3.770973574179408
0.7217894745461799	17.61295930699874	310.21633554999346	0.35294877749229003	3.703865933311906
0.6706938311062298	18.846572066320377	355.1932786510076	0.3404083262840103	3.6650259165877994
0.6901889512091499	18.6415703215803	347.5081440544235	0.35354661907930984	3.6431990789043835
0.651801649358486	20.629980557862982	425.5960978178046	0.3358837229444853	3.761014822704633
0.6705255060415191	19.584003751450716	383.53320293683566	0.34241466900802575	3.7591151765346504
0.6824233910135784	18.576962079817424	345.10352011497446	0.3484226422194955	3.761336884604177
0.6871019371632711	19.171617917384552	367.5509335701804	0.3470335946596037	3.7606667433256344
0.6569096041078121	20.77841287403894	431.74244156402705	0.33267637163735286	3.819253815747816
0.6640183632078991	19.17002330501893	367.48979351496894	0.3497134108963269	3.7906542201776894
0.6276132440767795	21.866484059111382	478.1431251073722	0.3355499300430712	3.7894307735732626
0.7017294592699028	17.85170217492451	318.6832705422046	0.3548245950321237	3.743496032027157
0.648789441587698	21.308375095913682	454.0468492281544	0.34694767944893234	3.8873525176136905
0.6968304949545577	19.059357801268508	363.2591197967747	0.3635504533946403	3.8025658766812924
0.699745814849694	17.876732075935912	319.57754971479596	0.3595643106091797	3.6756120255219265
0.6646943750016346	19.311444055142335	372.9318714948922	0.3311975004380302	3.688063170107127
0.6589489355919464	19.459881325321227	378.6869811955858	0.3651984697512678	3.8533861077075398
0.6731350201079506	17.847001270882654	318.5154543628871	0.3512559836146649	3.674877445696432
