r2	rmse	mse	oob	mae
0.6884560199113905	18.391988094008923	338.26522605016595	0.34387804355956697	3.7557700227739783
0.6618396510004356	20.010447817715413	400.4180218655115	0.33611060020145334	3.800764654750413
0.6579765503521473	20.10098247461111	404.04949644462306	0.3365427995410385	3.785743178394195
0.651614267370253	18.84714745528499	355.2149672012555	0.3332961840676113	3.6532908906651693
0.6715614804815357	18.12238685389714	328.42090528230386	0.3359398263157085	3.672369323426723
0.6761783803643407	17.18203350896089	295.22227550305496	0.3392308872895695	3.64948560995323
0.6457260542524763	20.575560804104292	423.3537024033929	0.33106783208631385	3.799886537287432
0.6753011998201564	18.719897901561204	350.4345774448755	0.353222722304664	3.771743129485848
0.6978257615128549	17.976190564875875	323.1434272247324	0.35493428783816605	3.6962013628070998
0.6755043903236825	17.96505939720039	322.7433591449379	0.33509237738827724	3.691434647701204
0.6439517106559488	21.33811388145743	455.3151040180464	0.3348309336217937	3.840444292455042
0.6823464275811281	19.417686407508146	377.04654542032665	0.3485803984862976	3.835870964639906
0.669799498966291	18.755554809195484	351.7708362007358	0.3355995959068243	3.749993703439181
0.622494287193285	21.03495737998595	442.4694319778255	0.3234396103740236	3.8724577564482887
0.6190313938065062	23.433890089648315	549.1472047337176	0.3313924794261518	3.971208801296591
0.6559078532894234	18.187025894550096	330.76791088903576	0.32959099927258495	3.7258192688512564
0.6948404480176784	17.255338998908417	297.7467239672497	0.35034541145086595	3.6938501132884367
0.6439978347937438	21.15447846670861	447.5119591984383	0.3322140759767451	3.9052190064259724
0.6671482005112348	18.71677077671687	350.3175083081627	0.33927214159867436	3.714764954458504
0.6364367133397026	19.835305408713072	393.43934065692207	0.32605459831161765	3.7967747074136247
0.6306659773495483	20.849069751383333	434.6837094980474	0.3252499970404139	3.8513744890261297
0.6721519821008972	20.496414334145804	420.10300055697763	0.3281374074589083	3.8720116796053774
0.6652352550376911	19.600410472433378	384.176090687876	0.3399416122856387	3.83335846265639
0.6515413183677325	21.240780959240492	451.1707757584334	0.335895792095361	3.930440801203474
0.680852164649333	18.996749693389003	360.8764989132752	0.33719597741474927	3.8462081390331218
