r2	rmse	mse	oob	mae
0.6213840705542086	21.85395821025623	477.5954894556257	0.37905545775994043	4.4839341060028275
0.6545828332256104	19.99756279583696	399.90251777344247	0.4056934765632596	4.400472945961722
0.6356914645716357	19.933239468548223	397.3340357104886	0.38712549251988926	4.470776771978799
0.6270712453075314	20.41896653999654	416.93419456149826	0.38567275230816245	4.4181437442975975
0.6339085868642211	20.80344978470642	432.7835229448016	0.38069664358331357	4.489818489138542
0.6302489531319952	20.612957792102918	424.89402893901644	0.38195109833663965	4.463900125967596
0.5750114949287846	21.345393116921503	455.62580731591993	0.3594594653961839	4.502865762081974
0.6501690397862987	20.45883591708901	418.56396708237133	0.38812703496057943	4.332915351657202
0.652120091384109	18.944849014520756	358.90730418298807	0.37390257748763234	4.267830061732539
0.6310318964704442	19.728588133285083	389.21718973279695	0.3853443727453514	4.386495080431647
0.6018226389279178	22.59762266977687	510.65255032561356	0.36334994733195547	4.368044301226
0.6674259535607673	18.01673250654512	324.6026502123996	0.3919188921209533	4.305706355618916
0.6036601537065897	20.80378163064298	432.79733013547826	0.3768120997633172	4.475761786676985
0.6261274163654391	20.211242946151028	408.4943414283396	0.3679446156618543	4.284950076993365
0.6641266035474391	19.09077394718511	364.45764990252167	0.4027569380354773	4.289484646722035
0.5904032192746215	21.66623564651823	469.42576709045727	0.3742442838793263	4.449280333504433
0.5911607162792998	21.296440756033572	453.53838887524785	0.3906872713051541	4.481138716834528
0.6193957841078954	20.688215508831036	428.00226093983696	0.37715150014647314	4.428427124018301
0.6327546315616931	21.126436532829562	446.3263205756755	0.38697366175993575	4.390444346616536
0.64555304874672	18.436502383188536	339.90462012531657	0.372636903193752	4.24069820874848
0.6362545145224358	21.302618502320016	453.8015550553871	0.38476768081405066	4.397955252766483
0.6110997842560064	21.390318905736486	457.5457428891077	0.37838428866117346	4.443781003603656
0.6027747709286208	20.907021640771188	437.10355388767476	0.38041614445816396	4.409675162883064
0.6218407324315658	20.707637592636203	428.80625466796005	0.3828633074328609	4.346274682714748
0.6323825925850963	19.930906225199944	397.24102295771394	0.36341535573598094	4.2755001325570605
