r2	rmse	mse	oob	mae
0.6608986403168503	19.362062497437215	374.88946415466467	0.3371470360965939	3.848970907914953
0.6075431282573254	22.65030236290399	513.0361971309741	0.33301828288895097	4.100512656605495
0.6651298349638572	19.089207654364913	364.397848871464	0.33847431262060645	3.8911561505935346
0.6077175228899524	21.23053223778745	450.73549909973224	0.3199707641267755	3.981193585662535
0.6259578961135559	21.18430814607707	448.7749116279473	0.33115690253132124	4.008801592318786
0.6987438750090438	18.492692721780614	341.9796841021977	0.3537339718681686	3.743413101674177
0.6380051173184269	20.91033638813754	437.242167865069	0.3477254530174134	3.9462110719650854
0.636024312305413	19.54300801580651	381.92916230587747	0.3418480082947928	3.9182272813705437
0.6182109180521584	21.120586771812768	446.07918558567246	0.31793651494241126	3.925573683301465
0.6592840573737946	19.911819871449094	396.48057059303505	0.35143090211386463	3.930140704949411
0.6846293050469353	18.95700321185326	359.3679707742147	0.3464138219757902	3.9082231505816862
0.6475667387899767	19.407704314741036	376.65898676841783	0.33195011511645234	3.8795391784246416
0.6377866737996374	19.820657356045285	392.858458025752	0.34490740150092813	3.9514809233170545
0.681974833370475	17.7915111500812	316.53786900346364	0.3511744124149342	3.8604377835479293
0.6869428909428307	19.754246947181535	390.23027245023104	0.35775470670097587	3.898443747233263
0.646824421672292	20.752539140751477	430.6678807884221	0.3278108219361624	3.936814095883342
0.6481427186674825	21.0942420534238	444.9670478084333	0.34519661484551256	4.025626655800013
0.6823540826196013	18.407190217616844	338.82465170752926	0.35378040960470747	3.8883579712121463
0.6874312416055939	17.18853741747765	295.4458185520293	0.34812831886085294	3.870228035738604
0.7155848452939639	16.65936352399915	277.53439302475346	0.3644268779958514	3.8698888596090155
0.6541799617721681	19.633694408276153	385.4819561175743	0.3432583032276215	3.9419278904580466
0.6546574163661569	20.228055280167343	409.17422041750586	0.3571460922412779	4.019297374298768
0.6549200664450654	19.136841626420832	366.21870743471317	0.35547221286877684	3.884330988041625
0.6641568535493081	18.194255276955936	331.0309250830389	0.3486529904974047	3.814727840023045
0.6974271033470869	17.622333842569216	310.5466500589603	0.3358142161672364	3.7726061726487585
