r2	rmse	mse	oob	mae
0.6785866916302108	18.395562288630014	338.3967119148668	0.3290161631230901	3.6454653526841736
0.6765328291981754	18.634314490378355	347.2376765263247	0.33422918777425914	3.5995636496800056
0.6934463702370992	17.40875318393563	303.06468741918894	0.34927075382935957	3.6474416227611424
0.6943067291165673	18.429889553419365	339.66082895123617	0.35228990888305944	3.6644238550556736
0.626138513120958	21.719221145099837	471.7245671497519	0.3289487258432704	3.8030950490988045
0.6967487665922101	17.635002668947145	310.9933191337729	0.3368292316693293	3.6730734932682174
0.6417013000643308	20.27141400938903	410.93022594005384	0.3161861661278085	3.723095431774436
0.7168810076234595	17.46955214886238	305.1852522818223	0.3688000408025638	3.6645196776253126
0.6962979550842272	19.136330688305947	366.1991522122	0.339022756958822	3.7601810786153407
0.6591394705825374	19.869386522923367	394.79252079732873	0.3426320254538109	3.7219057065167043
0.6780202142987348	18.22675182466271	332.21448207784545	0.3441270996290813	3.6067891729527592
0.6667602221233908	18.045461235989904	325.6386712196143	0.33776508010720707	3.6217357091841578
0.7034708478361027	17.00560176141804	289.19049126794425	0.3506084675896146	3.556252454469065
0.7029366971765707	17.21999402231111	296.5281941284303	0.3443535482776048	3.605086358145868
0.6446487419908464	19.98204120254663	399.2819706202711	0.33495616025168107	3.8753897134819195
0.6341112893083759	20.782454525989984	431.9104161248416	0.3233670708472892	3.773691630012705
0.6661580241977607	18.652055003354416	347.89915584815844	0.34227902184029013	3.707009201862479
0.7026485623588734	18.642053485672676	347.52615816268076	0.3530232974913623	3.717132884320682
0.6421411191936206	20.6590685866482	426.7971148678344	0.3146469487444118	3.7023976276308193
0.6657576698925494	19.710907551298224	388.5198764958254	0.33831138872571076	3.820409692866248
0.6755909757939905	19.61550451508568	384.7680173813466	0.33529466774844985	3.829038434426002
0.6785819968335369	18.58222782126061	345.29919080123176	0.3336543723768428	3.7878628535870082
0.6926722512712111	19.07005894550332	363.66714818497115	0.34340789227076995	3.7478923432269515
0.648872840614039	20.394746403285655	415.94568085433315	0.3265631164914653	3.7600554750207706
0.6489813815298677	20.544327717151873	422.0694013497347	0.3268090119072493	3.843905539704146
