r2	rmse	mse	oob	mae
0.6209730711560324	20.96829925779364	439.6695737643893	0.3805816969902729	4.378960467066626
0.571224191213113	22.863023301981816	522.7178345069635	0.35970881214870354	4.425241196307507
0.6314952570278831	20.741213943049793	430.1979558313631	0.3756822175334734	4.406482614462956
0.6207039440544545	21.755682431370328	473.30971805463554	0.38838745968069954	4.377972264213894
0.6214384522587157	19.25419279612443	370.72394023032984	0.3801295836754617	4.280126561733763
0.6458542646530107	19.886202892887937	395.4610654971046	0.391266686440673	4.392596746897744
0.6114194450623855	22.232053121535408	494.26418599877223	0.37241974528215205	4.3904927385399155
0.6727075796875204	19.30104911341837	372.53049687858794	0.4031472408641704	4.375083392885239
0.6495531034771038	19.908399138384194	396.3443562532166	0.40912305620695766	4.33651982236679
0.6186694480050847	19.959205368614192	398.36987894651764	0.37191179222387083	4.3353497510691765
0.5620139898558351	23.2670978683922	541.3578432173408	0.36569781775008514	4.53870140180381
0.6266574084497575	19.78334547940107	391.38075835733883	0.3888426533332845	4.42151530430317
0.6512091685270875	19.73830610440494	389.6007278711894	0.3817930464165147	4.336135760239338
0.6558688699959092	19.975508235810388	399.0209292789286	0.37912406266968923	4.274515921801059
0.5955776451367885	22.722888663609055	516.3296692187729	0.3593180473926	4.477630300463756
0.6604207061635025	18.85105761278718	355.36237312062156	0.394685943545395	4.37003089250108
0.6398133832626249	19.116459956293504	365.439041260573	0.3891900425872835	4.211789554790049
0.5861201909544191	21.79989275864209	475.2353242882959	0.3634593027962334	4.424531800214813
0.6159376390855742	20.226945426590774	409.1293212902815	0.36248309303911896	4.350674567560093
0.6133323715811243	19.885340011739913	395.42674738250435	0.3701589754051793	4.301790399572935
0.6600485702587312	17.71505714519023	313.82324965735546	0.38471642366289105	4.311734995941772
0.616464898804127	20.131043295830008	405.25890417858227	0.3811059468729676	4.302512011191373
0.6500399589612522	18.974862144701927	360.04539341044216	0.40054543740078286	4.36381818992382
0.6245672322550273	20.605417682586943	424.5832378738667	0.357698550206204	4.305344882201846
0.6355090934993557	20.368574042203623	414.87880851273115	0.3704643125830086	4.395316290790224
