r2	rmse	mse	oob	mae
0.6206879302683974	21.63917792427011	468.2540212382189	0.3098842304702667	3.8411489912532377
0.6255257995469481	20.64833063950775	426.3535581984346	0.3175290037301528	3.736731851311654
0.6422128228707547	19.081992244407356	364.1224280156225	0.3259717143791171	3.784572703781379
0.6667940000886878	19.527972506685778	381.3417102218756	0.3465602190527304	3.7803388633683497
0.6591921064774717	19.319850429341408	373.2566206121233	0.332440604847708	3.784415211263858
0.6487912530724096	20.672339017792016	427.34560046652615	0.3306107852568694	3.8674456998538917
0.6496436234485973	19.433677282099147	377.66781270477645	0.33843815357523477	3.6810911667521418
0.6260410477658171	22.26845531905471	495.88410229673593	0.31218180567125264	3.8774221679813774
0.6495444611806943	19.84602311794949	393.86463359818555	0.33873648439388937	3.856834660078608
0.6950377749784534	16.747723515670373	280.4862429573384	0.3417929851650765	3.5303000768721406
0.6890339706158438	18.010640459774642	324.38316977127135	0.34410961673258167	3.7096429445254757
0.6792016551084534	19.481566116337405	379.53141834522563	0.34535078415776355	3.827390769700545
0.6945821572774444	17.149807122551437	294.11588434071604	0.34388242013727743	3.7016716419646802
0.6725481258355764	18.193189142200755	330.99213116389143	0.3400992165152451	3.716625882576225
0.660124883697063	18.040248270759342	325.4505576706355	0.32794604941868966	3.7082469857635165
0.6874772012660219	18.22320146473124	332.0850716241828	0.3489144088159781	3.8246010457524093
0.6946311821289397	19.83314005634416	393.35344449456323	0.3632674288457396	3.8887112125306142
0.6389164946618955	21.12641323991279	446.3253363835624	0.33396594357326603	3.830688328996025
0.7057194616580649	16.50535820384346	272.4268494371826	0.3467268240716579	3.605506156608281
0.6560843389267101	18.03848204733135	325.3868345718954	0.3297058984247888	3.557226096552028
0.6941510683703925	17.315696592673948	299.8333484895401	0.35271179161395916	3.5852951717170307
0.6887922867193237	18.561995211559687	344.5476662339648	0.3480766205785101	3.791418187445051
0.6991907040874625	16.950069727355377	287.3048637622092	0.337663113332199	3.6923565436042356
0.679816765218855	19.219400648089668	369.3853612717896	0.34998343113393116	3.819380386764065
0.7014120118269971	18.895717273831032	357.04813129255643	0.36017527522914494	3.8161260036249653
