130	16	0.7600000000000001
100	10	0.763982683982684
100	9	0.7641558441558441
90	14	0.7558441558441558
20	9	0.7603463203463202
110	11	0.75982683982684
120	17	0.7615584415584415
80	15	0.7586147186147185
170	20	0.7542857142857143
90	11	0.7601731601731602
160	19	0.7653679653679655
100	15	0.7534199134199133
130	13	0.7577489177489177
80	10	0.7584415584415585
170	18	0.7657142857142857
120	12	0.7579220779220779
40	8	0.7565367965367966
110	14	0.7516883116883116
80	8	0.7541125541125541
160	8	0.7553246753246754
170	17	0.7622510822510822
140	11	0.7589610389610391
40	7	0.7660606060606061
150	5	0.7653679653679653
190	5	0.770909090909091
80	7	0.7625974025974025
160	7	0.7584415584415584
70	5	0.7567099567099568
130	1	0.6898701298701299
1	5	0.6962770562770563
20	3	0.7556709956709956
10	1	0.6825974025974025
150	10	0.7610389610389611
200	5	0.7615584415584415
160	16	0.7579220779220779
100	3	0.763982683982684
160	2	0.7432034632034632
80	2	0.7333333333333333
120	18	0.7579220779220779
40	2	0.7503030303030305
140	14	0.7570562770562771
170	12	0.7631168831168832
130	19	0.7688311688311689
160	13	0.7574025974025973
100	6	0.7634632034632034
150	15	0.7670995670995673
10	4	0.7494372294372293
120	20	0.754112554112554
20	6	0.7577489177489177
130	4	0.7653679653679653
170	6	0.7638095238095236
60	4	0.7696969696969697
180	12	0.7688311688311689
180	4	0.7598268398268399
10	16	0.7307359307359307
20	10	0.7433766233766234
1	14	0.6794805194805196
90	6	0.765021645021645
50	6	0.7622510822510822
140	4	0.7596536796536797
110	2	0.7463203463203463
190	13	0.7624242424242423
30	11	0.7620779220779221
30	2	0.7341991341991342
140	1	0.6812121212121213
50	20	0.7501298701298701
50	3	0.7589610389610388
90	3	0.7546320346320345
20	15	0.7447619047619046
1	11	0.6843290043290046
10	13	0.7461471861471861
180	1	0.6813852813852813
180	17	0.7629437229437229
60	1	0.6765367965367965
170	3	0.7544588744588745
40	19	0.7520346320346321
30	7	0.7553246753246755
120	5	0.7664069264069263
30	14	0.7464935064935065
50	18	0.7658874458874458
190	16	0.7658874458874458
110	7	0.7670995670995672
30	8	0.7511688311688312
50	17	0.7546320346320345
60	11	0.753073593073593
190	19	0.7709090909090908
110	8	0.7605194805194805
180	20	0.7596536796536795
200	10	0.7608658008658008
70	10	0.7577489177489177
180	18	0.7719480519480519
40	16	0.7587878787878788
60	14	0.7570562770562771
50	12	0.7546320346320345
170	9	0.7624242424242423
40	13	0.7645021645021646
70	15	0.7546320346320347
10	19	0.7499567099567099
90	9	0.7601731601731604
200	15	0.756017316017316
50	9	0.7608658008658008
200	4	0.7696969696969697
150	11	0.7603463203463202
100	2	0.7343722943722943
160	17	0.7594805194805195
20	2	0.7426839826839827
1	4	0.7033766233766233
160	6	0.7672727272727273
70	4	0.7613852813852815
190	4	0.7577489177489177
80	6	0.7646753246753246
40	6	0.7572294372294373
150	4	0.759134199134199
170	16	0.764155844155844
140	10	0.7638095238095236
20	7	0.7544588744588745
1	1	0.672900432900433
130	5	0.7662337662337662
100	7	0.7646753246753246
160	12	0.7468398268398267
200	1	0.6850216450216451
10	5	0.7570562770562771
150	14	0.7613852813852813
130	18	0.7655411255411255
140	15	0.7591341991341991
170	13	0.7660606060606061
150	1	0.6912554112554112
120	19	0.7534199134199134
40	3	0.7522077922077922
80	3	0.7485714285714287
190	1	0.68
70	1	0.667012987012987
160	3	0.7613852813852815
130	20	0.7636363636363636
80	14	0.7471861471861471
110	10	0.7594805194805194
120	16	0.7591341991341991
20	8	0.749090909090909
90	15	0.7667532467532467
100	8	0.7622510822510823
130	17	0.7605194805194806
100	11	0.7584415584415585
160	9	0.7615584415584415
160	20	0.7560173160173158
80	9	0.76
120	13	0.7620779220779221
40	9	0.7575757575757577
110	15	0.7632900432900432
170	19	0.7549783549783551
80	11	0.7613852813852815
100	14	0.7561904761904762
130	12	0.7579220779220778
160	18	0.7683116883116884
90	10	0.750995670995671
180	19	0.7593073593073594
70	11	0.7574025974025974
40	17	0.7653679653679653
200	11	0.7653679653679653
190	20	0.7632900432900434
110	9	0.7690043290043289
50	16	0.7577489177489177
190	18	0.7541125541125541
60	10	0.767965367965368
30	9	0.7567099567099567
50	8	0.7627705627705628
10	18	0.7321212121212122
200	14	0.757922077922078
90	8	0.7574025974025973
170	8	0.7584415584415585
40	12	0.749090909090909
70	14	0.755844155844156
60	15	0.756883116883117
50	13	0.7541125541125541
10	20	0.7374891774891775
30	10	0.761038961038961
120	1	0.6876190476190476
30	3	0.7548051948051948
190	12	0.7627705627705628
110	3	0.7648484848484849
50	7	0.764155844155844
140	5	0.7695238095238095
180	5	0.7629437229437228
10	17	0.731948051948052
1	15	0.6860606060606059
20	11	0.7523809523809524
90	7	0.7593073593073594
170	7	0.7620779220779219
60	5	0.7605194805194805
180	13	0.7625974025974027
40	20	0.7587878787878789
110	6	0.7612121212121212
50	19	0.758961038961039
190	17	0.7622510822510823
30	6	0.7554978354978354
30	15	0.7584415584415584
120	4	0.7593073593073592
180	16	0.7603463203463204
170	2	0.7494372294372295
40	18	0.752900432900433
90	2	0.7395670995670995
1	10	0.6742857142857143
20	14	0.7535930735930735
10	12	0.7392207792207793
50	2	0.7350649350649349
110	5	0.7638095238095238
30	5	0.758961038961039
30	16	0.7504761904761905
120	7	0.7596536796536797
190	14	0.7617316017316017
1	13	0.6761904761904762
20	17	0.7563636363636363
90	1	0.6850216450216451
180	3	0.7541125541125541
10	11	0.7392207792207792
60	3	0.7577489177489177
180	15	0.7632900432900434
170	1	0.6850216450216451
140	3	0.760865800865801
50	1	0.6928138528138529
190	11	0.7560173160173158
60	19	0.7572294372294373
30	13	0.7433766233766234
120	2	0.7303896103896104
70	20	0.7574025974025974
200	20	0.760865800865801
50	4	0.765021645021645
140	6	0.7615584415584415
170	4	0.7624242424242424
180	10	0.7629437229437229
70	18	0.756017316017316
60	6	0.7664069264069263
10	14	0.7393939393939394
180	6	0.7641558441558441
90	4	0.7601731601731601
200	18	0.7575757575757573
1	16	0.6813852813852813
20	12	0.7437229437229438
140	9	0.76
40	11	0.7534199134199133
60	9	0.7567099567099567
70	17	0.7683116883116884
180	9	0.7532467532467533
1	19	0.6817316017316017
200	17	0.7601731601731602
60	16	0.7601731601731602
50	10	0.7561904761904762
200	12	0.754978354978355
20	18	0.7464935064935063
70	12	0.7691774891774892
40	14	0.7482251082251082
20	20	0.7541125541125543
120	8	0.7601731601731602
30	19	0.7503030303030301
50	15	0.756883116883117
60	13	0.76
190	8	0.7568831168831168
70	8	0.7612121212121212
80	12	0.7575757575757575
120	10	0.758961038961039
110	16	0.7698701298701297
150	8	0.7542857142857143
200	8	0.7716017316017316
90	13	0.7582683982683983
100	17	0.7593073593073594
130	11	0.7660606060606061
1	8	0.6796536796536797
110	13	0.7580952380952382
120	15	0.7664069264069263
140	19	0.7596536796536797
80	17	0.7624242424242423
150	20	0.7641558441558441
130	9	0.7690043290043291
130	14	0.7591341991341991
100	12	0.7527272727272728
90	16	0.7594805194805195
10	9	0.7381818181818182
150	18	0.756883116883117
80	20	0.7596536796536797
20	4	0.756883116883117
1	2	0.6967965367965366
130	6	0.7608658008658008
100	4	0.74995670995671
160	11	0.7515151515151516
90	19	0.7587878787878788
200	2	0.7464935064935065
10	6	0.745108225108225
150	17	0.7565367965367965
150	2	0.7380086580086581
140	16	0.7655411255411255
170	10	0.7525541125541124
80	18	0.7568831168831168
70	2	0.7407792207792209
190	2	0.739047619047619
200	7	0.7658874458874458
150	12	0.7665800865800866
10	3	0.745974025974026
100	1	0.6806926406926407
160	14	0.7625974025974027
100	18	0.76
130	3	0.7542857142857143
20	1	0.7012987012987014
1	7	0.6966233766233766
190	7	0.7643290043290043
80	5	0.764848484848485
160	5	0.7643290043290043
100	20	0.7558441558441558
70	7	0.7627705627705628
170	15	0.7586147186147185
140	13	0.7717748917748918
40	5	0.7638095238095238
150	7	0.7542857142857143
110	19	0.7612121212121211
1	20	0.673073593073593
60	17	0.7620779220779219
50	11	0.7556709956709956
180	8	0.7707359307359308
1	18	0.6718614718614718
200	16	0.7603463203463202
40	10	0.7567099567099568
60	8	0.7646753246753246
70	16	0.7574025974025973
140	8	0.7664069264069265
50	14	0.763116883116883
60	12	0.7664069264069263
30	18	0.7523809523809524
120	9	0.7646753246753246
30	20	0.753073593073593
70	13	0.753073593073593
40	15	0.7523809523809523
200	13	0.7698701298701297
20	19	0.7503030303030304
140	2	0.7385281385281385
60	2	0.7341991341991342
180	14	0.7615584415584417
20	16	0.7608658008658007
1	12	0.6831168831168831
180	2	0.7411255411255411
10	10	0.7444155844155844
190	15	0.7577489177489177
30	4	0.7613852813852813
120	6	0.7638095238095238
30	17	0.7593073593073592
110	4	0.7577489177489177
10	15	0.7494372294372295
180	7	0.7677922077922078
200	19	0.7575757575757575
90	5	0.7622510822510822
20	13	0.7452813852813853
1	17	0.6896969696969696
170	5	0.7712554112554113
70	19	0.7610389610389611
180	11	0.7700432900432902
60	7	0.7577489177489176
50	5	0.7693506493506493
140	7	0.7670995670995672
60	20	0.7608658008658008
110	1	0.6673593073593075
120	3	0.7537662337662339
30	12	0.7570562770562771
30	1	0.6909090909090909
60	18	0.7554978354978356
190	10	0.764155844155844
80	1	0.6806926406926408
190	3	0.7568831168831168
90	20	0.7580952380952383
70	3	0.7570562770562771
160	1	0.6737662337662337
140	17	0.7612121212121211
80	19	0.7496103896103895
170	11	0.7632900432900434
150	3	0.7676190476190476
40	1	0.6893506493506493
90	18	0.74995670995671
160	10	0.7653679653679653
100	5	0.7651948051948052
150	16	0.765021645021645
10	7	0.7454545454545454
200	3	0.751861471861472
1	3	0.708051948051948
20	5	0.7662337662337662
130	7	0.760865800865801
40	4	0.7587878787878788
150	6	0.7707359307359307
110	18	0.7619047619047619
170	14	0.7574025974025974
140	12	0.7594805194805195
160	4	0.7662337662337662
70	6	0.7691774891774891
190	6	0.7636363636363636
80	4	0.7646753246753246
110	20	0.7653679653679655
130	2	0.7458008658008657
1	6	0.6862337662337663
100	19	0.7627705627705628
10	2	0.7477056277056278
150	13	0.7565367965367966
200	6	0.7667532467532466
160	15	0.7624242424242424
1	9	0.6819047619047618
100	16	0.758961038961039
130	10	0.7565367965367965
200	9	0.7551515151515151
90	12	0.7530735930735932
120	11	0.7648484848484847
110	17	0.752900432900433
150	9	0.7735064935064935
80	13	0.7582683982683983
70	9	0.7702164502164501
190	9	0.7610389610389612
90	17	0.7580952380952383
150	19	0.7648484848484849
10	8	0.7477056277056278
130	15	0.7529004329004328
100	13	0.76
140	20	0.756017316017316
130	8	0.7620779220779221
140	18	0.7567099567099567
80	16	0.7601731601731601
110	12	0.7603463203463204
120	14	0.7591341991341991
